timestamp,rssi,noise_floor,agc_gain,fft_gain,subcarrier_0,subcarrier_1,subcarrier_2,subcarrier_3,subcarrier_4,subcarrier_5,subcarrier_6,subcarrier_7,subcarrier_8,subcarrier_9,subcarrier_10,subcarrier_11,subcarrier_12,subcarrier_13,subcarrier_14,subcarrier_15,subcarrier_16,subcarrier_17,subcarrier_18,subcarrier_19,subcarrier_20,subcarrier_21,subcarrier_22,subcarrier_23,subcarrier_24,subcarrier_25,subcarrier_26,subcarrier_27,subcarrier_28,subcarrier_29,subcarrier_30,subcarrier_31,subcarrier_32,subcarrier_33,subcarrier_34,subcarrier_35,subcarrier_36,subcarrier_37,subcarrier_38,subcarrier_39,subcarrier_40,subcarrier_41,subcarrier_42,subcarrier_43,subcarrier_44,subcarrier_45,subcarrier_46,subcarrier_47,subcarrier_48,subcarrier_49,subcarrier_50,subcarrier_51
0,-35,-95,10,36,96.51942443847656,97.32933807373047,95.18928527832031,97.32933807373047,94.19129180908203,93.02149963378906,95.00526428222656,94.0,95.13148498535156,94.08506774902344,96.13011932373047,96.42095184326172,98.41239929199219,98.61541748046875,99.50376892089844,94.04785919189453,100.28459167480469,95.18928527832031,96.50906372070312,98.31072998046875,96.02603912353516,99.29753112792969,94.04785919189453,97.49359130859375,98.0051040649414,99.84988403320312,93.90420532226562,91.92388153076172,92.77930450439453,90.66973114013672,88.20430755615234,87.28115844726562,85.28775024414062,82.2192153930664,78.16009521484375,76.10519409179688,75.02666473388672,73.02738952636719,74.00675964355469,72.0,67.00746154785156,67.0,64.03124237060547,62.20128631591797,61.13100814819336,58.54912567138672,57.706153869628906,56.718605041503906,54.5710563659668,52.201534271240234,49.97999572753906,48.754486083984375
0,-35,-95,11,33,94.5938720703125,97.98469543457031,95.60334777832031,97.26766967773438,93.96276092529297,97.40636444091797,95.81753540039062,92.11405944824219,93.04837799072266,93.10746765136719,94.93682098388672,94.84724426269531,95.75489807128906,93.4772720336914,97.08243560791016,94.3663101196289,97.06183624267578,93.02149963378906,98.48857879638672,96.64884948730469,95.7131118774414,97.94896697998047,93.02149963378906,98.61541748046875,97.52947998046875,96.15092468261719,95.34149169921875,92.30926513671875,91.38927459716797,88.39117431640625,86.72946166992188,85.4400405883789,86.64871978759766,79.37883758544922,77.79460144042969,76.843994140625,71.7844009399414,70.21395874023438,70.60453033447266,69.92138671875,65.0,65.51335906982422,65.30696868896484,61.0,59.53990173339844,57.42821502685547,57.14017868041992,56.00892639160156,51.009803771972656,51.088157653808594,48.3735466003418,48.27007293701172
0,-35,-95,10,37,98.41239929199219,98.35140991210938,98.2903823852539,96.87621307373047,98.2903823852539,96.16651916503906,98.35140991210938,97.0,95.52486419677734,97.30878448486328,99.02020263671875,97.80081939697266,99.6242904663086,99.6242904663086,99.80982208251953,100.68763732910156,98.18350219726562,95.44107818603516,98.73702239990234,100.43903350830078,97.20082092285156,100.20977783203125,96.26006317138672,98.79270935058594,99.5690689086914,101.83319854736328,97.80081939697266,96.04686737060547,95.0,91.83136749267578,87.96590423583984,88.5268325805664,86.31338500976562,82.03657531738281,79.19596099853516,76.48529052734375,79.24645233154297,73.59347534179688,74.3303451538086,69.29646301269531,68.59300231933594,66.48307800292969,65.94694519042969,63.12685775756836,62.20128631591797,59.07622146606445,57.982757568359375,56.93856430053711,56.4358024597168,52.77309799194336,50.990196228027344,47.434165954589844
0,-35,-95,11,33,97.67292022705078,95.7757797241211,97.94896697998047,95.67131042480469,98.85848236083984,94.02127075195312,94.81033325195312,94.81033325195312,96.02082824707031,94.04785919189453,97.34988403320312,95.52486419677734,97.24710845947266,98.61541748046875,95.01578521728516,99.36296844482422,94.82615661621094,95.77056121826172,96.17691802978516,98.0051040649414,95.77056121826172,95.77056121826172,95.77056121826172,100.17984008789062,97.1287841796875,96.7470932006836,95.01578521728516,95.52486419677734,93.49331665039062,91.58602142333984,85.4400405883789,84.87638092041016,83.6002426147461,78.00640869140625,78.00640869140625,75.80237579345703,75.21302795410156,72.20111083984375,71.84010314941406,66.84310150146484,67.35725402832031,65.94694519042969,66.52819061279297,62.2414665222168,60.81118392944336,58.728187561035156,58.79625701904297,56.080299377441406,52.430908203125,52.15361785888672,51.107730865478516,49.658836364746094
0,-35,-95,10,37,100.62306213378906,97.67292022705078,99.2471694946289,97.08243560791016,98.95453643798828,97.98469543457031,100.42410278320312,96.16651916503906,98.08159637451172,98.68130493164062,99.6242904663086,99.92497253417969,99.5389404296875,101.23734283447266,99.4032211303711,101.63660430908203,97.08243560791016,99.80982208251953,98.83824920654297,99.74467468261719,100.64790344238281,101.07917785644531,100.64790344238281,102.0,100.64790344238281,98.89894104003906,97.08243560791016,98.61541748046875,95.07891082763672,93.04837799072266,90.47651672363281,88.25531005859375,85.70297241210938,82.861328125,80.0062484741211,78.44743347167969,79.69943237304688,73.37574768066406,69.92138671875,70.60453033447266,69.6419448852539,65.96968841552734,66.70832061767578,64.53681182861328,62.96824645996094,60.29925537109375,61.400325775146484,57.14017868041992,57.00876998901367,56.00892639160156,54.147945404052734,52.611785888671875
0,-35,-95,11,33,95.13148498535156,97.32933807373047,95.75489807128906,100.4987564086914,98.61541748046875,95.75489807128906,97.16481018066406,95.03683471679688,96.33794403076172,94.9210205078125,97.86214447021484,97.98469543457031,98.95453643798828,100.0,99.45853424072266,97.41663360595703,98.37174224853516,95.88013458251953,98.97979736328125,101.51354217529297,98.67117309570312,100.88111877441406,97.1236343383789,100.24469757080078,100.57833099365234,99.04039764404297,97.52947998046875,94.3716049194336,95.07891082763672,89.73851013183594,88.0738296508789,88.0738296508789,85.14693450927734,83.02409362792969,78.08969116210938,77.66595458984375,76.94153594970703,72.56031799316406,70.57620239257812,72.69112396240234,68.59300231933594,67.26811981201172,67.26811981201172,64.19501495361328,62.032249450683594,59.0,59.03388977050781,58.215118408203125,51.4781494140625,52.611785888671875,51.788028717041016,50.59644317626953
0,-35,-95,11,33,97.18538665771484,97.94896697998047,97.00515747070312,97.45255279541016,98.08159637451172,96.21330261230469,95.8018798828125,94.86833190917969,94.86833190917969,97.41663360595703,97.94386291503906,95.38343811035156,98.1121826171875,96.7470932006836,96.25486755371094,99.36296844482422,96.60227966308594,95.77056121826172,99.29753112792969,97.06183624267578,96.25486755371094,97.52947998046875,94.02127075195312,98.83824920654297,99.29753112792969,95.77056121826172,95.52486419677734,95.18928527832031,92.11405944824219,90.73587799072266,85.44589233398438,85.44589233398438,83.40863037109375,82.80096435546875,78.60025787353516,74.20242309570312,75.0,71.84010314941406,71.21797180175781,70.29224395751953,65.94694519042969,67.35725402832031,65.05382537841797,62.93647766113281,60.95900344848633,59.66573715209961,58.2580451965332,55.4707145690918,54.64430618286133,52.15361785888672,50.537113189697266,48.332183837890625
0,-35,-95,10,37,98.0204086303711,102.01960754394531,99.00505065917969,101.12368774414062,98.18350219726562,98.24967956542969,96.25486755371094,95.52486419677734,98.32598876953125,99.14131164550781,100.62306213378906,100.62306213378906,102.61091613769531,100.43903350830078,98.84330749511719,100.43903350830078,103.36827087402344,97.29337310791016,101.86756134033203,101.86756134033203,99.2471694946289,100.22474670410156,98.48857879638672,103.58088684082031,101.13851928710938,100.43903350830078,100.80674743652344,97.67292022705078,97.16481018066406,91.24143981933594,88.6848373413086,87.69264221191406,87.46427917480469,84.2140121459961,81.1541748046875,78.4091796875,76.32168579101562,75.1664810180664,74.1687240600586,72.11102294921875,70.00714111328125,68.02940368652344,66.00757598876953,64.1248779296875,62.20128631591797,57.42821502685547,58.694122314453125,58.051700592041016,55.31726837158203,53.36665725708008,50.28916549682617,50.32891845703125
0,-35,-95,10,37,98.48857879638672,98.06120300292969,98.65596771240234,99.29753112792969,98.15293884277344,95.18928527832031,97.41663360595703,97.51409912109375,96.33275604248047,99.2471694946289,100.31948852539062,99.12618255615234,99.08077239990234,101.0,99.04544067382812,102.01960754394531,98.04590606689453,99.00505065917969,99.12618255615234,101.04454803466797,99.0,99.00505065917969,100.04499053955078,101.07917785644531,99.0,97.0,99.00505065917969,98.04590606689453,94.04785919189453,92.13577270507812,90.27181243896484,87.14356231689453,86.46965026855469,80.39900207519531,79.6303939819336,78.4091796875,75.53807067871094,74.14849853515625,73.68174743652344,68.59300231933594,68.24954223632812,65.51335906982422,68.24954223632812,63.06346130371094,60.16643524169922,61.032779693603516,59.13543701171875,55.54277801513672,56.36488342285156,53.712196350097656,50.774009704589844,48.82622146606445
0,-35,-95,11,34,99.98500061035156,101.27191162109375,100.0199966430664,99.29753112792969,98.65596771240234,96.54014587402344,100.16985321044922,97.1236343383789,97.1236343383789,96.4624252319336,99.6242904663086,100.24469757080078,102.78618621826172,99.95999145507812,101.39033508300781,102.69371795654297,102.69371795654297,97.49871826171875,100.22474670410156,99.4032211303711,100.31948852539062,101.13357543945312,98.48857879638672,100.7223892211914,102.55242919921875,99.92497253417969,97.49871826171875,97.14422607421875,96.79875946044922,94.57801055908203,91.0933609008789,90.44335174560547,86.33075714111328,84.11896514892578,82.861328125,77.49193572998047,76.90253448486328,75.43209075927734,71.80529022216797,72.2772445678711,71.58910369873047,68.44705963134766,68.73136138916016,65.92420196533203,62.20128631591797,62.28964614868164,62.28964614868164,59.13543701171875,56.0,52.08646774291992,52.345008850097656,50.990196228027344
0,-35,-95,11,33,96.13532257080078,95.5196304321289,99.16148376464844,97.40636444091797,96.79875946044922,92.4770278930664,94.93682098388672,93.94147491455078,96.15092468261719,97.52947998046875,98.0051040649414,96.7470932006836,98.1121826171875,97.41663360595703,95.18928527832031,102.62553405761719,97.08243560791016,96.51942443847656,96.02082824707031,99.04544067382812,98.18350219726562,99.86490631103516,97.6524429321289,98.81295776367188,98.73702239990234,94.87360382080078,95.71833801269531,98.79270935058594,91.92388153076172,92.43917083740234,86.45230102539062,85.47514343261719,85.47514343261719,82.85529327392578,79.64923095703125,77.89736938476562,76.05918884277344,72.89718627929688,68.87670135498047,67.97793579101562,69.35416412353516,65.30696868896484,68.15423583984375,62.2414665222168,60.406951904296875,58.94064712524414,57.00876998901367,57.723480224609375,57.27128601074219,52.95280838012695,50.48762130737305,49.01020431518555
0,-35,-95,10,37,97.08243560791016,95.71833801269531,97.75479888916016,94.33981323242188,94.15412902832031,93.64827728271484,95.77056121826172,97.06183624267578,95.29428100585938,94.42987060546875,96.17691802978516,98.48857879638672,99.00505065917969,96.93296813964844,96.93296813964844,100.46392059326172,96.79875946044922,98.79270935058594,97.40636444091797,98.35140991210938,99.5389404296875,96.93296813964844,96.2081069946289,99.02020263671875,97.30878448486328,98.08159637451172,95.85405731201172,95.85405731201172,93.52005004882812,93.4772720336914,86.31338500976562,88.58893585205078,84.53401947021484,81.12335968017578,79.75587463378906,77.02597045898438,76.66159057617188,73.7834701538086,74.4311752319336,67.95587158203125,67.95587158203125,66.85057830810547,69.065185546875,61.400325775146484,60.30754470825195,59.46427536010742,57.28001403808594,58.0,55.973209381103516,53.00943374633789,49.648765563964844,48.3735466003418
0,-35,-95,11,33,96.10411071777344,91.98369598388672,97.01546478271484,94.3663101196289,96.17691802978516,93.64827728271484,95.63471984863281,95.2575454711914,93.4344711303711,94.19129180908203,96.25486755371094,99.04544067382812,98.0051040649414,95.04735565185547,94.04785919189453,98.0051040649414,95.02104949951172,97.0,97.1287841796875,99.02020263671875,96.0,96.08329772949219,97.02061462402344,98.12747192382812,97.0,95.0,93.02149963378906,97.04637908935547,90.13877868652344,94.13288116455078,85.28775024414062,87.3670425415039,82.49242401123047,81.49846649169922,77.78174591064453,77.5241928100586,74.81310272216797,72.69112396240234,69.58448028564453,67.08203887939453,69.23149871826172,62.96824645996094,66.4906005859375,60.87692642211914,59.77457809448242,57.28001403808594,55.71355438232422,57.245086669921875,55.009090423583984,53.712196350097656,49.73931884765625,47.20169448852539
0,-35,-95,10,37,97.94896697998047,97.30878448486328,99.02020263671875,96.21330261230469,97.00515747070312,97.20082092285156,99.29753112792969,94.86833190917969,94.33981323242188,97.75479888916016,100.40418243408203,99.98500061035156,97.52947998046875,98.0051040649414,96.7470932006836,100.17984008789062,97.94896697998047,101.07422637939453,100.64790344238281,101.51847076416016,97.94896697998047,95.75489807128906,97.94896697998047,100.62306213378906,98.48857879638672,96.7470932006836,97.75479888916016,95.18928527832031,92.78469848632812,93.81364440917969,87.132080078125,87.98295593261719,85.4400405883789,81.02468872070312,77.66595458984375,78.81623840332031,75.80237579345703,73.81734466552734,71.21797180175781,69.02897644042969,66.06814575195312,65.85590362548828,67.89698028564453,62.93647766113281,62.2414665222168,58.694122314453125,56.7274169921875,56.85068130493164,55.0,53.33854293823242,51.4781494140625,47.92702865600586
0,-35,-95,11,34,96.2081069946289,101.31633758544922,97.30878448486328,103.3924560546875,96.54014587402344,97.94896697998047,97.45255279541016,99.80982208251953,96.60745239257812,96.26006317138672,97.6370849609375,97.94386291503906,100.4987564086914,102.72779846191406,101.3558120727539,100.4987564086914,102.956298828125,95.52486419677734,99.76472473144531,98.0051040649414,100.34440612792969,102.08329772949219,97.1287841796875,101.07422637939453,103.83159637451172,101.71037292480469,100.16985321044922,96.79875946044922,97.41663360595703,91.26883697509766,90.13877868652344,90.13877868652344,88.00568389892578,81.27114868164062,77.801025390625,77.20103454589844,76.843994140625,72.62230682373047,71.40028381347656,73.40980529785156,67.35725402832031,68.11754608154297,65.94694519042969,66.52819061279297,62.93647766113281,58.79625701904297,59.41380310058594,56.40035629272461,55.217750549316406,53.5350341796875,52.47856521606445,50.990196228027344
0,-35,-95,11,33,91.76055908203125,91.21403503417969,94.5938720703125,94.83142852783203,92.6498794555664,90.47099304199219,92.76313781738281,91.7823486328125,91.7823486328125,92.6552734375,91.08238220214844,92.54188537597656,94.42987060546875,93.53608703613281,93.53608703613281,94.19129180908203,93.08598327636719,93.26306915283203,93.08598327636719,94.13288116455078,90.13877868652344,94.19129180908203,90.27181243896484,96.08329772949219,96.25486755371094,95.2575454711914,93.53608703613281,90.55384826660156,86.83317565917969,87.82368469238281,82.03657531738281,83.18653869628906,80.23091888427734,78.44743347167969,75.50496673583984,71.38627624511719,71.80529022216797,70.3420181274414,66.48307800292969,65.52098846435547,65.802734375,61.35144805908203,64.8459701538086,59.80802536010742,58.30952072143555,56.36488342285156,54.58937454223633,54.120235443115234,52.47856521606445,49.09175109863281,48.41487503051758,43.863426208496094
0,-35,-95,10,37,92.19544219970703,92.26592254638672,93.34345245361328,96.51942443847656,92.6552734375,92.77930450439453,92.39588928222656,88.28363037109375,92.96235656738281,92.41753387451172,94.5938720703125,93.96276092529297,94.9210205078125,92.34716796875,96.16651916503906,95.21029663085938,95.81753540039062,92.69843292236328,96.79875946044922,97.40636444091797,93.30059051513672,95.18928527832031,90.13877868652344,95.07891082763672,93.6375961303711,95.18928527832031,92.6552734375,92.04889678955078,88.8875732421875,87.36132049560547,85.86617279052734,83.93450164794922,79.8122787475586,78.58753204345703,78.33900451660156,76.15773010253906,71.30918884277344,70.61161041259766,68.65857696533203,67.46851348876953,65.6201171875,64.49806213378906,62.3939094543457,62.64982223510742,59.304298400878906,57.07889175415039,57.03507614135742,54.0,54.08327102661133,51.088157653808594,48.50773239135742,46.097721099853516
0,-35,-95,11,34,96.25486755371094,96.79875946044922,98.81295776367188,99.04544067382812,99.4032211303711,97.80081939697266,97.00515747070312,97.45255279541016,97.00515747070312,95.58765411376953,97.62171936035156,99.7045669555664,98.99494934082031,99.00505065917969,99.7045669555664,98.99494934082031,98.31072998046875,96.87621307373047,102.72779846191406,100.44898986816406,96.16651916503906,99.7045669555664,96.8968505859375,100.6578369140625,100.44898986816406,99.76472473144531,98.31072998046875,97.74456787109375,94.84724426269531,89.87213134765625,86.45230102539062,87.45856475830078,85.42832946777344,82.61961364746094,79.6303939819336,80.43009185791016,78.24320983886719,75.80237579345703,73.49829864501953,70.21395874023438,67.95587158203125,67.11929321289062,65.0,63.631752014160156,61.29437255859375,59.50630187988281,57.775428771972656,57.245086669921875,55.02726745605469,53.45091247558594,52.63079071044922,51.4781494140625
0,-35,-95,11,33,97.24710845947266,95.38343811035156,98.73702239990234,97.94386291503906,97.34988403320312,94.40338897705078,95.21029663085938,97.00515747070312,100.0,95.2680435180664,97.30878448486328,98.49365234375,97.0,100.4987564086914,97.67292022705078,98.99494934082031,99.03534698486328,97.59098052978516,97.59098052978516,96.17691802978516,97.67292022705078,98.2903823852539,95.4620361328125,100.41912078857422,101.82337951660156,100.44898986816406,97.67292022705078,96.2081069946289,92.76313781738281,91.43850708007812,85.91275024414062,86.68333435058594,84.20214080810547,81.4002456665039,81.4002456665039,76.83749389648438,75.60423278808594,73.00685119628906,71.40028381347656,71.02816009521484,70.45565795898438,66.2872543334961,65.45991516113281,62.265560150146484,61.29437255859375,60.835845947265625,57.27128601074219,57.93962478637695,54.7813835144043,54.4058837890625,50.28916549682617,48.83646011352539
0,-35,-95,11,33,96.33275604248047,94.5304183959961,98.73196411132812,97.73944854736328,96.87621307373047,93.05912017822266,96.33794403076172,93.38094329833984,96.10411071777344,95.07891082763672,95.33625030517578,98.67117309570312,98.67117309570312,98.67117309570312,95.88013458251953,98.35140991210938,95.18928527832031,95.81753540039062,97.14422607421875,97.40636444091797,96.4624252319336,98.03060913085938,92.97311401367188,99.5389404296875,96.4624252319336,97.08243560791016,96.16651916503906,95.88013458251953,90.8019790649414,91.48223876953125,87.09190368652344,84.89994049072266,84.17243957519531,80.04998779296875,78.44743347167969,78.44743347167969,76.68767547607422,70.61161041259766,71.58910369873047,66.75328063964844,67.74215698242188,64.49806213378906,65.27633666992188,61.400325775146484,60.074954986572266,61.00819778442383,59.00847244262695,57.03507614135742,54.08327102661133,50.48762130737305,49.497474670410156,47.29693603515625
0,-35,-95,11,33,94.08506774902344,96.25486755371094,93.53608703613281,98.50888061523438,93.64827728271484,95.88534545898438,96.02603912353516,96.33794403076172,94.72592163085938,92.41753387451172,98.27003479003906,96.7729263305664,97.26766967773438,98.76234436035156,98.76234436035156,97.1236343383789,100.88111877441406,95.21029663085938,100.24469757080078,96.79875946044922,99.32774353027344,99.29753112792969,94.86833190917969,97.73944854736328,97.08243560791016,97.41663360595703,99.32774353027344,91.21403503417969,93.40770721435547,90.2496566772461,88.84255981445312,87.32124328613281,85.14693450927734,79.42921447753906,79.07591247558594,77.10382843017578,76.11833190917969,74.96665954589844,71.38627624511719,68.88395690917969,66.61080932617188,67.74215698242188,64.49806213378906,65.19202423095703,60.13318634033203,60.0,60.008331298828125,57.07889175415039,55.3263053894043,54.451812744140625,50.635955810546875,48.764739990234375
0,-35,-95,11,33,95.08417510986328,93.02149963378906,98.0204086303711,94.00531768798828,97.04637908935547,95.00526428222656,95.13148498535156,93.19334411621094,94.33981323242188,94.5304183959961,97.62171936035156,98.31072998046875,96.17691802978516,95.35198211669922,97.01546478271484,99.82484436035156,97.67292022705078,98.31072998046875,95.12622833251953,97.08243560791016,96.69022369384766,98.06120300292969,97.16481018066406,97.74456787109375,96.33794403076172,95.35198211669922,96.02603912353516,95.52486419677734,88.56636047363281,90.3548583984375,84.2911605834961,85.28775024414062,83.2946548461914,81.09870910644531,77.05841827392578,77.05841827392578,75.05997467041016,72.02777099609375,73.02738952636719,67.00746154785156,67.06713104248047,67.06713104248047,67.26811981201172,60.13318634033203,62.28964614868164,58.30952072143555,57.27128601074219,55.31726837158203,51.244510650634766,51.244510650634766,49.76947021484375,46.957427978515625
0,-35,-95,11,34,97.16995239257812,98.23441314697266,98.4327163696289,97.14422607421875,96.79875946044922,97.08243560791016,95.81753540039062,97.1236343383789,97.1236343383789,96.3016128540039,100.42410278320312,99.68952178955078,101.20276641845703,100.22474670410156,100.22474670410156,99.82484436035156,98.47842407226562,96.50906372070312,98.0051040649414,100.44898986816406,98.47842407226562,102.25947570800781,96.8813705444336,101.11874389648438,101.60708618164062,99.82484436035156,97.08243560791016,97.29337310791016,95.56673431396484,91.4439697265625,89.02246856689453,87.28115844726562,86.33075714111328,84.11896514892578,80.95677947998047,78.10890197753906,76.5375747680664,72.44998168945312,72.80110168457031,71.86793518066406,70.26378631591797,70.68238830566406,68.02940368652344,63.50590515136719,62.265560150146484,59.16925048828125,59.07622146606445,56.859474182128906,56.40035629272461,54.037025451660156,50.93132781982422,49.57822036743164
0,-35,-95,10,37,95.7131118774414,96.25486755371094,96.04165649414062,97.6166000366211,96.3846435546875,95.71833801269531,94.57801055908203,94.04785919189453,97.34988403320312,94.40338897705078,98.0051040649414,99.02020263671875,97.45255279541016,100.12492370605469,99.35794067382812,99.2471694946289,97.0,95.7757797241211,97.08243560791016,96.2081069946289,98.59513092041016,99.2471694946289,95.01578521728516,97.67292022705078,99.15644073486328,98.71676635742188,98.08159637451172,96.67471313476562,92.61749267578125,89.62700653076172,88.23265075683594,87.09190368652344,84.05355072021484,81.27114868164062,82.09750366210938,76.5506362915039,74.3303451538086,73.7834701538086,71.34423828125,72.71863555908203,68.47627258300781,67.5351791381836,64.88451385498047,65.30696868896484,61.46543884277344,58.872745513916016,59.236812591552734,57.28001403808594,55.785301208496094,53.15073013305664,51.62363815307617,48.25971221923828
0,-35,-95,11,33,96.25486755371094,94.87360382080078,96.60745239257812,93.60021209716797,93.60021209716797,92.80086517333984,94.4933853149414,93.08598327636719,94.3663101196289,93.50936126708984,96.33275604248047,94.76286315917969,92.6552734375,96.87621307373047,93.34880828857422,96.8968505859375,96.2081069946289,94.06912231445312,96.33275604248047,97.08243560791016,94.79451751708984,97.83660125732422,93.4344711303711,97.08243560791016,95.52486419677734,94.84724426269531,94.04785919189453,92.6336898803711,91.93476104736328,90.52071380615234,84.95881652832031,86.37129211425781,83.63013458251953,78.74642944335938,78.74642944335938,78.24320983886719,74.65252685546875,71.21797180175781,71.40028381347656,67.20118713378906,67.20118713378906,63.60031509399414,66.85057830810547,62.7694206237793,57.982757568359375,56.4358024597168,58.18075180053711,54.120235443115234,54.230987548828125,52.55473327636719,48.27007293701172,47.29693603515625
0,-35,-95,10,38,99.80982208251953,98.89894104003906,98.4327163696289,100.46392059326172,98.35140991210938,98.35140991210938,98.97979736328125,98.67117309570312,98.49365234375,99.04039764404297,100.66280364990234,100.22474670410156,101.20276641845703,99.04039764404297,99.82484436035156,102.25947570800781,100.12991333007812,100.62306213378906,101.83319854736328,101.96568298339844,100.9752426147461,99.60923767089844,99.29753112792969,103.81714630126953,101.43470764160156,99.63935089111328,99.46356201171875,99.04039764404297,96.69022369384766,91.7823486328125,89.73851013183594,91.4439697265625,88.29496002197266,81.74349975585938,80.28075408935547,80.77747344970703,77.88452911376953,73.37574768066406,72.12489318847656,70.60453033447266,70.51950073242188,68.62215423583984,68.00735473632812,65.19202423095703,62.64982223510742,61.269893646240234,60.41522979736328,60.90156173706055,57.42821502685547,53.00943374633789,49.67897033691406,50.990196228027344
0,-35,-95,11,33,98.79270935058594,101.39033508300781,97.08243560791016,99.4032211303711,95.34149169921875,94.84724426269531,95.7078857421875,95.7078857421875,96.60745239257812,96.64884948730469,99.12618255615234,97.09788513183594,99.02020263671875,98.73702239990234,98.18350219726562,99.29753112792969,97.6524429321289,96.5660400390625,98.47334289550781,100.12492370605469,97.41663360595703,101.51354217529297,95.71833801269531,101.40019989013672,99.04544067382812,98.47334289550781,97.75479888916016,95.88013458251953,94.5145492553711,90.42676544189453,89.47066497802734,86.76404571533203,86.33075714111328,83.38465118408203,81.02468872070312,77.38862609863281,73.82411193847656,73.34848022460938,72.61542510986328,71.69379425048828,67.67569732666016,66.73080444335938,66.0984115600586,62.93647766113281,61.61168670654297,59.84145736694336,59.03388977050781,58.54912567138672,56.32051086425781,52.15361785888672,50.0,47.095645904541016
0,-35,-95,11,34,100.7223892211914,104.31682586669922,100.16985321044922,102.92716217041016,99.02020263671875,101.54801940917969,98.73702239990234,97.41663360595703,100.20977783203125,98.81295776367188,102.80078125,101.67103576660156,104.35037231445312,103.4794692993164,102.068603515625,99.82484436035156,103.3924560546875,99.90495300292969,104.00480651855469,102.59142303466797,101.98039245605469,102.59142303466797,99.15644073486328,101.91172790527344,106.21675872802734,102.72779846191406,102.17631530761719,98.71676635742188,96.21330261230469,94.64142608642578,92.41753387451172,91.40021514892578,87.41853332519531,83.76156616210938,83.76156616210938,79.32212829589844,79.07591247558594,74.09453582763672,75.80237579345703,75.29276275634766,69.35416412353516,70.66116333007812,68.88395690917969,67.11929321289062,66.30987548828125,61.09828186035156,60.406951904296875,60.083274841308594,56.04462432861328,55.90169906616211,53.75872039794922,51.15662384033203
0,-35,-95,10,37,97.86214447021484,101.0,99.29753112792969,99.63935089111328,96.02603912353516,98.85848236083984,94.5304183959961,98.32598876953125,97.41663360595703,95.13148498535156,100.07997131347656,98.0,101.00495147705078,104.01922607421875,101.00495147705078,101.00495147705078,101.07917785644531,97.02061462402344,101.07917785644531,100.17984008789062,101.07917785644531,102.01960754394531,96.02082824707031,100.40418243408203,100.04499053955078,100.04499053955078,98.0,98.04590606689453,97.02061462402344,92.02173614501953,88.20430755615234,88.14192962646484,88.27796936035156,82.2192153930664,80.39900207519531,76.32168579101562,77.41446685791016,73.43704986572266,73.68174743652344,70.45565795898438,67.26811981201172,68.06614685058594,65.30696868896484,63.56099319458008,61.13100814819336,61.98386764526367,59.77457809448242,59.46427536010742,54.625999450683594,53.22593307495117,52.77309799194336,50.477718353271484
0,-35,-95,10,37,97.01546478271484,98.99494934082031,98.41239929199219,100.60317993164062,98.32598876953125,98.32598876953125,98.04590606689453,98.0204086303711,95.02104949951172,96.00521087646484,97.00515747070312,98.0051040649414,101.04454803466797,99.12618255615234,96.13011932373047,99.18164825439453,100.40418243408203,96.25486755371094,100.60317993164062,99.40824890136719,100.40418243408203,99.50376892089844,95.42536163330078,99.72462463378906,99.50376892089844,98.24967956542969,97.25225067138672,97.18538665771484,96.08329772949219,91.0494384765625,90.022216796875,88.00568389892578,86.00581359863281,81.05553436279297,76.10519409179688,77.02597045898438,79.05693817138672,75.1664810180664,73.17103576660156,70.11418914794922,68.26419067382812,70.34912872314453,67.36467742919922,63.639610290527344,63.95310592651367,60.01666259765625,58.94064712524414,56.920997619628906,55.71355438232422,54.7813835144043,50.56678771972656,50.11985778808594
0,-35,-95,11,33,93.7229995727539,92.19544219970703,92.6552734375,94.11163330078125,93.38094329833984,92.6336898803711,95.52486419677734,91.3509750366211,92.8493423461914,91.3509750366211,95.01578521728516,95.90099334716797,94.64142608642578,96.21330261230469,92.80086517333984,95.44107818603516,97.08243560791016,93.81364440917969,95.41488647460938,96.51942443847656,95.69221496582031,93.49331665039062,91.52595520019531,96.26006317138672,94.40338897705078,96.02082824707031,94.04785919189453,92.00543212890625,89.02246856689453,86.83317565917969,85.14693450927734,86.05230712890625,81.83519744873047,78.8733139038086,76.83749389648438,73.66138458251953,72.13875579833984,70.00714111328125,67.89698028564453,68.62215423583984,64.35060119628906,63.639610290527344,64.38167572021484,61.55485534667969,58.79625701904297,56.7274169921875,55.60575485229492,55.0,52.15361785888672,51.0,50.15974426269531,48.84669876098633
0,-35,-95,10,38,99.28242492675781,101.13357543945312,99.5389404296875,103.46980285644531,98.0866928100586,98.0866928100586,100.08995819091797,98.08159637451172,96.79875946044922,97.71898651123047,102.48902130126953,101.92153930664062,99.46356201171875,102.61579132080078,102.1077880859375,103.3247299194336,102.39140319824219,102.61091613769531,102.39140319824219,103.36827087402344,101.20276641845703,104.29285430908203,101.41498565673828,103.16007232666016,101.13851928710938,101.63660430908203,100.68763732910156,96.5660400390625,97.08243560791016,92.04889678955078,91.18113708496094,89.8109130859375,87.66413116455078,83.38465118408203,84.69356536865234,76.15773010253906,77.47257232666016,74.24958038330078,72.49827575683594,71.11258697509766,71.5541763305664,69.31810760498047,66.64833068847656,63.631752014160156,61.85466766357422,56.859474182128906,59.07622146606445,55.60575485229492,56.7274169921875,54.451812744140625,51.855567932128906,47.6340217590332
0,-35,-95,10,37,100.0,98.0204086303711,100.07997131347656,99.04544067382812,97.41663360595703,97.18538665771484,96.33275604248047,96.42095184326172,98.61541748046875,99.98500061035156,96.02603912353516,98.15293884277344,99.04039764404297,100.43903350830078,98.84330749511719,100.66280364990234,98.71676635742188,99.46356201171875,97.98469543457031,99.68952178955078,98.71676635742188,102.39140319824219,97.86214447021484,99.45853424072266,101.63660430908203,98.48857879638672,98.65596771240234,99.63935089111328,93.74433135986328,92.9139404296875,86.70063781738281,87.46427917480469,85.37564086914062,83.2946548461914,81.3019027709961,78.4091796875,77.16217041015625,74.06078338623047,73.06161499023438,72.02777099609375,69.065185546875,69.02897644042969,69.00724792480469,65.0691909790039,60.29925537109375,61.29437255859375,59.6824951171875,59.03388977050781,56.51548385620117,53.16013717651367,52.55473327636719,49.24428939819336
0,-35,-95,10,37,96.87621307373047,96.87621307373047,99.15644073486328,98.49365234375,95.7757797241211,98.49365234375,97.30878448486328,95.2680435180664,97.80081939697266,97.00515747070312,100.0,98.22932434082031,100.95543670654297,99.85990142822266,96.51942443847656,102.39628601074219,99.98500061035156,98.27003479003906,99.4786376953125,100.34440612792969,100.4987564086914,99.98500061035156,96.04165649414062,99.36296844482422,101.54801940917969,99.02020263671875,98.18350219726562,99.5690689086914,94.86833190917969,92.35800170898438,88.81441497802734,85.8021011352539,87.61849212646484,82.00609588623047,80.43009185791016,79.8122787475586,76.48529052734375,72.34638977050781,72.4706802368164,70.0927963256836,70.76722717285156,69.3108901977539,65.79513549804688,62.96824645996094,60.81118392944336,59.46427536010742,58.2580451965332,55.803226470947266,54.08327102661133,52.839378356933594,51.0,49.76947021484375
0,-35,-95,11,33,95.4620361328125,97.30878448486328,95.85926818847656,97.14422607421875,98.68130493164062,97.08243560791016,95.81753540039062,96.16651916503906,97.52947998046875,98.71676635742188,96.10411071777344,99.04039764404297,101.0,99.29753112792969,99.82484436035156,98.31072998046875,97.86725616455078,96.33794403076172,99.84988403320312,100.84146118164062,98.99494934082031,98.15293884277344,97.01546478271484,100.84146118164062,100.9752426147461,99.14131164550781,97.08243560791016,95.34149169921875,96.10411071777344,91.98369598388672,88.5268325805664,87.80091094970703,85.16454315185547,83.24061584472656,79.8122787475586,76.40026092529297,76.24303436279297,72.73238372802734,69.89277648925781,71.7844009399414,67.67569732666016,67.06713104248047,66.48307800292969,62.7694206237793,63.976558685302734,60.373836517333984,58.5918083190918,56.93856430053711,53.25410842895508,53.00943374633789,52.009613037109375,49.51767349243164
0,-35,-95,10,37,97.29337310791016,99.82484436035156,99.63935089111328,101.27191162109375,97.62171936035156,98.99494934082031,97.41663360595703,96.51942443847656,97.25225067138672,96.13011932373047,99.04544067382812,99.0,100.00499725341797,98.0204086303711,100.00499725341797,100.07997131347656,101.17806243896484,95.04735565185547,101.2422866821289,99.12618255615234,98.08159637451172,101.12368774414062,99.08077239990234,99.40824890136719,101.12368774414062,100.07997131347656,100.04499053955078,96.04686737060547,96.0,93.02149963378906,87.00574493408203,90.04998779296875,86.14522552490234,84.148681640625,80.15609741210938,77.10382843017578,78.10249328613281,75.53807067871094,73.33484649658203,70.1783447265625,68.35934448242188,68.4689712524414,66.61080932617188,64.93843078613281,62.36986541748047,59.66573715209961,59.90826416015625,59.13543701171875,57.93962478637695,53.851646423339844,51.429561614990234,49.24428939819336
0,-35,-95,11,33,96.84007263183594,98.08159637451172,98.68130493164062,97.73944854736328,97.40636444091797,96.2081069946289,94.5409927368164,95.4620361328125,96.25486755371094,97.50897216796875,97.06183624267578,97.1287841796875,96.64884948730469,97.6166000366211,95.29428100585938,99.4786376953125,99.85990142822266,98.27003479003906,99.02020263671875,97.94386291503906,96.8968505859375,99.85990142822266,96.8968505859375,102.34255981445312,100.95543670654297,100.70252990722656,94.15412902832031,97.1287841796875,94.8946762084961,93.53608703613281,89.005615234375,88.54942321777344,85.90692901611328,81.93900299072266,81.43709564208984,77.38862609863281,75.64390563964844,72.61542510986328,72.09021759033203,70.93659210205078,65.92420196533203,67.41661834716797,66.128662109375,64.51356506347656,63.06346130371094,59.43904495239258,57.48912811279297,58.051700592041016,56.718605041503906,55.578773498535156,54.08327102661133,49.09175109863281
0,-35,-95,10,37,94.5938720703125,97.51409912109375,96.16651916503906,98.76234436035156,96.4624252319336,92.04889678955078,96.79875946044922,93.30059051513672,95.34149169921875,95.4620361328125,95.4620361328125,97.69339752197266,99.4032211303711,94.42987060546875,96.60745239257812,94.8946762084961,97.24710845947266,94.82615661621094,99.98500061035156,99.12618255615234,97.1287841796875,97.94386291503906,93.91485595703125,99.12618255615234,96.17691802978516,97.04637908935547,94.41397857666016,93.4772720336914,93.94147491455078,90.78546142578125,89.89994812011719,86.33075714111328,83.77350616455078,81.70679473876953,75.7693862915039,77.6208724975586,77.6208724975586,71.16881561279297,69.6419448852539,68.94925689697266,67.41661834716797,68.00735473632812,64.19501495361328,64.76110076904297,62.64183807373047,60.63827133178711,58.85575485229492,55.90169906616211,55.226806640625,54.00925827026367,50.0099983215332,49.25444030761719
0,-35,-95,10,37,96.54014587402344,96.10411071777344,96.8813705444336,99.63935089111328,96.17691802978516,93.90420532226562,95.75489807128906,93.77099609375,97.51409912109375,98.24967956542969,96.25486755371094,97.18538665771484,97.04637908935547,98.0051040649414,97.04637908935547,98.0204086303711,100.00499725341797,98.0051040649414,98.0,99.00505065917969,98.0204086303711,99.04544067382812,97.0,99.02020263671875,99.0,98.0,96.04686737060547,95.08417510986328,95.13148498535156,93.13430786132812,86.28441619873047,86.20904541015625,85.58621215820312,81.49846649169922,79.6303939819336,78.77182006835938,75.95393371582031,73.55270385742188,71.02112579345703,70.03570556640625,67.26811981201172,66.2872543334961,67.6830825805664,63.56099319458008,61.84658432006836,59.203041076660156,58.52349853515625,56.46237564086914,54.625999450683594,52.35456085205078,49.92995071411133,49.648765563964844
0,-35,-95,11,33,95.04735565185547,96.13011932373047,97.62171936035156,98.41239929199219,95.52486419677734,96.87621307373047,93.90420532226562,94.20191192626953,95.03683471679688,93.94147491455078,95.90099334716797,97.74456787109375,98.95453643798828,95.60334777832031,97.98469543457031,98.08159637451172,97.71898651123047,96.5660400390625,99.92997741699219,97.41663360595703,97.80081939697266,96.4624252319336,94.64142608642578,99.16148376464844,97.41663360595703,98.49365234375,98.23441314697266,93.40770721435547,93.86160278320312,89.49860382080078,88.29496002197266,87.32124328613281,84.34452819824219,80.23091888427734,80.8949966430664,76.79192352294922,76.94153594970703,72.83543395996094,72.69112396240234,67.36467742919922,67.47592163085938,67.36467742919922,66.12110137939453,64.07027435302734,61.0,60.008331298828125,58.13776779174805,56.14267349243164,54.33230972290039,51.4781494140625,49.030601501464844,48.08325958251953
0,-35,-95,10,37,90.82400512695312,91.18113708496094,92.70382690429688,93.10746765136719,91.23595428466797,89.89994812011719,91.7060546875,89.55445098876953,90.04998779296875,91.06591033935547,93.1504135131836,95.18928527832031,94.57801055908203,90.44335174560547,94.04785919189453,95.8018798828125,93.60021209716797,92.41753387451172,93.23625946044922,94.64142608642578,95.0,95.42536163330078,90.44335174560547,95.60334777832031,93.60021209716797,93.23089599609375,93.23089599609375,90.69729614257812,89.8888168334961,86.28441619873047,82.68010711669922,83.21658325195312,80.77747344970703,77.38862609863281,75.80237579345703,75.29276275634766,70.23532104492188,69.35416412353516,67.08203887939453,65.7419204711914,64.88451385498047,62.169124603271484,63.976558685302734,59.61543273925781,61.09828186035156,54.4058837890625,54.08327102661133,51.92301940917969,50.21951675415039,50.80354309082031,49.25444030761719,46.010868072509766
0,-35,-95,11,33,95.77056121826172,93.91485595703125,96.25486755371094,95.7078857421875,96.25486755371094,93.62158203125,95.4620361328125,92.35800170898438,95.5196304321289,98.03060913085938,98.35140991210938,95.50916290283203,98.08159637451172,98.23441314697266,96.16651916503906,98.23441314697266,96.04686737060547,97.41663360595703,95.8018798828125,98.95453643798828,96.3016128540039,96.54014587402344,95.60334777832031,100.16985321044922,99.45853424072266,97.52947998046875,96.4624252319336,95.81753540039062,92.35800170898438,91.08238220214844,85.79627227783203,86.97700500488281,83.38465118408203,81.70679473876953,76.92203521728516,80.23091888427734,76.55716705322266,70.66116333007812,68.87670135498047,67.97793579101562,68.88395690917969,64.14047241210938,66.73080444335938,62.12889862060547,58.8217658996582,58.8217658996582,55.803226470947266,55.60575485229492,55.865909576416016,53.75872039794922,49.81967544555664,47.801673889160156
0,-35,-95,10,37,98.2903823852539,97.58073425292969,99.08582305908203,96.17691802978516,98.41239929199219,95.01578521728516,97.18538665771484,95.2680435180664,99.48869323730469,97.80081939697266,99.80982208251953,99.86490631103516,99.04544067382812,98.81295776367188,97.6524429321289,101.2422866821289,99.02020263671875,98.47334289550781,99.85990142822266,99.02020263671875,100.70252990722656,100.70252990722656,99.04544067382812,101.54801940917969,102.07839965820312,97.90811920166016,98.60020446777344,99.20181274414062,95.0,91.83136749267578,88.61715698242188,89.3756103515625,85.79627227783203,83.54639434814453,79.93122100830078,76.41989135742188,75.69015502929688,73.53910827636719,72.12489318847656,70.03570556640625,69.35416412353516,67.20863342285156,66.52819061279297,63.25345993041992,62.801273345947266,59.07622146606445,57.14017868041992,56.30275344848633,55.4707145690918,53.22593307495117,51.078372955322266,45.607017517089844
0,-35,-95,10,36,86.00581359863281,91.28527069091797,88.10221099853516,91.7060546875,86.33075714111328,89.47066497802734,87.23531341552734,88.1929702758789,89.1852035522461,84.72307586669922,89.35882568359375,90.97252655029297,90.13877868652344,91.02197265625,91.52595520019531,90.21086120605469,90.0,86.40023040771484,92.20086669921875,91.60785675048828,90.44335174560547,91.02197265625,85.8021011352539,88.86506652832031,90.60353088378906,90.21086120605469,90.69729614257812,87.3670425415039,85.98255920410156,79.61155700683594,83.52843475341797,78.892333984375,77.89736938476562,73.35530090332031,72.4706802368164,69.77105712890625,68.88395690917969,66.64083099365234,67.08203887939453,65.30696868896484,61.741397857666016,61.84658432006836,58.872745513916016,59.236812591552734,56.920997619628906,52.81098556518555,51.6623649597168,51.97114562988281,51.195701599121094,49.497474670410156,44.18144226074219,45.0111083984375
0,-35,-95,10,37,98.60020446777344,98.0051040649414,99.29753112792969,97.08243560791016,97.09788513183594,95.41488647460938,93.49331665039062,96.3846435546875,97.6166000366211,98.0051040649414,98.83824920654297,99.76472473144531,100.22474670410156,100.64790344238281,100.31948852539062,100.84642028808594,101.39033508300781,98.89894104003906,97.86214447021484,99.5389404296875,100.7223892211914,99.00505065917969,100.84642028808594,101.0197982788086,101.76934814453125,99.00505065917969,100.31948852539062,97.94386291503906,94.81033325195312,94.3716049194336,88.1929702758789,89.06739044189453,87.32124328613281,83.72574615478516,81.12335968017578,78.892333984375,76.5375747680664,76.00657653808594,72.94518280029297,71.28113555908203,71.28113555908203,68.24221801757812,67.42403411865234,63.25345993041992,59.54829788208008,59.41380310058594,60.14149856567383,59.41380310058594,55.973209381103516,55.31726837158203,52.201534271240234,50.2493782043457
0,-35,-95,10,38,98.08159637451172,95.42536163330078,96.02082824707031,96.21330261230469,96.26006317138672,96.02082824707031,98.47842407226562,95.41488647460938,95.41488647460938,98.1121826171875,97.1287841796875,98.0051040649414,98.41239929199219,100.17984008789062,98.83824920654297,102.45974731445312,97.16995239257812,100.22474670410156,98.0866928100586,98.0866928100586,96.3846435546875,99.4032211303711,98.89894104003906,99.92497253417969,101.55294036865234,98.84330749511719,97.50897216796875,95.7078857421875,91.24143981933594,93.02149963378906,89.06739044189453,89.06739044189453,86.45230102539062,82.15229797363281,79.07591247558594,77.5241928100586,75.80237579345703,72.40165710449219,73.7834701538086,69.89277648925781,69.065185546875,66.85057830810547,66.40029907226562,64.20280456542969,58.2580451965332,58.051700592041016,57.982757568359375,57.28001403808594,55.226806640625,52.009613037109375,49.09175109863281,48.87739944458008
0,-35,-95,11,33,97.14422607421875,94.33981323242188,95.18928527832031,96.13532257080078,96.16651916503906,94.9210205078125,94.9210205078125,94.83142852783203,93.39164733886719,95.56673431396484,96.10411071777344,97.32420349121094,96.33794403076172,97.73944854736328,98.15293884277344,97.73944854736328,97.62171936035156,96.6281509399414,98.41239929199219,98.50888061523438,97.86725616455078,99.40824890136719,95.88534545898438,98.41239929199219,98.61541748046875,97.86725616455078,95.18928527832031,94.20191192626953,92.39588928222656,89.10667419433594,89.05054473876953,86.12200927734375,83.43260955810547,83.19855499267578,77.1297607421875,76.15773010253906,76.40026092529297,70.88018035888672,71.30918884277344,68.96376037597656,67.67569732666016,66.0984115600586,65.78753662109375,62.62587356567383,61.84658432006836,58.694122314453125,56.35601043701172,55.94640350341797,53.712196350097656,51.865211486816406,50.21951675415039,48.83646011352539
0,-35,-95,11,34,99.46356201171875,94.83142852783203,101.6513671875,96.84007263183594,99.32774353027344,95.33625030517578,95.60334777832031,95.88013458251953,94.9210205078125,100.30453491210938,99.16148376464844,97.69339752197266,100.64790344238281,99.80982208251953,95.85405731201172,102.956298828125,98.38699340820312,99.80982208251953,97.94896697998047,101.07917785644531,100.31948852539062,99.80982208251953,98.0866928100586,104.23531341552734,101.13357543945312,99.00505065917969,98.4327163696289,97.69339752197266,92.11405944824219,95.4620361328125,90.13877868652344,88.8875732421875,84.20214080810547,81.04319763183594,80.77747344970703,79.12016296386719,78.44743347167969,71.56814575195312,70.60453033447266,68.15423583984375,68.88395690917969,65.73431396484375,67.26811981201172,63.639610290527344,62.3939094543457,59.07622146606445,58.0,57.00876998901367,58.13776779174805,52.08646774291992,50.35871505737305,47.85394287109375
0,-35,-95,10,36,91.26883697509766,89.35882568359375,93.1504135131836,94.5145492553711,92.1791763305664,93.4772720336914,92.13577270507812,89.47066497802734,91.28527069091797,91.54779815673828,93.62158203125,93.23089599609375,93.6375961303711,95.85926818847656,92.35800170898438,94.86833190917969,92.04889678955078,93.30059051513672,93.68030548095703,93.96276092529297,92.6552734375,95.60334777832031,91.7060546875,94.64142608642578,96.13532257080078,93.30059051513672,92.35800170898438,92.11405944824219,91.08238220214844,88.95504760742188,85.0,85.08818817138672,83.25863647460938,79.62411499023438,75.58438873291016,72.89718627929688,72.01388549804688,68.42514038085938,68.0,67.60177612304688,66.37017059326172,63.1347770690918,64.66065216064453,58.830265045166016,59.64059066772461,57.628116607666016,56.7274169921875,53.81449508666992,53.740116119384766,48.83646011352539,49.04079818725586,46.87216567993164
0,-35,-95,10,37,98.0051040649414,96.87621307373047,97.51409912109375,100.40418243408203,97.32933807373047,98.32598876953125,96.08329772949219,95.00526428222656,96.02082824707031,97.0,98.0,98.12747192382812,101.07917785644531,98.08159637451172,99.08077239990234,99.40824890136719,102.59142303466797,98.24967956542969,101.49384307861328,99.72462463378906,99.32270812988281,100.4987564086914,95.42536163330078,100.60317993164062,101.2422866821289,97.32933807373047,98.24967956542969,97.08243560791016,97.08243560791016,92.04889678955078,92.00543212890625,88.0,84.00595092773438,82.05486297607422,80.05622863769531,78.025634765625,78.16009521484375,73.17103576660156,70.1783447265625,74.06078338623047,68.35934448242188,68.35934448242188,66.48307800292969,64.77654266357422,60.8276252746582,60.01666259765625,60.41522979736328,57.9741325378418,57.245086669921875,53.851646423339844,50.990196228027344,50.6063232421875
0,-35,-95,11,33,94.9210205078125,95.18928527832031,95.18928527832031,93.6375961303711,93.98403930664062,92.4770278930664,91.78779602050781,93.62158203125,90.37699127197266,92.13577270507812,95.2732925415039,95.29428100585938,98.0051040649414,95.88013458251953,94.02127075195312,98.27003479003906,95.18928527832031,95.18928527832031,98.18350219726562,94.87360382080078,96.3846435546875,99.02020263671875,94.66783905029297,94.57801055908203,95.71833801269531,96.3846435546875,97.41663360595703,95.88013458251953,90.42676544189453,89.06739044189453,86.76404571533203,85.42247772216797,84.9705810546875,77.38862609863281,78.39005279541016,76.05918884277344,74.73285675048828,71.69379425048828,71.17584228515625,68.94200134277344,66.30987548828125,65.55150604248047,64.8459701538086,61.98386764526367,61.032779693603516,55.31726837158203,56.29387283325195,54.7448616027832,52.46903991699219,52.15361785888672,51.0,50.08992004394531
0,-35,-95,10,37,97.1287841796875,95.88013458251953,96.25486755371094,95.71833801269531,97.08243560791016,95.69221496582031,96.26006317138672,95.8018798828125,96.02082824707031,98.08159637451172,97.30878448486328,97.83660125732422,101.31633758544922,99.03534698486328,97.94896697998047,99.76472473144531,99.03534698486328,97.67292022705078,99.03534698486328,98.2903823852539,98.2903823852539,100.44898986816406,94.76286315917969,101.86265563964844,98.2903823852539,94.76286315917969,95.52486419677734,94.84724426269531,94.11163330078125,92.8493423461914,89.49860382080078,87.96590423583984,88.09085845947266,80.60397338867188,80.21221923828125,80.60397338867188,75.80237579345703,75.0,73.81734466552734,70.21395874023438,70.1783447265625,67.41661834716797,67.41661834716797,64.14047241210938,63.95310592651367,60.835845947265625,59.50630187988281,56.46237564086914,55.71355438232422,53.45091247558594,51.41984176635742,51.62363815307617
0,-35,-95,11,34,95.56673431396484,96.3016128540039,96.16651916503906,102.78618621826172,99.04039764404297,98.97979736328125,98.08159637451172,96.79875946044922,97.71898651123047,98.61541748046875,99.80982208251953,100.17984008789062,99.74467468261719,101.53324890136719,100.64790344238281,101.51847076416016,99.7296371459961,99.7296371459961,100.7223892211914,99.28242492675781,98.84330749511719,103.31505584716797,98.38699340820312,100.4987564086914,102.08329772949219,100.18482971191406,97.94386291503906,96.66436767578125,97.57561492919922,93.52005004882812,91.54779815673828,90.47651672363281,86.97700500488281,83.81526947021484,82.2192153930664,79.71198272705078,79.37883758544922,74.67261505126953,73.38937377929688,73.68174743652344,69.37578582763672,68.680419921875,67.44627380371094,66.94026947021484,63.95310592651367,59.53990173339844,59.304298400878906,58.07753372192383,55.009090423583984,53.0,52.038448333740234,52.345008850097656
0,-35,-95,10,37,97.02061462402344,93.04837799072266,98.18350219726562,97.18538665771484,95.33625030517578,95.33625030517578,97.62171936035156,94.76286315917969,96.87621307373047,96.17691802978516,97.32420349121094,97.67292022705078,97.08243560791016,98.06120300292969,97.29337310791016,97.98469543457031,97.26766967773438,94.11163330078125,97.52947998046875,98.76234436035156,98.95453643798828,98.23441314697266,98.48857879638672,99.04039764404297,99.68952178955078,96.31718444824219,96.31718444824219,96.69022369384766,93.74433135986328,94.20191192626953,85.70880889892578,84.01190185546875,84.85281372070312,79.5110092163086,79.30951690673828,76.41989135742188,75.23961639404297,72.24956512451172,69.18092346191406,67.06713104248047,69.1158447265625,67.00746154785156,66.0302963256836,64.03124237060547,60.0333251953125,58.13776779174805,59.304298400878906,56.88584899902344,57.27128601074219,55.785301208496094,50.96076965332031,51.078372955322266
0,-35,-95,10,37,94.3663101196289,96.67471313476562,96.21330261230469,97.00515747070312,95.0,94.62557983398438,95.41488647460938,94.87360382080078,96.25486755371094,94.15412902832031,96.8968505859375,98.27003479003906,95.77056121826172,98.61541748046875,98.0051040649414,97.94896697998047,97.50897216796875,95.7078857421875,98.89894104003906,97.08243560791016,96.15092468261719,101.13357543945312,95.2575454711914,100.22474670410156,98.83824920654297,94.3663101196289,97.06183624267578,93.94147491455078,93.53608703613281,91.4166259765625,87.46427917480469,87.46427917480469,82.68010711669922,79.32212829589844,77.93586730957031,76.5506362915039,77.10382843017578,73.00685119628906,70.21395874023438,68.818603515625,68.60028839111328,65.6048812866211,63.89052963256836,63.70243453979492,60.20797348022461,58.0,59.41380310058594,56.63920974731445,52.63079071044922,51.865211486816406,49.09175109863281,47.85394287109375
0,-35,-95,11,33,91.58602142333984,89.58794403076172,94.81033325195312,91.60785675048828,94.02127075195312,88.23265075683594,93.23625946044922,89.49860382080078,90.68627166748047,92.8493423461914,91.43850708007812,92.69843292236328,92.6552734375,93.33809661865234,90.5096664428711,94.17536926269531,92.09777069091797,94.17536926269531,91.43850708007812,92.02173614501953,90.55384826660156,93.50936126708984,92.6552734375,97.18538665771484,94.17536926269531,91.21951293945312,91.93476104736328,94.04785919189453,86.97700500488281,88.39117431640625,83.54639434814453,82.75868225097656,80.65978240966797,77.23341369628906,76.05918884277344,74.5184555053711,69.35416412353516,69.65629577636719,69.65629577636719,66.21932983398438,66.70832061767578,61.073726654052734,63.82006072998047,59.64059066772461,57.14017868041992,56.080299377441406,57.80138397216797,55.94640350341797,53.712196350097656,52.92447280883789,49.04079818725586,46.097721099853516
0,-35,-95,11,34,99.98500061035156,100.34440612792969,100.16985321044922,99.64437103271484,97.34988403320312,99.5690689086914,96.25486755371094,97.34988403320312,97.6524429321289,99.80982208251953,100.89598846435547,98.59513092041016,102.8250961303711,100.44898986816406,98.49365234375,102.64988708496094,101.91172790527344,98.41239929199219,103.23758697509766,101.98039245605469,101.98039245605469,101.23734283447266,97.62171936035156,105.36128234863281,101.91172790527344,100.4987564086914,99.90495300292969,98.49365234375,97.45255279541016,92.31468200683594,91.67878723144531,89.20201873779297,86.60831451416016,83.48652648925781,85.21150207519531,77.38862609863281,75.80237579345703,75.7165756225586,74.3303451538086,73.7834701538086,68.60028839111328,67.74215698242188,67.60177612304688,64.49806213378906,61.717098236083984,60.539241790771484,58.872745513916016,57.93962478637695,57.245086669921875,56.04462432861328,50.990196228027344,50.35871505737305
0,-35,-95,11,34,96.8968505859375,96.25486755371094,100.12492370605469,101.2422866821289,98.47334289550781,96.26006317138672,100.60317993164062,96.21330261230469,99.35794067382812,99.48869323730469,100.2646484375,100.6578369140625,101.41498565673828,100.5683822631836,101.23734283447266,105.38026428222656,99.7045669555664,101.23734283447266,101.13851928710938,100.40916442871094,98.2903823852539,99.00505065917969,100.44898986816406,101.83319854736328,101.91172790527344,100.4987564086914,101.31633758544922,98.59513092041016,96.67471313476562,93.40770721435547,87.80091094970703,91.0494384765625,85.21150207519531,81.02468872070312,81.02468872070312,80.44873809814453,76.5506362915039,75.47184753417969,73.57308959960938,69.89277648925781,72.06941223144531,69.83551788330078,69.35416412353516,62.60990524291992,61.717098236083984,60.539241790771484,62.297672271728516,58.18934631347656,56.32051086425781,54.12947463989258,52.345008850097656,49.09175109863281
0,-35,-95,11,33,97.6524429321289,99.29753112792969,96.7470932006836,98.27003479003906,95.01578521728516,98.61541748046875,96.3846435546875,95.7131118774414,97.49359130859375,96.15092468261719,99.00505065917969,98.89894104003906,99.5389404296875,99.72462463378906,100.7223892211914,101.59232330322266,99.95999145507812,97.14422607421875,100.24469757080078,100.6578369140625,98.79270935058594,97.86214447021484,100.46392059326172,101.83319854736328,101.0197982788086,100.6578369140625,98.48857879638672,96.17691802978516,95.34149169921875,93.03762817382812,91.24143981933594,89.06739044189453,88.1929702758789,82.36504364013672,81.6333236694336,80.13114166259766,80.13114166259766,74.79304504394531,73.24616241455078,70.1783447265625,71.56116485595703,69.3397445678711,68.50547790527344,65.0,62.62587356567383,60.20797348022461,58.79625701904297,57.982757568359375,55.973209381103516,55.90169906616211,50.6063232421875,50.774009704589844
0,-35,-95,11,33,96.83490753173828,96.40020751953125,95.90099334716797,97.6166000366211,94.4933853149414,95.13148498535156,94.3663101196289,93.4344711303711,95.52486419677734,93.33809661865234,96.17691802978516,97.58073425292969,99.08582305908203,97.74456787109375,97.67292022705078,98.49365234375,97.18538665771484,95.7757797241211,100.2646484375,98.23441314697266,99.35794067382812,97.30878448486328,95.01578521728516,100.42410278320312,97.94896697998047,97.83660125732422,98.49365234375,95.52486419677734,96.2081069946289,89.87213134765625,88.41380310058594,87.69264221191406,86.31338500976562,80.62257385253906,79.39773559570312,77.98717498779297,75.82215881347656,73.24616241455078,70.43436431884766,71.0633544921875,66.06814575195312,67.47592163085938,65.6048812866211,61.61168670654297,61.29437255859375,57.45433044433594,57.45433044433594,57.245086669921875,55.03635025024414,52.92447280883789,49.33558654785156,50.21951675415039
0,-35,-95,11,34,96.17691802978516,91.92388153076172,97.09788513183594,92.11405944824219,97.34988403320312,93.74433135986328,93.23089599609375,92.20086669921875,92.61749267578125,97.94896697998047,96.67471313476562,97.18538665771484,97.83660125732422,94.9210205078125,94.11163330078125,98.31072998046875,92.6336898803711,99.08582305908203,95.4620361328125,95.4620361328125,94.76286315917969,95.4620361328125,96.87621307373047,97.59098052978516,95.48298645019531,95.48298645019531,93.4344711303711,94.17536926269531,88.61715698242188,91.67878723144531,85.14693450927734,86.05230712890625,83.24061584472656,80.60397338867188,78.23681640625,78.60025787353516,72.42237091064453,71.84706115722656,69.63475799560547,65.802734375,70.45565795898438,63.51377868652344,65.51335906982422,60.41522979736328,60.90156173706055,58.600341796875,57.775428771972656,55.154327392578125,55.973209381103516,51.92301940917969,50.990196228027344,49.36598205566406
0,-35,-95,10,37,95.67131042480469,94.79451751708984,91.93476104736328,95.4620361328125,93.34880828857422,91.21951293945312,93.08598327636719,94.4933853149414,93.86160278320312,97.00515747070312,96.04686737060547,95.60334777832031,97.41663360595703,95.44107818603516,97.34988403320312,99.02020263671875,97.09788513183594,94.03190612792969,96.8968505859375,96.04165649414062,95.52486419677734,98.61541748046875,94.33981323242188,98.27003479003906,97.09788513183594,97.94386291503906,96.25486755371094,94.04785919189453,94.62557983398438,91.60785675048828,86.40023040771484,85.21150207519531,82.80096435546875,80.0,76.40026092529297,77.46611785888672,73.87828063964844,73.0,69.42621612548828,68.7677230834961,67.89698028564453,65.94694519042969,65.0691909790039,61.52235412597656,59.41380310058594,58.051700592041016,58.13776779174805,55.31726837158203,53.5350341796875,51.97114562988281,48.764739990234375,48.46648406982422
0,-35,-95,10,38,101.39033508300781,99.46356201171875,100.0199966430664,102.39140319824219,99.63935089111328,100.62306213378906,99.98500061035156,101.11874389648438,101.59724426269531,99.50376892089844,103.17460632324219,103.07764434814453,103.0436782836914,104.00480651855469,102.01960754394531,101.00495147705078,103.00485229492188,102.00489807128906,102.04410552978516,105.07616424560547,103.01941680908203,103.00485229492188,101.0197982788086,104.04325866699219,102.07839965820312,105.0,101.00495147705078,98.0,99.00505065917969,97.04637908935547,91.0494384765625,91.0878677368164,89.20201873779297,85.28775024414062,82.38932037353516,80.3056640625,79.22752380371094,76.65507507324219,74.4311752319336,70.57620239257812,69.87130737304688,69.46221923828125,67.26811981201172,66.4906005859375,63.56099319458008,60.16643524169922,61.6846809387207,59.46427536010742,59.236812591552734,55.90169906616211,55.009090423583984,52.15361785888672
0,-35,-95,11,33,94.64142608642578,94.64142608642578,92.69843292236328,94.4933853149414,94.84724426269531,93.38094329833984,93.34880828857422,92.6336898803711,93.33809661865234,93.50936126708984,94.17536926269531,97.94896697998047,98.85848236083984,98.40731811523438,98.23441314697266,99.4032211303711,97.6524429321289,95.8018798828125,97.41663360595703,98.22932434082031,96.60745239257812,100.68763732910156,94.86833190917969,98.73702239990234,99.29753112792969,97.41663360595703,98.60020446777344,96.40020751953125,97.00515747070312,91.21403503417969,86.05230712890625,85.2760238647461,86.55634307861328,79.39773559570312,79.39773559570312,77.33692169189453,73.87828063964844,73.0,72.34638977050781,68.680419921875,68.59300231933594,65.76473236083984,65.11528015136719,63.65532302856445,60.8276252746582,56.080299377441406,57.48912811279297,58.24946212768555,54.64430618286133,52.47856521606445,51.0,49.24428939819336
0,-35,-95,11,33,97.18538665771484,97.94896697998047,97.67292022705078,99.90495300292969,96.2081069946289,96.17691802978516,97.59098052978516,96.2081069946289,97.0,97.08243560791016,99.90495300292969,100.12492370605469,99.63935089111328,99.63935089111328,100.2646484375,100.80178833007812,99.80982208251953,97.80081939697266,99.04544067382812,101.60708618164062,102.41581726074219,100.80178833007812,98.60020446777344,99.86490631103516,101.25709533691406,100.60317993164062,99.20181274414062,98.85848236083984,97.94896697998047,90.78546142578125,89.1964111328125,89.9388656616211,85.6329345703125,83.48652648925781,82.73451232910156,76.48529052734375,79.19596099853516,76.41989135742188,71.4212875366211,71.4212875366211,67.26811981201172,67.35725402832031,68.01470184326172,63.89052963256836,62.62587356567383,58.52349853515625,58.24946212768555,57.982757568359375,56.080299377441406,53.66563034057617,51.4781494140625,49.33558654785156
0,-35,-95,10,38,100.17984008789062,99.08077239990234,102.00489807128906,101.00495147705078,102.01960754394531,101.00495147705078,100.04499053955078,102.17631530761719,100.24469757080078,101.40019989013672,103.31021118164062,103.81714630126953,104.08650207519531,101.96568298339844,102.8250961303711,104.92378234863281,104.7377700805664,100.62306213378906,102.9611587524414,105.11898040771484,103.7545166015625,103.36827087402344,100.62306213378906,102.39140319824219,103.94229125976562,102.77159118652344,102.1077880859375,99.84988403320312,97.62171936035156,95.63471984863281,93.4344711303711,91.4439697265625,90.13877868652344,87.14356231689453,82.02438354492188,81.05553436279297,81.1541748046875,77.05841827392578,75.02666473388672,75.00666809082031,71.02816009521484,71.0,69.00724792480469,67.11929321289062,65.19202423095703,63.28506851196289,62.801273345947266,61.814239501953125,56.51548385620117,57.28001403808594,50.695167541503906,51.4781494140625
0,-35,-95,11,34,97.1287841796875,98.97979736328125,97.94386291503906,100.4987564086914,97.08243560791016,96.25486755371094,97.90811920166016,97.08243560791016,96.51942443847656,96.67471313476562,98.85848236083984,100.00499725341797,101.31633758544922,100.5683822631836,99.2471694946289,101.91172790527344,101.83319854736328,99.76472473144531,99.7045669555664,100.44898986816406,101.17806243896484,100.40916442871094,96.2081069946289,101.17806243896484,103.94710540771484,99.00505065917969,100.4987564086914,97.74456787109375,97.74456787109375,90.90654754638672,88.23831176757812,87.45856475830078,85.6037368774414,82.00609588623047,80.21221923828125,80.60397338867188,78.00640869140625,76.6093978881836,75.21302795410156,71.61005401611328,68.60028839111328,68.50547790527344,65.51335906982422,63.28506851196289,62.60990524291992,61.741397857666016,60.373836517333984,57.00876998901367,55.36244201660156,54.120235443115234,53.600372314453125,47.85394287109375
0,-35,-95,11,34,95.42536163330078,95.8018798828125,97.90811920166016,99.04544067382812,97.41663360595703,95.96353149414062,96.3846435546875,96.8968505859375,99.98500061035156,97.52947998046875,98.0051040649414,97.94896697998047,98.84330749511719,99.74467468261719,98.89894104003906,101.13357543945312,100.31948852539062,99.80982208251953,100.46392059326172,98.61541748046875,99.16148376464844,100.30453491210938,96.3846435546875,100.08995819091797,102.55242919921875,99.00505065917969,98.0866928100586,97.98979187011719,96.17691802978516,91.67878723144531,89.005615234375,89.47066497802734,87.23531341552734,85.42247772216797,81.4923324584961,76.5375747680664,77.5241928100586,75.47184753417969,72.40165710449219,73.06161499023438,68.79679870605469,68.50547790527344,66.2872543334961,65.802734375,63.0079345703125,60.95900344848633,59.66573715209961,59.396968841552734,56.58621597290039,53.90732955932617,51.400390625,53.25410842895508
0,-35,-95,10,37,97.09788513183594,95.71833801269531,98.48857879638672,96.25486755371094,98.0051040649414,92.66067504882812,97.50897216796875,96.25486755371094,94.42987060546875,100.46392059326172,99.16148376464844,100.6578369140625,100.5683822631836,101.53324890136719,97.41663360595703,101.2422866821289,97.26766967773438,98.37174224853516,98.95453643798828,102.1077880859375,99.72462463378906,99.68952178955078,98.08159637451172,100.43903350830078,101.92153930664062,100.28459167480469,100.0,97.41663360595703,96.16651916503906,94.86833190917969,89.53770446777344,91.76055908203125,86.97700500488281,84.30895233154297,80.05622863769531,80.41144561767578,78.54934692382812,72.09021759033203,73.53910827636719,68.87670135498047,70.68238830566406,67.11929321289062,67.5425796508789,61.269893646240234,63.1347770690918,60.539241790771484,56.603885650634766,56.859474182128906,54.64430618286133,53.26349639892578,50.2493782043457,48.166378021240234
0,-35,-95,10,37,96.17691802978516,93.64827728271484,97.75479888916016,96.3846435546875,95.52486419677734,96.04165649414062,96.25486755371094,97.34988403320312,97.6524429321289,98.0051040649414,100.0,98.0051040649414,101.04454803466797,98.08159637451172,97.6166000366211,100.6578369140625,99.90495300292969,97.30878448486328,99.90495300292969,102.8250961303711,100.89598846435547,100.6578369140625,100.12492370605469,101.98039245605469,99.35794067382812,99.48869323730469,97.30878448486328,96.60745239257812,95.21029663085938,93.60021209716797,90.69729614257812,88.7524642944336,87.66413116455078,81.6333236694336,81.83519744873047,76.85050201416016,76.66159057617188,74.79304504394531,72.56031799316406,70.71067810058594,68.88395690917969,67.97793579101562,65.30696868896484,63.56099319458008,61.84658432006836,60.74536895751953,60.083274841308594,59.90826416015625,58.24946212768555,55.578773498535156,50.35871505737305,49.04079818725586
0,-35,-95,10,37,93.23089599609375,93.00537872314453,93.40770721435547,90.8019790649414,93.08598327636719,91.43850708007812,90.02777099609375,89.8276138305664,92.6552734375,90.52071380615234,93.33809661865234,93.38094329833984,95.67131042480469,95.52486419677734,92.76313781738281,96.33275604248047,95.13148498535156,92.09777069091797,94.4933853149414,93.08598327636719,92.8493423461914,96.04686737060547,93.08598327636719,97.45255279541016,96.54014587402344,94.3663101196289,94.17536926269531,91.93476104736328,89.8276138305664,86.27861785888672,84.8646011352539,82.73451232910156,82.07313537597656,77.79460144042969,77.23341369628906,74.3303451538086,73.66138458251953,72.34638977050781,68.01470184326172,68.01470184326172,67.20118713378906,63.60031509399414,62.62587356567383,58.00862121582031,59.64059066772461,55.07267761230469,56.080299377441406,56.82429122924805,52.32590103149414,52.0,48.703182220458984,46.3249397277832
0,-35,-95,10,37,96.17691802978516,96.66436767578125,96.93296813964844,97.69339752197266,95.85405731201172,95.4620361328125,96.76776123046875,94.25497436523438,96.13532257080078,97.1236343383789,99.6242904663086,98.23441314697266,97.74456787109375,97.01546478271484,96.04686737060547,98.48857879638672,98.48857879638672,96.7729263305664,101.41498565673828,99.68952178955078,96.31718444824219,97.51409912109375,97.74456787109375,98.84330749511719,99.2471694946289,97.98469543457031,97.52947998046875,95.88013458251953,94.86833190917969,90.47651672363281,87.59566497802734,88.25531005859375,86.72946166992188,80.41144561767578,81.1541748046875,77.6208724975586,74.32361602783203,73.9256362915039,72.09021759033203,67.5425796508789,68.0,66.64833068847656,65.76473236083984,62.7694206237793,59.6824951171875,61.400325775146484,56.035701751708984,56.85068130493164,53.81449508666992,53.075416564941406,50.32891845703125,48.41487503051758
0,-35,-95,10,37,94.76286315917969,96.7470932006836,98.65596771240234,98.15293884277344,98.84330749511719,97.86214447021484,95.90099334716797,97.08243560791016,96.7729263305664,98.49365234375,99.04039764404297,100.57833099365234,99.6242904663086,100.5683822631836,101.83319854736328,100.5683822631836,99.95999145507812,96.76776123046875,98.23441314697266,100.90093994140625,96.79875946044922,101.51354217529297,97.40636444091797,100.84642028808594,102.52804565429688,99.6242904663086,97.80081939697266,95.88013458251953,94.64142608642578,93.40770721435547,88.29496002197266,88.29496002197266,84.5280990600586,82.56512451171875,82.03657531738281,79.07591247558594,77.92945861816406,74.5452880859375,72.83543395996094,72.56031799316406,68.4689712524414,68.35934448242188,67.26811981201172,62.032249450683594,63.0079345703125,58.00862121582031,61.032779693603516,57.21887969970703,56.32051086425781,54.7448616027832,52.63079071044922,49.33558654785156
0,-35,-95,11,34,96.3016128540039,96.84007263183594,96.4624252319336,98.67117309570312,96.13532257080078,97.08243560791016,94.57801055908203,95.4620361328125,97.30878448486328,96.66436767578125,99.00505065917969,97.98979187011719,99.28242492675781,98.41239929199219,98.83824920654297,98.83824920654297,100.64790344238281,96.60227966308594,95.52486419677734,98.0051040649414,98.88377380371094,101.59724426269531,98.38699340820312,101.212646484375,100.64790344238281,100.18482971191406,99.74467468261719,97.98979187011719,95.75489807128906,91.54779815673828,87.66413116455078,87.09190368652344,87.09190368652344,82.63776397705078,80.65357971191406,77.8331527709961,78.10890197753906,73.68174743652344,74.3303451538086,70.21395874023438,68.15423583984375,66.21932983398438,68.15423583984375,62.817195892333984,62.36986541748047,58.694122314453125,61.66035842895508,58.30952072143555,55.03635025024414,52.0,52.239830017089844,50.35871505737305
0,-35,-95,10,38,95.34149169921875,98.0866928100586,98.23441314697266,100.46392059326172,96.2081069946289,96.4624252319336,96.4624252319336,95.5196304321289,97.73944854736328,95.88013458251953,95.8018798828125,100.66280364990234,97.29337310791016,99.46356201171875,100.43903350830078,99.63935089111328,100.44898986816406,93.5574722290039,101.43470764160156,99.82484436035156,97.08243560791016,101.0,96.8813705444336,99.84988403320312,100.44898986816406,101.0,99.2471694946289,97.74456787109375,98.23441314697266,91.76055908203125,90.13877868652344,86.33075714111328,85.70297241210938,82.2192153930664,79.47956085205078,77.8331527709961,77.49193572998047,72.44998168945312,72.80110168457031,72.61542510986328,67.62396240234375,70.68238830566406,66.30987548828125,62.60990524291992,62.17716598510742,58.30952072143555,60.20797348022461,56.61272048950195,55.60575485229492,51.400390625,50.93132781982422,51.6623649597168
0,-35,-95,11,34,96.21330261230469,99.02020263671875,98.0051040649414,99.6242904663086,99.86490631103516,95.13148498535156,99.5690689086914,97.6370849609375,100.4987564086914,99.76472473144531,101.212646484375,103.31021118164062,101.53324890136719,103.31505584716797,102.41581726074219,101.55294036865234,103.46980285644531,99.00505065917969,101.63660430908203,102.45974731445312,100.64790344238281,102.04410552978516,100.22474670410156,105.7024154663086,102.45974731445312,101.55294036865234,101.53324890136719,100.17984008789062,98.83824920654297,96.15092468261719,90.91754150390625,89.55445098876953,89.35882568359375,85.75546264648438,82.68010711669922,82.15229797363281,77.17512512207031,74.88658142089844,73.24616241455078,72.42237091064453,73.49829864501953,69.40460968017578,71.61005401611328,64.81512451171875,63.70243453979492,60.14149856567383,57.982757568359375,58.694122314453125,56.63920974731445,52.801513671875,53.600372314453125,50.2493782043457
0,-35,-95,11,34,96.2081069946289,99.5389404296875,95.75489807128906,97.30878448486328,95.75489807128906,96.66436767578125,95.2732925415039,97.08243560791016,98.38699340820312,94.41397857666016,97.1287841796875,100.16985321044922,101.0197982788086,100.4987564086914,102.39628601074219,98.47842407226562,101.2422866821289,96.8968505859375,100.12492370605469,96.04165649414062,98.61541748046875,102.39628601074219,96.5660400390625,100.43903350830078,100.12492370605469,101.54801940917969,98.0051040649414,96.64884948730469,95.2575454711914,90.78546142578125,89.47066497802734,87.32124328613281,87.46427917480469,84.30895233154297,80.77747344970703,77.87811279296875,75.7693862915039,75.02666473388672,71.51223754882812,71.7844009399414,67.05221557617188,69.2603759765625,66.21932983398438,63.89052963256836,64.32728576660156,56.718605041503906,58.30952072143555,58.215118408203125,54.08327102661133,54.00925827026367,52.038448333740234,50.35871505737305
0,-35,-95,10,37,94.19129180908203,96.33275604248047,93.90420532226562,97.86725616455078,93.77099609375,95.03683471679688,94.04785919189453,94.20191192626953,94.3663101196289,93.14505004882812,95.07891082763672,95.07891082763672,97.80081939697266,97.1236343383789,97.52947998046875,96.4624252319336,98.97979736328125,91.0933609008789,97.08243560791016,96.13532257080078,95.21029663085938,98.03060913085938,91.0933609008789,95.5196304321289,99.6242904663086,97.08243560791016,99.04039764404297,94.11163330078125,93.86160278320312,86.58522033691406,88.0738296508789,87.09764862060547,82.37718200683594,81.04936981201172,80.0624771118164,75.50496673583984,73.97972869873047,73.97972869873047,70.85901641845703,70.71067810058594,65.37583923339844,67.26811981201172,64.19501495361328,62.12889862060547,60.0333251953125,57.07889175415039,58.07753372192383,55.3263053894043,51.4781494140625,52.611785888671875,49.47726821899414,48.383880615234375
0,-35,-95,11,33,98.61541748046875,94.5304183959961,95.33625030517578,98.32598876953125,97.08243560791016,95.13148498535156,97.08243560791016,96.02082824707031,98.0051040649414,96.13011932373047,97.1287841796875,95.2575454711914,99.50376892089844,97.51409912109375,95.42536163330078,97.86725616455078,98.0051040649414,98.15293884277344,98.31072998046875,98.0051040649414,97.73944854736328,99.14131164550781,95.88534545898438,99.63935089111328,99.14131164550781,99.84988403320312,98.15293884277344,96.7470932006836,93.64827728271484,91.3509750366211,87.28115844726562,87.3670425415039,86.05230712890625,82.2192153930664,79.15807342529297,79.10120391845703,76.16429901123047,73.06161499023438,72.06246948242188,69.0,68.00735473632812,65.03076171875,64.0078125,61.00819778442383,62.20128631591797,58.4208869934082,59.304298400878906,56.08921432495117,56.51548385620117,51.6623649597168,50.59644317626953,47.01063537597656
0,-35,-95,11,34,100.46392059326172,100.7223892211914,99.28242492675781,103.31505584716797,99.7296371459961,100.62306213378906,99.7296371459961,99.98500061035156,101.71037292480469,98.18350219726562,102.08329772949219,102.62553405761719,101.78899383544922,105.20931243896484,101.0197982788086,103.00485229492188,103.00485229492188,98.0051040649414,103.85566711425781,102.61579132080078,100.20977783203125,102.80078125,100.20977783203125,101.04454803466797,103.6001968383789,101.0197982788086,103.46980285644531,101.54801940917969,97.94386291503906,94.03190612792969,93.1504135131836,90.91754150390625,89.55445098876953,85.58621215820312,85.0,79.17701721191406,80.0624771118164,75.58438873291016,76.48529052734375,73.79024505615234,73.40980529785156,70.26378631591797,69.07966613769531,66.128662109375,65.45991516113281,59.4810905456543,63.324562072753906,60.87692642211914,55.90169906616211,56.56854248046875,54.147945404052734,50.0099983215332
0,-35,-95,10,37,93.94147491455078,95.88013458251953,97.50897216796875,95.7131118774414,96.66436767578125,93.52005004882812,95.85405731201172,94.33981323242188,94.33981323242188,97.86214447021484,98.68130493164062,100.24469757080078,99.6242904663086,98.08159637451172,98.08159637451172,103.16007232666016,97.01546478271484,100.16985321044922,98.48857879638672,98.95453643798828,100.89598846435547,99.68952178955078,97.26766967773438,100.16985321044922,101.39033508300781,98.49365234375,98.23441314697266,97.41663360595703,94.25497436523438,94.5568618774414,88.0227279663086,88.60022735595703,86.97700500488281,83.21658325195312,79.47956085205078,80.23091888427734,76.55716705322266,71.58910369873047,70.68238830566406,68.94200134277344,69.77105712890625,68.87670135498047,67.5425796508789,63.52952194213867,64.0078125,58.24946212768555,61.400325775146484,56.035701751708984,58.13776779174805,54.5618896484375,53.037723541259766,47.801673889160156
0,-35,-95,10,38,96.7729263305664,95.63471984863281,96.79875946044922,100.90093994140625,99.92997741699219,97.40636444091797,98.67117309570312,95.21029663085938,98.37174224853516,96.5660400390625,99.68952178955078,100.80674743652344,101.0,102.77159118652344,102.77159118652344,101.96568298339844,102.956298828125,99.14131164550781,102.8250961303711,102.956298828125,101.27191162109375,101.96568298339844,98.31072998046875,104.47966003417969,102.956298828125,101.27191162109375,102.59142303466797,100.0199966430664,98.84330749511719,93.5574722290039,92.19544219970703,90.70832061767578,89.02246856689453,83.93450164794922,85.72631072998047,79.8122787475586,79.8122787475586,76.65507507324219,72.42237091064453,73.37574768066406,69.57010650634766,68.3081283569336,67.06713104248047,66.30987548828125,63.158531188964844,59.03388977050781,60.8276252746582,58.18075180053711,55.75840759277344,55.4707145690918,52.009613037109375,49.57822036743164
0,-35,-95,10,37,95.56673431396484,92.6498794555664,94.64142608642578,94.3716049194336,97.80081939697266,91.0933609008789,96.4624252319336,91.76055908203125,96.2081069946289,94.5409927368164,99.00505065917969,99.31767272949219,97.04637908935547,96.60227966308594,96.60227966308594,98.41239929199219,95.77056121826172,97.06183624267578,95.01578521728516,96.25486755371094,96.17691802978516,96.64884948730469,97.1287841796875,100.70252990722656,98.48857879638672,96.25486755371094,95.7131118774414,95.2575454711914,92.13577270507812,90.3382568359375,86.00581359863281,86.00581359863281,86.16263580322266,81.1541748046875,80.05622863769531,78.0,75.23961639404297,72.23572540283203,70.93659210205078,69.28924560546875,67.41661834716797,65.45991516113281,66.73080444335938,60.728904724121094,60.41522979736328,58.051700592041016,56.88584899902344,57.55866622924805,57.21887969970703,54.147945404052734,50.03998565673828,47.095645904541016
0,-35,-95,10,37,96.3846435546875,94.02127075195312,94.3663101196289,97.06183624267578,94.81033325195312,93.94147491455078,97.08243560791016,94.02127075195312,97.30878448486328,95.07891082763672,98.35140991210938,98.68130493164062,98.67117309570312,99.32774353027344,98.08159637451172,99.72462463378906,98.23441314697266,98.23441314697266,98.48857879638672,99.92497253417969,97.01546478271484,99.2471694946289,96.7729263305664,99.46356201171875,99.20181274414062,99.68952178955078,98.23441314697266,99.32774353027344,94.3716049194336,92.04889678955078,88.8875732421875,87.93179321289062,84.43340301513672,80.99382781982422,79.05693817138672,75.3923110961914,75.3923110961914,73.16419982910156,69.6419448852539,70.7742919921875,68.54196166992188,67.23094177246094,67.62396240234375,62.60990524291992,59.93329620361328,57.45433044433594,57.45433044433594,55.226806640625,55.217750549316406,52.009613037109375,50.990196228027344,47.381431579589844
0,-35,-95,10,37,96.02082824707031,96.02082824707031,97.04637908935547,97.02061462402344,98.18350219726562,96.04686737060547,100.04499053955078,97.18538665771484,96.42095184326172,95.75489807128906,98.73196411132812,101.11874389648438,99.63935089111328,95.18928527832031,97.16481018066406,100.62306213378906,96.8813705444336,98.65596771240234,99.46356201171875,100.22474670410156,98.06120300292969,98.65596771240234,95.90099334716797,100.89598846435547,101.20276641845703,99.82484436035156,99.14131164550781,95.75489807128906,94.76286315917969,92.77930450439453,88.27796936035156,88.45903015136719,85.09406280517578,82.2192153930664,81.1541748046875,77.10382843017578,78.16009521484375,73.02738952636719,74.00675964355469,72.02777099609375,67.06713104248047,68.02940368652344,66.12110137939453,62.12889862060547,65.27633666992188,61.52235412597656,58.694122314453125,57.27128601074219,56.75385284423828,54.120235443115234,52.39274597167969,51.4781494140625
0,-35,-95,11,34,93.04837799072266,100.84642028808594,95.85405731201172,101.63660430908203,92.57429504394531,100.64790344238281,93.94147491455078,97.06183624267578,93.53608703613281,90.55384826660156,99.64437103271484,100.70252990722656,99.29753112792969,99.29753112792969,102.34255981445312,97.08243560791016,103.46980285644531,94.04785919189453,106.01886749267578,100.20977783203125,98.81295776367188,100.20977783203125,94.62557983398438,100.42410278320312,100.42410278320312,97.6524429321289,100.43903350830078,95.13148498535156,100.16985321044922,87.98295593261719,90.91754150390625,88.6848373413086,85.42247772216797,81.4923324584961,83.6480712890625,75.66372680664062,77.41446685791016,74.24284362792969,73.79024505615234,73.79024505615234,66.18912506103516,70.26378631591797,63.158531188964844,67.23094177246094,61.98386764526367,57.28001403808594,58.52349853515625,55.785301208496094,52.95280838012695,52.611785888671875,52.239830017089844,50.0
0,-35,-95,10,37,93.1504135131836,92.28217315673828,95.2575454711914,96.64884948730469,94.81033325195312,95.2575454711914,92.70382690429688,94.93682098388672,95.85405731201172,98.23441314697266,98.68130493164062,98.68130493164062,99.6242904663086,98.67117309570312,97.41663360595703,99.72462463378906,97.52947998046875,96.16651916503906,100.16985321044922,98.49365234375,96.5660400390625,99.45853424072266,94.9210205078125,102.61091613769531,100.68763732910156,100.68763732910156,100.28459167480469,93.96276092529297,96.13532257080078,91.7060546875,87.92041778564453,86.03487396240234,85.4400405883789,82.63776397705078,79.7057113647461,77.6208724975586,77.6208724975586,73.40980529785156,70.00714111328125,69.85699462890625,68.44705963134766,67.5425796508789,65.7419204711914,63.52952194213867,62.265560150146484,57.688819885253906,60.464866638183594,59.203041076660156,54.81787872314453,55.973209381103516,50.91168975830078,50.6063232421875
0,-35,-95,11,34,98.47334289550781,97.20082092285156,99.48869323730469,99.02020263671875,98.85848236083984,98.59513092041016,98.85848236083984,98.59513092041016,97.83660125732422,98.2903823852539,99.00505065917969,99.76472473144531,101.86265563964844,101.31633758544922,101.23734283447266,102.64988708496094,101.23734283447266,101.91172790527344,101.53324890136719,104.13932800292969,101.98039245605469,102.64988708496094,99.2471694946289,105.11898040771484,101.53324890136719,101.31633758544922,101.13851928710938,99.00505065917969,96.17691802978516,94.06912231445312,93.38094329833984,88.61715698242188,87.32124328613281,82.46211242675781,83.24061584472656,80.28075408935547,80.15609741210938,76.69419860839844,74.02702331542969,70.60453033447266,71.40028381347656,69.89277648925781,68.24221801757812,65.19202423095703,62.265560150146484,60.8276252746582,61.717098236083984,58.30952072143555,55.71355438232422,53.141319274902344,53.16013717651367,50.695167541503906
0,-35,-95,10,37,96.17691802978516,95.29428100585938,95.52486419677734,95.52486419677734,95.18928527832031,94.66783905029297,97.34988403320312,93.19334411621094,97.08243560791016,96.83490753173828,97.41663360595703,97.45255279541016,99.48869323730469,100.2646484375,98.40731811523438,101.41498565673828,94.84724426269531,97.18538665771484,95.52486419677734,97.0,100.2646484375,100.00499725341797,98.08159637451172,98.49365234375,98.59513092041016,97.83660125732422,97.45255279541016,97.80081939697266,94.20191192626953,93.60021209716797,87.6584243774414,87.09190368652344,86.28441619873047,81.12335968017578,78.77182006835938,77.69813537597656,77.5241928100586,72.20111083984375,70.71067810058594,68.0,68.88395690917969,66.64833068847656,66.18912506103516,61.741397857666016,62.7694206237793,58.872745513916016,60.728904724121094,58.8217658996582,55.31726837158203,54.918121337890625,50.48762130737305,49.01020431518555
0,-35,-95,10,37,96.17691802978516,95.4620361328125,96.8968505859375,96.8968505859375,97.0,96.42613983154297,97.94896697998047,97.30878448486328,94.64142608642578,98.40731811523438,99.20181274414062,99.04544067382812,101.25709533691406,100.68763732910156,97.90811920166016,101.2422866821289,98.27003479003906,100.12492370605469,100.4987564086914,98.79270935058594,98.73702239990234,101.3558120727539,96.5660400390625,102.21546173095703,102.08329772949219,99.29753112792969,98.81295776367188,96.60745239257812,95.60334777832031,92.80086517333984,90.90654754638672,87.32124328613281,87.86353302001953,82.97589874267578,78.8733139038086,79.64923095703125,75.28611755371094,74.41101837158203,71.44927978515625,72.13875579833984,70.0927963256836,65.76473236083984,68.59300231933594,61.61980056762695,61.84658432006836,59.66573715209961,57.20139694213867,57.688819885253906,56.080299377441406,53.712196350097656,50.990196228027344,50.695167541503906
0,-35,-95,11,33,94.08506774902344,96.00521087646484,94.04785919189453,101.00495147705078,95.00526428222656,96.00521087646484,97.00515747070312,95.08417510986328,96.08329772949219,95.52486419677734,98.32598876953125,98.61541748046875,100.12991333007812,99.84988403320312,98.85848236083984,96.7470932006836,99.14131164550781,96.7470932006836,101.27191162109375,98.73196411132812,96.02603912353516,98.85848236083984,96.87621307373047,100.80674743652344,100.84146118164062,98.99494934082031,100.40418243408203,96.33275604248047,94.13288116455078,91.0494384765625,90.00555419921875,90.00555419921875,86.00581359863281,82.02438354492188,79.02531433105469,78.10249328613281,75.1065902709961,73.06161499023438,72.11102294921875,70.1783447265625,67.74215698242188,68.59300231933594,64.49806213378906,63.78871536254883,63.150611877441406,57.00876998901367,59.66573715209961,54.424259185791016,52.92447280883789,53.3104133605957,52.839378356933594,48.87739944458008
0,-35,-95,11,33,88.86506652832031,92.97311401367188,91.54779815673828,94.5409927368164,92.30926513671875,91.18113708496094,92.30926513671875,88.76936340332031,93.10746765136719,89.44271850585938,92.13034057617188,93.53608703613281,93.02149963378906,93.64827728271484,95.77056121826172,92.28217315673828,95.71833801269531,90.04998779296875,94.66783905029297,93.64827728271484,94.41397857666016,94.15412902832031,91.4166259765625,94.87360382080078,94.02127075195312,94.8946762084961,94.81033325195312,92.57429504394531,90.78546142578125,85.08818817138672,86.16263580322266,85.23497009277344,84.50444030761719,79.47956085205078,77.49193572998047,71.7844009399414,72.44998168945312,70.83784484863281,68.3081283569336,68.680419921875,63.89052963256836,65.802734375,63.60031509399414,59.66573715209961,59.84145736694336,57.55866622924805,57.14017868041992,55.081756591796875,52.0,52.009613037109375,49.25444030761719,48.66210174560547
0,-35,-95,10,38,100.96038818359375,97.40636444091797,101.39033508300781,98.4327163696289,99.16148376464844,96.5660400390625,100.31948852539062,99.31767272949219,99.80982208251953,101.51847076416016,103.31505584716797,102.4743881225586,101.53324890136719,100.7223892211914,100.7223892211914,106.17438507080078,100.34440612792969,103.44564056396484,100.16985321044922,103.5857162475586,101.71037292480469,106.17438507080078,102.21546173095703,103.44564056396484,105.19029998779297,104.31682586669922,99.7296371459961,100.64790344238281,98.41239929199219,96.25486755371094,92.8493423461914,91.92388153076172,87.46427917480469,86.16263580322266,83.21658325195312,82.2800064086914,80.99382781982422,77.49193572998047,73.76313781738281,72.73238372802734,69.6419448852539,68.680419921875,70.8307876586914,65.51335906982422,63.56099319458008,59.84145736694336,59.53990173339844,59.304298400878906,61.073726654052734,57.03507614135742,53.23532485961914,51.788028717041016
0,-35,-95,11,33,94.41397857666016,95.7131118774414,94.84724426269531,95.75489807128906,94.42987060546875,96.25486755371094,95.85405731201172,93.98403930664062,95.85405731201172,94.86833190917969,97.71898651123047,97.1236343383789,97.80081939697266,100.68763732910156,99.45853424072266,98.23441314697266,101.13851928710938,95.8018798828125,100.89598846435547,97.98469543457031,99.20181274414062,99.45853424072266,97.52947998046875,100.22474670410156,100.89598846435547,98.49365234375,98.95453643798828,95.18928527832031,97.71898651123047,89.84430694580078,89.1964111328125,87.31552124023438,83.00602722167969,81.70679473876953,81.93900299072266,77.6208724975586,77.2528305053711,70.26378631591797,70.7742919921875,72.09021759033203,67.97793579101562,67.97793579101562,66.64083099365234,65.3681869506836,60.20797348022461,58.8217658996582,59.203041076660156,58.00862121582031,54.81787872314453,52.345008850097656,50.990196228027344,49.04079818725586
0,-35,-95,10,37,93.08598327636719,92.09777069091797,94.11163330078125,94.11163330078125,96.16651916503906,91.21951293945312,97.67292022705078,93.38094329833984,95.01578521728516,98.41239929199219,98.49365234375,95.67131042480469,95.90099334716797,97.6166000366211,95.60334777832031,101.83319854736328,95.44107818603516,96.60745239257812,94.03190612792969,97.90811920166016,95.21029663085938,97.90811920166016,97.41663360595703,100.43903350830078,98.40731811523438,95.60334777832031,95.0,96.82975006103516,90.27181243896484,93.08598327636719,85.04116821289062,88.61715698242188,83.48652648925781,82.75868225097656,79.24645233154297,78.49203491210938,76.3675308227539,70.72481536865234,71.44927978515625,66.4680404663086,69.35416412353516,65.05382537841797,67.47592163085938,63.12685775756836,60.605281829833984,59.03388977050781,57.982757568359375,54.37830352783203,55.009090423583984,52.801513671875,50.15974426269531,46.840152740478516
0,-35,-95,11,33,95.90099334716797,95.01578521728516,97.00515747070312,94.81033325195312,97.20082092285156,92.20086669921875,95.8018798828125,94.86833190917969,94.57801055908203,97.41663360595703,97.94386291503906,97.6166000366211,98.1121826171875,96.17691802978516,95.77056121826172,102.85912322998047,97.04637908935547,96.60227966308594,94.81033325195312,97.04637908935547,96.60227966308594,97.94386291503906,99.31767272949219,100.7223892211914,100.17984008789062,98.38699340820312,96.17691802978516,95.38343811035156,94.02127075195312,92.28217315673828,87.132080078125,86.28441619873047,84.38008880615234,82.6619644165039,78.49203491210938,78.49203491210938,77.10382843017578,73.81734466552734,69.20259857177734,69.63475799560547,69.81404113769531,64.20280456542969,66.70832061767578,63.78087615966797,63.70243453979492,58.728187561035156,58.0,56.63920974731445,55.0,53.25410842895508,50.477718353271484,48.30113983154297
0,-35,-95,10,38,96.50906372070312,101.20276641845703,101.13851928710938,99.68952178955078,98.23441314697266,101.39033508300781,100.96038818359375,99.6242904663086,102.2007827758789,95.5196304321289,101.2422866821289,100.84642028808594,102.31813049316406,102.15674591064453,102.31813049316406,101.63660430908203,100.64790344238281,100.84642028808594,102.55242919921875,101.23734283447266,102.55242919921875,105.30906677246094,99.16148376464844,102.88343048095703,103.07764434814453,101.39033508300781,100.90093994140625,98.03060913085938,94.86833190917969,93.92018127441406,91.92388153076172,91.4439697265625,88.5268325805664,87.80091094970703,84.92938232421875,79.30951690673828,79.83106994628906,73.00685119628906,71.38627624511719,72.36711883544922,69.72087097167969,68.4689712524414,66.37017059326172,65.19202423095703,65.03076171875,63.03173828125,62.00806427001953,61.073726654052734,58.13776779174805,55.578773498535156,54.7448616027832,50.96076965332031
0,-35,-95,10,37,89.73851013183594,95.33625030517578,94.5568618774414,98.37174224853516,94.5568618774414,96.13532257080078,95.21029663085938,95.5196304321289,96.79875946044922,95.34149169921875,95.75489807128906,97.49359130859375,101.07422637939453,99.29753112792969,100.64790344238281,97.49359130859375,100.17984008789062,93.91485595703125,99.84988403320312,97.06183624267578,98.83824920654297,97.04637908935547,95.2575454711914,98.61541748046875,98.0051040649414,99.74467468261719,100.7223892211914,95.4620361328125,95.85405731201172,89.31964874267578,88.25531005859375,86.64871978759766,86.33075714111328,81.90848541259766,81.32035064697266,76.216796875,75.89466094970703,72.42237091064453,72.42237091064453,71.84010314941406,64.53681182861328,68.06614685058594,64.53681182861328,62.96824645996094,61.52235412597656,58.30952072143555,58.215118408203125,58.00862121582031,54.0,54.00925827026367,49.162994384765625,48.83646011352539
0,-35,-95,10,37,93.30059051513672,92.6552734375,97.1236343383789,98.49365234375,92.6498794555664,95.33625030517578,94.3663101196289,95.34149169921875,95.12622833251953,96.8813705444336,97.01546478271484,97.86725616455078,99.84988403320312,99.60923767089844,98.73196411132812,98.61541748046875,99.40824890136719,96.51942443847656,98.32598876953125,99.40824890136719,97.62171936035156,100.31948852539062,96.6281509399414,98.18350219726562,99.40824890136719,99.72462463378906,97.16481018066406,96.69022369384766,95.35198211669922,92.39588928222656,88.29496002197266,87.09764862060547,84.64632415771484,82.46211242675781,79.4040298461914,77.6208724975586,76.40026092529297,72.80110168457031,72.53275299072266,69.92138671875,68.00735473632812,66.40782928466797,64.51356506347656,62.96824645996094,62.2414665222168,58.5918083190918,58.18075180053711,56.93856430053711,55.75840759277344,52.430908203125,51.855567932128906,50.91168975830078
0,-35,-95,11,35,98.73196411132812,98.18350219726562,100.17984008789062,100.24469757080078,100.0199966430664,97.02061462402344,99.00505065917969,98.0051040649414,102.0,100.12492370605469,103.12128448486328,102.17631530761719,105.1712875366211,103.31021118164062,102.31324768066406,105.80170440673828,104.93807983398438,100.7174301147461,104.93807983398438,103.81714630126953,100.7174301147461,106.79419708251953,103.31021118164062,101.43470764160156,104.8093490600586,103.5857162475586,102.31324768066406,100.17984008789062,97.18538665771484,96.25486755371094,94.00531768798828,93.0,90.022216796875,87.02298736572266,85.05292510986328,80.0,80.0062484741211,76.02631378173828,75.05997467041016,72.11102294921875,74.1687240600586,69.2603759765625,69.2603759765625,65.76473236083984,66.0984115600586,62.169124603271484,61.84658432006836,59.90826416015625,59.203041076660156,56.64803695678711,54.5618896484375,52.77309799194336
0,-35,-95,11,32,93.86160278320312,90.47099304199219,92.96235656738281,96.69022369384766,92.76313781738281,94.5409927368164,92.57429504394531,94.8946762084961,92.9139404296875,93.53608703613281,93.53608703613281,94.2602767944336,95.08417510986328,95.08417510986328,97.18538665771484,96.04686737060547,97.02061462402344,94.04785919189453,98.0,96.00521087646484,96.02082824707031,96.04686737060547,93.02149963378906,97.02061462402344,99.04544067382812,96.02082824707031,98.12747192382812,95.13148498535156,91.3509750366211,89.45389556884766,86.70063781738281,84.59314727783203,83.86298370361328,80.23091888427734,77.10382843017578,76.94153594970703,75.95393371582031,72.36711883544922,68.24954223632812,69.42621612548828,67.6830825805664,66.48307800292969,64.76110076904297,61.6846809387207,59.13543701171875,58.30952072143555,57.384666442871094,54.625999450683594,54.120235443115234,54.120235443115234,49.648765563964844,49.81967544555664
0,-35,-95,10,37,95.00526428222656,100.04499053955078,96.25486755371094,101.2422866821289,96.33275604248047,97.41663360595703,95.52486419677734,95.75489807128906,96.87621307373047,92.39588928222656,98.84330749511719,99.68952178955078,98.48857879638672,98.95453643798828,101.13851928710938,97.26766967773438,101.92153930664062,94.64142608642578,102.78618621826172,99.72462463378906,100.42410278320312,100.0,91.48223876953125,99.92997741699219,99.04039764404297,100.0,99.72462463378906,94.83142852783203,98.48857879638672,88.0738296508789,92.41753387451172,87.29833984375,85.84288024902344,82.20097351074219,80.7527084350586,74.96665954589844,76.79192352294922,73.55270385742188,73.68174743652344,72.56031799316406,67.47592163085938,69.35416412353516,64.19501495361328,65.19202423095703,61.0,57.03507614135742,57.07889175415039,58.13776779174805,55.3263053894043,52.77309799194336,50.990196228027344,49.648765563964844
0,-35,-95,10,37,94.33981323242188,96.25486755371094,95.69221496582031,96.60745239257812,97.20082092285156,94.62557983398438,96.04686737060547,96.04686737060547,96.54014587402344,93.50936126708984,97.74456787109375,96.17691802978516,97.58073425292969,97.58073425292969,97.58073425292969,101.17806243896484,99.82484436035156,97.59098052978516,97.83660125732422,98.49365234375,99.15644073486328,98.59513092041016,97.74456787109375,98.49365234375,99.15644073486328,99.82484436035156,98.35140991210938,94.75231170654297,94.75231170654297,91.21951293945312,86.97700500488281,89.10667419433594,87.04596710205078,83.54639434814453,78.74642944335938,78.64476776123047,76.83749389648438,73.0,71.70076751708984,70.29224395751953,67.47592163085938,68.60028839111328,67.42403411865234,62.20128631591797,60.80295944213867,57.45433044433594,58.30952072143555,56.4358024597168,55.90169906616211,52.92447280883789,53.141319274902344,47.53945541381836
0,-35,-95,11,33,93.52005004882812,93.94147491455078,93.02149963378906,94.3716049194336,93.4772720336914,93.02149963378906,93.94147491455078,91.78779602050781,92.78469848632812,92.6498794555664,97.34988403320312,97.6524429321289,94.62557983398438,98.60020446777344,96.60745239257812,96.60745239257812,97.6166000366211,93.81364440917969,97.45255279541016,96.40020751953125,95.21029663085938,96.21330261230469,94.40338897705078,96.67471313476562,99.20181274414062,97.20082092285156,98.73702239990234,92.9139404296875,94.03190612792969,88.5098876953125,88.6848373413086,85.47514343261719,84.2199478149414,78.77182006835938,76.94153594970703,76.15773010253906,72.00694274902344,70.21395874023438,69.7782211303711,69.7782211303711,67.11929321289062,65.39112854003906,65.0,61.46543884277344,61.6846809387207,56.32051086425781,57.9741325378418,55.10898208618164,50.990196228027344,52.345008850097656,49.25444030761719,47.01063537597656
0,-35,-95,10,37,95.34149169921875,93.74433135986328,98.15293884277344,95.90099334716797,98.0051040649414,94.8946762084961,96.87621307373047,95.88534545898438,98.61541748046875,97.32933807373047,98.18350219726562,101.0197982788086,98.0204086303711,99.00505065917969,99.00505065917969,101.00495147705078,99.08077239990234,100.0199966430664,98.04590606689453,99.08077239990234,99.02020263671875,101.00495147705078,98.0051040649414,101.17806243896484,101.00495147705078,99.0,98.0051040649414,96.04686737060547,95.08417510986328,95.18928527832031,88.27796936035156,90.55384826660156,85.47514343261719,83.48652648925781,80.8949966430664,78.77182006835938,76.65507507324219,72.83543395996094,73.68174743652344,67.74215698242188,71.19690704345703,66.4906005859375,67.26811981201172,64.03124237060547,62.64183807373047,59.13543701171875,59.80802536010742,56.46237564086914,55.94640350341797,52.32590103149414,50.2493782043457,49.40647888183594
0,-35,-95,10,38,93.30059051513672,97.41663360595703,95.81753540039062,100.90093994140625,93.6375961303711,96.5660400390625,94.70480346679688,94.70480346679688,97.16995239257812,92.57429504394531,97.94386291503906,97.06183624267578,100.64790344238281,98.1121826171875,102.08329772949219,99.4786376953125,102.39628601074219,93.64827728271484,101.87246704101562,100.4987564086914,98.61541748046875,101.0197982788086,95.38343811035156,96.79875946044922,98.61541748046875,100.84642028808594,99.84988403320312,96.17691802978516,96.64884948730469,89.47066497802734,89.0,86.33075714111328,83.38465118408203,83.38465118408203,81.54139709472656,76.69419860839844,74.84651184082031,71.51223754882812,71.51223754882812,73.16419982910156,68.00735473632812,68.94925689697266,65.14598846435547,65.52098846435547,62.817195892333984,57.706153869628906,57.87054443359375,56.4358024597168,52.46903991699219,53.15073013305664,52.0,47.16990661621094
0,-35,-95,11,34,99.82484436035156,99.35794067382812,100.89598846435547,99.35794067382812,101.212646484375,96.60745239257812,103.00485229492188,99.04544067382812,100.68763732910156,99.5690689086914,103.77379608154297,103.5857162475586,103.44564056396484,102.956298828125,99.12618255615234,103.31021118164062,102.42070007324219,103.353759765625,103.7545166015625,102.41581726074219,102.42070007324219,101.07917785644531,99.7296371459961,104.65180206298828,101.98039245605469,101.96568298339844,99.76472473144531,101.71037292480469,94.5145492553711,95.52486419677734,91.92388153076172,92.96235656738281,88.7524642944336,84.59905242919922,82.09750366210938,82.37718200683594,80.15609741210938,76.6093978881836,74.06078338623047,73.00685119628906,72.80110168457031,69.02897644042969,70.43436431884766,65.29930877685547,62.96824645996094,60.81118392944336,60.8276252746582,59.46427536010742,56.40035629272461,55.0,51.865211486816406,50.6063232421875
0,-35,-95,11,34,94.57801055908203,96.4624252319336,97.80081939697266,98.08159637451172,97.52947998046875,97.41663360595703,100.42410278320312,97.26766967773438,96.7729263305664,95.7078857421875,99.63935089111328,100.28459167480469,102.1077880859375,100.84146118164062,101.96568298339844,101.59724426269531,100.84146118164062,99.98500061035156,101.40019989013672,101.83319854736328,99.98500061035156,100.9752426147461,99.60923767089844,103.3924560546875,104.58011627197266,100.9752426147461,100.28459167480469,100.0199966430664,95.90099334716797,94.72592163085938,91.67878723144531,89.9888916015625,88.60022735595703,83.93450164794922,81.27114868164062,79.12016296386719,77.88452911376953,76.5375747680664,72.80110168457031,70.51950073242188,69.6419448852539,69.6419448852539,67.779052734375,65.30696868896484,62.60990524291992,60.41522979736328,59.16925048828125,58.52349853515625,56.859474182128906,54.20331954956055,53.15073013305664,50.93132781982422
0,-35,-95,11,33,94.5568618774414,99.04039764404297,96.3016128540039,99.72462463378906,96.7729263305664,94.83142852783203,96.10411071777344,95.35198211669922,96.33794403076172,98.0051040649414,99.29753112792969,98.99494934082031,98.73196411132812,99.50376892089844,98.50888061523438,99.40824890136719,100.17984008789062,99.2471694946289,99.08077239990234,101.12368774414062,97.18538665771484,101.12368774414062,98.41239929199219,100.04499053955078,100.31948852539062,100.24469757080078,98.41239929199219,95.88534545898438,96.87621307373047,92.77930450439453,90.93404388427734,88.95504760742188,87.4757080078125,83.02409362792969,79.42921447753906,77.1297607421875,76.40026092529297,75.43209075927734,74.72616577148438,69.37578582763672,65.802734375,68.680419921875,68.00735473632812,65.14598846435547,62.032249450683594,60.539241790771484,58.694122314453125,58.13776779174805,51.0,53.5350341796875,50.80354309082031,48.27007293701172
0,-35,-95,10,37,94.33981323242188,95.18928527832031,94.9210205078125,97.08243560791016,91.76055908203125,95.33625030517578,95.07891082763672,94.11163330078125,94.11163330078125,98.48857879638672,97.29337310791016,97.86214447021484,97.08243560791016,96.87621307373047,96.33794403076172,99.98500061035156,97.86725616455078,96.02603912353516,96.7470932006836,98.0051040649414,96.17691802978516,98.15293884277344,97.32420349121094,99.72462463378906,99.14131164550781,98.99494934082031,98.06120300292969,95.90099334716797,92.96235656738281,90.70832061767578,87.36132049560547,86.40023040771484,85.4400405883789,82.56512451171875,77.79460144042969,78.74642944335938,76.5375747680664,71.16881561279297,71.16881561279297,67.779052734375,67.41661834716797,65.92420196533203,65.39112854003906,63.56099319458008,63.50590515136719,57.80138397216797,57.45433044433594,56.30275344848633,56.40035629272461,53.037723541259766,51.7397346496582,46.010868072509766
0,-35,-95,10,38,99.04544067382812,98.23441314697266,98.08159637451172,100.42410278320312,100.12492370605469,99.48869323730469,100.12492370605469,98.49365234375,99.2471694946289,97.59098052978516,98.99494934082031,101.83319854736328,101.13851928710938,102.59142303466797,101.86265563964844,105.47511291503906,102.64988708496094,103.3924560546875,103.5857162475586,104.06248474121094,102.55242919921875,101.86265563964844,101.17806243896484,103.4794692993164,101.91172790527344,103.27632904052734,101.86265563964844,101.91172790527344,94.84724426269531,95.58765411376953,92.31468200683594,92.31468200683594,87.61849212646484,85.0,82.80096435546875,78.60025787353516,77.801025390625,76.6093978881836,75.7165756225586,74.06078338623047,71.28113555908203,68.79679870605469,68.09552001953125,65.3681869506836,65.76473236083984,62.169124603271484,60.41522979736328,60.406951904296875,56.920997619628906,56.04462432861328,53.15073013305664,53.46026611328125
0,-35,-95,11,34,101.83319854736328,99.50376892089844,100.17984008789062,99.18164825439453,101.07917785644531,95.13148498535156,99.00505065917969,98.0,99.02020263671875,99.04544067382812,101.0197982788086,101.31633758544922,101.17806243896484,104.47966003417969,102.48902130126953,103.5857162475586,101.96568298339844,99.60923767089844,98.31072998046875,100.44898986816406,99.84988403320312,102.42070007324219,101.83319854736328,103.24727630615234,101.83319854736328,102.1077880859375,101.96568298339844,100.84146118164062,94.42987060546875,94.42987060546875,92.0869140625,90.19977569580078,86.09297180175781,86.20904541015625,85.0058822631836,81.02468872070312,79.05693817138672,74.0,75.00666809082031,71.00704193115234,71.00704193115234,68.06614685058594,69.1158447265625,65.12296295166016,64.19501495361328,59.6824951171875,59.6824951171875,58.051700592041016,56.75385284423828,53.16013717651367,53.48831558227539,49.76947021484375
0,-35,-95,10,37,101.31633758544922,97.73944854736328,100.80674743652344,100.28459167480469,99.82484436035156,98.27003479003906,100.22474670410156,100.89598846435547,100.43903350830078,101.6513671875,102.61579132080078,101.53324890136719,100.24469757080078,102.45974731445312,100.6578369140625,103.81714630126953,102.88343048095703,100.6578369140625,101.76934814453125,103.07764434814453,101.39033508300781,105.7024154663086,101.59232330322266,104.3886947631836,102.31813049316406,106.04244232177734,101.59232330322266,101.95096588134766,98.68130493164062,95.5196304321289,91.0933609008789,89.4930191040039,88.8875732421875,86.40023040771484,84.20214080810547,81.60882568359375,81.32035064697266,77.6208724975586,74.73285675048828,75.50496673583984,70.61161041259766,69.42621612548828,69.63475799560547,68.06614685058594,64.62971496582031,61.400325775146484,60.20797348022461,61.13100814819336,59.03388977050781,58.03447341918945,55.226806640625,51.788028717041016
0,-35,-95,11,34,97.94386291503906,98.41239929199219,99.4786376953125,98.1121826171875,98.61541748046875,96.04165649414062,101.0197982788086,97.6370849609375,97.6370849609375,98.81295776367188,101.40019989013672,100.20977783203125,101.212646484375,102.94173431396484,101.212646484375,104.23531341552734,97.83660125732422,98.85848236083984,101.23734283447266,102.17631530761719,100.2646484375,101.31633758544922,99.48869323730469,103.3247299194336,101.41498565673828,101.04454803466797,101.67103576660156,99.02020263671875,95.0,95.8018798828125,92.9139404296875,90.44335174560547,90.97252655029297,85.75546264648438,82.49242401123047,81.54139709472656,77.93586730957031,74.94664764404297,74.94664764404297,72.20111083984375,72.20111083984375,68.88395690917969,68.87670135498047,63.071388244628906,61.741397857666016,61.32699203491211,59.13543701171875,57.87054443359375,55.785301208496094,54.5710563659668,51.35172653198242,50.2493782043457
0,-35,-95,11,34,92.11405944824219,92.11405944824219,95.2575454711914,91.78779602050781,93.02149963378906,92.57429504394531,90.37699127197266,93.52005004882812,93.62158203125,95.4620361328125,92.8493423461914,94.9210205078125,95.18928527832031,97.08243560791016,93.30059051513672,97.41663360595703,95.60334777832031,96.16651916503906,93.68030548095703,96.5660400390625,95.88013458251953,94.64142608642578,93.60555267333984,96.84007263183594,97.1236343383789,93.96276092529297,95.81753540039062,95.5196304321289,91.4166259765625,88.60022735595703,84.69356536865234,84.69356536865234,85.23497009277344,77.87811279296875,76.55716705322266,75.1531753540039,73.82411193847656,72.44998168945312,69.31810760498047,67.5425796508789,66.64833068847656,64.0078125,64.0078125,61.91122817993164,61.057350158691406,58.52349853515625,57.00876998901367,56.7274169921875,54.451812744140625,50.2493782043457,49.57822036743164,49.40647888183594
0,-35,-95,10,37,95.88013458251953,95.52486419677734,95.69221496582031,97.90811920166016,97.6524429321289,93.23089599609375,95.8018798828125,95.8018798828125,94.81033325195312,97.94896697998047,99.63935089111328,97.74456787109375,98.41239929199219,97.74456787109375,95.52486419677734,99.08582305908203,97.59098052978516,97.67292022705078,98.2903823852539,101.82337951660156,95.48298645019531,96.8968505859375,96.87621307373047,101.13851928710938,101.91172790527344,99.76472473144531,97.83660125732422,96.42613983154297,93.86160278320312,93.7229995727539,89.49860382080078,90.0,86.60831451416016,83.00602722167969,80.70935821533203,78.81623840332031,76.5506362915039,73.49829864501953,70.1783447265625,68.26419067382812,68.79679870605469,66.5732650756836,67.23094177246094,65.3681869506836,62.60990524291992,57.27128601074219,60.539241790771484,55.154327392578125,51.92301940917969,52.17279052734375,50.80354309082031,49.36598205566406
0,-35,-95,11,34,92.11405944824219,91.80958557128906,93.74433135986328,92.9139404296875,91.8368148803711,89.87213134765625,91.0494384765625,94.02127075195312,92.31468200683594,90.78546142578125,94.84724426269531,92.6336898803711,95.48298645019531,94.75231170654297,96.17691802978516,96.26006317138672,94.11163330078125,92.6336898803711,95.58765411376953,93.38094329833984,96.17691802978516,96.26006317138672,91.9673843383789,95.7757797241211,94.84724426269531,95.48298645019531,97.58073425292969,91.92388153076172,91.21951293945312,88.39117431640625,85.70297241210938,82.8070068359375,82.2192153930664,80.80841827392578,77.23341369628906,76.48529052734375,71.58910369873047,69.65629577636719,70.1783447265625,67.00746154785156,66.61080932617188,64.81512451171875,66.40029907226562,59.90826416015625,60.539241790771484,56.4358024597168,55.009090423583984,56.35601043701172,54.230987548828125,52.201534271240234,47.434165954589844,46.3249397277832
0,-35,-95,10,38,98.99494934082031,100.40418243408203,99.2471694946289,102.17631530761719,97.08243560791016,103.07764434814453,97.00515747070312,100.0199966430664,99.02020263671875,97.18538665771484,102.07839965820312,103.23758697509766,103.17460632324219,102.48902130126953,104.30723571777344,100.9752426147461,105.07616424560547,100.4987564086914,101.60708618164062,104.56098937988281,100.44898986816406,104.39348602294922,98.99494934082031,105.54619598388672,103.57605743408203,104.23531341552734,103.4069595336914,98.99494934082031,101.59724426269531,93.64827728271484,93.26306915283203,90.27181243896484,89.20201873779297,83.2946548461914,85.09406280517578,78.23043060302734,81.09870910644531,77.0064926147461,74.00675964355469,74.02702331542969,69.00724792480469,70.028564453125,67.02984619140625,66.06814575195312,64.07027435302734,61.29437255859375,59.41380310058594,58.694122314453125,57.87054443359375,54.81787872314453,54.708316802978516,50.695167541503906
0,-35,-95,11,34,98.0866928100586,95.63471984863281,96.4624252319336,97.49871826171875,97.40636444091797,95.5196304321289,96.13532257080078,96.76776123046875,98.76234436035156,97.74456787109375,97.52947998046875,101.13851928710938,100.0199966430664,100.0199966430664,98.65596771240234,102.25947570800781,99.14131164550781,98.65596771240234,98.99494934082031,99.29753112792969,99.29753112792969,101.96568298339844,98.99494934082031,101.27191162109375,101.43470764160156,102.25947570800781,98.47842407226562,99.2471694946289,96.31718444824219,93.39164733886719,89.84430694580078,89.49860382080078,85.72631072998047,82.861328125,81.90848541259766,80.08120727539062,79.37883758544922,73.38937377929688,72.44998168945312,71.7844009399414,70.83784484863281,66.73080444335938,68.15423583984375,64.47480010986328,63.071388244628906,60.373836517333984,58.66856002807617,57.982757568359375,55.217750549316406,52.201534271240234,51.7397346496582,47.381431579589844
0,-35,-95,10,37,97.74456787109375,94.17536926269531,98.85848236083984,96.54014587402344,96.67471313476562,94.02127075195312,96.21330261230469,96.02082824707031,98.47334289550781,94.87360382080078,97.09788513183594,98.1121826171875,98.1121826171875,98.48857879638672,99.4786376953125,97.06183624267578,98.41239929199219,97.52947998046875,98.38699340820312,97.06183624267578,96.64884948730469,98.83824920654297,96.64884948730469,97.50897216796875,98.38699340820312,98.0051040649414,97.1287841796875,95.18928527832031,94.66783905029297,92.43917083740234,89.58794403076172,88.7524642944336,85.44589233398438,80.80223083496094,82.00609588623047,74.40430450439453,74.40430450439453,74.02702331542969,71.84010314941406,71.02816009521484,68.4105224609375,68.11754608154297,65.29930877685547,63.03173828125,60.10823440551758,58.694122314453125,59.41380310058594,56.85068130493164,55.60575485229492,54.08327102661133,52.15361785888672,50.990196228027344
0,-35,-95,11,34,94.5145492553711,97.1287841796875,95.7131118774414,96.17691802978516,95.2732925415039,96.60745239257812,95.7078857421875,96.25486755371094,98.89894104003906,95.63471984863281,98.68130493164062,98.67117309570312,97.71898651123047,98.37174224853516,98.03060913085938,98.97979736328125,100.42410278320312,96.84007263183594,99.04039764404297,98.03060913085938,98.03060913085938,98.67117309570312,95.50916290283203,98.76234436035156,101.2422866821289,98.37174224853516,98.08159637451172,97.73944854736328,93.40770721435547,91.54779815673828,88.23831176757812,87.23531341552734,85.86617279052734,82.73451232910156,79.17701721191406,76.92203521728516,75.59100341796875,72.4706802368164,71.11258697509766,70.71067810058594,68.79679870605469,66.8879623413086,65.51335906982422,62.68173599243164,62.00806427001953,59.54829788208008,57.384666442871094,58.694122314453125,55.154327392578125,53.75872039794922,51.400390625,48.25971221923828
0,-35,-95,11,34,95.85405731201172,97.98979187011719,99.80982208251953,98.41239929199219,99.74467468261719,95.7131118774414,97.94896697998047,94.5145492553711,100.34440612792969,100.16985321044922,99.64437103271484,100.12492370605469,101.78899383544922,101.25709533691406,97.90811920166016,102.00489807128906,98.81295776367188,98.47334289550781,100.60317993164062,103.6001968383789,99.04544067382812,103.00485229492188,96.83490753173828,102.80078125,101.25709533691406,99.86490631103516,98.18350219726562,96.25486755371094,95.71833801269531,94.66783905029297,90.91754150390625,89.94442749023438,89.06739044189453,84.53401947021484,84.53401947021484,79.17701721191406,76.92203521728516,72.91776275634766,73.82411193847656,70.26378631591797,71.30918884277344,67.06713104248047,68.94925689697266,65.45991516113281,61.35144805908203,63.324562072753906,57.070133209228516,58.051700592041016,55.44366455078125,55.3263053894043,52.009613037109375,49.09175109863281
0,-35,-95,10,37,97.71898651123047,96.4624252319336,97.98469543457031,95.60334777832031,96.7729263305664,96.7729263305664,97.51409912109375,93.94147491455078,96.10411071777344,96.33794403076172,98.0051040649414,97.86725616455078,97.73944854736328,97.73944854736328,96.51942443847656,101.40019989013672,97.32933807373047,99.40824890136719,99.32270812988281,99.2471694946289,99.60923767089844,100.31948852539062,99.60923767089844,101.12368774414062,100.24469757080078,98.50888061523438,96.6281509399414,97.62171936035156,92.9139404296875,94.20191192626953,88.45903015136719,86.12200927734375,83.19855499267578,82.0,81.04319763183594,78.33900451660156,77.36924743652344,74.21590423583984,71.56814575195312,68.680419921875,70.21395874023438,68.3081283569336,65.14598846435547,62.96824645996094,63.324562072753906,59.50630187988281,56.79788589477539,54.58937454223633,56.4358024597168,52.15361785888672,48.82622146606445,48.166378021240234
0,-35,-95,10,37,93.91485595703125,93.02149963378906,95.88013458251953,94.5145492553711,95.52486419677734,91.58602142333984,97.09788513183594,92.6498794555664,95.69221496582031,96.60745239257812,95.44107818603516,97.00515747070312,97.6166000366211,96.82975006103516,98.23441314697266,97.74456787109375,94.84724426269531,97.30878448486328,100.4987564086914,97.67292022705078,95.7757797241211,97.74456787109375,97.30878448486328,98.41239929199219,97.18538665771484,96.42613983154297,96.82975006103516,96.04686737060547,92.61749267578125,92.80086517333984,87.20092010498047,85.21150207519531,84.87638092041016,80.15609741210938,79.32212829589844,77.93586730957031,76.32168579101562,73.24616241455078,69.6419448852539,69.1158447265625,67.23094177246094,65.86349487304688,66.64833068847656,61.717098236083984,62.60990524291992,56.46237564086914,58.52349853515625,57.245086669921875,56.04462432861328,55.10898208618164,52.46903991699219,48.093658447265625
0,-35,-95,11,33,92.09777069091797,92.09777069091797,93.33809661865234,97.58073425292969,93.34880828857422,93.34880828857422,91.9673843383789,92.19544219970703,91.54779815673828,94.64142608642578,93.86160278320312,96.40020751953125,96.51942443847656,97.08243560791016,95.44107818603516,95.69221496582031,96.5660400390625,93.19334411621094,96.8968505859375,97.94386291503906,95.69221496582031,96.5660400390625,94.87360382080078,97.6166000366211,97.41663360595703,98.18350219726562,95.41488647460938,94.86833190917969,94.62557983398438,89.62700653076172,87.20092010498047,84.81155395507812,84.0238037109375,78.8733139038086,77.33692169189453,74.65252685546875,74.5184555053711,70.03570556640625,69.42621612548828,68.01470184326172,67.26811981201172,65.11528015136719,65.76473236083984,61.52235412597656,62.2414665222168,56.7274169921875,57.48912811279297,55.60575485229492,52.430908203125,49.92995071411133,51.429561614990234,48.84669876098633
0,-35,-95,10,38,98.18350219726562,97.25225067138672,99.98500061035156,99.50376892089844,99.84988403320312,95.03683471679688,96.69022369384766,99.2471694946289,96.31718444824219,96.54014587402344,97.74456787109375,98.23441314697266,102.2007827758789,102.2007827758789,101.53324890136719,103.12128448486328,97.40636444091797,98.68130493164062,99.95999145507812,99.02020263671875,102.78618621826172,100.08995819091797,100.24469757080078,101.39033508300781,100.30453491210938,102.45974731445312,100.90093994140625,98.37174224853516,95.50916290283203,95.81753540039062,90.70832061767578,88.76936340332031,87.55569458007812,84.40379333496094,80.04998779296875,80.80841827392578,77.87811279296875,74.52516174316406,74.73285675048828,70.61161041259766,69.23149871826172,65.6201171875,68.88395690917969,63.3876953125,64.19501495361328,62.07253646850586,61.00819778442383,58.00862121582031,57.21887969970703,54.147945404052734,52.345008850097656,51.195701599121094
0,-35,-95,10,38,97.08243560791016,99.2471694946289,97.51409912109375,103.31021118164062,98.50888061523438,100.60317993164062,99.50376892089844,100.9752426147461,95.18928527832031,96.8813705444336,102.18121337890625,101.13851928710938,103.07764434814453,100.16985321044922,104.04806518554688,102.61579132080078,104.12012481689453,98.23441314697266,103.44564056396484,103.16007232666016,101.6513671875,100.42410278320312,102.35721588134766,103.4069595336914,103.44564056396484,103.84603881835938,100.66280364990234,99.04039764404297,101.60708618164062,93.74433135986328,94.3663101196289,89.94442749023438,90.66973114013672,83.48652648925781,82.2192153930664,78.51751708984375,80.39900207519531,74.4311752319336,76.2364730834961,74.24284362792969,68.11754608154297,70.028564453125,68.0,69.02897644042969,65.12296295166016,61.29437255859375,61.400325775146484,61.400325775146484,56.08921432495117,56.75385284423828,52.88667297363281,53.141319274902344
0,-35,-95,11,34,94.62557983398438,96.26006317138672,97.09788513183594,98.18350219726562,92.78469848632812,96.25486755371094,95.52486419677734,93.53608703613281,96.17691802978516,94.81033325195312,97.04637908935547,97.57561492919922,98.48857879638672,98.61541748046875,98.48857879638672,99.16148376464844,96.79875946044922,96.5660400390625,99.02020263671875,97.14422607421875,97.30878448486328,99.36800384521484,94.33981323242188,99.36800384521484,99.5389404296875,99.16148376464844,97.57561492919922,95.75489807128906,96.17691802978516,90.8019790649414,88.1192398071289,88.1929702758789,84.59905242919922,80.62257385253906,78.39005279541016,77.89736938476562,77.02597045898438,73.06161499023438,71.34423828125,69.6419448852539,67.95587158203125,67.95587158203125,66.61080932617188,65.0,61.073726654052734,58.13776779174805,55.90169906616211,57.982757568359375,55.226806640625,53.26349639892578,50.6063232421875,48.54894256591797
0,-35,-95,10,37,94.5938720703125,96.54014587402344,94.3663101196289,98.31072998046875,95.18928527832031,98.15293884277344,98.61541748046875,95.33625030517578,98.41239929199219,95.2575454711914,99.18164825439453,101.07917785644531,100.00499725341797,101.00495147705078,102.01960754394531,99.0,101.00495147705078,96.00521087646484,102.01960754394531,101.07917785644531,99.08077239990234,101.0197982788086,97.00515747070312,99.2471694946289,100.07997131347656,98.0051040649414,102.00489807128906,97.04637908935547,98.0204086303711,91.13726043701172,92.19544219970703,87.20664978027344,87.28115844726562,82.2982406616211,80.62257385253906,78.31346893310547,77.64663696289062,75.80237579345703,70.85901641845703,70.57620239257812,67.89698028564453,68.06614685058594,65.11528015136719,64.53681182861328,64.56005096435547,60.083274841308594,59.203041076660156,59.236812591552734,54.625999450683594,55.46169662475586,51.4781494140625,51.312767028808594
0,-35,-95,11,34,97.6524429321289,99.4032211303711,99.80982208251953,103.07764434814453,100.6578369140625,98.85848236083984,99.2471694946289,97.08243560791016,100.4987564086914,97.58073425292969,103.94710540771484,101.91172790527344,102.64988708496094,103.4794692993164,101.98039245605469,102.8250961303711,102.17631530761719,100.12492370605469,101.67103576660156,102.17631530761719,100.89598846435547,103.5857162475586,98.49365234375,104.01922607421875,103.07764434814453,101.53324890136719,101.31633758544922,98.49365234375,98.49365234375,94.11163330078125,93.33809661865234,91.92388153076172,89.09545135498047,84.2199478149414,80.65978240966797,82.134033203125,80.62257385253906,77.10382843017578,74.24958038330078,72.91776275634766,70.93659210205078,70.83784484863281,69.02897644042969,64.81512451171875,62.801273345947266,61.587337493896484,60.90156173706055,59.36328887939453,56.82429122924805,56.46237564086914,54.08327102661133,54.81787872314453
0,-35,-95,10,38,94.14881896972656,94.5409927368164,95.88534545898438,95.18928527832031,95.03683471679688,95.35198211669922,95.63471984863281,95.42536163330078,97.41663360595703,95.08417510986328,97.1287841796875,98.0051040649414,100.00499725341797,98.0,100.0,99.04544067382812,100.24469757080078,95.13148498535156,101.12368774414062,101.17806243896484,99.18164825439453,100.17984008789062,94.13288116455078,100.40418243408203,100.24469757080078,100.07997131347656,98.08159637451172,98.0204086303711,94.00531768798828,93.0,90.0888442993164,89.08984375,87.05171203613281,81.05553436279297,82.2192153930664,77.16217041015625,77.23341369628906,73.33484649658203,74.24284362792969,69.2603759765625,68.26419067382812,68.35934448242188,64.38167572021484,63.95310592651367,62.64982223510742,57.070133209228516,57.723480224609375,57.28001403808594,54.08327102661133,54.7813835144043,52.32590103149414,48.02082824707031
0,-35,-95,10,38,97.30878448486328,93.60021209716797,97.08243560791016,95.0,100.43903350830078,94.86833190917969,99.02020263671875,96.5660400390625,97.41663360595703,99.64437103271484,99.98500061035156,98.41239929199219,99.4786376953125,100.17984008789062,95.7131118774414,102.04410552978516,98.89894104003906,100.64790344238281,97.16995239257812,99.80982208251953,99.31767272949219,99.80982208251953,100.64790344238281,101.23734283447266,101.55294036865234,98.89894104003906,97.49359130859375,98.83824920654297,93.4772720336914,96.17691802978516,87.8179931640625,91.26883697509766,85.95928955078125,81.83519744873047,81.3019027709961,80.70935821533203,78.49203491210938,74.63243103027344,72.42237091064453,70.21395874023438,69.63475799560547,66.0302963256836,67.80117797851562,63.411354064941406,63.03173828125,59.46427536010742,58.694122314453125,57.314918518066406,57.384666442871094,53.823787689208984,51.865211486816406,49.73931884765625
0,-35,-95,10,38,96.83490753173828,94.20191192626953,96.54014587402344,93.86160278320312,96.54014587402344,95.58765411376953,96.93812561035156,94.11163330078125,96.2081069946289,96.26006317138672,98.31072998046875,97.74456787109375,99.15644073486328,98.71676635742188,98.08159637451172,101.04454803466797,97.00515747070312,97.00515747070312,97.80081939697266,99.4032211303711,99.48869323730469,100.60317993164062,97.00515747070312,100.43903350830078,99.02020263671875,99.02020263671875,98.71676635742188,97.94896697998047,95.13148498535156,92.8493423461914,85.70297241210938,89.14033508300781,84.8646011352539,81.32035064697266,81.32035064697266,76.3675308227539,77.10382843017578,73.59347534179688,69.35416412353516,70.00714111328125,68.88395690917969,67.35725402832031,67.35725402832031,62.36986541748047,61.400325775146484,58.52349853515625,56.859474182128906,58.30952072143555,55.4707145690918,53.712196350097656,49.24428939819336,49.33558654785156
0,-35,-95,10,38,96.10411071777344,101.20276641845703,95.03683471679688,102.42070007324219,98.15293884277344,101.27191162109375,100.28459167480469,97.62171936035156,100.60317993164062,97.1287841796875,101.12368774414062,102.00489807128906,101.00495147705078,101.00495147705078,104.0,101.00495147705078,104.00480651855469,100.00499725341797,104.07689666748047,102.00489807128906,102.0,102.01960754394531,99.00505065917969,106.23088073730469,104.04325866699219,103.01941680908203,102.04410552978516,99.04544067382812,100.04499053955078,92.00543212890625,93.19334411621094,92.13577270507812,87.3670425415039,85.47514343261719,83.48652648925781,79.4040298461914,79.5110092163086,77.3175277709961,74.5452880859375,74.5452880859375,68.88395690917969,70.71067810058594,68.88395690917969,66.2872543334961,67.91170501708984,60.728904724121094,64.8459701538086,62.032249450683594,56.080299377441406,57.697486877441406,54.20331954956055,53.851646423339844
0,-35,-95,10,38,100.31948852539062,98.50888061523438,100.12991333007812,98.99494934082031,101.96568298339844,99.46356201171875,100.43903350830078,97.51409912109375,100.16985321044922,96.3016128540039,101.13851928710938,102.48902130126953,102.2007827758789,101.83319854736328,101.83319854736328,100.90093994140625,100.30453491210938,98.97979736328125,100.30453491210938,99.80982208251953,101.95096588134766,102.69371795654297,99.36800384521484,104.177734375,104.75209045410156,100.24469757080078,99.29753112792969,98.03060913085938,97.71898651123047,96.16651916503906,92.444580078125,90.8019790649414,89.1852035522461,82.00609588623047,82.71033477783203,81.02468872070312,78.44743347167969,75.50496673583984,72.36711883544922,70.0927963256836,68.59300231933594,69.72087097167969,69.72087097167969,65.37583923339844,62.28964614868164,59.21148681640625,62.032249450683594,58.0,57.07889175415039,55.3263053894043,51.4781494140625,50.21951675415039
0,-35,-95,11,34,95.71833801269531,95.52486419677734,96.17691802978516,97.52947998046875,97.52947998046875,93.53608703613281,96.60745239257812,92.13034057617188,97.16995239257812,98.48857879638672,97.98979187011719,97.69339752197266,99.16148376464844,98.68130493164062,99.16148376464844,98.08159637451172,99.29753112792969,96.4624252319336,98.67117309570312,98.35140991210938,97.73944854736328,98.35140991210938,97.14422607421875,98.67117309570312,100.30453491210938,100.08995819091797,99.16148376464844,97.30878448486328,94.02127075195312,93.52005004882812,89.44271850585938,88.58893585205078,85.42247772216797,84.11896514892578,81.12335968017578,78.39005279541016,76.66159057617188,72.71863555908203,72.20111083984375,70.72481536865234,68.79679870605469,66.2872543334961,67.67569732666016,64.20280456542969,61.400325775146484,58.79625701904297,60.14149856567383,57.28001403808594,55.17245864868164,54.037025451660156,50.80354309082031,50.2493782043457
0,-35,-95,10,37,96.25486755371094,98.18350219726562,96.0,99.02020263671875,96.0,98.0,96.04686737060547,97.1287841796875,96.25486755371094,95.33625030517578,100.40418243408203,97.62171936035156,99.72462463378906,100.9752426147461,99.72462463378906,100.28459167480469,100.62306213378906,97.16481018066406,101.60708618164062,101.98039245605469,98.99494934082031,99.63935089111328,98.65596771240234,101.98039245605469,101.60708618164062,98.99494934082031,97.73944854736328,98.61541748046875,94.19129180908203,92.34716796875,91.19758605957031,90.19977569580078,86.05230712890625,84.0238037109375,80.0062484741211,76.05918884277344,77.02597045898438,74.0,73.0,70.06425476074219,68.02940368652344,69.065185546875,66.18912506103516,64.38167572021484,62.64982223510742,58.54912567138672,62.36986541748047,57.48912811279297,56.920997619628906,54.08327102661133,51.62363815307617,50.990196228027344
0,-35,-95,11,34,91.13726043701172,89.5600357055664,92.6552734375,93.53608703613281,93.4344711303711,92.6552734375,93.38094329833984,91.4111557006836,92.96235656738281,90.8019790649414,94.14881896972656,93.86160278320312,94.64142608642578,95.33625030517578,94.83142852783203,96.84007263183594,94.5568618774414,94.64142608642578,96.13532257080078,95.81753540039062,95.81753540039062,95.81753540039062,94.5568618774414,97.71898651123047,93.96276092529297,95.50916290283203,92.89241027832031,95.34149169921875,89.49860382080078,90.24411010742188,86.68333435058594,86.4927749633789,83.54639434814453,80.0624771118164,76.79192352294922,73.82411193847656,71.44927978515625,71.56814575195312,67.47592163085938,67.47592163085938,67.18630981445312,63.19810104370117,66.06814575195312,62.032249450683594,57.00876998901367,58.07753372192383,58.07753372192383,54.230987548828125,53.46026611328125,51.97114562988281,48.764739990234375,47.75981521606445
0,-35,-95,11,34,97.00515747070312,94.81033325195312,95.58765411376953,97.94896697998047,96.93812561035156,98.2903823852539,96.17691802978516,93.33809661865234,95.52486419677734,94.11163330078125,98.99494934082031,100.4987564086914,99.15644073486328,101.41498565673828,100.89598846435547,98.60020446777344,101.67103576660156,95.42536163330078,100.20977783203125,101.0197982788086,98.60020446777344,100.20977783203125,94.02127075195312,101.0197982788086,100.89598846435547,99.48869323730469,100.12492370605469,97.94896697998047,98.59513092041016,92.09777069091797,91.3509750366211,90.60904693603516,88.41380310058594,83.48652648925781,81.3449478149414,77.79460144042969,76.38062286376953,76.38062286376953,73.66138458251953,70.83784484863281,67.35725402832031,68.88395690917969,66.70832061767578,68.24954223632812,62.801273345947266,60.216278076171875,58.830265045166016,59.16925048828125,55.94640350341797,56.46237564086914,53.48831558227539,51.244510650634766
0,-35,-95,10,37,94.3663101196289,92.19544219970703,98.40731811523438,97.30878448486328,99.20181274414062,94.40338897705078,96.40020751953125,96.60745239257812,96.02082824707031,97.41663360595703,97.09788513183594,97.75479888916016,98.1121826171875,96.7470932006836,95.38343811035156,97.1287841796875,94.8946762084961,97.24710845947266,98.41239929199219,98.83824920654297,97.6166000366211,101.53324890136719,98.88377380371094,100.62306213378906,100.23971557617188,95.29428100585938,98.27003479003906,94.66783905029297,91.58602142333984,92.6498794555664,88.48163604736328,86.60831451416016,85.21150207519531,80.80223083496094,79.4040298461914,77.20103454589844,78.00640869140625,72.62230682373047,74.02702331542969,68.11754608154297,70.29224395751953,66.52819061279297,67.26811981201172,63.639610290527344,63.639610290527344,58.2580451965332,58.898216247558594,56.85068130493164,56.035701751708984,56.30275344848633,52.35456085205078,48.84669876098633
0,-35,-95,11,33,93.1504135131836,94.02127075195312,98.18350219726562,96.5660400390625,97.34988403320312,95.44107818603516,95.8018798828125,95.21029663085938,96.40020751953125,94.81033325195312,95.60334777832031,97.30878448486328,101.41498565673828,100.76705932617188,98.59513092041016,100.5683822631836,99.15644073486328,96.42613983154297,96.8968505859375,100.44898986816406,98.41239929199219,97.74456787109375,97.08243560791016,101.91172790527344,99.2471694946289,100.00499725341797,98.85848236083984,96.04686737060547,95.60334777832031,94.40338897705078,86.60831451416016,89.62700653076172,86.53323364257812,80.70935821533203,79.61155700683594,79.88116455078125,75.29276275634766,72.20111083984375,72.56031799316406,70.71067810058594,65.76473236083984,68.0,65.7419204711914,64.40496826171875,61.84658432006836,60.539241790771484,58.52349853515625,59.203041076660156,55.785301208496094,53.15073013305664,54.451812744140625,51.088157653808594
0,-35,-95,10,38,96.54014587402344,89.20201873779297,96.26006317138672,96.02082824707031,99.5690689086914,92.0869140625,95.52486419677734,95.52486419677734,98.61541748046875,100.7223892211914,98.88377380371094,99.29753112792969,101.51847076416016,98.89894104003906,95.75489807128906,101.76934814453125,94.5409927368164,100.84642028808594,99.02020263671875,101.0197982788086,99.92497253417969,99.36800384521484,101.23734283447266,101.0197982788086,101.76934814453125,96.5660400390625,96.3846435546875,99.4032211303711,94.02127075195312,94.84724426269531,88.10221099853516,89.44271850585938,87.66413116455078,83.18653869628906,81.00617218017578,81.00617218017578,77.02597045898438,75.29276275634766,70.23532104492188,67.60177612304688,72.06941223144531,66.24198150634766,69.6419448852539,61.91122817993164,64.637451171875,62.20128631591797,58.898216247558594,58.2580451965332,58.728187561035156,55.17245864868164,52.49761962890625,47.434165954589844
0,-35,-95,10,37,96.2081069946289,93.30059051513672,97.41663360595703,98.08159637451172,95.50916290283203,95.21029663085938,95.60334777832031,95.33625030517578,95.8018798828125,96.8813705444336,97.32420349121094,98.65596771240234,97.01546478271484,96.87621307373047,97.01546478271484,98.73196411132812,98.41239929199219,97.41663360595703,99.40824890136719,99.32270812988281,97.86725616455078,97.32933807373047,97.41663360595703,99.2471694946289,102.48902130126953,95.63471984863281,97.73944854736328,95.63471984863281,95.75489807128906,92.9139404296875,89.10667419433594,84.17243957519531,85.5102310180664,81.39410400390625,78.64476776123047,77.46611785888672,76.68767547607422,71.58910369873047,71.58910369873047,69.85699462890625,66.94026947021484,65.96968841552734,65.0,63.24555206298828,61.6846809387207,59.61543273925781,56.859474182128906,58.694122314453125,56.4358024597168,52.47856521606445,53.25410842895508,49.40647888183594
0,-35,-95,10,37,94.62557983398438,91.60785675048828,96.04686737060547,95.90099334716797,92.8493423461914,92.19544219970703,92.02173614501953,95.67131042480469,94.17536926269531,94.04785919189453,97.58073425292969,96.17691802978516,97.59098052978516,97.74456787109375,97.0,99.48869323730469,95.90099334716797,96.42613983154297,95.2680435180664,97.30878448486328,95.67131042480469,97.30878448486328,95.7757797241211,99.63935089111328,97.18538665771484,97.18538665771484,97.0,94.79451751708984,91.21951293945312,90.55384826660156,86.31338500976562,86.97700500488281,83.63013458251953,79.39773559570312,79.24645233154297,76.48529052734375,75.82215881347656,71.58910369873047,68.7677230834961,68.11754608154297,66.70832061767578,64.66065216064453,64.66065216064453,60.80295944213867,59.07622146606445,57.80138397216797,57.30619430541992,58.5918083190918,53.712196350097656,52.0,50.28916549682617,46.840152740478516
0,-35,-95,10,38,96.3846435546875,96.5660400390625,97.94896697998047,100.64790344238281,98.38699340820312,97.49359130859375,96.25486755371094,97.57561492919922,97.30878448486328,97.49871826171875,99.36800384521484,101.2422866821289,102.45974731445312,101.53324890136719,101.83319854736328,103.44564056396484,100.68763732910156,96.16651916503906,102.35721588134766,101.13851928710938,99.32774353027344,100.42410278320312,100.96038818359375,102.1077880859375,101.53324890136719,103.44564056396484,101.83319854736328,97.08243560791016,97.40636444091797,94.2443618774414,91.18113708496094,90.13877868652344,86.92525482177734,83.77350616455078,81.54139709472656,81.1541748046875,77.47257232666016,74.24958038330078,73.40980529785156,70.68238830566406,70.68238830566406,66.18912506103516,68.88395690917969,63.28506851196289,62.265560150146484,61.057350158691406,59.64059066772461,57.00876998901367,58.2580451965332,55.17245864868164,53.75872039794922,50.447994232177734
0,-35,-95,11,34,100.9752426147461,99.50376892089844,100.40418243408203,101.2422866821289,101.2422866821289,99.32270812988281,100.0199966430664,99.0,101.07917785644531,100.0,102.0,102.17631530761719,103.07764434814453,103.17460632324219,100.24469757080078,105.1712875366211,101.2422866821289,104.23531341552734,102.48902130126953,102.48902130126953,102.31324768066406,103.48429870605469,104.30723571777344,103.48429870605469,102.23991394042969,102.12247467041016,101.07917785644531,101.07917785644531,97.02061462402344,98.0051040649414,91.0054931640625,91.02197265625,89.14033508300781,86.14522552490234,83.15046691894531,83.15046691894531,80.22468566894531,76.32168579101562,76.41989135742188,71.44927978515625,70.85901641845703,71.84706115722656,71.19690704345703,64.76110076904297,65.51335906982422,63.324562072753906,61.13100814819336,59.46427536010742,57.93962478637695,58.13776779174805,53.851646423339844,53.25410842895508
0,-35,-95,10,37,95.38343811035156,96.25486755371094,94.33981323242188,99.85990142822266,97.6524429321289,96.83490753173828,96.02082824707031,96.40020751953125,96.60745239257812,96.54014587402344,98.23441314697266,99.35794067382812,98.49365234375,99.72462463378906,101.31633758544922,100.6578369140625,100.44898986816406,95.48298645019531,98.2903823852539,98.99494934082031,98.2903823852539,100.41912078857422,94.76286315917969,98.99494934082031,102.53292083740234,99.72462463378906,99.82484436035156,93.50936126708984,97.08243560791016,92.19544219970703,90.78546142578125,87.61849212646484,85.6037368774414,82.20097351074219,81.60882568359375,78.00640869140625,76.6093978881836,73.49829864501953,74.06078338623047,71.56116485595703,72.20111083984375,69.3397445678711,65.86349487304688,65.76473236083984,61.717098236083984,58.13776779174805,59.93329620361328,56.920997619628906,54.424259185791016,57.723480224609375,52.17279052734375,48.3735466003418
0,-35,-95,11,33,93.21480560302734,91.92388153076172,93.19334411621094,94.5304183959961,93.26306915283203,94.13288116455078,93.08598327636719,93.08598327636719,95.13148498535156,93.0,94.0,96.00521087646484,97.04637908935547,97.18538665771484,97.1287841796875,95.33625030517578,95.2575454711914,96.25486755371094,96.33275604248047,95.33625030517578,96.33275604248047,94.33981323242188,95.42536163330078,97.73944854736328,98.32598876953125,97.32933807373047,95.2575454711914,95.02104949951172,92.02173614501953,90.00555419921875,86.00581359863281,86.05230712890625,82.02438354492188,81.09870910644531,79.22752380371094,76.05918884277344,75.05997467041016,72.11102294921875,70.1783447265625,69.18092346191406,67.60177612304688,66.48307800292969,65.6201171875,63.348243713378906,62.169124603271484,59.66573715209961,57.48912811279297,56.920997619628906,52.49761962890625,52.92447280883789,51.429561614990234,48.87739944458008
0,-35,-95,11,34,97.08243560791016,99.95999145507812,98.23441314697266,102.31813049316406,97.69339752197266,98.48857879638672,98.89894104003906,97.57561492919922,100.62306213378906,98.97979736328125,100.34440612792969,101.212646484375,101.0197982788086,105.47511291503906,103.24727630615234,102.39628601074219,105.15226745605469,101.0197982788086,104.00961303710938,101.78899383544922,101.0197982788086,104.10091400146484,99.5690689086914,101.25709533691406,104.00961303710938,100.70252990722656,102.39628601074219,97.41663360595703,102.21546173095703,91.78779602050781,90.3548583984375,90.78546142578125,89.0,84.9705810546875,83.25863647460938,80.52949523925781,77.82030487060547,77.077880859375,76.48529052734375,73.9256362915039,70.00714111328125,71.7844009399414,69.6419448852539,65.14598846435547,63.89052963256836,62.817195892333984,59.90826416015625,62.96824645996094,56.4358024597168,55.3263053894043,55.081756591796875,50.03998565673828
0,-35,-95,10,37,92.57429504394531,90.3382568359375,94.02127075195312,91.7060546875,92.59049987792969,91.78779602050781,93.29522705078125,92.6498794555664,94.03190612792969,93.74433135986328,96.60745239257812,95.42536163330078,96.21330261230469,97.00515747070312,95.42536163330078,97.83660125732422,94.3663101196289,95.67131042480469,95.7757797241211,94.17536926269531,95.7757797241211,96.33275604248047,95.13148498535156,97.0,97.30878448486328,94.3663101196289,96.67471313476562,95.42536163330078,90.27181243896484,91.83136749267578,83.23461151123047,83.81526947021484,83.21658325195312,78.23681640625,77.93586730957031,77.10382843017578,73.49829864501953,71.02112579345703,70.1783447265625,67.23094177246094,69.1158447265625,63.631752014160156,65.76473236083984,58.5918083190918,59.93329620361328,56.46237564086914,56.859474182128906,54.424259185791016,54.120235443115234,51.41984176635742,50.0099983215332,47.26520919799805
0,-35,-95,10,37,96.76776123046875,97.41663360595703,95.8018798828125,97.26766967773438,98.27003479003906,97.51409912109375,98.27003479003906,95.7078857421875,96.8813705444336,96.87621307373047,99.60923767089844,98.50888061523438,101.40019989013672,98.24967956542969,99.32270812988281,100.12492370605469,100.17984008789062,98.08159637451172,102.00489807128906,100.04499053955078,99.08077239990234,98.12747192382812,96.13011932373047,101.0,102.07839965820312,100.17984008789062,100.12492370605469,96.18731689453125,96.25486755371094,91.3509750366211,87.46427917480469,87.57283020019531,86.70063781738281,82.87339782714844,81.88406372070312,76.94153594970703,77.78174591064453,75.95393371582031,72.99314880371094,69.87130737304688,68.24954223632812,66.2872543334961,65.51335906982422,65.0,64.56005096435547,60.74536895751953,60.539241790771484,58.30952072143555,53.712196350097656,55.90169906616211,49.39635467529297,49.648765563964844
0,-35,-95,11,34,96.3016128540039,96.3016128540039,97.71898651123047,99.6242904663086,98.97979736328125,96.13532257080078,98.4327163696289,97.49871826171875,99.92497253417969,99.31767272949219,102.04410552978516,100.62306213378906,101.51847076416016,100.62306213378906,99.76472473144531,102.956298828125,99.4786376953125,99.76472473144531,102.72779846191406,101.0197982788086,102.08329772949219,101.54801940917969,101.71037292480469,104.30723571777344,103.44564056396484,103.44564056396484,102.21546173095703,99.4786376953125,98.0051040649414,94.8946762084961,91.23595428466797,90.3382568359375,88.10221099853516,86.40602111816406,82.85529327392578,77.87811279296875,77.47257232666016,74.32361602783203,74.84651184082031,71.69379425048828,71.86793518066406,70.38465881347656,69.6419448852539,67.05221557617188,63.60031509399414,60.4400520324707,59.90826416015625,56.718605041503906,56.4358024597168,55.3263053894043,52.0,52.009613037109375
0,-35,-95,10,38,93.52005004882812,95.34149169921875,96.3846435546875,98.61541748046875,96.2081069946289,94.9210205078125,94.86833190917969,96.4624252319336,97.41663360595703,98.76234436035156,95.8018798828125,97.29337310791016,99.82484436035156,101.78899383544922,101.41498565673828,101.20276641845703,99.46356201171875,99.82484436035156,99.29753112792969,98.84330749511719,99.82484436035156,101.60708618164062,99.04039764404297,98.99494934082031,100.28459167480469,101.78899383544922,100.43903350830078,96.7729263305664,95.33625030517578,91.92388153076172,86.64871978759766,86.68333435058594,85.70297241210938,81.59656524658203,80.65357971191406,74.3303451538086,75.61084747314453,71.51223754882812,71.7844009399414,71.86793518066406,67.23094177246094,68.02940368652344,64.07807922363281,62.169124603271484,60.90156173706055,60.0333251953125,59.07622146606445,59.07622146606445,55.60575485229492,55.226806640625,51.7397346496582,48.79549026489258
0,-35,-95,11,33,95.34149169921875,94.02127075195312,97.50897216796875,98.48857879638672,98.38699340820312,94.82615661621094,97.1287841796875,94.8946762084961,99.64437103271484,99.4786376953125,96.8968505859375,100.40418243408203,100.40418243408203,99.86490631103516,97.6524429321289,102.2007827758789,96.04686737060547,100.42410278320312,97.6166000366211,101.04454803466797,98.40731811523438,100.60317993164062,100.0,101.04454803466797,100.43903350830078,98.81295776367188,98.22932434082031,98.22932434082031,93.19334411621094,94.04785919189453,88.5098876953125,88.83692932128906,86.95401000976562,81.6333236694336,81.6333236694336,80.77747344970703,76.5375747680664,73.43023681640625,71.11962127685547,68.88395690917969,72.44998168945312,66.18912506103516,68.02940368652344,60.539241790771484,61.09828186035156,60.406951904296875,60.728904724121094,56.32051086425781,55.31726837158203,54.7448616027832,50.48762130737305,50.03998565673828
0,-35,-95,11,34,96.67471313476562,91.54779815673828,96.93812561035156,94.11163330078125,96.2081069946289,94.04785919189453,94.75231170654297,96.2081069946289,98.41239929199219,97.18538665771484,96.93812561035156,100.6578369140625,99.48869323730469,100.12492370605469,98.85848236083984,102.2007827758789,98.22932434082031,97.20082092285156,98.47334289550781,100.43903350830078,101.212646484375,99.86490631103516,97.80081939697266,99.5690689086914,100.60317993164062,100.20977783203125,99.63935089111328,98.23441314697266,94.20191192626953,94.20191192626953,87.32124328613281,87.20664978027344,86.37129211425781,82.134033203125,84.2199478149414,78.51751708984375,77.8331527709961,75.66372680664062,72.86288452148438,72.83543395996094,70.00714111328125,67.20863342285156,68.01470184326172,63.03173828125,61.073726654052734,61.032779693603516,57.42821502685547,57.45433044433594,55.75840759277344,54.20331954956055,50.15974426269531,48.383880615234375
0,-35,-95,10,37,91.0933609008789,94.25497436523438,95.8018798828125,95.8018798828125,94.3663101196289,94.5938720703125,96.8813705444336,94.9210205078125,97.16481018066406,93.90420532226562,97.32420349121094,98.61541748046875,95.33625030517578,98.12747192382812,98.41239929199219,98.18350219726562,97.08243560791016,97.08243560791016,98.0204086303711,97.04637908935547,96.08329772949219,98.04590606689453,95.04735565185547,98.0204086303711,97.04637908935547,96.18731689453125,96.08329772949219,95.18928527832031,93.26306915283203,91.54779815673828,85.47514343261719,86.46965026855469,82.60750579833984,83.02409362792969,79.76214599609375,77.64663696289062,74.67261505126953,70.71067810058594,71.02112579345703,69.23149871826172,68.24954223632812,67.26811981201172,65.30696868896484,61.13100814819336,61.6846809387207,58.8217658996582,58.18934631347656,55.54277801513672,54.625999450683594,52.77309799194336,52.47856521606445,49.648765563964844
0,-35,-95,10,37,93.81364440917969,98.18350219726562,93.23089599609375,96.26006317138672,93.81364440917969,94.62557983398438,96.40020751953125,95.2680435180664,98.23441314697266,93.50936126708984,94.17536926269531,98.2903823852539,98.2903823852539,100.44898986816406,101.86265563964844,99.72462463378906,99.82484436035156,95.52486419677734,97.18538665771484,97.18538665771484,97.74456787109375,100.00499725341797,98.35140991210938,100.2646484375,102.068603515625,98.49365234375,99.15644073486328,95.4620361328125,92.69843292236328,89.09545135498047,88.39117431640625,84.8646011352539,86.27861785888672,83.48652648925781,82.8070068359375,77.15568542480469,75.82215881347656,73.0,73.66138458251953,71.58910369873047,67.47592163085938,67.35725402832031,67.80117797851562,61.61168670654297,59.64059066772461,58.30952072143555,57.14017868041992,57.80138397216797,52.77309799194336,52.32590103149414,51.62363815307617,49.72926712036133
0,-35,-95,10,38,98.99494934082031,99.50376892089844,98.18350219726562,101.49384307861328,94.19129180908203,99.32270812988281,99.12618255615234,98.04590606689453,99.02020263671875,98.08159637451172,101.0197982788086,102.07839965820312,101.17806243896484,99.32270812988281,101.12368774414062,101.40019989013672,105.47511291503906,99.32270812988281,105.80170440673828,105.57461547851562,99.40824890136719,103.3924560546875,100.40418243408203,103.09703826904297,101.31633758544922,101.49384307861328,101.17806243896484,98.0204086303711,98.04590606689453,91.02197265625,93.00537872314453,90.00555419921875,88.0227279663086,86.05230712890625,81.09870910644531,80.0062484741211,78.025634765625,76.2364730834961,75.1664810180664,73.24616241455078,70.25667572021484,68.4689712524414,67.47592163085938,64.62971496582031,62.801273345947266,60.63827133178711,59.90826416015625,59.77457809448242,55.973209381103516,57.384666442871094,52.32590103149414,51.62363815307617
0,-35,-95,11,34,94.03190612792969,96.51942443847656,96.83490753173828,96.83490753173828,94.62557983398438,96.40020751953125,95.60334777832031,95.42536163330078,97.30878448486328,92.76313781738281,99.90495300292969,98.99494934082031,98.2903823852539,97.58073425292969,99.7045669555664,98.31072998046875,100.4987564086914,96.8968505859375,99.90495300292969,100.4987564086914,98.2903823852539,99.08582305908203,96.2081069946289,102.94173431396484,101.31633758544922,99.76472473144531,99.00505065917969,94.76286315917969,96.26006317138672,90.52071380615234,90.78546142578125,89.3756103515625,85.79627227783203,82.32861328125,81.68843078613281,75.07329559326172,77.23341369628906,72.4706802368164,71.70076751708984,70.0,69.20259857177734,66.61080932617188,66.0302963256836,62.96824645996094,62.12889862060547,57.706153869628906,59.9416389465332,57.697486877441406,55.154327392578125,56.30275344848633,51.244510650634766,50.21951675415039
0,-35,-95,11,33,93.74433135986328,94.72592163085938,95.75489807128906,97.86725616455078,96.51942443847656,96.33275604248047,98.18350219726562,96.02082824707031,93.08598327636719,96.04686737060547,99.04544067382812,99.0,98.0204086303711,97.02061462402344,98.0204086303711,98.04590606689453,98.24967956542969,96.08329772949219,98.12747192382812,101.17806243896484,100.12492370605469,97.25225067138672,95.13148498535156,99.2471694946289,101.12368774414062,98.08159637451172,99.08077239990234,95.00526428222656,96.02082824707031,91.0494384765625,87.14356231689453,88.20430755615234,86.28441619873047,82.2192153930664,80.39900207519531,77.3175277709961,75.53807067871094,74.5452880859375,70.45565795898438,69.72087097167969,66.91038513183594,66.0984115600586,65.30696868896484,64.76110076904297,61.13100814819336,58.8217658996582,60.406951904296875,57.93962478637695,53.712196350097656,52.77309799194336,51.62363815307617,48.82622146606445
0,-35,-95,11,34,98.08159637451172,95.08417510986328,100.04499053955078,101.00495147705078,102.00489807128906,100.17984008789062,99.12618255615234,98.32598876953125,99.18164825439453,99.98500061035156,100.84146118164062,101.43470764160156,100.62306213378906,102.77159118652344,101.27191162109375,103.4069595336914,101.98039245605469,102.42070007324219,103.5857162475586,103.57605743408203,100.28459167480469,103.94229125976562,102.9611587524414,104.04806518554688,103.94229125976562,102.59142303466797,101.11874389648438,100.84146118164062,95.52486419677734,94.5304183959961,92.26592254638672,90.0888442993164,89.14033508300781,87.05171203613281,83.02409362792969,82.09750366210938,81.02468872070312,74.02702331542969,75.0,76.0,74.06078338623047,68.06614685058594,67.18630981445312,64.28063201904297,63.639610290527344,61.52235412597656,60.63827133178711,58.94064712524414,57.28001403808594,55.6596794128418,55.36244201660156,50.990196228027344
0,-35,-95,11,33,96.21330261230469,96.82975006103516,95.13148498535156,98.23441314697266,94.17536926269531,97.83660125732422,95.4620361328125,94.06912231445312,96.87621307373047,94.84724426269531,97.08243560791016,99.2471694946289,98.71676635742188,98.71676635742188,99.80982208251953,99.20181274414062,102.00489807128906,95.42536163330078,101.0197982788086,99.6242904663086,97.41663360595703,99.86490631103516,97.41663360595703,102.62553405761719,102.07839965820312,100.0,99.20181274414062,94.02127075195312,96.21330261230469,91.83136749267578,88.61715698242188,90.90654754638672,86.45230102539062,83.63013458251953,81.46778869628906,77.33692169189453,76.48529052734375,73.59347534179688,72.13875579833984,69.35416412353516,67.17886352539062,68.59300231933594,65.0691909790039,64.35060119628906,59.54829788208008,60.4400520324707,61.073726654052734,56.40035629272461,54.918121337890625,54.20331954956055,50.537113189697266,50.32891845703125
0,-35,-95,10,38,93.40770721435547,95.42536163330078,94.76286315917969,99.76472473144531,96.17691802978516,98.31072998046875,94.04785919189453,96.17691802978516,95.48298645019531,98.49365234375,96.42613983154297,98.08159637451172,99.02020263671875,99.48869323730469,100.2646484375,99.02020263671875,99.6242904663086,96.21330261230469,99.29753112792969,99.04544067382812,100.20977783203125,99.4032211303711,95.42536163330078,102.90287017822266,100.43903350830078,99.80982208251953,99.63935089111328,96.67471313476562,96.54014587402344,87.96590423583984,90.02777099609375,87.86353302001953,86.97700500488281,79.93122100830078,82.73451232910156,78.51751708984375,76.3675308227539,74.95331573486328,72.18032836914062,72.18032836914062,67.35725402832031,68.01470184326172,66.70832061767578,64.81512451171875,64.40496826171875,59.07622146606445,58.52349853515625,59.16925048828125,55.90169906616211,53.712196350097656,53.141319274902344,51.244510650634766
0,-35,-95,10,36,94.19129180908203,91.4439697265625,94.8946762084961,92.54188537597656,94.64142608642578,92.77930450439453,95.18928527832031,90.09439849853516,94.5409927368164,94.14881896972656,95.56673431396484,94.83142852783203,95.60334777832031,96.5660400390625,95.60334777832031,96.76776123046875,96.4624252319336,96.16651916503906,94.86833190917969,98.67117309570312,96.84007263183594,96.4624252319336,95.50916290283203,97.73944854736328,98.03060913085938,94.25497436523438,94.11163330078125,96.04686737060547,93.14505004882812,88.5268325805664,84.92938232421875,87.66413116455078,85.32877349853516,80.0624771118164,77.27871704101562,76.29547882080078,75.31268310546875,69.87130737304688,71.84706115722656,69.05070495605469,65.6201171875,63.50590515136719,65.37583923339844,59.21148681640625,61.073726654052734,59.00847244262695,56.14267349243164,56.080299377441406,54.33230972290039,54.58937454223633,49.24428939819336,47.53945541381836
0,-35,-95,10,38,97.08243560791016,98.49365234375,98.08159637451172,98.23441314697266,97.20082092285156,97.45255279541016,97.41663360595703,95.96353149414062,97.6370849609375,97.94386291503906,98.73702239990234,102.57679748535156,102.08329772949219,102.08329772949219,101.71037292480469,101.51847076416016,99.31767272949219,99.74467468261719,100.17984008789062,101.13357543945312,100.62306213378906,101.96568298339844,101.96568298339844,103.31505584716797,99.29753112792969,101.07422637939453,101.96568298339844,101.59724426269531,93.94147491455078,95.52486419677734,91.80958557128906,90.21086120605469,87.98295593261719,84.59905242919922,82.37718200683594,80.70935821533203,76.5506362915039,74.63243103027344,72.20111083984375,70.80254364013672,71.40028381347656,67.20118713378906,67.62396240234375,66.84310150146484,61.55485534667969,59.41380310058594,57.982757568359375,56.63920974731445,58.2580451965332,54.4058837890625,51.865211486816406,49.648765563964844
0,-35,-95,10,38,100.00499725341797,94.0,101.07917785644531,100.07997131347656,102.12247467041016,98.32598876953125,101.40019989013672,99.40824890136719,99.50376892089844,101.96568298339844,103.09703826904297,102.59142303466797,102.9611587524414,101.98039245605469,101.41498565673828,105.99056243896484,101.13851928710938,102.1077880859375,100.96038818359375,102.61579132080078,103.07764434814453,104.29285430908203,98.23441314697266,105.36128234863281,102.61579132080078,101.41498565673828,102.61091613769531,100.66280364990234,97.08243560791016,95.90099334716797,91.4111557006836,91.98369598388672,90.42676544189453,85.98837280273438,80.62257385253906,83.02409362792969,79.5110092163086,75.42546081542969,74.4311752319336,71.70076751708984,71.44927978515625,67.36467742919922,69.18092346191406,66.06814575195312,64.03124237060547,62.0,59.07622146606445,58.30952072143555,57.42821502685547,55.10898208618164,53.15073013305664,53.75872039794922
0,-35,-95,11,34,93.39164733886719,94.14881896972656,98.76234436035156,97.26766967773438,96.84007263183594,94.3716049194336,93.40770721435547,95.81753540039062,95.50916290283203,98.23441314697266,98.68130493164062,99.5389404296875,96.3846435546875,98.0866928100586,100.84642028808594,100.22474670410156,101.07422637939453,97.98979187011719,100.17984008789062,98.84330749511719,97.57561492919922,100.64790344238281,96.66436767578125,100.18482971191406,100.17984008789062,97.16995239257812,98.61541748046875,97.49871826171875,96.2081069946289,93.6375961303711,90.13877868652344,89.4930191040039,84.20214080810547,83.24061584472656,82.00609588623047,77.20103454589844,73.76313781738281,73.49829864501953,72.53275299072266,71.30918884277344,69.85699462890625,67.6830825805664,65.73431396484375,64.93843078613281,61.52235412597656,61.20457458496094,61.032779693603516,57.0,54.00925827026367,53.33854293823242,50.48762130737305,50.0099983215332
0,-35,-95,10,37,96.0,94.02127075195312,97.08243560791016,98.08159637451172,94.19129180908203,94.2602767944336,93.90420532226562,94.8946762084961,96.87621307373047,96.69022369384766,97.32420349121094,97.08243560791016,101.20276641845703,99.68952178955078,97.98469543457031,100.42410278320312,98.23441314697266,97.01546478271484,99.04039764404297,98.67117309570312,98.49365234375,100.0,96.5660400390625,100.24469757080078,99.20181274414062,98.49365234375,96.5660400390625,96.3016128540039,92.6498794555664,90.24411010742188,89.8220443725586,87.09764862060547,86.4927749633789,82.20097351074219,80.41144561767578,76.11833190917969,74.81310272216797,73.68174743652344,73.55270385742188,69.46221923828125,68.26419067382812,66.27216339111328,66.27216339111328,64.1248779296875,62.07253646850586,59.00847244262695,58.0,57.07889175415039,56.56854248046875,52.77309799194336,50.21951675415039,49.33558654785156
0,-35,-95,10,37,89.10667419433594,94.76286315917969,91.3509750366211,96.51942443847656,91.26883697509766,94.5304183959961,94.19129180908203,93.19334411621094,94.08506774902344,94.0,94.00531768798828,94.02127075195312,94.04785919189453,98.12747192382812,98.18350219726562,95.33625030517578,97.25225067138672,92.34716796875,97.51409912109375,97.41663360595703,96.33275604248047,96.25486755371094,92.34716796875,97.86725616455078,96.51942443847656,97.41663360595703,96.25486755371094,92.13577270507812,94.04785919189453,90.00555419921875,88.00568389892578,85.0,84.05355072021484,81.02468872070312,78.16009521484375,75.00666809082031,74.02702331542969,70.06425476074219,69.065185546875,68.11754608154297,66.18912506103516,67.36467742919922,63.19810104370117,61.66035842895508,60.20797348022461,58.24946212768555,57.723480224609375,56.04462432861328,52.201534271240234,52.55473327636719,50.15974426269531,47.50789260864258
0,-35,-95,11,34,96.5660400390625,96.5660400390625,98.47334289550781,99.29753112792969,98.47334289550781,99.04544067382812,101.82828521728516,98.08159637451172,100.2646484375,99.90495300292969,100.6578369140625,101.31633758544922,100.4987564086914,100.4987564086914,100.44898986816406,103.23758697509766,101.86265563964844,101.83319854736328,102.59142303466797,102.59142303466797,101.23734283447266,103.3924560546875,101.13851928710938,102.64988708496094,106.07544708251953,98.99494934082031,101.83319854736328,97.59098052978516,96.17691802978516,96.2081069946289,93.4344711303711,91.3509750366211,87.32124328613281,85.79627227783203,81.68843078613281,82.32861328125,80.43009185791016,75.80237579345703,74.20242309570312,70.0,70.0,70.80254364013672,68.00735473632812,66.0378646850586,63.812225341796875,60.539241790771484,59.9416389465332,59.93329620361328,57.93962478637695,55.973209381103516,52.201534271240234,50.695167541503906
0,-35,-95,10,37,95.18928527832031,97.73944854736328,97.51409912109375,101.71037292480469,98.41239929199219,96.25486755371094,98.24967956542969,98.08159637451172,97.02061462402344,97.0,99.0,101.04454803466797,99.08077239990234,98.24967956542969,99.12618255615234,101.49384307861328,99.60923767089844,99.40824890136719,100.84146118164062,99.72462463378906,97.41663360595703,100.7174301147461,98.32598876953125,101.96568298339844,99.72462463378906,101.31633758544922,99.32270812988281,97.32933807373047,96.13011932373047,95.13148498535156,91.0878677368164,91.0494384765625,87.0,82.0,80.0062484741211,78.00640869140625,78.0,76.00657653808594,74.00675964355469,70.0,68.06614685058594,69.02897644042969,69.2603759765625,64.28063201904297,62.513999938964844,60.8276252746582,60.20797348022461,58.694122314453125,59.77457809448242,53.851646423339844,52.92447280883789,50.537113189697266
0,-35,-95,11,34,95.44107818603516,94.81033325195312,97.83660125732422,96.54014587402344,95.58765411376953,96.42613983154297,97.62171936035156,96.26006317138672,96.87621307373047,97.58073425292969,98.2903823852539,97.62171936035156,100.44898986816406,99.76472473144531,100.5683822631836,100.2646484375,99.48869323730469,97.08243560791016,98.85848236083984,99.02020263671875,99.48869323730469,101.212646484375,98.49365234375,100.20977783203125,102.303466796875,98.49365234375,97.83660125732422,96.93812561035156,95.58765411376953,93.4344711303711,89.09545135498047,88.39117431640625,86.97700500488281,82.8070068359375,82.87943267822266,78.56844329833984,77.15568542480469,73.24616241455078,70.93659210205078,70.43436431884766,69.81404113769531,67.80117797851562,65.6048812866211,61.85466766357422,59.90826416015625,60.539241790771484,59.05929183959961,58.18075180053711,56.080299377441406,50.695167541503906,53.16013717651367,48.27007293701172
0,-35,-95,11,34,98.61541748046875,100.64790344238281,96.17691802978516,100.17984008789062,99.80982208251953,96.17691802978516,95.34149169921875,97.69339752197266,99.00505065917969,99.02020263671875,99.02020263671875,100.24469757080078,99.29753112792969,102.2007827758789,101.92153930664062,102.88343048095703,104.04806518554688,98.49365234375,102.61091613769531,100.68763732910156,101.92153930664062,103.58088684082031,98.76234436035156,104.04806518554688,103.3247299194336,101.6513671875,101.53324890136719,99.29753112792969,98.03060913085938,93.92018127441406,88.23831176757812,91.18113708496094,89.47066497802734,82.85529327392578,83.38465118408203,80.62257385253906,77.077880859375,76.967529296875,73.82411193847656,71.58910369873047,70.66116333007812,68.88395690917969,66.18912506103516,62.7694206237793,63.28506851196289,59.64059066772461,62.20128631591797,58.13776779174805,54.671749114990234,55.17245864868164,53.15073013305664,51.855567932128906
0,-35,-95,10,38,92.13034057617188,97.1287841796875,98.61541748046875,96.3846435546875,98.61541748046875,94.66783905029297,95.71833801269531,95.69221496582031,95.96353149414062,97.20082092285156,97.80081939697266,99.63935089111328,100.89598846435547,100.76705932617188,98.85848236083984,101.04454803466797,97.94896697998047,99.48869323730469,98.59513092041016,100.2646484375,97.45255279541016,100.89598846435547,99.48869323730469,99.90495300292969,101.41498565673828,101.67103576660156,98.60020446777344,98.22932434082031,94.40338897705078,93.4772720336914,86.8216552734375,89.58794403076172,88.83692932128906,84.59905242919922,79.64923095703125,78.39005279541016,76.32168579101562,73.82411193847656,72.4706802368164,71.5541763305664,70.21395874023438,65.7419204711914,68.94200134277344,61.09828186035156,60.74536895751953,57.245086669921875,58.24087905883789,59.43904495239258,54.918121337890625,52.46903991699219,51.244510650634766,49.01020431518555
0,-35,-95,10,38,96.60745239257812,94.81033325195312,100.00499725341797,98.23441314697266,97.94896697998047,99.48869323730469,95.58765411376953,96.93812561035156,96.93812561035156,97.58073425292969,98.2903823852539,100.5683822631836,102.59142303466797,101.31633758544922,100.44898986816406,102.068603515625,100.00499725341797,99.90495300292969,99.2471694946289,99.35794067382812,99.82484436035156,102.068603515625,99.15644073486328,101.53324890136719,102.068603515625,103.4794692993164,101.86265563964844,97.59098052978516,95.4620361328125,94.76286315917969,87.96590423583984,89.3756103515625,85.91275024414062,82.61961364746094,81.83519744873047,79.02531433105469,77.33692169189453,75.21302795410156,73.60027313232422,70.60453033447266,69.63475799560547,66.61080932617188,67.95587158203125,62.7694206237793,60.90156173706055,59.9416389465332,57.775428771972656,58.18934631347656,58.18934631347656,53.45091247558594,52.88667297363281,47.51841735839844
0,-35,-95,11,34,100.17984008789062,97.25225067138672,100.0199966430664,100.17984008789062,101.00495147705078,100.00499725341797,98.0051040649414,98.08159637451172,101.04454803466797,99.08077239990234,103.23758697509766,102.17631530761719,102.48902130126953,101.49384307861328,101.31633758544922,103.94710540771484,101.11874389648438,103.4069595336914,100.9752426147461,104.39348602294922,100.84146118164062,104.39348602294922,100.60317993164062,103.09703826904297,102.956298828125,101.49384307861328,100.17984008789062,101.31633758544922,98.24967956542969,97.1287841796875,92.00543212890625,92.00543212890625,87.0,86.02325439453125,85.0058822631836,83.05419921875,79.05693817138672,76.10519409179688,71.11258697509766,73.06161499023438,73.06161499023438,69.18092346191406,71.34423828125,64.49806213378906,64.93843078613281,60.41522979736328,59.203041076660156,60.4400520324707,57.584720611572266,57.00876998901367,52.32590103149414,51.62363815307617
0,-35,-95,10,38,98.23441314697266,95.60334777832031,98.97979736328125,97.1236343383789,98.67117309570312,97.40636444091797,96.4624252319336,97.49871826171875,99.36800384521484,100.7223892211914,100.7223892211914,99.74467468261719,101.51847076416016,101.96568298339844,98.84330749511719,103.31021118164062,99.76472473144531,101.07422637939453,100.7223892211914,102.956298828125,101.51847076416016,101.96568298339844,98.83824920654297,101.3558120727539,103.07764434814453,101.07422637939453,99.74467468261719,99.31767272949219,96.25486755371094,94.5409927368164,89.15716552734375,88.0227279663086,86.37708282470703,83.48652648925781,82.54090118408203,80.65357971191406,80.65357971191406,73.38937377929688,73.38937377929688,69.92138671875,72.12489318847656,68.4105224609375,68.65857696533203,63.56099319458008,63.639610290527344,62.28964614868164,61.29437255859375,56.22277069091797,57.03507614135742,53.00943374633789,55.081756591796875,50.35871505737305
0,-35,-95,10,38,96.7729263305664,98.4327163696289,98.35140991210938,97.40636444091797,99.29753112792969,96.4624252319336,98.03060913085938,98.08159637451172,100.68763732910156,100.66280364990234,98.23441314697266,102.18121337890625,99.82484436035156,100.0199966430664,102.59142303466797,103.09703826904297,98.85848236083984,101.60708618164062,101.59724426269531,102.8250961303711,101.27191162109375,102.956298828125,101.11874389648438,101.49384307861328,102.956298828125,101.27191162109375,101.78899383544922,98.84330749511719,94.72592163085938,94.5409927368164,89.49860382080078,91.4439697265625,86.68333435058594,83.24061584472656,82.71033477783203,81.32035064697266,79.12016296386719,78.10890197753906,71.47027587890625,71.7844009399414,71.47027587890625,66.73080444335938,68.15423583984375,64.07807922363281,62.60990524291992,59.53990173339844,60.20797348022461,58.30952072143555,57.42821502685547,54.20331954956055,51.22499465942383,50.93132781982422
0,-35,-95,11,34,94.9210205078125,102.39140319824219,96.10411071777344,103.07764434814453,98.76234436035156,97.80081939697266,99.04039764404297,97.40636444091797,100.96038818359375,98.23441314697266,100.08995819091797,101.63660430908203,102.956298828125,101.55294036865234,106.10372161865234,100.7223892211914,101.98039245605469,99.80982208251953,104.21611785888672,100.17984008789062,100.84642028808594,102.45974731445312,97.08243560791016,101.53324890136719,104.70912170410156,103.7545166015625,103.46980285644531,99.5389404296875,99.92497253417969,91.92388153076172,92.97311401367188,91.7060546875,89.8109130859375,86.33075714111328,84.11896514892578,77.16217041015625,79.71198272705078,74.63243103027344,77.16217041015625,75.43209075927734,71.0633544921875,71.30918884277344,67.6830825805664,64.32728576660156,65.6201171875,61.400325775146484,59.41380310058594,58.03447341918945,56.080299377441406,53.037723541259766,55.009090423583984,52.611785888671875
0,-35,-95,10,37,90.9560317993164,97.71898651123047,94.5568618774414,99.6242904663086,95.50916290283203,96.13532257080078,93.04837799072266,93.23089599609375,97.69339752197266,98.0866928100586,98.61541748046875,99.74467468261719,97.50897216796875,97.04637908935547,97.50897216796875,96.25486755371094,98.41239929199219,96.60227966308594,98.97979736328125,98.48857879638672,97.06183624267578,99.36296844482422,96.15092468261719,97.6166000366211,101.07422637939453,97.49359130859375,97.50897216796875,95.2732925415039,92.30926513671875,89.55445098876953,90.2496566772461,85.79627227783203,81.93289947509766,81.93289947509766,80.65357971191406,79.37883758544922,73.68174743652344,75.28611755371094,70.88018035888672,70.88018035888672,67.44627380371094,65.73431396484375,64.76110076904297,64.32728576660156,61.98386764526367,57.314918518066406,57.314918518066406,58.215118408203125,55.009090423583984,55.081756591796875,50.48762130737305,48.27007293701172
0,-35,-95,10,37,94.06912231445312,93.50936126708984,97.30878448486328,97.94896697998047,99.02020263671875,94.64142608642578,95.0,93.74433135986328,94.86833190917969,97.6524429321289,97.08243560791016,98.73702239990234,99.64437103271484,97.24710845947266,97.75479888916016,96.7470932006836,97.6166000366211,99.36296844482422,96.64884948730469,99.29753112792969,99.84988403320312,102.956298828125,97.1287841796875,102.0,99.84988403320312,97.41663360595703,99.12618255615234,97.09788513183594,94.87360382080078,90.97252655029297,88.23265075683594,87.6584243774414,86.40023040771484,81.60882568359375,80.0,79.2022705078125,77.0064926147461,73.10950469970703,72.4706802368164,69.65629577636719,68.62215423583984,66.60330200195312,64.38167572021484,63.639610290527344,62.22539520263672,59.41380310058594,57.384666442871094,55.0,55.4707145690918,53.0,48.30113983154297,48.332183837890625
0,-35,-95,11,34,90.78546142578125,93.4772720336914,93.64827728271484,96.04165649414062,90.91754150390625,95.18928527832031,95.52486419677734,92.35800170898438,93.19334411621094,92.6552734375,95.8018798828125,97.20082092285156,95.0,96.67471313476562,98.23441314697266,98.71676635742188,97.30878448486328,93.50936126708984,99.2471694946289,97.18538665771484,96.67471313476562,97.18538665771484,92.31468200683594,100.44898986816406,96.42613983154297,97.45255279541016,94.02127075195312,91.60785675048828,95.0,86.60831451416016,87.92041778564453,86.8216552734375,82.68010711669922,79.4040298461914,78.03204345703125,76.32168579101562,76.00657653808594,71.34423828125,71.34423828125,67.23094177246094,65.76473236083984,65.29930877685547,61.773780822753906,61.741397857666016,60.539241790771484,57.245086669921875,57.87054443359375,55.36244201660156,52.201534271240234,51.195701599121094,49.648765563964844,49.25444030761719
0,-35,-95,11,34,97.08243560791016,94.84724426269531,98.83824920654297,98.38699340820312,97.06183624267578,96.64884948730469,98.1121826171875,96.5660400390625,96.5660400390625,97.90811920166016,98.18350219726562,100.12492370605469,100.68763732910156,99.86490631103516,96.60745239257812,97.20082092285156,98.85848236083984,98.81295776367188,99.63935089111328,100.2646484375,100.60317993164062,101.212646484375,97.80081939697266,100.2646484375,101.40019989013672,100.60317993164062,99.86490631103516,96.51942443847656,93.74433135986328,94.33981323242188,89.1852035522461,88.6848373413086,86.45230102539062,83.52843475341797,79.64923095703125,83.24061584472656,75.59100341796875,73.35530090332031,74.6860122680664,71.11962127685547,69.31810760498047,65.30696868896484,68.02940368652344,66.128662109375,62.62587356567383,58.8217658996582,60.16643524169922,56.75385284423828,56.75385284423828,54.451812744140625,53.15073013305664,50.03998565673828
0,-35,-95,11,34,95.41488647460938,98.73702239990234,96.60745239257812,98.0051040649414,96.21330261230469,96.40020751953125,97.94896697998047,97.08243560791016,99.48869323730469,96.26006317138672,101.23734283447266,100.40916442871094,101.13851928710938,101.13851928710938,100.44898986816406,99.76472473144531,100.6578369140625,96.93812561035156,99.2471694946289,100.5683822631836,99.2471694946289,102.068603515625,94.17536926269531,101.53324890136719,102.068603515625,100.4987564086914,101.86265563964844,96.87621307373047,94.75231170654297,91.93476104736328,89.27485656738281,89.87213134765625,87.96590423583984,81.46778869628906,84.38601684570312,76.5767593383789,77.23341369628906,75.43209075927734,72.00694274902344,71.84010314941406,69.81404113769531,70.21395874023438,66.61080932617188,63.0079345703125,61.587337493896484,59.53990173339844,58.5918083190918,58.13776779174805,56.859474182128906,55.71355438232422,52.49761962890625,48.27007293701172
0,-35,-95,11,34,97.0,98.0,98.0051040649414,100.04499053955078,100.24469757080078,100.12492370605469,99.18164825439453,94.42987060546875,99.32270812988281,95.63471984863281,100.9752426147461,101.27191162109375,100.44898986816406,100.0199966430664,99.63935089111328,100.43903350830078,103.36827087402344,100.0199966430664,104.29285430908203,100.42410278320312,97.51409912109375,104.29285430908203,100.66280364990234,102.88343048095703,101.63660430908203,101.63660430908203,100.22474670410156,96.10411071777344,99.04039764404297,93.21480560302734,92.22798156738281,90.09439849853516,87.29833984375,84.01190185546875,81.49846649169922,81.61495208740234,76.53103637695312,75.1664810180664,74.3303451538086,70.34912872314453,69.1158447265625,68.06614685058594,67.06713104248047,66.06814575195312,64.0078125,61.032779693603516,61.20457458496094,57.314918518066406,54.7448616027832,55.90169906616211,52.63079071044922,48.10405349731445
0,-35,-95,10,38,97.90811920166016,95.96353149414062,102.61579132080078,98.60020446777344,100.60317993164062,97.00515747070312,97.18538665771484,97.74456787109375,98.49365234375,98.2903823852539,97.59098052978516,101.86265563964844,102.068603515625,102.72779846191406,99.2471694946289,102.59142303466797,102.8250961303711,99.15644073486328,99.63935089111328,103.07764434814453,100.00499725341797,102.44998931884766,99.35794067382812,101.82828521728516,103.71113586425781,100.89598846435547,100.76705932617188,103.4794692993164,99.15644073486328,94.76286315917969,89.80534362792969,89.10667419433594,88.39117431640625,83.4385986328125,83.48652648925781,79.19596099853516,77.077880859375,74.2765121459961,75.69015502929688,72.18032836914062,70.29224395751953,69.52696990966797,69.65629577636719,65.4369888305664,64.637451171875,61.29437255859375,61.29437255859375,58.66856002807617,57.30619430541992,55.90169906616211,53.48831558227539,50.96076965332031
0,-35,-95,10,38,98.47842407226562,100.80674743652344,98.15293884277344,103.09703826904297,98.99494934082031,98.0051040649414,98.41239929199219,98.41239929199219,101.17806243896484,101.12368774414062,104.12012481689453,102.00489807128906,105.0428466796875,102.00489807128906,104.01922607421875,103.01941680908203,104.07689666748047,99.08077239990234,102.12247467041016,103.12128448486328,103.00485229492188,102.12247467041016,102.00489807128906,103.31021118164062,103.00485229492188,102.01960754394531,103.0,99.04544067382812,100.0199966430664,94.08506774902344,93.26306915283203,91.13726043701172,87.20664978027344,86.28441619873047,82.2982406616211,79.5110092163086,79.5110092163086,76.65507507324219,73.82411193847656,71.56814575195312,70.85901641845703,70.71067810058594,66.4906005859375,66.94026947021484,64.28841400146484,60.728904724121094,60.74536895751953,59.13543701171875,57.00876998901367,55.4707145690918,51.62363815307617,51.61395263671875
0,-35,-95,10,38,96.87621307373047,100.44898986816406,98.59513092041016,97.74456787109375,97.94896697998047,100.2646484375,97.80081939697266,96.40020751953125,99.6242904663086,97.41663360595703,99.86490631103516,100.16985321044922,100.70252990722656,101.3558120727539,100.4987564086914,100.7223892211914,98.0051040649414,98.97979736328125,102.08329772949219,102.42070007324219,99.12618255615234,103.44564056396484,98.0051040649414,102.956298828125,101.71037292480469,101.3558120727539,101.3558120727539,99.98500061035156,94.57801055908203,94.57801055908203,89.05054473876953,90.44335174560547,89.05054473876953,83.6002426147461,83.40863037109375,80.43009185791016,75.43209075927734,73.24616241455078,72.62230682373047,69.81404113769531,69.52696990966797,68.11754608154297,66.70832061767578,63.65532302856445,62.93647766113281,60.14149856567383,57.384666442871094,55.44366455078125,55.217750549316406,53.851646423339844,51.4781494140625,47.85394287109375
0,-35,-95,10,37,96.31718444824219,95.12622833251953,98.65596771240234,97.16481018066406,94.3663101196289,96.17691802978516,98.0051040649414,93.77099609375,96.7470932006836,96.25486755371094,98.24967956542969,99.08077239990234,100.12492370605469,100.04499053955078,100.0199966430664,102.07839965820312,100.00499725341797,99.04544067382812,99.0,99.02020263671875,99.12618255615234,98.12747192382812,96.04686737060547,101.0197982788086,100.0,102.04410552978516,99.2471694946289,98.32598876953125,92.54188537597656,91.66242218017578,90.66973114013672,88.1192398071289,85.32877349853516,82.0,79.42921447753906,79.42921447753906,76.29547882080078,73.75635528564453,71.19690704345703,71.30918884277344,69.6419448852539,68.3081283569336,66.7607650756836,62.62587356567383,62.96824645996094,62.64982223510742,57.697486877441406,57.706153869628906,54.708316802978516,53.851646423339844,50.80354309082031,50.6063232421875
0,-35,-95,10,37,93.4772720336914,94.3716049194336,95.52486419677734,94.82615661621094,96.04165649414062,95.01578521728516,95.18928527832031,94.03190612792969,97.08243560791016,98.0051040649414,98.81295776367188,98.85848236083984,98.23441314697266,99.48869323730469,98.23441314697266,101.53324890136719,96.42613983154297,97.45255279541016,97.74456787109375,99.35794067382812,97.83660125732422,101.41498565673828,98.59513092041016,99.76472473144531,99.2471694946289,100.6578369140625,99.02020263671875,99.20181274414062,95.0,92.41753387451172,88.48163604736328,87.66413116455078,87.66413116455078,83.76156616210938,78.892333984375,77.66595458984375,77.38862609863281,72.71863555908203,69.97142028808594,71.86793518066406,68.47627258300781,68.0,68.42514038085938,62.169124603271484,63.56099319458008,60.16643524169922,59.77457809448242,56.04462432861328,52.63079071044922,55.10898208618164,52.77309799194336,48.25971221923828
0,-35,-95,10,38,99.2471694946289,95.52486419677734,97.59098052978516,100.44898986816406,98.41239929199219,97.62171936035156,98.41239929199219,97.83660125732422,97.83660125732422,98.23441314697266,103.07764434814453,100.89598846435547,102.00489807128906,102.2007827758789,100.20977783203125,101.83319854736328,101.78899383544922,100.43903350830078,101.78899383544922,100.68763732910156,103.46980285644531,101.25709533691406,99.29753112792969,102.92716217041016,101.25709533691406,102.80078125,102.2007827758789,100.42410278320312,98.23441314697266,95.90099334716797,90.90654754638672,90.02777099609375,88.5268325805664,85.70297241210938,82.73451232910156,79.93122100830078,78.51751708984375,74.96665954589844,73.55270385742188,69.29646301269531,72.13875579833984,70.1783447265625,70.29224395751953,64.20280456542969,64.20280456542969,61.587337493896484,61.587337493896484,59.6824951171875,57.30619430541992,54.12947463989258,53.48831558227539,52.49761962890625
0,-35,-95,11,34,101.43470764160156,94.3663101196289,101.98039245605469,96.8813705444336,101.63660430908203,96.7729263305664,101.39033508300781,97.52947998046875,98.37174224853516,102.78618621826172,102.2007827758789,99.92997741699219,102.45974731445312,103.12128448486328,99.6242904663086,107.15409088134766,99.92497253417969,101.0197982788086,99.4032211303711,102.55242919921875,100.08995819091797,103.36827087402344,105.30906677246094,103.87010955810547,105.47511291503906,100.46392059326172,97.14422607421875,104.177734375,94.57801055908203,98.97979736328125,91.76055908203125,91.0933609008789,88.05680084228516,84.77027893066406,82.2800064086914,84.17243957519531,78.64476776123047,76.68767547607422,74.52516174316406,70.40596771240234,70.40596771240234,66.4906005859375,71.84706115722656,65.37583923339844,63.50590515136719,62.20128631591797,59.07622146606445,59.00847244262695,58.13776779174805,58.215118408203125,53.75872039794922,50.21951675415039
0,-35,-95,11,34,94.70480346679688,95.4620361328125,96.2081069946289,95.18928527832031,97.08243560791016,94.5568618774414,94.5568618774414,94.3716049194336,98.76234436035156,94.5938720703125,100.22474670410156,101.43470764160156,100.62306213378906,101.43470764160156,98.47842407226562,100.44898986816406,99.14131164550781,98.15293884277344,98.61541748046875,101.11874389648438,100.12991333007812,99.84988403320312,100.84146118164062,101.40019989013672,102.1077880859375,98.85848236083984,98.47842407226562,96.10411071777344,92.76313781738281,91.0054931640625,88.29496002197266,87.80091094970703,87.55569458007812,82.71033477783203,81.04319763183594,77.6208724975586,76.24303436279297,73.08214569091797,72.12489318847656,68.96376037597656,68.70953369140625,66.40782928466797,65.19202423095703,59.80802536010742,61.32699203491211,59.4810905456543,58.66856002807617,56.859474182128906,55.4707145690918,52.430908203125,50.6063232421875,49.57822036743164
0,-35,-95,11,34,94.72592163085938,96.10411071777344,96.5660400390625,97.80081939697266,98.49365234375,95.88013458251953,97.41663360595703,94.5568618774414,94.86833190917969,99.16148376464844,100.5683822631836,100.46392059326172,100.84642028808594,99.4032211303711,99.92497253417969,100.64790344238281,99.74467468261719,98.41239929199219,99.7296371459961,100.62306213378906,100.18482971191406,100.62306213378906,99.31767272949219,101.53324890136719,101.96568298339844,99.31767272949219,99.80982208251953,97.16995239257812,94.93682098388672,94.33981323242188,92.11405944824219,88.0227279663086,85.79627227783203,83.81526947021484,82.87339782714844,77.49193572998047,78.44743347167969,71.84010314941406,72.53275299072266,70.21395874023438,67.72000885009766,69.6419448852539,68.15423583984375,66.70832061767578,62.96824645996094,58.694122314453125,59.41380310058594,58.13776779174805,56.035701751708984,55.081756591796875,54.08327102661133,51.35172653198242
0,-35,-95,11,33,94.82615661621094,95.7131118774414,94.8946762084961,95.77056121826172,96.7470932006836,96.04165649414062,96.25486755371094,95.71833801269531,97.08243560791016,96.83490753173828,95.21029663085938,99.02020263671875,97.80081939697266,101.04454803466797,98.85848236083984,99.35794067382812,98.49365234375,97.83660125732422,99.15644073486328,97.08243560791016,98.49365234375,101.23734283447266,97.94896697998047,101.86265563964844,100.5683822631836,99.90495300292969,97.94896697998047,97.08243560791016,95.13148498535156,92.45539093017578,88.40814208984375,85.8021011352539,84.62860107421875,82.4196548461914,80.44873809814453,77.42092895507812,76.6093978881836,73.49829864501953,71.84706115722656,72.11102294921875,69.3397445678711,67.41661834716797,66.73080444335938,60.0333251953125,63.06346130371094,61.32699203491211,59.09314727783203,55.54277801513672,53.48831558227539,53.16013717651367,52.63079071044922,48.50773239135742
0,-35,-95,10,37,92.4770278930664,96.2081069946289,95.81753540039062,101.83319854736328,97.41663360595703,98.03060913085938,96.04686737060547,95.07891082763672,93.86160278320312,97.74456787109375,97.51409912109375,98.06120300292969,99.63935089111328,100.62306213378906,98.15293884277344,99.14131164550781,99.84988403320312,98.0051040649414,99.50376892089844,99.50376892089844,96.02603912353516,100.84146118164062,94.8946762084961,100.84146118164062,100.12991333007812,99.14131164550781,96.69022369384766,96.10411071777344,96.54014587402344,90.24411010742188,92.89241027832031,88.76936340332031,84.20214080810547,81.04319763183594,79.4040298461914,75.58438873291016,77.20103454589844,75.28611755371094,70.83784484863281,69.6419448852539,69.28924560546875,68.3520278930664,66.30987548828125,64.88451385498047,62.169124603271484,58.66856002807617,56.93856430053711,57.14017868041992,52.69725036621094,52.201534271240234,51.855567932128906,50.2493782043457
0,-35,-95,11,34,93.60555267333984,94.84724426269531,92.6552734375,94.11163330078125,94.75231170654297,94.06912231445312,94.11163330078125,93.4344711303711,94.84724426269531,92.8493423461914,96.54014587402344,96.21330261230469,97.80081939697266,99.02020263671875,99.02020263671875,98.22932434082031,96.83490753173828,94.86833190917969,98.47334289550781,96.26006317138672,96.83490753173828,96.60745239257812,94.62557983398438,97.34988403320312,96.83490753173828,94.86833190917969,95.60334777832031,93.86160278320312,95.42536163330078,86.68333435058594,87.86353302001953,84.2911605834961,84.2199478149414,82.134033203125,80.61017608642578,75.00666809082031,74.3303451538086,71.4212875366211,72.83543395996094,67.94115447998047,64.38167572021484,65.85590362548828,65.19202423095703,64.81512451171875,61.032779693603516,56.61272048950195,56.035701751708984,58.66856002807617,55.4707145690918,55.009090423583984,50.15974426269531,49.648765563964844
0,-35,-95,11,33,94.64142608642578,93.40770721435547,95.8018798828125,97.01546478271484,95.56673431396484,95.34149169921875,96.33794403076172,95.35198211669922,95.7078857421875,96.7470932006836,95.75489807128906,98.41239929199219,98.32598876953125,97.25225067138672,98.32598876953125,100.12492370605469,101.12368774414062,98.24967956542969,98.0204086303711,100.04499053955078,98.0204086303711,101.04454803466797,98.12747192382812,102.0,99.04544067382812,96.08329772949219,98.12747192382812,99.32270812988281,93.53608703613281,92.34716796875,88.6848373413086,86.83317565917969,84.01190185546875,81.88406372070312,80.0624771118164,76.94153594970703,78.08969116210938,73.34848022460938,71.02112579345703,68.65857696533203,67.6830825805664,64.76110076904297,65.52098846435547,61.6846809387207,61.032779693603516,58.18934631347656,56.46237564086914,55.94640350341797,54.5618896484375,52.839378356933594,51.312767028808594,48.60041046142578
0,-35,-95,10,37,96.04686737060547,95.02104949951172,94.02127075195312,96.04686737060547,95.18928527832031,96.13011932373047,97.18538665771484,96.6281509399414,96.51942443847656,94.76286315917969,100.84146118164062,98.31072998046875,99.82484436035156,98.84330749511719,98.84330749511719,101.41498565673828,101.86756134033203,99.2471694946289,100.16985321044922,98.95453643798828,98.71676635742188,98.71676635742188,97.98469543457031,101.39033508300781,100.16985321044922,99.46356201171875,99.2471694946289,96.69022369384766,96.17691802978516,91.24143981933594,90.93404388427734,88.81441497802734,82.73451232910156,81.74349975585938,80.7527084350586,77.3175277709961,76.32168579101562,76.16429901123047,70.25667572021484,70.1783447265625,69.065185546875,68.06614685058594,66.0,64.0078125,61.00819778442383,62.07253646850586,59.07622146606445,57.314918518066406,57.070133209228516,53.15073013305664,51.6623649597168,50.15974426269531
0,-35,-95,11,34,94.30270385742188,89.58794403076172,95.38343811035156,92.28217315673828,96.3846435546875,90.55384826660156,90.82400512695312,93.05912017822266,92.59049987792969,95.2575454711914,95.2732925415039,95.2732925415039,97.69339752197266,98.23441314697266,94.70480346679688,98.08159637451172,95.85926818847656,95.2732925415039,93.98403930664062,97.14422607421875,94.70480346679688,97.40636444091797,94.70480346679688,98.03060913085938,95.63471984863281,95.63471984863281,95.4620361328125,94.93682098388672,90.8019790649414,90.37699127197266,85.8836441040039,87.23531341552734,83.24061584472656,79.25907135009766,79.75587463378906,77.02597045898438,73.57308959960938,71.86793518066406,69.6419448852539,67.11929321289062,67.11929321289062,63.51377868652344,65.802734375,60.216278076171875,59.54829788208008,55.973209381103516,55.865909576416016,55.154327392578125,55.973209381103516,51.855567932128906,48.82622146606445,48.87739944458008
0,-35,-95,11,33,93.90420532226562,97.41663360595703,96.08329772949219,98.18350219726562,96.13011932373047,98.08159637451172,93.00537872314453,96.00521087646484,95.00526428222656,94.04785919189453,95.13148498535156,98.24967956542969,96.25486755371094,99.50376892089844,101.31633758544922,99.50376892089844,101.71037292480469,94.5304183959961,99.84988403320312,98.50888061523438,97.86725616455078,101.71037292480469,95.33625030517578,99.98500061035156,101.59724426269531,97.62171936035156,97.41663360595703,96.04686737060547,95.08417510986328,91.0878677368164,91.0,87.00574493408203,86.00581359863281,81.05553436279297,80.09993743896484,76.16429901123047,75.1065902709961,73.10950469970703,73.10950469970703,70.11418914794922,67.47592163085938,69.35416412353516,66.37017059326172,64.62971496582031,60.01666259765625,59.66573715209961,58.694122314453125,58.24087905883789,57.245086669921875,53.851646423339844,50.08992004394531,50.774009704589844
0,-35,-95,10,37,96.02082824707031,94.57801055908203,97.6166000366211,96.82975006103516,97.30878448486328,97.45255279541016,97.08243560791016,94.11163330078125,97.67292022705078,94.79451751708984,98.2903823852539,101.13851928710938,99.72462463378906,99.76472473144531,100.44898986816406,101.23734283447266,99.15644073486328,96.2081069946289,99.48869323730469,100.12492370605469,98.59513092041016,100.00499725341797,97.74456787109375,99.35794067382812,99.90495300292969,100.5683822631836,98.35140991210938,96.17691802978516,94.75231170654297,91.21951293945312,89.87213134765625,89.8276138305664,86.45230102539062,85.04116821289062,82.97589874267578,81.46778869628906,75.82215881347656,75.28611755371094,72.00694274902344,72.62230682373047,69.81404113769531,70.60453033447266,69.40460968017578,66.5732650756836,64.8999252319336,59.53990173339844,60.373836517333984,59.93329620361328,54.625999450683594,54.08327102661133,52.49761962890625,49.030601501464844
0,-35,-95,10,37,91.18113708496094,92.35800170898438,92.97311401367188,92.6552734375,91.76055908203125,92.6552734375,93.96276092529297,90.52071380615234,94.11163330078125,93.62158203125,94.9210205078125,95.35198211669922,96.33794403076172,96.87621307373047,95.03683471679688,98.0051040649414,96.6281509399414,95.03683471679688,94.5304183959961,96.87621307373047,94.8946762084961,93.77099609375,94.8946762084961,98.24967956542969,97.62171936035156,95.88534545898438,97.32420349121094,95.7078857421875,91.4111557006836,89.26925659179688,84.92938232421875,86.83317565917969,83.6779556274414,78.84795379638672,78.16009521484375,76.65507507324219,76.15773010253906,69.63475799560547,68.4105224609375,70.3420181274414,66.0984115600586,64.8459701538086,65.19202423095703,62.3939094543457,60.926185607910156,58.5918083190918,56.82429122924805,55.226806640625,51.62363815307617,49.648765563964844,47.20169448852539,48.27007293701172
0,-35,-95,10,38,94.84724426269531,94.79451751708984,96.17691802978516,98.2903823852539,94.76286315917969,96.17691802978516,96.8968505859375,94.79451751708984,96.26006317138672,98.23441314697266,99.02020263671875,100.43903350830078,100.12492370605469,99.29753112792969,98.81295776367188,99.02020263671875,97.94386291503906,99.5690689086914,100.70252990722656,101.2422866821289,101.2422866821289,100.12492370605469,97.09788513183594,102.08329772949219,102.39628601074219,101.2422866821289,99.04544067382812,98.22932434082031,93.4772720336914,93.00537872314453,89.20201873779297,88.61715698242188,85.04116821289062,83.63013458251953,79.98124694824219,79.5110092163086,80.43009185791016,74.65252685546875,70.93659210205078,69.35416412353516,68.7677230834961,66.60330200195312,70.00714111328125,64.38167572021484,61.61980056762695,59.03388977050781,60.216278076171875,57.42821502685547,54.918121337890625,51.62363815307617,50.537113189697266,48.46648406982422
0,-35,-95,11,34,95.42536163330078,99.40824890136719,98.85848236083984,99.84988403320312,98.0051040649414,96.33794403076172,100.62306213378906,96.69022369384766,96.8813705444336,100.16985321044922,102.35721588134766,100.68763732910156,101.2422866821289,101.83319854736328,99.6242904663086,100.5683822631836,101.0197982788086,98.68130493164062,100.30453491210938,100.30453491210938,104.35516357421875,101.0197982788086,98.4327163696289,101.39033508300781,103.12128448486328,100.90093994140625,100.5683822631836,98.35140991210938,94.86833190917969,93.00537872314453,89.84430694580078,88.05680084228516,88.05680084228516,82.46211242675781,81.78630828857422,79.55501556396484,79.55501556396484,73.00685119628906,75.70997619628906,71.80529022216797,70.21395874023438,69.42621612548828,69.72087097167969,65.6201171875,63.50590515136719,59.21148681640625,62.07253646850586,59.07622146606445,57.0,55.145263671875,53.46026611328125,50.80354309082031
0,-35,-95,10,38,96.79875946044922,98.18350219726562,94.62557983398438,99.29753112792969,98.81295776367188,101.82828521728516,97.20082092285156,96.21330261230469,98.71676635742188,97.74456787109375,101.23734283447266,102.59142303466797,101.23734283447266,100.40916442871094,101.86265563964844,100.4987564086914,104.66136169433594,95.4620361328125,104.00480651855469,99.76472473144531,101.13851928710938,101.83319854736328,97.59098052978516,103.3924560546875,102.55242919921875,101.83319854736328,100.44898986816406,96.26006317138672,100.00499725341797,92.76313781738281,95.7757797241211,88.86506652832031,89.20201873779297,83.40863037109375,82.20097351074219,78.00640869140625,78.60025787353516,75.21302795410156,73.60027313232422,71.02816009521484,69.065185546875,70.72481536865234,65.51335906982422,66.73080444335938,62.60990524291992,59.03388977050781,59.61543273925781,58.872745513916016,56.30275344848633,55.081756591796875,50.990196228027344,50.48762130737305
0,-35,-95,10,38,97.08243560791016,93.19334411621094,101.0197982788086,96.25486755371094,97.41663360595703,94.33981323242188,97.1287841796875,97.06183624267578,96.15092468261719,97.94386291503906,97.98979187011719,97.98979187011719,99.5389404296875,99.5389404296875,97.16995239257812,101.0197982788086,98.08159637451172,97.49871826171875,97.40636444091797,96.79875946044922,97.14422607421875,100.90093994140625,98.4327163696289,99.6242904663086,101.0197982788086,100.30453491210938,97.49871826171875,99.00505065917969,92.8493423461914,93.62158203125,87.23531341552734,89.44271850585938,84.5813217163086,82.2982406616211,82.2982406616211,79.15807342529297,76.47875213623047,75.66372680664062,71.19690704345703,67.23094177246094,68.60028839111328,66.2872543334961,68.50547790527344,61.587337493896484,62.20128631591797,58.2580451965332,60.20797348022461,58.728187561035156,57.28001403808594,52.40229034423828,51.400390625,48.25971221923828
0,-35,-95,11,34,98.31072998046875,99.08582305908203,101.23734283447266,100.6578369140625,99.48869323730469,94.02127075195312,99.63935089111328,95.90099334716797,99.04544067382812,102.2007827758789,99.4032211303711,100.68763732910156,102.08329772949219,102.72779846191406,101.2422866821289,103.94229125976562,98.88377380371094,103.44564056396484,102.08329772949219,102.4743881225586,102.72779846191406,104.23531341552734,99.12618255615234,101.53324890136719,104.44615936279297,99.4786376953125,100.16985321044922,97.94386291503906,97.94386291503906,96.25486755371094,92.0869140625,90.69729614257812,86.02325439453125,85.21150207519531,83.6002426147461,82.00609588623047,80.60397338867188,74.81310272216797,72.4706802368164,69.02897644042969,70.43436431884766,66.84310150146484,70.0927963256836,62.96824645996094,64.35060119628906,60.14149856567383,60.95900344848633,58.13776779174805,56.61272048950195,54.918121337890625,52.839378356933594,49.39635467529297
0,-35,-95,10,38,93.86160278320312,96.69022369384766,94.72592163085938,97.08243560791016,95.12622833251953,92.76313781738281,93.53608703613281,92.43917083740234,97.51409912109375,97.1287841796875,98.24967956542969,98.04590606689453,101.04454803466797,100.0199966430664,100.00499725341797,99.0,100.0199966430664,98.0051040649414,100.17984008789062,100.04499053955078,98.04590606689453,101.12368774414062,99.04544067382812,100.12492370605469,101.04454803466797,100.00499725341797,100.00499725341797,98.0,98.0,91.0494384765625,88.09085845947266,87.00574493408203,87.20664978027344,82.15229797363281,80.3056640625,77.23341369628906,75.1664810180664,74.3303451538086,71.44927978515625,71.56814575195312,67.60177612304688,68.4689712524414,64.62971496582031,62.64982223510742,62.585941314697266,57.723480224609375,60.63827133178711,58.18934631347656,56.30275344848633,52.92447280883789,50.990196228027344,48.25971221923828
0,-35,-95,10,38,97.32933807373047,100.40418243408203,98.0051040649414,102.39628601074219,100.9752426147461,98.99494934082031,100.12991333007812,99.63935089111328,100.62306213378906,100.0199966430664,101.63660430908203,101.6513671875,102.1077880859375,105.08092498779297,103.07764434814453,102.88343048095703,103.44564056396484,99.04039764404297,103.09219360351562,102.78618621826172,103.44564056396484,102.48902130126953,99.32774353027344,103.4069595336914,104.69479370117188,102.48902130126953,103.58088684082031,100.16985321044922,101.20276641845703,93.74433135986328,92.57429504394531,91.4111557006836,88.6848373413086,87.132080078125,83.72574615478516,80.7527084350586,80.62257385253906,78.51751708984375,76.41989135742188,74.3303451538086,71.17584228515625,71.25306701660156,69.1158447265625,67.00746154785156,66.0302963256836,62.07253646850586,59.13543701171875,58.30952072143555,56.718605041503906,56.88584899902344,53.16013717651367,49.04079818725586
0,-35,-95,10,38,99.82484436035156,96.54014587402344,97.45255279541016,98.08159637451172,99.02020263671875,97.41663360595703,97.6524429321289,97.6524429321289,97.08243560791016,97.34988403320312,101.54801940917969,101.87246704101562,102.72779846191406,102.21546173095703,97.41663360595703,105.19029998779297,100.64790344238281,100.7223892211914,101.07422637939453,101.96568298339844,100.7223892211914,100.62306213378906,101.53324890136719,103.31021118164062,100.64790344238281,100.7223892211914,99.98500061035156,99.64437103271484,92.11405944824219,92.6498794555664,92.0869140625,89.87213134765625,88.00568389892578,82.20097351074219,80.21221923828125,77.801025390625,80.60397338867188,72.80110168457031,71.84010314941406,71.84010314941406,70.1783447265625,70.1783447265625,67.26811981201172,64.35060119628906,62.93647766113281,60.95900344848633,59.46427536010742,58.13776779174805,57.20139694213867,54.20331954956055,51.4781494140625,47.92702865600586
0,-35,-95,11,34,95.33625030517578,94.5304183959961,98.85848236083984,95.63471984863281,98.15293884277344,96.17691802978516,96.50906372070312,96.50906372070312,97.29337310791016,99.68952178955078,97.26766967773438,100.42410278320312,98.08159637451172,100.24469757080078,99.6242904663086,100.5683822631836,100.90093994140625,98.67117309570312,100.5683822631836,99.29753112792969,98.37174224853516,100.90093994140625,96.76776123046875,100.46392059326172,103.4069595336914,102.48902130126953,98.37174224853516,95.88013458251953,94.3716049194336,93.40770721435547,89.49860382080078,90.24411010742188,86.68333435058594,83.54639434814453,80.04998779296875,80.60397338867188,77.46611785888672,75.13321685791016,70.61161041259766,69.72087097167969,70.71067810058594,69.46221923828125,67.26811981201172,64.28063201904297,63.12685775756836,59.0,59.03388977050781,59.21148681640625,57.42821502685547,56.4358024597168,51.62363815307617,48.764739990234375
0,-35,-95,10,38,95.60334777832031,98.0051040649414,97.6524429321289,99.5690689086914,100.70252990722656,100.70252990722656,99.98500061035156,99.98500061035156,98.0051040649414,97.49359130859375,102.4743881225586,100.22474670410156,102.45974731445312,102.956298828125,103.87010955810547,101.63660430908203,104.92378234863281,99.00505065917969,105.10946655273438,102.69371795654297,100.46392059326172,104.177734375,99.5389404296875,106.6255111694336,104.54663848876953,101.63660430908203,102.956298828125,99.80982208251953,97.94386291503906,94.81033325195312,92.59049987792969,91.24143981933594,89.47066497802734,85.08818817138672,83.00602722167969,79.64923095703125,79.75587463378906,75.29276275634766,74.79304504394531,76.00657653808594,71.86793518066406,71.28113555908203,65.19202423095703,66.2872543334961,65.0,62.00806427001953,59.66573715209961,60.14149856567383,56.58621597290039,56.63920974731445,51.855567932128906,50.80354309082031
0,-35,-95,11,33,92.89241027832031,94.11163330078125,97.1236343383789,97.41663360595703,97.71898651123047,92.97311401367188,96.13532257080078,93.40770721435547,93.98403930664062,97.69339752197266,99.5389404296875,99.4032211303711,98.48857879638672,99.4032211303711,96.66436767578125,97.50897216796875,96.60227966308594,96.60227966308594,98.41239929199219,97.49359130859375,96.17691802978516,98.0051040649414,97.50897216796875,102.0,96.66436767578125,97.50897216796875,95.85405731201172,95.4620361328125,91.38927459716797,90.62008666992188,89.4930191040039,89.8109130859375,86.33075714111328,80.95677947998047,79.4040298461914,78.74642944335938,76.92203521728516,74.21590423583984,70.3420181274414,67.91170501708984,67.44627380371094,65.51335906982422,66.2872543334961,63.78871536254883,63.639610290527344,59.13543701171875,57.07889175415039,57.00876998901367,52.038448333740234,55.226806640625,50.35871505737305,47.29693603515625
0,-35,-95,10,38,97.1287841796875,92.26592254638672,98.61541748046875,98.41239929199219,99.60923767089844,93.64827728271484,95.88534545898438,96.50906372070312,98.31072998046875,95.90099334716797,99.2471694946289,98.23441314697266,101.6513671875,100.68763732910156,100.42410278320312,103.16007232666016,97.1236343383789,97.1236343383789,97.40636444091797,102.2007827758789,102.48902130126953,101.83319854736328,99.6242904663086,100.5683822631836,99.29753112792969,99.32774353027344,100.96038818359375,98.23441314697266,95.8018798828125,92.444580078125,88.84255981445312,89.8220443725586,88.84255981445312,81.58431243896484,82.20097351074219,81.39410400390625,79.24645233154297,76.48529052734375,76.11833190917969,71.44927978515625,70.45565795898438,67.18630981445312,70.34912872314453,64.1248779296875,63.03173828125,59.0,62.0,59.07622146606445,57.314918518066406,53.33854293823242,51.62363815307617,50.96076965332031
0,-35,-95,11,33,93.30059051513672,95.5196304321289,94.33981323242188,92.70382690429688,90.37699127197266,94.15412902832031,96.60745239257812,92.57429504394531,94.81033325195312,92.66067504882812,96.60227966308594,97.6166000366211,97.75479888916016,96.3846435546875,95.52486419677734,96.5660400390625,96.5660400390625,95.41488647460938,99.29753112792969,98.18350219726562,96.5660400390625,98.18350219726562,93.81364440917969,96.83490753173828,97.09788513183594,98.18350219726562,94.66783905029297,93.53608703613281,92.28217315673828,90.04998779296875,86.31338500976562,87.20664978027344,85.0,81.02468872070312,79.2022705078125,74.73285675048828,73.00685119628906,71.69379425048828,68.70953369140625,70.38465881347656,66.48307800292969,67.41661834716797,63.24555206298828,61.032779693603516,59.203041076660156,58.24087905883789,56.29387283325195,55.73149871826172,52.345008850097656,51.088157653808594,52.0,47.04253387451172
0,-35,-95,10,37,94.84724426269531,94.79451751708984,97.59098052978516,96.8968505859375,97.67292022705078,95.67131042480469,95.01578521728516,95.67131042480469,96.42613983154297,98.23441314697266,101.212646484375,98.0051040649414,98.22932434082031,100.12492370605469,99.4032211303711,100.40418243408203,98.73702239990234,99.85990142822266,96.8968505859375,100.40418243408203,97.41663360595703,99.02020263671875,98.18350219726562,99.4786376953125,101.54801940917969,97.09788513183594,99.04544067382812,99.6242904663086,94.40338897705078,93.40770721435547,91.40021514892578,89.49860382080078,87.32124328613281,80.91971588134766,83.48652648925781,81.46778869628906,77.98717498779297,72.91776275634766,70.76722717285156,69.42621612548828,70.00714111328125,67.88224792480469,65.76473236083984,62.93647766113281,61.61980056762695,59.203041076660156,60.80295944213867,57.982757568359375,56.603885650634766,55.56977462768555,52.32590103149414,50.695167541503906
0,-35,-95,10,37,95.04735565185547,97.04637908935547,96.33275604248047,96.25486755371094,100.40418243408203,94.42987060546875,98.73196411132812,95.52486419677734,99.63935089111328,97.16481018066406,100.22474670410156,101.41498565673828,100.89598846435547,100.89598846435547,98.27003479003906,100.96038818359375,100.28459167480469,99.04039764404297,100.28459167480469,100.42410278320312,100.16985321044922,100.96038818359375,98.49365234375,101.19288635253906,101.53324890136719,100.96038818359375,97.26766967773438,99.68952178955078,95.8018798828125,92.19544219970703,91.08238220214844,89.44271850585938,84.85281372070312,81.88406372070312,82.87339782714844,80.8949966430664,78.08969116210938,74.81310272216797,73.68174743652344,72.69112396240234,70.34912872314453,66.18912506103516,68.11754608154297,64.07027435302734,63.0,60.074954986572266,60.13318634033203,57.21887969970703,57.42821502685547,56.718605041503906,51.97114562988281,48.383880615234375
0,-35,-95,11,33,94.33981323242188,96.18731689453125,98.0051040649414,96.08329772949219,96.00521087646484,96.04686737060547,96.04686737060547,95.08417510986328,96.08329772949219,98.12747192382812,99.18164825439453,98.61541748046875,99.72462463378906,98.99494934082031,97.62171936035156,100.84146118164062,98.99494934082031,97.86725616455078,98.31072998046875,100.9752426147461,99.72462463378906,99.84988403320312,98.73196411132812,101.78899383544922,102.70345306396484,99.84988403320312,99.32270812988281,97.32933807373047,97.25225067138672,92.19544219970703,88.0511245727539,87.05171203613281,87.00574493408203,82.00609588623047,80.0062484741211,79.0,78.025634765625,75.02666473388672,73.06161499023438,72.11102294921875,67.18630981445312,70.1783447265625,69.46221923828125,64.38167572021484,62.169124603271484,61.188232421875,60.16643524169922,60.63827133178711,57.584720611572266,53.851646423339844,50.56678771972656,51.107730865478516
0,-35,-95,10,38,93.81364440917969,97.6524429321289,97.34988403320312,98.73702239990234,97.94386291503906,96.04165649414062,99.84988403320312,96.64884948730469,98.41239929199219,98.41239929199219,99.28242492675781,101.55294036865234,103.78824615478516,97.98979187011719,100.7223892211914,102.15674591064453,102.69371795654297,100.7223892211914,100.08995819091797,99.16148376464844,99.92497253417969,101.76934814453125,99.00505065917969,103.81714630126953,100.08995819091797,100.84642028808594,102.04410552978516,97.50897216796875,98.38699340820312,95.2575454711914,91.7060546875,88.6848373413086,88.6848373413086,82.15229797363281,84.2199478149414,79.4040298461914,78.54934692382812,73.7834701538086,74.09453582763672,72.40165710449219,69.3397445678711,67.11929321289062,66.40029907226562,64.20280456542969,61.717098236083984,60.20797348022461,60.87692642211914,58.694122314453125,57.48912811279297,52.801513671875,51.61395263671875,50.6063232421875
0,-35,-95,11,34,98.41239929199219,97.98979187011719,98.83824920654297,101.07422637939453,98.97979736328125,100.34440612792969,99.98500061035156,98.61541748046875,99.5690689086914,97.90811920166016,100.43903350830078,100.20977783203125,101.212646484375,102.44998931884766,102.2007827758789,102.44998931884766,103.23274993896484,98.60020446777344,100.89598846435547,101.53324890136719,101.212646484375,101.82828521728516,100.42410278320312,101.41498565673828,104.35037231445312,101.04454803466797,99.6242904663086,99.6242904663086,97.90811920166016,94.30270385742188,91.52595520019531,92.11405944824219,89.1852035522461,86.09297180175781,79.75587463378906,78.03204345703125,77.69813537597656,76.66159057617188,74.24284362792969,73.82411193847656,70.21395874023438,72.44998168945312,68.42514038085938,67.62396240234375,60.539241790771484,60.16643524169922,59.4810905456543,58.694122314453125,56.75385284423828,54.58937454223633,51.62363815307617,52.038448333740234
0,-35,-95,10,38,98.0051040649414,97.34988403320312,100.16985321044922,96.04165649414062,97.94386291503906,95.52486419677734,99.29753112792969,98.83824920654297,100.17984008789062,99.74467468261719,99.7296371459961,99.74467468261719,103.07764434814453,100.22474670410156,100.46392059326172,105.10946655273438,99.92997741699219,99.6242904663086,100.24469757080078,102.14205932617188,100.5683822631836,103.09219360351562,98.4327163696289,102.45974731445312,105.47511291503906,101.76934814453125,100.08995819091797,100.84642028808594,96.3846435546875,96.25486755371094,88.54942321777344,90.3382568359375,88.54942321777344,82.76472473144531,84.5280990600586,80.13114166259766,78.39005279541016,76.66159057617188,73.9256362915039,73.06161499023438,71.34423828125,67.74215698242188,67.95587158203125,66.2872543334961,61.85466766357422,61.400325775146484,59.66573715209961,59.54829788208008,57.982757568359375,53.15073013305664,53.600372314453125,49.40647888183594
0,-35,-95,11,34,96.64884948730469,94.02127075195312,97.09788513183594,96.5660400390625,98.47842407226562,94.03190612792969,99.86490631103516,93.81364440917969,96.21330261230469,99.80982208251953,100.60317993164062,100.12492370605469,100.89598846435547,100.00499725341797,99.90495300292969,101.86265563964844,99.00505065917969,101.13851928710938,99.7045669555664,99.7045669555664,97.59098052978516,101.83319854736328,98.31072998046875,101.13851928710938,101.86265563964844,99.76472473144531,99.08582305908203,97.74456787109375,93.50936126708984,96.42613983154297,88.86506652832031,88.72992706298828,87.45856475830078,84.64632415771484,80.60397338867188,82.80096435546875,79.4040298461914,74.06078338623047,71.28113555908203,69.065185546875,71.28113555908203,66.0302963256836,71.86793518066406,63.631752014160156,61.773780822753906,59.9416389465332,60.373836517333984,58.872745513916016,58.18934631347656,57.00876998901367,52.88667297363281,49.81967544555664
0,-35,-95,11,33,96.17691802978516,93.4344711303711,98.59513092041016,97.74456787109375,98.85848236083984,93.08598327636719,97.20082092285156,95.0,96.02082824707031,98.81295776367188,97.41663360595703,99.29753112792969,100.40418243408203,99.85990142822266,96.5660400390625,100.7223892211914,98.0051040649414,99.84988403320312,98.48857879638672,99.29753112792969,98.0051040649414,100.23971557617188,100.84642028808594,100.7223892211914,101.3558120727539,98.1121826171875,97.75479888916016,100.40418243408203,94.03190612792969,94.87360382080078,88.7524642944336,89.87213134765625,87.6584243774414,82.80096435546875,80.0,82.20097351074219,75.43209075927734,71.84010314941406,73.10950469970703,72.4706802368164,70.93659210205078,68.680419921875,66.52819061279297,63.639610290527344,62.22539520263672,60.87692642211914,59.66573715209961,59.203041076660156,57.42821502685547,53.0,52.32590103149414,50.08992004394531
0,-35,-95,11,34,95.7078857421875,94.41397857666016,93.64827728271484,96.64884948730469,94.8946762084961,94.5145492553711,94.87360382080078,95.13148498535156,96.25486755371094,94.62557983398438,99.04544067382812,97.80081939697266,99.02020263671875,100.42410278320312,99.80982208251953,100.2646484375,100.89598846435547,97.30878448486328,101.31633758544922,99.90495300292969,101.04454803466797,99.35794067382812,94.64142608642578,101.98039245605469,100.76705932617188,101.53324890136719,99.80982208251953,95.8018798828125,95.0,91.8368148803711,90.69729614257812,90.69729614257812,86.60831451416016,81.12335968017578,78.54934692382812,77.5241928100586,78.03204345703125,75.80237579345703,74.4311752319336,71.58910369873047,67.5425796508789,66.64833068847656,68.44705963134766,67.11929321289062,62.96824645996094,59.80802536010742,58.24087905883789,58.52349853515625,56.51548385620117,52.46903991699219,53.15073013305664,52.009613037109375
0,-35,-95,11,33,96.26006317138672,95.71833801269531,96.3846435546875,96.25486755371094,96.8968505859375,95.88013458251953,95.29428100585938,95.2575454711914,95.2575454711914,97.50897216796875,101.07917785644531,99.80982208251953,99.80982208251953,99.92497253417969,100.84642028808594,100.46392059326172,100.6578369140625,97.69339752197266,100.90093994140625,99.95999145507812,98.68130493164062,99.95999145507812,97.86214447021484,101.19288635253906,99.02020263671875,100.46392059326172,99.5389404296875,94.93682098388672,94.42987060546875,92.61209106445312,91.23595428466797,89.0,87.23531341552734,82.76472473144531,79.25907135009766,78.77182006835938,77.89736938476562,73.57308959960938,73.57308959960938,71.02112579345703,70.49113464355469,67.11929321289062,67.67569732666016,66.61080932617188,62.20128631591797,61.073726654052734,58.13776779174805,58.0,56.56854248046875,55.31726837158203,50.0,48.87739944458008
0,-35,-95,11,33,92.6552734375,91.66242218017578,96.17691802978516,93.05912017822266,94.72592163085938,91.08238220214844,93.17188262939453,94.11163330078125,95.56673431396484,93.14505004882812,96.84007263183594,95.50916290283203,97.08243560791016,95.5196304321289,92.97311401367188,99.16148376464844,93.98403930664062,93.30059051513672,98.61541748046875,95.07891082763672,96.79875946044922,97.86214447021484,95.5196304321289,98.0866928100586,97.14422607421875,95.5196304321289,96.4624252319336,94.86833190917969,91.76055908203125,89.84430694580078,85.4400405883789,86.40023040771484,82.46211242675781,80.52328491210938,80.04998779296875,77.6208724975586,74.52516174316406,73.16419982910156,69.42621612548828,68.24954223632812,66.2872543334961,66.0984115600586,64.77654266357422,61.52235412597656,61.20457458496094,58.13776779174805,58.0,56.00892639160156,55.145263671875,52.15361785888672,50.635955810546875,47.53945541381836
0,-35,-95,11,33,97.0,97.59098052978516,95.48298645019531,98.35140991210938,97.08243560791016,97.67292022705078,97.74456787109375,94.4933853149414,96.54014587402344,96.40020751953125,97.00515747070312,98.81295776367188,99.29753112792969,100.95543670654297,97.94386291503906,101.2422866821289,98.79270935058594,95.71833801269531,99.4786376953125,98.61541748046875,101.78899383544922,98.61541748046875,96.04165649414062,99.84988403320312,99.85990142822266,102.39628601074219,100.40418243408203,97.08243560791016,97.08243560791016,91.26335144042969,88.23831176757812,90.60353088378906,86.40023040771484,82.20097351074219,81.21575927734375,79.8122787475586,78.8733139038086,73.10950469970703,74.5184555053711,71.70076751708984,69.42621612548828,68.62215423583984,67.17886352539062,62.2414665222168,62.96824645996094,58.694122314453125,60.30754470825195,56.85068130493164,56.035701751708984,53.33854293823242,53.33854293823242,49.24428939819336
0,-35,-95,10,37,96.8813705444336,98.06120300292969,93.86160278320312,97.51409912109375,94.83142852783203,97.26766967773438,95.88013458251953,95.21029663085938,97.1236343383789,92.35800170898438,98.35140991210938,99.6242904663086,98.08159637451172,99.72462463378906,102.31813049316406,99.16148376464844,101.55294036865234,95.07891082763672,102.956298828125,98.89894104003906,98.0866928100586,99.80982208251953,95.4620361328125,101.98039245605469,99.92497253417969,99.5389404296875,97.73944854736328,95.85926818847656,97.08243560791016,90.13877868652344,90.8019790649414,89.5600357055664,83.52245330810547,82.71033477783203,82.22530364990234,76.40026092529297,77.36924743652344,73.34848022460938,73.54590606689453,70.40596771240234,65.92420196533203,68.73136138916016,64.93843078613281,65.6201171875,63.12685775756836,59.03388977050781,59.00847244262695,57.0,56.14267349243164,55.578773498535156,52.95280838012695,50.695167541503906
0,-35,-95,11,34,94.03190612792969,95.96353149414062,100.42410278320312,104.62313079833984,98.0051040649414,99.80982208251953,98.08159637451172,97.94896697998047,99.2471694946289,99.90495300292969,101.91172790527344,103.23758697509766,103.27632904052734,103.23758697509766,101.86265563964844,103.27632904052734,99.76472473144531,101.23734283447266,105.55093383789062,100.5683822631836,102.55242919921875,103.27632904052734,100.44898986816406,105.55093383789062,102.64988708496094,103.23758697509766,102.59142303466797,99.08582305908203,100.44898986816406,94.79451751708984,92.8493423461914,90.90654754638672,92.61749267578125,85.2760238647461,82.80096435546875,80.43009185791016,80.43009185791016,75.80237579345703,76.6093978881836,74.3303451538086,71.61005401611328,71.84706115722656,67.95587158203125,66.37017059326172,64.88451385498047,62.169124603271484,62.2414665222168,60.16643524169922,58.18934631347656,54.120235443115234,55.785301208496094,52.345008850097656
0,-35,-95,10,37,91.0494384765625,93.0,95.00526428222656,95.00526428222656,94.04785919189453,92.0869140625,94.19129180908203,93.4344711303711,95.33625030517578,96.7470932006836,93.64827728271484,94.20191192626953,99.14131164550781,97.67292022705078,96.8813705444336,97.86214447021484,96.31718444824219,95.7078857421875,96.3016128540039,95.8018798828125,97.29337310791016,98.95453643798828,96.7729263305664,99.20181274414062,101.98039245605469,97.08243560791016,96.69022369384766,95.35198211669922,94.20191192626953,92.54188537597656,85.58621215820312,87.69264221191406,85.70880889892578,81.39410400390625,80.22468566894531,78.51751708984375,77.23341369628906,74.1687240600586,73.10950469970703,69.1158447265625,68.00735473632812,65.03076171875,67.0,62.00806427001953,62.07253646850586,58.30952072143555,58.30952072143555,57.87054443359375,52.17279052734375,55.54277801513672,49.33558654785156,48.332183837890625
0,-35,-95,11,34,97.94386291503906,95.18928527832031,100.64790344238281,100.34440612792969,96.64884948730469,97.06183624267578,97.08243560791016,97.50897216796875,99.74467468261719,99.00505065917969,100.7223892211914,99.36800384521484,100.84642028808594,102.78618621826172,99.02020263671875,104.35516357421875,102.78618621826172,99.95999145507812,99.6242904663086,100.24469757080078,99.29753112792969,103.74005889892578,96.79875946044922,104.40306854248047,102.14205932617188,99.6242904663086,100.30453491210938,99.16148376464844,96.3846435546875,95.85405731201172,89.47066497802734,89.05054473876953,86.76404571533203,83.63013458251953,82.76472473144531,80.52949523925781,79.17701721191406,74.70609283447266,72.4706802368164,73.06161499023438,71.34423828125,68.79679870605469,69.065185546875,64.637451171875,63.0079345703125,59.81638717651367,59.03388977050781,58.728187561035156,58.0,54.037025451660156,53.413482666015625,49.09175109863281
0,-35,-95,11,34,99.12618255615234,96.8968505859375,96.64884948730469,97.52947998046875,97.06183624267578,95.7131118774414,98.38699340820312,95.2732925415039,97.98979187011719,95.85405731201172,98.0866928100586,101.0197982788086,98.23441314697266,99.95999145507812,99.36800384521484,100.90093994140625,102.14205932617188,98.68130493164062,98.97979736328125,98.97979736328125,99.6242904663086,99.92997741699219,97.73944854736328,101.53324890136719,102.78618621826172,100.90093994140625,100.08995819091797,96.3846435546875,97.16995239257812,95.75489807128906,89.44271850585938,88.1192398071289,87.20664978027344,83.6480712890625,82.76472473144531,79.64923095703125,77.41446685791016,74.70609283447266,73.06161499023438,72.20111083984375,68.79679870605469,67.67569732666016,69.40460968017578,64.20280456542969,64.20280456542969,60.30754470825195,60.87692642211914,59.396968841552734,56.63920974731445,54.671749114990234,51.22499465942383,51.62363815307617
0,-35,-95,11,34,90.66973114013672,93.53608703613281,94.04785919189453,94.04785919189453,92.57429504394531,92.57429504394531,94.14881896972656,92.19544219970703,92.6498794555664,94.25497436523438,94.25497436523438,95.18928527832031,95.85926818847656,93.98403930664062,93.60555267333984,95.2732925415039,96.79875946044922,92.69843292236328,97.16995239257812,97.14422607421875,95.63471984863281,96.7729263305664,92.8493423461914,97.08243560791016,98.48857879638672,96.7729263305664,94.70480346679688,92.69843292236328,92.69843292236328,89.8109130859375,87.59566497802734,86.33075714111328,82.861328125,77.49193572998047,79.30951690673828,75.69015502929688,73.08214569091797,72.42237091064453,68.680419921875,67.91170501708984,66.94026947021484,66.70832061767578,64.32728576660156,62.96824645996094,63.50590515136719,56.32051086425781,55.081756591796875,56.035701751708984,54.00925827026367,52.038448333740234,49.04079818725586,49.81967544555664
0,-35,-95,11,34,97.90811920166016,97.6524429321289,96.83490753173828,99.4032211303711,99.80982208251953,98.85848236083984,100.2646484375,99.90495300292969,103.3924560546875,98.49365234375,100.44898986816406,105.36128234863281,104.66136169433594,102.64988708496094,102.55242919921875,104.9952392578125,102.303466796875,101.31633758544922,103.23274993896484,102.94173431396484,100.6578369140625,102.94173431396484,101.41498565673828,103.23274993896484,103.71113586425781,102.303466796875,100.12492370605469,99.82484436035156,96.93812561035156,94.84724426269531,91.93476104736328,91.21951293945312,86.97700500488281,85.58621215820312,82.73451232910156,82.03657531738281,79.20858764648438,75.74298858642578,75.74298858642578,73.55270385742188,72.91776275634766,71.58910369873047,70.29224395751953,65.4369888305664,64.40496826171875,62.68173599243164,60.539241790771484,60.90156173706055,59.9416389465332,55.54277801513672,53.851646423339844,51.54609680175781
0,-35,-95,10,37,96.0,96.00521087646484,96.33275604248047,98.24967956542969,96.25486755371094,96.51942443847656,95.63471984863281,95.03683471679688,97.32420349121094,95.7078857421875,99.63935089111328,101.41498565673828,98.27003479003906,100.43903350830078,101.63660430908203,99.45853424072266,100.68763732910156,97.26766967773438,100.28459167480469,100.0,99.20181274414062,100.96038818359375,98.23441314697266,101.2422866821289,101.6513671875,99.45853424072266,98.95453643798828,95.34149169921875,96.8813705444336,93.74433135986328,91.08238220214844,88.28363037109375,86.31338500976562,81.74349975585938,82.60750579833984,76.65507507324219,76.53103637695312,72.56031799316406,73.33484649658203,74.24284362792969,68.18357849121094,67.18630981445312,66.06814575195312,64.0078125,61.00819778442383,60.0333251953125,60.20797348022461,57.55866622924805,55.44366455078125,56.08921432495117,50.695167541503906,49.39635467529297
0,-35,-95,11,33,91.9673843383789,91.3509750366211,97.18538665771484,97.18538665771484,96.42613983154297,94.64142608642578,97.00515747070312,95.8018798828125,95.0,94.62557983398438,96.02082824707031,97.34988403320312,100.70252990722656,97.41663360595703,92.96235656738281,99.36296844482422,96.17691802978516,96.25486755371094,97.94896697998047,97.06183624267578,96.7470932006836,99.76472473144531,99.84988403320312,99.29753112792969,98.0051040649414,97.41663360595703,96.7470932006836,94.66783905029297,91.92388153076172,93.81364440917969,85.98255920410156,87.6584243774414,84.62860107421875,79.2022705078125,79.6303939819336,79.6303939819336,75.60423278808594,73.40980529785156,70.60453033447266,67.80117797851562,69.81404113769531,66.21932983398438,67.26811981201172,61.55485534667969,62.2414665222168,60.10823440551758,57.48912811279297,57.48912811279297,54.64430618286133,53.0,51.4781494140625,49.19349670410156
0,-35,-95,10,38,99.08077239990234,98.18350219726562,101.96568298339844,99.32270812988281,100.60317993164062,100.12991333007812,97.86725616455078,99.29753112792969,100.44898986816406,98.84330749511719,103.94229125976562,104.13932800292969,104.04806518554688,102.61579132080078,100.42410278320312,104.12012481689453,102.2007827758789,101.6513671875,101.53324890136719,101.2422866821289,102.88343048095703,105.36128234863281,101.39033508300781,102.48902130126953,104.54663848876953,102.61091613769531,100.66280364990234,99.46356201171875,95.90099334716797,96.69022369384766,91.92388153076172,90.66973114013672,88.6848373413086,86.5794448852539,83.48652648925781,83.48652648925781,80.62257385253906,75.23961639404297,77.05841827392578,75.1065902709961,73.17103576660156,69.00724792480469,69.065185546875,65.03076171875,66.12110137939453,63.19810104370117,62.28964614868164,59.6824951171875,56.51548385620117,57.723480224609375,55.36244201660156,51.4781494140625
0,-35,-95,10,37,95.75489807128906,95.4620361328125,97.30878448486328,98.23441314697266,95.85926818847656,93.04837799072266,95.5196304321289,97.08243560791016,97.1236343383789,96.84007263183594,97.98469543457031,100.66280364990234,99.68952178955078,100.62306213378906,100.0199966430664,100.28459167480469,99.98500061035156,98.15293884277344,100.60317993164062,100.12991333007812,98.06120300292969,99.84988403320312,97.16481018066406,102.8250961303711,100.28459167480469,99.14131164550781,99.29753112792969,97.67292022705078,93.94147491455078,93.74433135986328,90.24411010742188,90.47099304199219,88.5268325805664,83.24061584472656,82.9698715209961,80.28075408935547,77.88452911376953,75.69015502929688,72.80110168457031,72.80110168457031,71.7844009399414,68.00735473632812,68.3081283569336,64.8459701538086,62.64982223510742,61.32699203491211,58.13776779174805,60.8276252746582,54.20331954956055,54.37830352783203,53.00943374633789,50.447994232177734
0,-35,-95,11,33,91.7823486328125,91.98369598388672,94.8946762084961,96.17691802978516,95.03683471679688,92.9139404296875,92.34716796875,92.26592254638672,95.2575454711914,95.33625030517578,94.13288116455078,96.00521087646484,95.08417510986328,96.00521087646484,95.0,97.02061462402344,96.02082824707031,95.0,96.04686737060547,96.00521087646484,96.00521087646484,97.04637908935547,96.02082824707031,97.18538665771484,96.02082824707031,94.0,99.00505065917969,96.00521087646484,93.19334411621094,91.13726043701172,87.20664978027344,84.2911605834961,82.2982406616211,80.5046615600586,76.41989135742188,75.53807067871094,76.41989135742188,70.71067810058594,68.88395690917969,69.05070495605469,67.46851348876953,65.76473236083984,65.30696868896484,62.36986541748047,59.66573715209961,57.87054443359375,55.36244201660156,56.080299377441406,54.230987548828125,53.66563034057617,50.2493782043457,45.80392837524414
0,-35,-95,10,37,95.13148498535156,96.04686737060547,96.21330261230469,94.64142608642578,100.43903350830078,94.81033325195312,93.19334411621094,94.57801055908203,94.87360382080078,98.27003479003906,96.25486755371094,98.88377380371094,95.77056121826172,95.38343811035156,95.38343811035156,97.94896697998047,96.60745239257812,97.94896697998047,96.66436767578125,100.22474670410156,97.04637908935547,96.17691802978516,97.04637908935547,98.48857879638672,98.38699340820312,97.06183624267578,95.77056121826172,96.25486755371094,95.29428100585938,91.4166259765625,85.98255920410156,87.98295593261719,83.21658325195312,80.15609741210938,82.09750366210938,78.77182006835938,76.27581787109375,72.42237091064453,71.84706115722656,68.818603515625,69.20259857177734,65.6048812866211,66.84310150146484,62.36986541748047,63.03173828125,59.41380310058594,55.865909576416016,58.898216247558594,56.080299377441406,53.00943374633789,49.648765563964844,47.88528060913086
0,-35,-95,10,38,99.18164825439453,103.0436782836914,100.00499725341797,102.00489807128906,99.00505065917969,101.04454803466797,101.12368774414062,98.24967956542969,101.31633758544922,99.32270812988281,106.47064971923828,101.83319854736328,105.07616424560547,104.23531341552734,106.3672866821289,101.60708618164062,105.38026428222656,100.28459167480469,106.30146026611328,105.11898040771484,101.60708618164062,104.13932800292969,99.63935089111328,103.16007232666016,105.54619598388672,104.23531341552734,105.07616424560547,99.84988403320312,99.60923767089844,93.4344711303711,93.53608703613281,93.4344711303711,89.20201873779297,88.20430755615234,83.05419921875,76.10519409179688,79.00633239746094,77.0,77.0,76.02631378173828,69.00724792480469,68.00735473632812,68.11754608154297,71.11258697509766,65.37583923339844,62.28964614868164,59.84145736694336,61.98386764526367,57.9741325378418,58.52349853515625,53.75872039794922,50.15974426269531
0,-35,-95,11,34,98.08159637451172,101.0197982788086,100.64790344238281,99.5389404296875,97.98979187011719,98.41239929199219,97.04637908935547,99.84988403320312,99.76472473144531,100.34440612792969,100.4987564086914,102.39628601074219,102.92716217041016,102.34255981445312,101.2422866821289,101.78899383544922,102.2007827758789,98.73702239990234,101.40019989013672,101.0197982788086,101.40019989013672,103.4069595336914,100.60317993164062,105.26158142089844,102.80078125,100.68763732910156,101.0197982788086,96.51942443847656,97.90811920166016,94.03190612792969,91.26883697509766,92.11405944824219,89.69392395019531,83.72574615478516,80.26206970214844,78.892333984375,78.77182006835938,76.5375747680664,73.9256362915039,73.35530090332031,70.71067810058594,69.31810760498047,67.97793579101562,67.11929321289062,64.47480010986328,61.09828186035156,61.35144805908203,60.87692642211914,56.75385284423828,56.08921432495117,54.33230972290039,51.03919982910156
0,-35,-95,10,38,94.57801055908203,98.35140991210938,97.1236343383789,98.67117309570312,97.52947998046875,97.1236343383789,96.5660400390625,98.23441314697266,96.31718444824219,98.84330749511719,98.65596771240234,98.84330749511719,98.15293884277344,101.27191162109375,98.0051040649414,101.49384307861328,100.31948852539062,98.99494934082031,98.61541748046875,101.83319854736328,99.84988403320312,101.59724426269531,95.52486419677734,101.59724426269531,103.4069595336914,100.12991333007812,102.42070007324219,96.8813705444336,96.8813705444336,94.3663101196289,90.24411010742188,88.29496002197266,87.80091094970703,81.4923324584961,81.74349975585938,79.30951690673828,75.96051788330078,74.3303451538086,72.12489318847656,71.16881561279297,70.21395874023438,68.62215423583984,67.06713104248047,63.158531188964844,61.269893646240234,61.269893646240234,60.8276252746582,58.18075180053711,55.75840759277344,53.00943374633789,53.600372314453125,50.93132781982422
0,-35,-95,11,34,97.80081939697266,97.41663360595703,99.63935089111328,101.53324890136719,99.2471694946289,97.18538665771484,97.94896697998047,98.41239929199219,99.08582305908203,98.2903823852539,99.00505065917969,100.4987564086914,102.64988708496094,101.23734283447266,101.91172790527344,104.80458068847656,102.17631530761719,100.76705932617188,100.42410278320312,102.94173431396484,101.91172790527344,102.94173431396484,98.59513092041016,102.61579132080078,102.303466796875,102.068603515625,100.4987564086914,98.31072998046875,94.79451751708984,93.34880828857422,90.52071380615234,90.55384826660156,89.10667419433594,83.63013458251953,82.32861328125,79.30951690673828,78.51751708984375,73.10950469970703,75.07329559326172,71.84010314941406,70.43436431884766,68.4105224609375,68.00735473632812,63.51377868652344,61.29437255859375,60.90156173706055,61.29437255859375,57.697486877441406,55.94640350341797,55.54277801513672,51.244510650634766,50.0099983215332
0,-35,-95,11,34,90.93404388427734,94.04785919189453,93.26306915283203,95.42536163330078,94.2602767944336,94.08506774902344,94.13288116455078,93.13430786132812,94.00531768798828,92.00543212890625,97.00515747070312,97.1287841796875,95.33625030517578,93.26306915283203,95.18928527832031,97.25225067138672,95.42536163330078,95.42536163330078,97.86725616455078,98.32598876953125,95.2575454711914,95.52486419677734,94.33981323242188,99.14131164550781,97.51409912109375,95.52486419677734,95.18928527832031,91.19758605957031,91.0878677368164,88.20430755615234,88.00568389892578,87.00574493408203,83.02409362792969,80.05622863769531,79.02531433105469,76.02631378173828,75.00666809082031,70.00714111328125,70.06425476074219,69.1158447265625,66.18912506103516,66.27216339111328,66.37017059326172,64.62971496582031,62.64982223510742,57.48912811279297,58.051700592041016,56.04462432861328,54.708316802978516,54.08327102661133,52.55473327636719,48.30113983154297
0,-35,-95,10,37,92.19544219970703,93.94147491455078,94.3663101196289,94.81033325195312,92.59049987792969,91.78779602050781,93.1504135131836,92.78469848632812,91.06591033935547,93.49331665039062,95.69221496582031,94.86833190917969,95.69221496582031,100.0,98.81295776367188,95.42536163330078,97.30878448486328,92.61749267578125,95.13148498535156,98.49365234375,95.7757797241211,97.94896697998047,94.02127075195312,95.67131042480469,100.2646484375,99.02020263671875,97.6166000366211,92.20086669921875,95.0,85.21150207519531,86.53323364257812,84.87638092041016,83.21658325195312,78.77182006835938,79.88116455078125,74.625732421875,72.71863555908203,70.49113464355469,71.02112579345703,70.49113464355469,65.0,67.41661834716797,62.64982223510742,61.717098236083984,61.32699203491211,59.09314727783203,57.584720611572266,55.71355438232422,52.88667297363281,51.195701599121094,51.62363815307617,50.15974426269531
0,-35,-95,10,37,95.88013458251953,98.08159637451172,95.8018798828125,98.71676635742188,97.01546478271484,94.5938720703125,95.90099334716797,94.20191192626953,96.17691802978516,95.75489807128906,94.76286315917969,96.33275604248047,99.2471694946289,99.2471694946289,98.18350219726562,99.08077239990234,98.04590606689453,96.02082824707031,98.0051040649414,100.0199966430664,98.04590606689453,100.00499725341797,95.04735565185547,100.04499053955078,98.0051040649414,98.0204086303711,95.04735565185547,98.18350219726562,93.13430786132812,90.3548583984375,87.3670425415039,88.36288452148438,85.28775024414062,81.39410400390625,79.76214599609375,77.5241928100586,76.41989135742188,70.71067810058594,73.68174743652344,69.72087097167969,69.05070495605469,67.89698028564453,66.2872543334961,61.392181396484375,60.87692642211914,58.24087905883789,59.13543701171875,58.52349853515625,54.12947463989258,54.120235443115234,51.107730865478516,47.434165954589844
0,-35,-95,10,38,96.25486755371094,97.50897216796875,97.94896697998047,98.38699340820312,97.1287841796875,96.64884948730469,96.04165649414062,96.5660400390625,98.47842407226562,95.41488647460938,98.73702239990234,98.47334289550781,99.4032211303711,97.80081939697266,98.81295776367188,100.2646484375,99.02020263671875,99.02020263671875,103.07764434814453,101.67103576660156,99.02020263671875,101.212646484375,97.00515747070312,102.17631530761719,99.80982208251953,101.82828521728516,99.4032211303711,96.02082824707031,96.51942443847656,91.52595520019531,88.83692932128906,90.21086120605469,86.95401000976562,81.4923324584961,81.00617218017578,78.03204345703125,77.02597045898438,75.66372680664062,72.06941223144531,73.82411193847656,69.77105712890625,69.31810760498047,65.30696868896484,63.158531188964844,62.62587356567383,59.13543701171875,60.728904724121094,59.43904495239258,56.51548385620117,54.7448616027832,51.62363815307617,49.04079818725586
0,-35,-95,11,34,99.00505065917969,99.00505065917969,98.68130493164062,99.95999145507812,97.40636444091797,96.79875946044922,98.03060913085938,96.4624252319336,98.76234436035156,100.43903350830078,100.66280364990234,101.98039245605469,101.78899383544922,99.82484436035156,99.46356201171875,103.4069595336914,100.9752426147461,100.28459167480469,101.11874389648438,101.11874389648438,101.60708618164062,101.96568298339844,99.46356201171875,100.84146118164062,102.42070007324219,100.28459167480469,100.80674743652344,97.08243560791016,96.10411071777344,94.14881896972656,89.73851013183594,89.73851013183594,88.05680084228516,85.070556640625,81.90848541259766,80.77747344970703,78.16009521484375,73.37574768066406,72.42237091064453,70.21395874023438,71.7844009399414,70.57620239257812,67.779052734375,62.3939094543457,62.64982223510742,61.717098236083984,59.53990173339844,60.41522979736328,57.45433044433594,55.0,53.26349639892578,48.08325958251953
0,-35,-95,11,33,93.81364440917969,91.52595520019531,95.18928527832031,94.66783905029297,95.18928527832031,93.81364440917969,93.1504135131836,92.1791763305664,92.13034057617188,95.7131118774414,97.04637908935547,95.75489807128906,95.4620361328125,95.34149169921875,95.07891082763672,99.16148376464844,95.18928527832031,95.4620361328125,97.40636444091797,96.4624252319336,96.79875946044922,98.08159637451172,92.69843292236328,97.71898651123047,95.85926818847656,95.85926818847656,94.33981323242188,93.62158203125,91.28527069091797,90.87353515625,86.76404571533203,86.31338500976562,83.63013458251953,80.95059967041016,77.02597045898438,74.24284362792969,74.30342864990234,70.71067810058594,69.35416412353516,66.73080444335938,66.73080444335938,64.49806213378906,68.24221801757812,62.12889862060547,60.605281829833984,58.41232681274414,57.48912811279297,55.226806640625,55.865909576416016,51.7397346496582,50.0,48.82622146606445
0,-35,-95,10,37,92.76313781738281,94.79451751708984,96.87621307373047,97.58073425292969,95.48298645019531,93.38094329833984,92.6552734375,92.69843292236328,94.84724426269531,94.81033325195312,95.60334777832031,97.80081939697266,98.81295776367188,96.26006317138672,95.21029663085938,98.22932434082031,99.29753112792969,96.26006317138672,97.90811920166016,96.83490753173828,96.40020751953125,97.41663360595703,95.21029663085938,100.95543670654297,100.43903350830078,96.60745239257812,97.45255279541016,94.3663101196289,90.90654754638672,89.49860382080078,86.37129211425781,87.0,85.6329345703125,79.90619659423828,79.90619659423828,77.79460144042969,75.07329559326172,72.12489318847656,71.44927978515625,67.20863342285156,65.85590362548828,65.85590362548828,63.78087615966797,61.84658432006836,61.61168670654297,56.859474182128906,54.918121337890625,56.4358024597168,54.58937454223633,51.88448715209961,51.26402282714844,48.08325958251953
0,-35,-95,10,37,96.04686737060547,95.08417510986328,96.13011932373047,97.18538665771484,96.25486755371094,95.33625030517578,94.5304183959961,92.6552734375,92.77930450439453,93.21480560302734,95.8018798828125,95.34149169921875,98.27003479003906,96.7729263305664,97.29337310791016,97.01546478271484,96.04686737060547,94.83142852783203,97.52947998046875,97.26766967773438,96.54014587402344,96.7729263305664,95.07891082763672,97.1236343383789,98.76234436035156,97.74456787109375,94.9210205078125,93.94147491455078,92.96235656738281,87.4757080078125,86.83317565917969,85.58621215820312,83.48652648925781,78.51751708984375,78.23043060302734,76.41989135742188,73.55270385742188,72.44308471679688,68.26419067382812,67.18630981445312,67.06713104248047,63.0079345703125,64.0078125,60.008331298828125,59.13543701171875,58.30952072143555,57.55866622924805,57.706153869628906,55.10898208618164,52.63079071044922,50.0,48.84669876098633
0,-35,-95,10,38,96.7729263305664,102.15674591064453,96.4624252319336,103.12128448486328,97.08243560791016,98.03060913085938,98.08159637451172,99.04039764404297,96.84007263183594,94.83142852783203,100.43903350830078,97.74456787109375,100.0199966430664,102.77159118652344,101.60708618164062,100.28459167480469,101.83319854736328,95.03683471679688,102.59142303466797,100.9752426147461,99.14131164550781,98.99494934082031,94.20191192626953,101.59724426269531,102.42070007324219,101.27191162109375,101.60708618164062,93.94147491455078,94.9210205078125,90.24411010742188,90.9560317993164,88.29496002197266,87.80091094970703,81.32035064697266,80.08120727539062,76.24303436279297,78.16009521484375,73.37574768066406,72.42237091064453,73.37574768066406,70.00714111328125,69.6419448852539,64.8459701538086,66.30987548828125,62.64982223510742,62.17716598510742,60.41522979736328,58.30952072143555,57.45433044433594,54.08327102661133,51.855567932128906,51.6623649597168
0,-35,-95,10,37,94.76286315917969,96.02603912353516,96.10411071777344,94.72592163085938,96.31718444824219,93.39164733886719,93.62158203125,90.52071380615234,94.64142608642578,94.86833190917969,95.50916290283203,98.08159637451172,96.2081069946289,98.79270935058594,97.86214447021484,95.34149169921875,98.0866928100586,93.40770721435547,97.08243560791016,95.75489807128906,95.34149169921875,96.17691802978516,96.93296813964844,97.08243560791016,100.7223892211914,96.93296813964844,95.4620361328125,92.4770278930664,91.76055908203125,87.92041778564453,84.48076629638672,83.81526947021484,81.60882568359375,77.49193572998047,77.20103454589844,75.58438873291016,74.46475982666016,70.88018035888672,68.4105224609375,67.44627380371094,65.73431396484375,64.32728576660156,62.36986541748047,60.01666259765625,59.53990173339844,56.32051086425781,56.22277069091797,56.035701751708984,56.00892639160156,50.08992004394531,49.162994384765625,48.05205535888672
0,-35,-95,10,37,98.27003479003906,95.01578521728516,99.76472473144531,97.52947998046875,98.41239929199219,94.3716049194336,97.50897216796875,94.93682098388672,96.25486755371094,93.98403930664062,99.02020263671875,97.73944854736328,99.29753112792969,99.92997741699219,99.32774353027344,101.2422866821289,94.64142608642578,98.08159637451172,98.71676635742188,101.13851928710938,97.26766967773438,100.42410278320312,97.26766967773438,100.16985321044922,100.42410278320312,96.5660400390625,98.49365234375,96.16651916503906,89.4930191040039,91.08238220214844,88.60022735595703,87.09190368652344,86.16263580322266,81.3449478149414,79.30951690673828,76.89603424072266,73.9256362915039,72.61542510986328,72.09021759033203,68.94200134277344,67.11929321289062,64.88451385498047,67.08203887939453,63.52952194213867,61.057350158691406,58.24946212768555,56.30275344848633,56.61272048950195,55.0,55.973209381103516,52.345008850097656,49.04079818725586
0,-35,-95,10,37,100.0199966430664,97.29337310791016,102.61579132080078,99.92497253417969,97.52947998046875,98.49365234375,99.32774353027344,98.67117309570312,99.92997741699219,97.08243560791016,101.51354217529297,100.08995819091797,102.31813049316406,100.6578369140625,100.84642028808594,101.55294036865234,100.22474670410156,100.31948852539062,101.07917785644531,102.88343048095703,101.23734283447266,101.23734283447266,97.69339752197266,100.64790344238281,102.15674591064453,99.5389404296875,99.02020263671875,96.93296813964844,93.6375961303711,93.30059051513672,88.86506652832031,87.64131164550781,85.86617279052734,82.00609588623047,81.04319763183594,78.84795379638672,77.1297607421875,74.21590423583984,72.2772445678711,70.40596771240234,66.70832061767578,67.26811981201172,66.91038513183594,63.639610290527344,62.3939094543457,61.13100814819336,60.074954986572266,56.0,56.14267349243164,54.230987548828125,51.788028717041016,49.47726821899414
0,-35,-95,11,33,97.41663360595703,95.21029663085938,97.14422607421875,98.68130493164062,96.93296813964844,96.93296813964844,93.62158203125,94.42987060546875,97.50897216796875,94.3663101196289,97.06183624267578,97.1287841796875,97.52947998046875,95.88013458251953,98.0051040649414,97.75479888916016,99.29753112792969,94.33981323242188,97.09788513183594,97.09788513183594,96.3846435546875,98.79270935058594,93.49331665039062,97.90811920166016,97.09788513183594,95.41488647460938,96.3846435546875,91.78779602050781,92.1791763305664,89.55445098876953,87.23531341552734,85.86617279052734,83.63013458251953,80.62257385253906,76.92203521728516,74.24958038330078,74.24958038330078,71.17584228515625,69.46221923828125,69.46221923828125,66.30987548828125,67.779052734375,64.8459701538086,63.89052963256836,60.16643524169922,55.31726837158203,53.15073013305664,57.27128601074219,52.611785888671875,52.345008850097656,50.08992004394531,47.16990661621094
0,-35,-95,10,37,97.26766967773438,94.11163330078125,98.67117309570312,97.41663360595703,99.29753112792969,96.13532257080078,96.4624252319336,95.18928527832031,97.86214447021484,93.40770721435547,99.4032211303711,99.4032211303711,99.31767272949219,95.7078857421875,97.49359130859375,98.88377380371094,95.88013458251953,97.06183624267578,96.04165649414062,99.84988403320312,97.06183624267578,98.48857879638672,96.60227966308594,99.36296844482422,98.88377380371094,97.94896697998047,95.2575454711914,94.3663101196289,90.8019790649414,91.7060546875,86.53900909423828,86.00581359863281,83.00602722167969,80.05622863769531,77.8331527709961,77.16217041015625,76.5506362915039,69.57010650634766,67.67569732666016,67.05221557617188,68.96376037597656,64.8459701538086,68.4105224609375,64.03124237060547,60.20797348022461,57.87054443359375,55.578773498535156,56.22277069091797,57.03507614135742,51.009803771972656,51.009803771972656,49.497474670410156
0,-35,-95,11,33,97.04637908935547,98.38699340820312,95.34149169921875,99.00505065917969,97.69339752197266,95.85405731201172,95.85926818847656,95.5196304321289,98.35140991210938,95.50916290283203,95.81753540039062,99.72462463378906,97.52947998046875,97.01546478271484,99.20181274414062,97.51409912109375,97.29337310791016,95.34149169921875,96.69022369384766,97.08243560791016,96.7729263305664,100.22474670410156,95.56673431396484,99.2471694946289,98.95453643798828,98.95453643798828,96.04686737060547,95.33625030517578,91.76055908203125,88.8875732421875,86.33075714111328,86.02325439453125,83.48652648925781,81.93289947509766,78.77182006835938,74.09453582763672,73.00685119628906,69.85699462890625,68.70953369140625,68.54196166992188,66.64083099365234,65.79513549804688,64.40496826171875,62.17716598510742,57.80138397216797,58.66856002807617,57.45433044433594,54.08327102661133,52.801513671875,50.447994232177734,51.62363815307617,49.20365905761719
0,-35,-95,11,34,101.17806243896484,101.2422866821289,102.01960754394531,100.04499053955078,98.04590606689453,99.00505065917969,100.0,99.02020263671875,100.04499053955078,100.17984008789062,100.17984008789062,102.23991394042969,103.48429870605469,100.4987564086914,98.41239929199219,101.96568298339844,99.98500061035156,97.62171936035156,101.11874389648438,98.85848236083984,99.84988403320312,101.83319854736328,97.86725616455078,102.1077880859375,102.48902130126953,99.40824890136719,100.17984008789062,98.24967956542969,94.13288116455078,92.0869140625,89.02246856689453,86.00581359863281,86.00581359863281,81.02468872070312,81.05553436279297,80.05622863769531,78.10249328613281,74.1687240600586,71.34423828125,68.18357849121094,68.18357849121094,66.61080932617188,66.61080932617188,62.801273345947266,59.66573715209961,57.48912811279297,59.4810905456543,56.61272048950195,54.08327102661133,53.3104133605957,52.35456085205078,49.92995071411133
0,-35,-95,10,37,97.74456787109375,94.84724426269531,93.34880828857422,96.87621307373047,93.34880828857422,94.04785919189453,94.06912231445312,96.2081069946289,94.11163330078125,92.19544219970703,93.86160278320312,94.81033325195312,95.0,97.41663360595703,98.47334289550781,92.9139404296875,97.08243560791016,93.74433135986328,95.18928527832031,94.87360382080078,95.41488647460938,95.41488647460938,92.35800170898438,95.52486419677734,97.34988403320312,97.09788513183594,94.03190612792969,91.40021514892578,92.41753387451172,88.48163604736328,85.6037368774414,84.81155395507812,82.46211242675781,74.65252685546875,76.69419860839844,74.02702331542969,72.4706802368164,68.7677230834961,68.7677230834961,68.01470184326172,65.85590362548828,63.03173828125,62.28964614868164,60.10823440551758,58.728187561035156,56.7274169921875,56.85068130493164,53.00943374633789,52.430908203125,50.774009704589844,46.14108657836914,47.41307830810547
0,-35,-95,10,37,101.0,98.48857879638672,103.58088684082031,98.95453643798828,100.16985321044922,99.20181274414062,101.53324890136719,98.67117309570312,98.03060913085938,101.19288635253906,98.67117309570312,98.08159637451172,102.88343048095703,99.16148376464844,98.23441314697266,102.45974731445312,100.22474670410156,101.63660430908203,98.41239929199219,102.41581726074219,98.89894104003906,102.42070007324219,100.31948852539062,102.88343048095703,102.15674591064453,99.00505065917969,98.0866928100586,99.5389404296875,95.85926818847656,96.2081069946289,88.54377746582031,89.4930191040039,87.28115844726562,81.60882568359375,81.04319763183594,78.84795379638672,79.12016296386719,73.34848022460938,70.8307876586914,68.88395690917969,68.88395690917969,66.2872543334961,67.26811981201172,64.62971496582031,62.513999938964844,59.304298400878906,56.14267349243164,57.03507614135742,56.080299377441406,50.2493782043457,50.48762130737305,48.83646011352539
0,-35,-95,11,32,95.85405731201172,97.16995239257812,96.66436767578125,97.98979187011719,97.49359130859375,96.60227966308594,94.3663101196289,93.64827728271484,97.24710845947266,97.41663360595703,96.8968505859375,97.34988403320312,97.34988403320312,97.34988403320312,97.08243560791016,97.00515747070312,94.62557983398438,94.86833190917969,96.40020751953125,97.6166000366211,98.0051040649414,97.80081939697266,95.8018798828125,97.45255279541016,96.02082824707031,97.6524429321289,95.44107818603516,94.87360382080078,92.11405944824219,90.73587799072266,86.60831451416016,85.23497009277344,83.72574615478516,80.52949523925781,78.77182006835938,73.43023681640625,74.30342864990234,70.21395874023438,67.97793579101562,66.18912506103516,65.79513549804688,65.0,62.3939094543457,61.6846809387207,59.46427536010742,56.920997619628906,53.851646423339844,53.36665725708008,54.918121337890625,53.600372314453125,50.08992004394531,47.04253387451172
0,-35,-95,10,36,97.67292022705078,95.4620361328125,94.06912231445312,96.17691802978516,95.58765411376953,91.24143981933594,92.95697784423828,91.0494384765625,93.40770721435547,92.61749267578125,93.23625946044922,91.60785675048828,95.0,91.02197265625,91.60785675048828,95.96353149414062,92.35800170898438,91.80958557128906,92.11405944824219,92.43917083740234,93.19334411621094,95.13148498535156,90.97252655029297,95.71833801269531,93.74433135986328,93.81364440917969,91.8368148803711,90.60353088378906,87.00574493408203,86.68333435058594,80.15609741210938,81.46778869628906,80.15609741210938,75.00666809082031,75.00666809082031,72.86288452148438,70.72481536865234,66.4680404663086,67.94115447998047,63.639610290527344,63.639610290527344,62.28964614868164,63.89052963256836,58.79625701904297,55.60575485229492,53.823787689208984,54.64430618286133,51.97114562988281,47.88528060913086,47.423622131347656,44.777225494384766,43.32435989379883
0,-35,-95,10,36,97.94386291503906,95.96353149414062,100.0,98.22932434082031,97.41663360595703,95.8018798828125,99.48869323730469,94.4933853149414,95.58765411376953,100.00499725341797,98.08159637451172,97.94896697998047,97.08243560791016,95.48298645019531,94.76286315917969,101.91172790527344,92.69843292236328,96.17691802978516,95.67131042480469,99.2471694946289,96.26006317138672,95.13148498535156,97.62171936035156,95.48298645019531,98.31072998046875,96.93812561035156,94.06912231445312,93.34880828857422,89.14033508300781,90.60904693603516,85.79627227783203,86.45230102539062,83.73768615722656,78.8733139038086,76.69419860839844,77.20103454589844,76.02631378173828,68.24221801757812,66.61080932617188,66.40029907226562,66.85057830810547,62.96824645996094,64.14047241210938,60.41522979736328,57.80138397216797,55.009090423583984,54.12947463989258,54.12947463989258,54.08327102661133,46.840152740478516,49.47726821899414,46.69047164916992
0,-35,-95,10,36,98.47842407226562,96.10411071777344,99.29753112792969,99.29753112792969,100.9752426147461,97.32420349121094,97.01546478271484,95.88534545898438,98.41239929199219,97.32933807373047,99.32270812988281,97.1287841796875,96.08329772949219,98.08159637451172,97.04637908935547,100.00499725341797,96.0,98.0,95.08417510986328,97.00515747070312,97.02061462402344,100.0,98.0204086303711,101.00495147705078,96.02082824707031,97.08243560791016,95.08417510986328,96.25486755371094,90.13877868652344,94.2602767944336,88.27796936035156,88.6848373413086,84.17243957519531,80.41144561767578,80.0624771118164,79.07591247558594,74.81310272216797,72.18032836914062,68.88395690917969,67.46851348876953,66.70832061767578,63.56099319458008,65.25334930419922,60.728904724121094,60.16643524169922,56.64803695678711,56.46237564086914,56.36488342285156,55.009090423583984,51.4781494140625,50.774009704589844,45.80392837524414
0,-35,-95,10,37,95.4620361328125,102.69371795654297,100.7223892211914,100.22474670410156,98.0866928100586,95.75489807128906,98.38699340820312,97.49359130859375,97.94896697998047,97.1287841796875,98.88377380371094,98.1121826171875,97.41663360595703,96.5660400390625,97.94386291503906,97.08243560791016,97.08243560791016,93.49331665039062,98.0051040649414,97.90811920166016,98.18350219726562,99.04544067382812,95.41488647460938,99.6242904663086,97.09788513183594,98.18350219726562,97.75479888916016,95.01578521728516,93.81364440917969,89.94442749023438,88.58893585205078,86.76981353759766,84.9705810546875,79.62411499023438,79.62411499023438,75.64390563964844,73.40980529785156,69.85699462890625,70.38465881347656,68.15423583984375,66.128662109375,65.92420196533203,64.8459701538086,61.6846809387207,60.16643524169922,57.723480224609375,56.29387283325195,54.918121337890625,52.46903991699219,51.15662384033203,49.01020431518555,48.093658447265625
0,-35,-95,10,37,100.68763732910156,95.69221496582031,101.78899383544922,98.73702239990234,99.85990142822266,94.03190612792969,95.52486419677734,94.5145492553711,95.01578521728516,96.17691802978516,96.17691802978516,96.60745239257812,101.13357543945312,97.94386291503906,93.52005004882812,99.5389404296875,94.15412902832031,95.85405731201172,95.07891082763672,99.72462463378906,95.85405731201172,97.30878448486328,96.25486755371094,99.02020263671875,94.5409927368164,96.25486755371094,94.3716049194336,96.60745239257812,90.37699127197266,90.3382568359375,86.31338500976562,87.23531341552734,82.36504364013672,81.12335968017578,76.32168579101562,76.32168579101562,74.4311752319336,71.34423828125,70.72481536865234,67.41661834716797,66.5732650756836,63.60031509399414,64.81512451171875,61.84658432006836,58.79625701904297,55.17245864868164,55.154327392578125,53.037723541259766,54.5618896484375,50.447994232177734,48.82622146606445,47.88528060913086
0,-35,-95,10,37,102.15674591064453,100.64790344238281,99.74467468261719,101.07917785644531,99.76472473144531,98.38699340820312,98.48857879638672,95.29428100585938,96.7470932006836,96.04165649414062,99.98500061035156,99.64437103271484,101.2422866821289,99.04544067382812,98.73702239990234,98.40731811523438,99.02020263671875,95.0,98.23441314697266,97.6166000366211,100.0,99.63935089111328,93.60021209716797,98.40731811523438,98.81295776367188,97.41663360595703,98.0051040649414,95.69221496582031,92.9139404296875,89.8888168334961,87.98295593261719,87.98295593261719,81.6333236694336,80.4549560546875,79.4040298461914,76.66159057617188,74.79304504394531,71.11962127685547,68.88395690917969,69.77105712890625,66.64833068847656,65.30696868896484,65.30696868896484,64.07807922363281,61.09828186035156,57.245086669921875,56.920997619628906,53.16013717651367,52.39274597167969,51.788028717041016,47.26520919799805,49.162994384765625
0,-35,-95,10,37,96.76776123046875,97.52947998046875,97.80081939697266,98.23441314697266,95.33625030517578,95.60334777832031,95.33625030517578,94.5938720703125,94.83142852783203,93.74433135986328,96.8813705444336,94.72592163085938,95.35198211669922,94.76286315917969,96.87621307373047,95.88534545898438,95.75489807128906,92.9139404296875,96.42095184326172,93.77099609375,95.75489807128906,93.64827728271484,92.77930450439453,95.33625030517578,94.64142608642578,94.76286315917969,93.38094329833984,90.24411010742188,90.47099304199219,86.34812927246094,84.89994049072266,83.93450164794922,81.74349975585938,76.24303436279297,77.20103454589844,72.80110168457031,70.51950073242188,67.67569732666016,65.45991516113281,65.78753662109375,63.90618133544922,63.694583892822266,60.539241790771484,60.41522979736328,57.245086669921875,56.93856430053711,54.20331954956055,53.25410842895508,49.40647888183594,49.20365905761719,48.27007293701172,43.13930892944336
0,-35,-95,10,37,105.08092498779297,103.44564056396484,106.56922912597656,103.09219360351562,102.78618621826172,101.19288635253906,102.14205932617188,99.6242904663086,102.88343048095703,100.90093994140625,101.76934814453125,105.7024154663086,104.27847290039062,101.63660430908203,104.78549194335938,103.31021118164062,100.62306213378906,101.07422637939453,100.23971557617188,98.83824920654297,101.07917785644531,101.96568298339844,100.64790344238281,100.7223892211914,102.88343048095703,99.31767272949219,102.55242919921875,95.85405731201172,94.5409927368164,91.18113708496094,87.92041778564453,87.92041778564453,84.15461730957031,81.90848541259766,81.90848541259766,79.4040298461914,75.28611755371094,73.37574768066406,72.80110168457031,69.37578582763672,69.6419448852539,67.44627380371094,68.44705963134766,61.0,61.814239501953125,60.406951904296875,57.314918518066406,59.03388977050781,56.00892639160156,52.009613037109375,52.15361785888672,49.648765563964844
0,-35,-95,10,36,101.12368774414062,103.17460632324219,103.0436782836914,104.07689666748047,101.07917785644531,103.0436782836914,101.00495147705078,98.0051040649414,96.08329772949219,99.02020263671875,99.08077239990234,101.2422866821289,100.60317993164062,100.40418243408203,99.50376892089844,98.73196411132812,100.9752426147461,97.73944854736328,100.62306213378906,100.12991333007812,98.61541748046875,98.99494934082031,94.8946762084961,98.47842407226562,100.28459167480469,97.86725616455078,96.6281509399414,93.4344711303711,93.53608703613281,89.35882568359375,89.14033508300781,86.14522552490234,85.09406280517578,79.00633239746094,79.00633239746094,76.02631378173828,75.00666809082031,73.00685119628906,71.00704193115234,71.0,65.0076904296875,65.03076171875,63.03173828125,61.13100814819336,59.53990173339844,57.42821502685547,56.88584899902344,55.10898208618164,52.39274597167969,51.244510650634766,49.648765563964844,48.332183837890625
0,-35,-95,11,33,99.36296844482422,100.7223892211914,99.64437103271484,103.44564056396484,99.4786376953125,96.7470932006836,97.94386291503906,97.34988403320312,98.18350219726562,94.87360382080078,97.41663360595703,98.81295776367188,100.0,98.60020446777344,98.60020446777344,99.35794067382812,97.30878448486328,96.04686737060547,97.74456787109375,98.49365234375,96.54014587402344,95.7757797241211,91.43850708007812,95.67131042480469,96.04686737060547,94.81033325195312,94.02127075195312,92.00543212890625,92.20086669921875,85.0,83.81526947021484,81.27114868164062,80.15609741210938,78.23043060302734,75.1664810180664,74.625732421875,71.86793518066406,68.09552001953125,69.1158447265625,67.23094177246094,65.0,63.52952194213867,63.52952194213867,59.09314727783203,60.008331298828125,56.859474182128906,56.32051086425781,53.48831558227539,51.244510650634766,49.47726821899414,47.85394287109375,45.27692413330078
0,-35,-95,11,33,104.40306854248047,102.80078125,106.60675048828125,103.6001968383789,103.81233215332031,102.41581726074219,101.51354217529297,100.12492370605469,102.62553405761719,102.92716217041016,102.92716217041016,105.67875671386719,102.956298828125,102.88343048095703,103.44564056396484,103.31505584716797,101.51847076416016,99.29753112792969,100.64790344238281,101.07917785644531,97.94386291503906,101.98039245605469,99.29753112792969,99.92497253417969,101.51847076416016,98.38699340820312,102.42070007324219,95.88013458251953,95.88013458251953,91.78779602050781,87.98295593261719,89.58794403076172,86.28441619873047,79.32212829589844,80.99382781982422,76.32168579101562,74.88658142089844,74.3303451538086,72.94518280029297,72.11102294921875,69.065185546875,65.73431396484375,67.20118713378906,62.00806427001953,61.717098236083984,58.79625701904297,57.28001403808594,57.314918518066406,55.973209381103516,52.009613037109375,50.80354309082031,50.477718353271484
0,-35,-95,11,34,107.83784484863281,106.6208267211914,110.69326782226562,109.25199890136719,105.84894561767578,107.54068756103516,108.2681884765625,106.04244232177734,107.91200256347656,105.6503677368164,106.60675048828125,107.00466918945312,106.73799896240234,107.44766235351562,106.48004150390625,108.41586303710938,108.90821838378906,104.04806518554688,105.32331085205078,106.09900665283203,105.5367202758789,106.96260833740234,103.5857162475586,104.13932800292969,102.39140319824219,102.61091613769531,102.61091613769531,98.08159637451172,97.52947998046875,93.40770721435547,91.0933609008789,90.75791931152344,86.64871978759766,81.59656524658203,83.16850280761719,78.16009521484375,78.10890197753906,74.63243103027344,70.88018035888672,71.51223754882812,68.62215423583984,70.57620239257812,68.70953369140625,65.92420196533203,63.071388244628906,59.93329620361328,59.9416389465332,59.6824951171875,56.93856430053711,52.430908203125,51.400390625,50.2493782043457
0,-35,-95,11,33,101.31633758544922,104.23531341552734,105.38026428222656,106.8316421508789,105.38026428222656,103.94710540771484,104.66136169433594,103.24727630615234,104.65180206298828,102.64988708496094,104.80458068847656,104.13932800292969,104.35037231445312,103.85566711425781,103.07764434814453,106.04244232177734,101.212646484375,100.42410278320312,104.20172882080078,104.01922607421875,101.53324890136719,102.303466796875,98.08159637451172,103.00485229492188,102.44998931884766,101.53324890136719,97.74456787109375,98.35140991210938,92.69843292236328,90.52071380615234,86.27861785888672,88.41380310058594,83.4505844116211,82.134033203125,77.33692169189453,75.74298858642578,74.2765121459961,71.44927978515625,69.42621612548828,67.35725402832031,66.60330200195312,65.4369888305664,64.53681182861328,62.481998443603516,60.80295944213867,60.20797348022461,56.93856430053711,54.58937454223633,54.120235443115234,54.5618896484375,50.15974426269531,46.81879806518555
0,-35,-95,10,38,99.84988403320312,101.3558120727539,102.72779846191406,104.30723571777344,103.77379608154297,102.08329772949219,98.18350219726562,100.12492370605469,101.0197982788086,100.60317993164062,103.00485229492188,103.85566711425781,100.89598846435547,101.04454803466797,101.212646484375,102.17631530761719,100.6578369140625,100.2646484375,100.89598846435547,102.068603515625,100.2646484375,100.76705932617188,98.08159637451172,101.98039245605469,100.12492370605469,99.48869323730469,96.40020751953125,95.8018798828125,91.8368148803711,89.87213134765625,88.48163604736328,87.132080078125,82.37718200683594,79.92496490478516,76.32168579101562,76.00657653808594,69.6419448852539,68.79679870605469,66.8879623413086,66.8879623413086,63.28506851196289,65.3681869506836,63.06346130371094,59.4810905456543,59.93329620361328,57.384666442871094,58.30952072143555,54.08327102661133,54.120235443115234,51.195701599121094,47.29693603515625,47.381431579589844
0,-35,-95,10,38,107.05606079101562,107.1680908203125,108.23123168945312,105.75916290283203,108.85311126708984,107.61505126953125,107.20074462890625,106.40018463134766,107.80074310302734,108.46658325195312,107.89810180664062,108.5587387084961,108.75660705566406,107.54068756103516,106.32967376708984,109.77249145507812,107.54068756103516,106.67708587646484,107.04204559326172,108.90821838378906,106.8503646850586,104.62313079833984,103.5857162475586,106.47064971923828,106.55046081542969,104.9571304321289,98.73702239990234,99.86490631103516,99.04544067382812,94.04785919189453,93.60021209716797,89.8109130859375,86.83317565917969,83.09632873535156,81.4002456665039,79.8122787475586,78.24320983886719,73.24616241455078,70.29224395751953,69.42621612548828,68.88395690917969,67.62396240234375,65.29930877685547,62.96824645996094,61.52235412597656,58.0,57.314918518066406,54.81787872314453,54.4058837890625,53.00943374633789,49.92995071411133,48.30113983154297
0,-35,-95,10,38,102.9611587524414,104.13932800292969,105.99056243896484,104.3455810546875,107.48953247070312,103.3247299194336,105.5367202758789,103.07764434814453,100.66280364990234,99.6242904663086,106.25440979003906,107.83784484863281,106.97663116455078,104.75209045410156,103.09219360351562,107.56393432617188,105.68821716308594,104.67568969726562,105.10946655273438,106.25440979003906,103.09219360351562,104.04325866699219,101.53324890136719,105.10946655273438,102.78618621826172,102.48902130126953,102.35721588134766,97.74456787109375,94.83142852783203,95.12622833251953,89.44271850585938,89.44271850585938,86.14522552490234,79.6303939819336,78.4091796875,75.80237579345703,75.66372680664062,70.85901641845703,69.46221923828125,67.36467742919922,65.37583923339844,65.19202423095703,66.18912506103516,63.071388244628906,63.03173828125,57.03507614135742,56.080299377441406,56.22277069091797,53.46026611328125,52.345008850097656,49.648765563964844,46.840152740478516
0,-35,-95,11,34,101.86265563964844,103.27632904052734,101.23734283447266,104.00480651855469,101.98039245605469,103.4794692993164,101.53324890136719,103.71113586425781,101.53324890136719,101.0197982788086,104.29285430908203,104.8475112915039,104.30723571777344,104.62313079833984,102.92716217041016,106.0,105.81587982177734,102.08329772949219,104.44615936279297,104.10091400146484,104.56098937988281,102.08329772949219,98.73702239990234,105.67875671386719,103.5857162475586,102.62553405761719,100.12492370605469,97.20082092285156,96.02082824707031,93.00537872314453,87.61849212646484,85.42832946777344,82.32861328125,77.98717498779297,79.30951690673828,75.43209075927734,72.00694274902344,70.93659210205078,70.93659210205078,66.84310150146484,62.36986541748047,62.96824645996094,61.61980056762695,58.051700592041016,57.982757568359375,55.226806640625,52.40229034423828,54.037025451660156,50.447994232177734,49.40647888183594,46.87216567993164,42.94182205200195
0,-35,-95,11,33,96.13011932373047,98.24967956542969,98.32598876953125,98.18350219726562,99.2471694946289,96.33275604248047,98.0051040649414,95.88534545898438,97.32420349121094,96.17691802978516,98.0051040649414,98.06120300292969,99.2471694946289,99.2471694946289,96.31718444824219,101.13851928710938,97.51409912109375,98.27003479003906,102.1077880859375,98.95453643798828,97.51409912109375,98.95453643798828,96.31718444824219,99.92497253417969,98.06120300292969,96.10411071777344,95.18928527832031,95.88534545898438,88.45903015136719,90.55384826660156,84.2911605834961,84.2140121459961,82.09750366210938,76.16429901123047,75.1065902709961,72.02777099609375,70.00714111328125,65.0076904296875,66.00757598876953,63.0,61.032779693603516,59.0,60.0333251953125,57.00876998901367,55.081756591796875,54.147945404052734,50.2493782043457,49.25444030761719,47.07440948486328,46.57252502441406,43.32435989379883,41.43669891357422
0,-35,-95,10,37,98.85848236083984,101.82828521728516,100.6578369140625,102.068603515625,97.67292022705078,96.2081069946289,97.59098052978516,97.67292022705078,97.59098052978516,97.67292022705078,95.4620361328125,99.35794067382812,101.41498565673828,100.76705932617188,101.82828521728516,100.60317993164062,101.212646484375,98.60020446777344,100.43903350830078,98.81295776367188,101.0197982788086,101.83319854736328,97.80081939697266,100.20977783203125,98.85848236083984,98.85848236083984,98.23441314697266,92.19544219970703,95.67131042480469,90.68627166748047,83.54639434814453,84.2911605834961,82.134033203125,76.41989135742188,74.2765121459961,70.72481536865234,70.00714111328125,67.20863342285156,66.48307800292969,63.65532302856445,62.2414665222168,62.28964614868164,60.14149856567383,56.63920974731445,55.973209381103516,54.5618896484375,52.009613037109375,50.21951675415039,50.774009704589844,46.647613525390625,43.8292121887207,45.18849563598633
0,-35,-95,10,38,103.3924560546875,103.23758697509766,102.07839965820312,102.31324768066406,104.12012481689453,101.12368774414062,102.07839965820312,100.00499725341797,100.0,101.04454803466797,102.07839965820312,102.12247467041016,104.30723571777344,103.48429870605469,104.17293548583984,103.48429870605469,105.385009765625,101.49384307861328,101.83319854736328,103.48429870605469,103.48429870605469,104.30723571777344,101.31633758544922,102.59142303466797,104.23531341552734,102.12247467041016,102.04410552978516,99.02020263671875,95.00526428222656,92.02173614501953,91.0054931640625,87.05171203613281,85.14693450927734,80.15609741210938,79.15807342529297,76.32168579101562,73.43704986572266,70.25667572021484,67.36467742919922,67.26811981201172,65.37583923339844,64.49806213378906,61.52235412597656,57.87054443359375,58.694122314453125,54.5710563659668,53.851646423339844,52.63079071044922,49.97999572753906,48.10405349731445,47.423622131347656,43.382022857666016
0,-35,-95,11,33,96.5660400390625,98.79270935058594,100.68763732910156,101.78899383544922,98.47334289550781,100.80178833007812,99.86490631103516,100.0,100.20977783203125,100.00499725341797,101.41498565673828,100.4987564086914,103.3924560546875,103.23758697509766,102.64988708496094,101.91172790527344,104.66136169433594,98.2903823852539,102.53292083740234,105.418212890625,101.98039245605469,101.86265563964844,99.72462463378906,102.59142303466797,104.66136169433594,100.44898986816406,97.74456787109375,96.82975006103516,96.67471313476562,89.02246856689453,88.40814208984375,85.0,82.09750366210938,79.6303939819336,77.10382843017578,74.63243103027344,73.23933410644531,72.42237091064453,69.065185546875,66.85057830810547,64.14047241210938,66.2872543334961,60.539241790771484,59.16925048828125,57.706153869628906,54.5618896484375,52.801513671875,51.078372955322266,48.46648406982422,47.12748718261719,46.840152740478516,45.12205505371094
0,-35,-95,11,32,92.6552734375,92.6336898803711,92.69843292236328,98.35140991210938,93.4344711303711,92.69843292236328,94.2602767944336,95.13148498535156,95.13148498535156,93.00537872314453,95.21029663085938,94.62557983398438,95.69221496582031,97.34988403320312,96.02082824707031,95.41488647460938,95.96353149414062,93.74433135986328,97.94386291503906,95.18928527832031,96.25486755371094,96.79875946044922,92.6498794555664,99.12618255615234,97.94386291503906,95.13148498535156,94.40338897705078,91.0494384765625,92.00543212890625,86.68333435058594,84.50444030761719,80.91971588134766,80.05622863769531,77.15568542480469,73.59347534179688,72.13875579833984,70.1783447265625,67.20863342285156,65.0691909790039,62.96824645996094,62.93647766113281,59.396968841552734,60.8276252746582,55.973209381103516,54.037025451660156,50.0,51.61395263671875,49.648765563964844,47.70744323730469,46.647613525390625,43.8292121887207,42.54409408569336
0,-35,-95,10,36,94.8946762084961,91.08238220214844,96.69022369384766,96.33794403076172,93.74433135986328,92.96235656738281,94.9210205078125,93.62158203125,92.6498794555664,93.40770721435547,95.88013458251953,95.50916290283203,95.21029663085938,93.60555267333984,94.86833190917969,96.00521087646484,96.00521087646484,95.85926818847656,97.16995239257812,97.69339752197266,96.00521087646484,95.85405731201172,93.98403930664062,96.7729263305664,95.85926818847656,95.81753540039062,93.60555267333984,92.34716796875,90.8019790649414,89.84430694580078,86.12781524658203,83.43260955810547,81.4923324584961,77.66595458984375,75.70997619628906,73.75635528564453,72.36711883544922,67.26811981201172,63.95310592651367,62.64982223510742,61.814239501953125,58.694122314453125,60.530982971191406,56.32051086425781,54.08327102661133,52.009613037109375,50.0099983215332,50.0,46.04345703125,49.162994384765625,45.54119110107422,43.17406463623047
0,-35,-95,10,36,93.34880828857422,93.34880828857422,94.9210205078125,93.4344711303711,90.60904693603516,92.76313781738281,93.08598327636719,93.40770721435547,91.83136749267578,93.00537872314453,95.0,96.26006317138672,97.08243560791016,95.41488647460938,93.74433135986328,95.18928527832031,95.52486419677734,93.29522705078125,94.02127075195312,93.53608703613281,94.66783905029297,96.3846435546875,92.78469848632812,98.0051040649414,95.18928527832031,95.41488647460938,94.03190612792969,90.97252655029297,90.69729614257812,87.6584243774414,83.40863037109375,82.80096435546875,81.21575927734375,77.0064926147461,76.216796875,74.65252685546875,71.0633544921875,69.02897644042969,67.35725402832031,65.19202423095703,63.03173828125,60.30754470825195,60.10823440551758,57.982757568359375,55.865909576416016,52.49761962890625,54.5618896484375,50.6063232421875,47.20169448852539,48.25971221923828,47.01063537597656,43.8292121887207
0,-35,-95,10,35,94.72592163085938,93.17188262939453,94.83142852783203,95.34149169921875,94.83142852783203,92.6498794555664,93.40770721435547,93.14505004882812,93.00537872314453,92.6552734375,96.76776123046875,93.98403930664062,94.70480346679688,95.2732925415039,93.98403930664062,96.25486755371094,95.34149169921875,92.8493423461914,93.52005004882812,95.75489807128906,94.15412902832031,95.75489807128906,94.15412902832031,94.84724426269531,95.4620361328125,95.07891082763672,93.40770721435547,92.35800170898438,90.47651672363281,89.1852035522461,84.77027893066406,84.77027893066406,80.77747344970703,78.84795379638672,75.18643188476562,73.97972869873047,73.00685119628906,68.65857696533203,67.26811981201172,64.32728576660156,64.32728576660156,59.6824951171875,60.530982971191406,59.07622146606445,56.14267349243164,53.0848388671875,53.0,51.03919982910156,49.09175109863281,48.25971221923828,48.66210174560547,43.680660247802734
0,-35,-95,10,36,94.81033325195312,93.60021209716797,95.41488647460938,96.60745239257812,96.26006317138672,93.19334411621094,94.03190612792969,91.92388153076172,94.33981323242188,94.5145492553711,93.1504135131836,94.82615661621094,95.7078857421875,94.3716049194336,93.4772720336914,95.2732925415039,93.10746765136719,94.3716049194336,94.93682098388672,92.30926513671875,93.03762817382812,97.16995239257812,93.03762817382812,95.07891082763672,96.66436767578125,94.84724426269531,95.2575454711914,91.7060546875,88.58893585205078,89.06739044189453,85.58621215820312,84.38008880615234,81.83519744873047,76.00657653808594,77.66595458984375,74.88658142089844,70.60453033447266,68.818603515625,67.42403411865234,65.802734375,64.20280456542969,62.00806427001953,61.84658432006836,58.13776779174805,57.314918518066406,56.58621597290039,53.75872039794922,53.26349639892578,50.6063232421875,48.82622146606445,47.16990661621094,43.90899658203125
0,-35,-95,10,36,100.0199966430664,96.08329772949219,97.08243560791016,97.1287841796875,97.25225067138672,94.13288116455078,97.51409912109375,95.52486419677734,92.6552734375,97.16481018066406,96.17691802978516,97.86214447021484,97.86214447021484,98.06120300292969,96.8813705444336,98.48857879638672,96.04686737060547,94.3663101196289,96.3016128540039,96.7729263305664,95.56673431396484,97.98469543457031,92.41753387451172,96.16651916503906,97.26766967773438,95.56673431396484,96.54014587402344,94.72592163085938,92.76313781738281,88.28363037109375,87.82368469238281,86.97700500488281,84.71717834472656,81.49846649169922,77.5241928100586,75.42546081542969,75.42546081542969,72.3394775390625,71.17584228515625,69.18092346191406,65.12296295166016,64.07027435302734,62.032249450683594,60.0333251953125,60.074954986572266,56.14267349243164,56.32051086425781,53.600372314453125,50.48762130737305,50.990196228027344,47.801673889160156,46.173583984375
0,-35,-95,10,37,101.60708618164062,99.80982208251953,102.00489807128906,102.303466796875,101.04454803466797,99.02020263671875,101.41498565673828,98.49365234375,98.41239929199219,99.76472473144531,101.13851928710938,100.41912078857422,99.08582305908203,101.13851928710938,100.41912078857422,103.3924560546875,100.5683822631836,99.82484436035156,101.41498565673828,102.068603515625,98.35140991210938,99.90495300292969,97.67292022705078,100.00499725341797,101.91172790527344,101.23734283447266,98.2903823852539,96.17691802978516,94.11163330078125,93.34880828857422,89.27485656738281,89.9388656616211,86.55634307861328,85.2760238647461,82.46211242675781,81.83519744873047,77.801025390625,74.40430450439453,72.00694274902344,73.23933410644531,69.89277648925781,67.95587158203125,68.26419067382812,64.49806213378906,62.17716598510742,57.706153869628906,57.697486877441406,55.71355438232422,53.48831558227539,53.45091247558594,51.6623649597168,49.648765563964844
0,-35,-95,11,33,104.177734375,102.88343048095703,101.19288635253906,103.73042297363281,102.78618621826172,100.68763732910156,100.68763732910156,98.71676635742188,99.68952178955078,100.43903350830078,102.9611587524414,100.80674743652344,100.28459167480469,100.12991333007812,98.99494934082031,101.71037292480469,101.49384307861328,100.60317993164062,103.23758697509766,101.2422866821289,98.32598876953125,102.12247467041016,99.18164825439453,101.12368774414062,101.31633758544922,98.41239929199219,99.2471694946289,96.7470932006836,97.62171936035156,93.53608703613281,91.08238220214844,90.66973114013672,86.83317565917969,83.02409362792969,84.17243957519531,78.91767883300781,78.26238250732422,74.73285675048828,73.75635528564453,69.85699462890625,68.65857696533203,67.6830825805664,68.00735473632812,63.78871536254883,63.24555206298828,61.032779693603516,58.52349853515625,59.236812591552734,55.94640350341797,53.712196350097656,50.774009704589844,49.20365905761719
0,-35,-95,11,33,105.11898040771484,99.00505065917969,105.55093383789062,101.55294036865234,102.04410552978516,97.04637908935547,98.83824920654297,98.83824920654297,97.52947998046875,100.70252990722656,99.85990142822266,102.34255981445312,101.25709533691406,100.20977783203125,96.83490753173828,102.80078125,97.00515747070312,103.81233215332031,97.6166000366211,99.20181274414062,99.04544067382812,99.20181274414062,99.4032211303711,100.89598846435547,102.61579132080078,98.60020446777344,95.21029663085938,97.08243560791016,92.0869140625,93.19334411621094,86.28441619873047,87.46427917480469,86.45230102539062,84.59905242919922,81.12335968017578,80.13114166259766,76.66159057617188,74.30342864990234,71.11962127685547,67.5351791381836,68.44705963134766,66.64083099365234,67.11929321289062,60.926185607910156,60.406951904296875,57.9741325378418,57.28001403808594,55.31726837158203,53.15073013305664,52.39274597167969,49.497474670410156,47.16990661621094
0,-35,-95,10,37,95.04735565185547,101.07917785644531,97.1287841796875,99.2471694946289,97.18538665771484,97.18538665771484,96.25486755371094,96.51942443847656,95.75489807128906,94.8946762084961,97.67292022705078,97.67292022705078,97.29337310791016,98.06120300292969,97.29337310791016,95.34149169921875,99.20181274414062,93.14505004882812,97.01546478271484,95.07891082763672,93.62158203125,96.3016128540039,90.47099304199219,96.4624252319336,95.8018798828125,97.26766967773438,94.5938720703125,92.19544219970703,92.19544219970703,84.17243957519531,85.98837280273438,83.86298370361328,81.61495208740234,78.77182006835938,76.41989135742188,73.43704986572266,69.35416412353516,68.35934448242188,67.36467742919922,69.46221923828125,62.12889862060547,64.19501495361328,61.073726654052734,60.008331298828125,58.00862121582031,55.03635025024414,54.147945404052734,51.15662384033203,51.35172653198242,49.030601501464844,44.384681701660156,43.680660247802734
0,-35,-95,11,33,106.4048843383789,107.70329284667969,105.7024154663086,106.97663116455078,103.87010955810547,105.7024154663086,105.99056243896484,101.96568298339844,103.31505584716797,101.07422637939453,106.0660171508789,103.83159637451172,105.67875671386719,104.9571304321289,105.67875671386719,104.9571304321289,104.8475112915039,99.98500061035156,104.30723571777344,105.47511291503906,103.77379608154297,104.8475112915039,101.3558120727539,104.8475112915039,102.21546173095703,105.81587982177734,100.84642028808594,96.64884948730469,96.60227966308594,90.3382568359375,92.19544219970703,89.89994812011719,86.8158950805664,84.17243957519531,79.47956085205078,78.92401123046875,78.18567657470703,72.11102294921875,71.16881561279297,70.51950073242188,66.7607650756836,66.73080444335938,64.51356506347656,58.94064712524414,59.43904495239258,59.228370666503906,58.051700592041016,54.918121337890625,50.15974426269531,51.03919982910156,48.010414123535156,45.17742919921875
0,-35,-95,10,37,105.68348693847656,109.28861236572266,105.20931243896484,106.25440979003906,104.40306854248047,103.2279052734375,101.212646484375,103.71113586425781,102.44998931884766,101.31633758544922,103.3924560546875,104.06248474121094,103.24727630615234,104.65180206298828,104.66136169433594,105.36128234863281,104.66136169433594,98.2903823852539,101.86265563964844,103.96633911132812,104.66136169433594,103.96633911132812,102.53292083740234,100.4987564086914,105.38026428222656,102.53292083740234,98.99494934082031,99.08582305908203,97.74456787109375,90.68627166748047,87.45856475830078,86.55634307861328,84.50444030761719,81.21575927734375,81.4002456665039,74.81310272216797,73.24616241455078,70.0,70.21395874023438,69.20259857177734,63.82006072998047,64.8999252319336,59.90826416015625,58.830265045166016,58.30952072143555,55.07267761230469,54.58937454223633,55.03635025024414,50.990196228027344,49.39635467529297,46.48655700683594,44.643028259277344
0,-35,-95,11,33,104.20172882080078,102.2007827758789,106.04244232177734,106.04244232177734,106.52699279785156,98.08159637451172,103.71113586425781,101.53324890136719,102.068603515625,102.59142303466797,103.24727630615234,103.24727630615234,103.94710540771484,106.07544708251953,100.41912078857422,104.06248474121094,100.00499725341797,103.3924560546875,102.8250961303711,103.3924560546875,101.86265563964844,101.91172790527344,103.94710540771484,102.72779846191406,103.96633911132812,99.72462463378906,100.4987564086914,97.67292022705078,94.84724426269531,94.17536926269531,86.83317565917969,88.09085845947266,84.20214080810547,79.2022705078125,76.40026092529297,76.40026092529297,72.00694274902344,70.45565795898438,70.45565795898438,66.61080932617188,65.73431396484375,61.29437255859375,61.587337493896484,58.30952072143555,56.82429122924805,54.5618896484375,52.32590103149414,51.078372955322266,50.32891845703125,47.12748718261719,46.57252502441406,44.72135925292969
0,-35,-95,10,37,99.46356201171875,99.46356201171875,101.98039245605469,103.7545166015625,100.62306213378906,98.06120300292969,100.28459167480469,98.0051040649414,99.98500061035156,98.85848236083984,100.40418243408203,98.32598876953125,100.17984008789062,100.12492370605469,100.04499053955078,102.07839965820312,99.00505065917969,99.04544067382812,99.02020263671875,102.00489807128906,101.04454803466797,101.0197982788086,100.12492370605469,101.00495147705078,101.07917785644531,100.12492370605469,98.24967956542969,97.62171936035156,94.64142608642578,90.55384826660156,87.132080078125,86.14522552490234,83.18653869628906,81.21575927734375,79.62411499023438,76.15773010253906,74.52516174316406,67.91170501708984,67.46851348876953,66.70832061767578,65.0,61.6846809387207,62.93647766113281,57.28001403808594,54.08327102661133,51.62363815307617,50.15974426269531,50.56678771972656,50.6063232421875,46.647613525390625,46.3249397277832,42.8018684387207
0,-35,-95,10,37,99.29753112792969,99.36296844482422,99.98500061035156,99.98500061035156,99.4786376953125,97.24710845947266,95.71833801269531,96.5660400390625,97.94386291503906,97.90811920166016,97.41663360595703,97.41663360595703,99.63935089111328,98.71676635742188,96.21330261230469,100.12492370605469,100.76705932617188,97.18538665771484,99.90495300292969,99.90495300292969,98.85848236083984,100.12492370605469,96.67471313476562,100.4987564086914,100.76705932617188,98.08159637451172,98.40731811523438,97.41663360595703,97.41663360595703,93.23089599609375,89.58794403076172,88.32327270507812,85.58621215820312,80.62257385253906,82.36504364013672,77.02597045898438,75.66372680664062,71.11962127685547,69.31810760498047,65.7419204711914,65.79513549804688,65.30696868896484,62.2414665222168,59.09314727783203,54.424259185791016,53.16013717651367,53.45091247558594,52.88667297363281,49.24428939819336,48.66210174560547,45.27692413330078,43.011627197265625
0,-35,-95,11,33,99.5690689086914,99.85990142822266,99.98500061035156,100.40418243408203,98.97979736328125,100.84642028808594,99.76472473144531,98.0051040649414,96.60227966308594,97.94386291503906,99.4032211303711,101.23734283447266,103.24727630615234,100.08995819091797,101.843017578125,102.14205932617188,101.2422866821289,101.51354217529297,104.12012481689453,102.48902130126953,101.19288635253906,102.48902130126953,101.19288635253906,104.8093490600586,104.40306854248047,103.4069595336914,103.73042297363281,100.90093994140625,98.08159637451172,97.30878448486328,93.10746765136719,93.10746765136719,90.3382568359375,86.76404571533203,84.07734680175781,81.84130859375,79.17701721191406,76.15773010253906,71.58910369873047,72.20111083984375,68.96376037597656,67.23094177246094,67.95587158203125,62.42595672607422,61.29437255859375,57.628116607666016,54.037025451660156,56.7274169921875,51.62363815307617,52.49761962890625,46.86149978637695,45.80392837524414
0,-35,-95,10,37,94.57801055908203,97.6524429321289,95.60334777832031,97.20082092285156,97.00515747070312,94.20191192626953,93.86160278320312,94.3663101196289,94.3663101196289,92.6336898803711,92.69843292236328,94.06912231445312,95.4620361328125,97.08243560791016,96.33275604248047,95.67131042480469,97.18538665771484,94.3663101196289,95.90099334716797,96.82975006103516,97.30878448486328,99.35794067382812,95.7757797241211,98.23441314697266,100.12492370605469,99.35794067382812,101.31633758544922,98.41239929199219,96.8968505859375,93.33809661865234,89.87213134765625,89.80534362792969,87.72685241699219,82.8070068359375,82.97589874267578,77.6208724975586,74.65252685546875,72.80110168457031,74.20242309570312,70.0,66.61080932617188,66.61080932617188,63.0079345703125,59.90826416015625,56.603885650634766,55.56977462768555,55.009090423583984,56.36488342285156,52.32590103149414,48.703182220458984,47.434165954589844,43.931766510009766
0,-35,-95,10,38,100.7223892211914,102.08329772949219,102.41581726074219,103.31021118164062,101.51847076416016,101.07917785644531,99.80982208251953,97.98979187011719,99.00505065917969,98.4327163696289,99.02020263671875,101.2422866821289,102.2007827758789,102.2007827758789,103.09219360351562,102.2007827758789,103.3247299194336,101.6513671875,106.23088073730469,104.04806518554688,103.3247299194336,104.29285430908203,101.13851928710938,107.48953247070312,106.73799896240234,104.54663848876953,104.12012481689453,103.74005889892578,103.09219360351562,98.03060913085938,97.49871826171875,98.4327163696289,95.34149169921875,90.37699127197266,86.76404571533203,83.25863647460938,83.63013458251953,76.92203521728516,76.5375747680664,76.5375747680664,72.94518280029297,71.19690704345703,70.32780456542969,65.19202423095703,64.637451171875,61.400325775146484,59.66573715209961,58.79625701904297,56.56854248046875,53.037723541259766,52.63079071044922,49.648765563964844
0,-35,-95,10,38,99.31767272949219,98.84330749511719,98.41239929199219,101.07422637939453,98.41239929199219,98.38699340820312,101.3558120727539,95.71833801269531,95.41488647460938,93.74433135986328,96.79875946044922,100.43903350830078,98.60020446777344,97.80081939697266,98.85848236083984,96.54014587402344,99.35794067382812,96.67471313476562,99.15644073486328,99.82484436035156,99.90495300292969,100.4987564086914,99.35794067382812,101.91172790527344,100.6578369140625,101.41498565673828,101.41498565673828,98.85848236083984,98.85848236083984,94.81033325195312,92.20086669921875,94.62557983398438,90.21086120605469,86.26702880859375,83.76156616210938,81.6333236694336,80.62257385253906,77.89736938476562,74.4311752319336,75.29276275634766,72.4706802368164,69.77105712890625,68.87670135498047,63.50590515136719,62.2414665222168,60.16643524169922,58.52349853515625,58.872745513916016,56.75385284423828,54.5710563659668,52.77309799194336,51.244510650634766
0,-35,-95,10,38,105.39450073242188,106.23088073730469,106.32967376708984,103.24727630615234,101.3558120727539,102.21546173095703,101.212646484375,99.84988403320312,100.62306213378906,98.41239929199219,101.98039245605469,100.31948852539062,99.80982208251953,100.08995819091797,101.39033508300781,100.30453491210938,104.75209045410156,100.30453491210938,102.14205932617188,100.5683822631836,101.0197982788086,103.81714630126953,99.95999145507812,105.9480972290039,104.177734375,105.68821716308594,104.92378234863281,102.04410552978516,100.31948852539062,94.84724426269531,94.81033325195312,94.81033325195312,90.3548583984375,88.1929702758789,86.83317565917969,82.49242401123047,82.49242401123047,78.77182006835938,76.85050201416016,73.49829864501953,73.49829864501953,71.28113555908203,68.818603515625,65.4369888305664,65.29930877685547,60.30754470825195,59.41380310058594,60.10823440551758,57.384666442871094,54.81787872314453,52.009613037109375,50.2493782043457
0,-35,-95,11,34,98.61541748046875,98.0866928100586,99.02020263671875,101.0197982788086,98.03060913085938,97.73944854736328,96.13532257080078,95.50916290283203,95.88013458251953,96.3016128540039,96.7729263305664,96.54014587402344,97.08243560791016,98.47842407226562,96.33794403076172,99.63935089111328,93.90420532226562,97.62171936035156,99.50376892089844,98.61541748046875,97.86725616455078,98.99494934082031,95.63471984863281,99.50376892089844,97.41663360595703,99.84988403320312,97.86725616455078,95.7078857421875,94.72592163085938,91.59148406982422,90.02777099609375,85.37564086914062,84.64632415771484,81.02468872070312,80.28075408935547,77.6208724975586,76.65507507324219,73.37574768066406,70.21395874023438,68.00735473632812,69.2603759765625,65.78753662109375,65.45991516113281,61.6846809387207,58.600341796875,57.697486877441406,55.90169906616211,53.851646423339844,52.47856521606445,51.865211486816406,47.434165954589844,48.41487503051758
0,-35,-95,11,34,102.04410552978516,101.17806243896484,105.1712875366211,105.3043212890625,102.23991394042969,101.49384307861328,102.1077880859375,99.14131164550781,99.63935089111328,99.82484436035156,102.59142303466797,103.36827087402344,103.5857162475586,102.18121337890625,102.39140319824219,102.88343048095703,102.2007827758789,100.68763732910156,103.74005889892578,102.61579132080078,101.6513671875,103.44564056396484,102.61579132080078,103.44564056396484,102.61579132080078,101.6513671875,100.22474670410156,99.82484436035156,95.52486419677734,96.69022369384766,91.24143981933594,90.09439849853516,87.96590423583984,82.73451232910156,82.49242401123047,81.49846649169922,76.32168579101562,71.25306701660156,68.11754608154297,67.26811981201172,70.06425476074219,66.12110137939453,67.00746154785156,65.0076904296875,61.032779693603516,57.03507614135742,54.230987548828125,54.230987548828125,52.46903991699219,53.93514633178711,50.21951675415039,47.434165954589844
0,-35,-95,11,33,102.61091613769531,98.48857879638672,103.3247299194336,99.92497253417969,101.13851928710938,94.3716049194336,99.72462463378906,97.1236343383789,98.97979736328125,97.40636444091797,99.5389404296875,99.92497253417969,101.13357543945312,100.31948852539062,98.61541748046875,103.78824615478516,99.31767272949219,99.31767272949219,100.62306213378906,102.956298828125,101.23734283447266,101.98039245605469,100.22474670410156,101.96568298339844,103.36827087402344,100.7223892211914,100.46392059326172,99.02020263671875,95.5196304321289,95.5196304321289,88.8875732421875,88.60022735595703,86.12781524658203,82.2800064086914,81.25269317626953,77.6208724975586,72.53275299072266,71.58910369873047,70.61161041259766,67.26811981201172,66.2872543334961,64.13267517089844,62.64982223510742,56.718605041503906,57.314918518066406,52.15361785888672,55.081756591796875,54.00925827026367,50.0099983215332,49.01020431518555,48.093658447265625,43.28972244262695
0,-35,-95,11,34,103.4794692993164,103.3924560546875,102.59142303466797,102.64988708496094,100.44898986816406,100.44898986816406,99.7045669555664,101.98039245605469,99.90495300292969,102.303466796875,103.4794692993164,103.71113586425781,104.01922607421875,102.00489807128906,104.20172882080078,105.20931243896484,104.29285430908203,103.46980285644531,105.11898040771484,104.56098937988281,104.62313079833984,107.07473754882812,105.80170440673828,108.46658325195312,109.40292358398438,102.80078125,103.85566711425781,104.35037231445312,100.5683822631836,98.49365234375,93.34880828857422,92.69843292236328,91.21951293945312,86.97700500488281,81.3449478149414,81.46778869628906,79.30951690673828,77.23341369628906,70.1783447265625,70.83784484863281,66.70832061767578,66.84310150146484,64.81512451171875,62.20128631591797,59.81638717651367,56.035701751708984,56.30275344848633,53.33854293823242,53.23532485961914,51.4781494140625,47.01063537597656,47.53945541381836
0,-35,-95,10,37,101.31633758544922,97.25225067138672,102.70345306396484,98.50888061523438,100.60317993164062,95.88534545898438,96.02603912353516,96.69022369384766,97.86214447021484,99.46356201171875,100.89598846435547,99.20181274414062,100.28459167480469,101.53324890136719,96.4624252319336,104.04325866699219,100.24469757080078,99.6242904663086,100.5683822631836,101.83319854736328,100.24469757080078,103.4069595336914,103.74005889892578,105.10946655273438,101.83319854736328,100.96038818359375,100.68763732910156,103.3247299194336,96.04686737060547,96.31718444824219,89.44271850585938,92.22798156738281,87.96590423583984,84.85281372070312,81.88406372070312,77.78174591064453,75.42546081542969,72.44308471679688,72.56031799316406,68.35934448242188,66.27216339111328,65.19202423095703,65.12296295166016,60.0333251953125,60.0333251953125,54.037025451660156,57.07889175415039,52.15361785888672,52.345008850097656,49.497474670410156,46.87216567993164,45.607017517089844
0,-35,-95,10,37,95.18928527832031,94.87360382080078,96.25486755371094,96.7470932006836,97.52947998046875,93.05912017822266,94.3663101196289,92.13577270507812,93.94147491455078,93.62158203125,95.75489807128906,96.93296813964844,96.2081069946289,97.40636444091797,99.6242904663086,96.5660400390625,98.08159637451172,97.80081939697266,97.26766967773438,98.49365234375,97.1236343383789,99.45853424072266,96.16651916503906,102.61579132080078,99.32774353027344,100.57833099365234,99.92997741699219,97.40636444091797,94.33981323242188,91.18113708496094,89.69392395019531,87.72685241699219,85.08818817138672,82.85529327392578,80.52949523925781,75.13321685791016,73.79024505615234,70.66116333007812,67.5351791381836,67.60177612304688,64.49806213378906,62.64982223510742,63.1347770690918,60.539241790771484,58.52349853515625,55.4707145690918,52.801513671875,50.447994232177734,51.7397346496582,50.2493782043457,46.69047164916992,47.20169448852539
0,-35,-95,11,33,103.09703826904297,101.78899383544922,104.56098937988281,101.98039245605469,103.36827087402344,98.23441314697266,101.63660430908203,98.08159637451172,100.96038818359375,102.48902130126953,101.2422866821289,101.51354217529297,104.40306854248047,101.76934814453125,101.39033508300781,105.7024154663086,100.17984008789062,103.07764434814453,101.07422637939453,105.55093383789062,104.27847290039062,105.99056243896484,102.45974731445312,104.65180206298828,106.0235824584961,103.87010955810547,101.63660430908203,103.07764434814453,99.00505065917969,100.08995819091797,91.54779815673828,95.5196304321289,91.39474487304688,88.23265075683594,85.070556640625,82.861328125,78.84795379638672,79.12016296386719,74.72616577148438,72.80110168457031,71.30918884277344,65.96968841552734,69.37578582763672,62.96824645996094,63.95310592651367,62.513999938964844,59.41380310058594,59.304298400878906,57.07889175415039,54.037025451660156,51.088157653808594,51.4781494140625
0,-35,-95,10,36,96.04686737060547,95.0,95.0,97.00515747070312,95.0,95.21029663085938,94.04785919189453,92.6552734375,95.44107818603516,94.66783905029297,94.02127075195312,95.77056121826172,96.60227966308594,97.06183624267578,94.41397857666016,96.15092468261719,95.2575454711914,92.66067504882812,97.50897216796875,94.82615661621094,94.02127075195312,96.64884948730469,93.02149963378906,97.57561492919922,95.2732925415039,96.15092468261719,96.25486755371094,94.66783905029297,93.64827728271484,90.21086120605469,86.8216552734375,86.53323364257812,82.6619644165039,79.2022705078125,81.02468872070312,73.81734466552734,72.42237091064453,71.61005401611328,69.40460968017578,67.00746154785156,66.40029907226562,63.78087615966797,63.03173828125,59.41380310058594,58.0,54.5618896484375,55.31726837158203,54.4058837890625,50.80354309082031,51.03919982910156,48.87739944458008,47.01063537597656
0,-35,-95,11,33,99.6242904663086,103.46497344970703,99.72462463378906,99.6242904663086,103.24727630615234,100.46392059326172,102.956298828125,99.4032211303711,99.80982208251953,102.85912322998047,103.31021118164062,103.83159637451172,103.83159637451172,100.34440612792969,102.21546173095703,102.62553405761719,102.62553405761719,101.3558120727539,103.46497344970703,102.92716217041016,100.84642028808594,102.62553405761719,97.75479888916016,101.51354217529297,102.08329772949219,100.4987564086914,102.956298828125,100.84642028808594,97.6166000366211,96.25486755371094,92.59049987792969,90.3382568359375,89.55445098876953,85.90692901611328,82.3468246459961,81.93900299072266,79.30951690673828,72.23572540283203,72.61542510986328,72.61542510986328,69.6419448852539,68.70953369140625,68.94925689697266,66.0984115600586,61.84658432006836,59.43904495239258,60.41522979736328,59.03388977050781,56.32051086425781,57.314918518066406,54.08327102661133,49.0
0,-35,-95,11,33,103.07764434814453,99.72462463378906,104.40306854248047,99.04039764404297,102.14205932617188,98.03060913085938,103.61949920654297,100.6578369140625,100.46392059326172,101.63660430908203,103.07764434814453,102.88343048095703,102.88343048095703,102.85912322998047,101.07422637939453,105.11898040771484,102.4743881225586,102.4743881225586,102.21546173095703,105.19029998779297,102.956298828125,102.21546173095703,103.353759765625,105.19029998779297,106.0660171508789,99.76472473144531,99.76472473144531,101.51847076416016,95.7078857421875,97.04637908935547,90.87353515625,91.28527069091797,89.69392395019531,85.23497009277344,85.23497009277344,81.3449478149414,79.12016296386719,76.5506362915039,72.73238372802734,68.94925689697266,70.51950073242188,67.67569732666016,68.3081283569336,62.817195892333984,61.84658432006836,59.228370666503906,59.03388977050781,57.42821502685547,56.32051086425781,54.147945404052734,50.03998565673828,48.093658447265625
0,-35,-95,11,34,100.7223892211914,101.71037292480469,102.4743881225586,102.85912322998047,101.96568298339844,98.84330749511719,97.08243560791016,98.61541748046875,100.31948852539062,103.81714630126953,100.90093994140625,102.2007827758789,103.44564056396484,99.6242904663086,103.44564056396484,106.32027435302734,105.51303100585938,103.44564056396484,105.51303100585938,105.36128234863281,106.04244232177734,105.77334594726562,105.77334594726562,106.96260833740234,106.48004150390625,106.32027435302734,105.3043212890625,105.9480972290039,99.92997741699219,95.81753540039062,93.40770721435547,94.70480346679688,89.31964874267578,86.40602111816406,81.93900299072266,81.43709564208984,80.23091888427734,77.47257232666016,72.49827575683594,71.11258697509766,72.06941223144531,69.31810760498047,66.64833068847656,64.0078125,61.587337493896484,60.20797348022461,60.216278076171875,55.803226470947266,54.20331954956055,53.26349639892578,49.497474670410156,48.10405349731445
0,-35,-95,10,38,104.04325866699219,104.67568969726562,104.92378234863281,105.10946655273438,101.39033508300781,101.23734283447266,103.36827087402344,102.04410552978516,104.65180206298828,100.18482971191406,105.58882141113281,105.19029998779297,106.17438507080078,107.18675231933594,108.0462875366211,105.9480972290039,107.61505126953125,104.30723571777344,109.28861236572266,107.91200256347656,106.53168487548828,111.22050476074219,104.8475112915039,110.9414291381836,112.05802154541016,109.07795715332031,108.4066390991211,107.04204559326172,106.55046081542969,100.64790344238281,97.94386291503906,97.04637908935547,93.94147491455078,89.96110534667969,88.95504760742188,83.57032775878906,81.1541748046875,78.92401123046875,76.69419860839844,75.02666473388672,71.51223754882812,71.86793518066406,67.35725402832031,66.7607650756836,65.52098846435547,60.16643524169922,60.87692642211914,57.87054443359375,55.578773498535156,53.15073013305664,54.147945404052734,51.0
0,-35,-95,10,37,93.02149963378906,92.13577270507812,93.10746765136719,92.19544219970703,89.69392395019531,90.47099304199219,88.95504760742188,91.4166259765625,92.6552734375,90.75791931152344,92.02716827392578,93.96276092529297,97.26766967773438,96.04686737060547,96.3016128540039,97.51409912109375,98.48857879638672,96.7729263305664,97.08243560791016,99.2471694946289,98.71676635742188,100.89598846435547,98.23441314697266,100.43903350830078,97.01546478271484,99.45853424072266,99.72462463378906,96.76776123046875,95.18928527832031,91.7060546875,88.60022735595703,88.0227279663086,85.08818817138672,82.85529327392578,80.11241912841797,76.967529296875,74.24958038330078,70.66116333007812,70.23532104492188,69.1158447265625,64.88451385498047,64.0078125,64.14047241210938,59.36328887939453,54.918121337890625,53.823787689208984,52.801513671875,53.26349639892578,51.62363815307617,49.57822036743164,46.010868072509766,44.04542922973633
0,-35,-95,11,34,98.61541748046875,99.60923767089844,101.2422866821289,102.48902130126953,102.23991394042969,103.23758697509766,99.08077239990234,100.07997131347656,101.07917785644531,101.0,102.04410552978516,101.07917785644531,105.1712875366211,104.47966003417969,102.31324768066406,104.8093490600586,106.9205322265625,103.3924560546875,106.0660171508789,105.9292221069336,105.3043212890625,107.46627044677734,105.47511291503906,108.18965148925781,110.45361328125,109.37092590332031,107.11676025390625,104.07689666748047,104.07689666748047,99.00505065917969,97.00515747070312,95.04735565185547,93.26306915283203,90.13877868652344,89.27485656738281,83.21658325195312,83.09632873535156,79.4040298461914,74.4311752319336,77.3175277709961,71.44927978515625,71.56814575195312,67.89698028564453,67.6830825805664,65.25334930419922,61.13100814819336,60.4400520324707,60.083274841308594,55.71355438232422,53.851646423339844,54.12947463989258,50.537113189697266
0,-35,-95,10,37,95.52486419677734,94.8946762084961,95.7131118774414,96.60227966308594,95.7078857421875,91.67878723144531,94.84724426269531,95.2732925415039,95.85405731201172,93.98403930664062,96.2081069946289,96.79875946044922,99.6242904663086,95.88013458251953,99.72462463378906,99.04039764404297,97.98469543457031,99.20181274414062,98.95453643798828,101.86756134033203,97.80081939697266,102.35721588134766,99.72462463378906,101.63660430908203,100.42410278320312,101.6513671875,99.32774353027344,101.53324890136719,96.76776123046875,94.86833190917969,88.95504760742188,89.31964874267578,89.69392395019531,85.23497009277344,81.1541748046875,80.11241912841797,75.64390563964844,73.00685119628906,72.01388549804688,69.85699462890625,70.21395874023438,66.21178436279297,67.97793579101562,63.52952194213867,59.16925048828125,57.688819885253906,58.00862121582031,55.217750549316406,53.413482666015625,52.49761962890625,49.51767349243164,49.04079818725586
0,-35,-95,10,38,99.2471694946289,102.23991394042969,98.15293884277344,103.94710540771484,99.60923767089844,98.99494934082031,100.28459167480469,101.60708618164062,99.63935089111328,100.43903350830078,102.1077880859375,101.92153930664062,103.3247299194336,103.84603881835938,104.8093490600586,99.92997741699219,103.09219360351562,99.92997741699219,105.6219711303711,103.74005889892578,102.48902130126953,104.04325866699219,99.6242904663086,107.51744079589844,104.69479370117188,106.04244232177734,103.3247299194336,100.16985321044922,102.61091613769531,95.34149169921875,95.35198211669922,93.21480560302734,90.93404388427734,86.70063781738281,85.70880889892578,81.74349975585938,79.76214599609375,76.32168579101562,73.33484649658203,73.33484649658203,70.25667572021484,68.11754608154297,67.11929321289062,66.00757598876953,62.00806427001953,62.00806427001953,58.215118408203125,58.30952072143555,56.56854248046875,56.56854248046875,52.63079071044922,48.703182220458984
0,-35,-95,11,34,98.61541748046875,103.24727630615234,96.51942443847656,105.39450073242188,95.13148498535156,100.68763732910156,98.47334289550781,98.81295776367188,99.6242904663086,95.7757797241211,100.6578369140625,102.59142303466797,104.00480651855469,103.94710540771484,106.96260833740234,100.40916442871094,108.89444732666016,99.00505065917969,108.89444732666016,106.10372161865234,104.23531341552734,106.8316421508789,97.62171936035156,104.7377700805664,105.38026428222656,107.48953247070312,105.75916290283203,100.89598846435547,104.48445129394531,94.02127075195312,94.40338897705078,92.0869140625,90.42676544189453,86.28441619873047,81.83519744873047,77.10382843017578,80.44873809814453,76.00657653808594,75.47184753417969,74.94664764404297,66.24198150634766,70.71067810058594,64.49806213378906,64.0078125,64.47480010986328,59.236812591552734,58.872745513916016,57.87054443359375,53.16013717651367,53.75872039794922,52.63079071044922,46.52956008911133
0,-35,-95,10,37,92.80086517333984,95.60334777832031,92.19544219970703,95.2680435180664,91.43850708007812,94.17536926269531,93.38094329833984,90.55384826660156,94.06912231445312,92.6552734375,94.84724426269531,95.90099334716797,98.08159637451172,100.2646484375,100.12492370605469,99.63935089111328,101.212646484375,98.08159637451172,100.0,101.67103576660156,100.00499725341797,101.04454803466797,99.2471694946289,100.60317993164062,100.00499725341797,102.303466796875,101.23734283447266,99.08582305908203,96.87621307373047,93.34880828857422,92.69843292236328,89.9388656616211,86.55634307861328,83.63013458251953,81.46778869628906,77.33692169189453,76.69419860839844,73.24616241455078,72.00694274902344,70.21395874023438,65.6048812866211,64.81512451171875,63.24555206298828,63.0079345703125,58.30952072143555,56.080299377441406,53.22593307495117,54.5618896484375,52.801513671875,52.39274597167969,47.75981521606445,46.173583984375
0,-35,-95,10,37,91.7060546875,90.13877868652344,90.82400512695312,90.2496566772461,91.78779602050781,89.47066497802734,91.67878723144531,93.05912017822266,93.64827728271484,94.5145492553711,94.5145492553711,97.41663360595703,97.34988403320312,100.40418243408203,97.34988403320312,102.2007827758789,100.60317993164062,100.20977783203125,101.212646484375,101.82828521728516,102.2007827758789,101.212646484375,100.43903350830078,103.6001968383789,104.86181640625,103.46980285644531,102.64988708496094,99.29753112792969,99.02020263671875,97.94386291503906,91.92388153076172,92.78469848632812,90.91754150390625,85.0,84.59905242919922,82.76472473144531,77.82672882080078,75.1531753540039,73.40980529785156,71.17584228515625,67.11929321289062,68.94200134277344,68.15423583984375,63.324562072753906,62.297672271728516,59.13543701171875,57.723480224609375,53.600372314453125,54.918121337890625,52.46903991699219,50.15974426269531,47.04253387451172
0,-35,-95,10,37,95.44107818603516,96.51942443847656,96.25486755371094,99.02020263671875,94.15412902832031,94.41397857666016,93.53608703613281,94.82615661621094,98.83824920654297,98.0866928100586,101.23734283447266,99.72462463378906,103.73042297363281,104.177734375,103.46497344970703,102.78618621826172,104.67568969726562,100.90093994140625,103.74005889892578,103.73042297363281,104.40306854248047,106.6255111694336,102.78618621826172,105.36128234863281,107.20541381835938,104.67568969726562,106.04244232177734,103.07764434814453,104.0,99.80982208251953,97.08243560791016,97.49359130859375,96.17691802978516,87.70974731445312,88.1929702758789,85.08818817138672,82.76472473144531,82.36504364013672,77.5241928100586,76.32168579101562,75.7165756225586,73.49829864501953,70.21395874023438,67.80117797851562,64.66065216064453,60.30754470825195,60.20797348022461,57.28001403808594,58.728187561035156,54.5618896484375,52.63079071044922,50.774009704589844
0,-35,-95,10,37,97.86725616455078,94.3663101196289,98.27003479003906,96.8813705444336,96.31718444824219,96.10411071777344,94.83142852783203,98.23441314697266,98.49365234375,97.71898651123047,99.6242904663086,97.73944854736328,102.31813049316406,103.81714630126953,102.52804565429688,105.47511291503906,103.07764434814453,101.95096588134766,102.55242919921875,102.69371795654297,103.61949920654297,103.07764434814453,101.0197982788086,104.69479370117188,105.7024154663086,104.54663848876953,103.4069595336914,103.09219360351562,98.67117309570312,96.76776123046875,94.9210205078125,90.9560317993164,90.70832061767578,88.5268325805664,84.92938232421875,82.20097351074219,80.41144561767578,78.08969116210938,75.95393371582031,75.80237579345703,75.66372680664062,72.44308471679688,73.43704986572266,65.27633666992188,66.0,62.00806427001953,60.074954986572266,59.13543701171875,59.41380310058594,54.7448616027832,52.95280838012695,51.244510650634766
0,-35,-95,10,38,102.956298828125,104.9571304321289,99.02020263671875,104.9571304321289,101.54801940917969,101.83319854736328,102.34255981445312,101.0197982788086,99.6242904663086,96.21330261230469,104.48445129394531,103.3924560546875,104.80458068847656,104.80458068847656,105.47511291503906,104.00480651855469,108.93116760253906,99.76472473144531,108.2081298828125,105.38026428222656,106.21675872802734,103.3924560546875,101.91172790527344,107.48023223876953,106.77546691894531,106.8316421508789,103.3924560546875,100.12492370605469,103.71113586425781,96.67471313476562,97.00515747070312,94.40338897705078,89.87213134765625,86.83892822265625,82.6619644165039,79.6303939819336,81.21575927734375,76.843994140625,76.843994140625,74.3303451538086,72.20111083984375,73.24616241455078,70.32780456542969,68.09552001953125,64.40496826171875,62.2414665222168,62.2414665222168,59.61543273925781,55.36244201660156,56.32051086425781,54.120235443115234,51.788028717041016
0,-35,-95,10,37,100.7223892211914,102.15674591064453,101.0197982788086,100.46392059326172,98.35140991210938,97.08243560791016,97.80081939697266,98.49365234375,97.52947998046875,96.84007263183594,101.39033508300781,99.68952178955078,99.46356201171875,98.65596771240234,101.98039245605469,101.60708618164062,99.98500061035156,100.28459167480469,98.85848236083984,101.83319854736328,99.98500061035156,100.12991333007812,98.31072998046875,102.8250961303711,101.60708618164062,99.82484436035156,97.86214447021484,96.7729263305664,93.39164733886719,90.24411010742188,87.64131164550781,87.09190368652344,84.89994049072266,81.04319763183594,79.37883758544922,78.44743347167969,73.05477142333984,69.89277648925781,67.41661834716797,67.06713104248047,65.55150604248047,62.62587356567383,64.62197875976562,60.008331298828125,58.30952072143555,55.03635025024414,53.22593307495117,52.47856521606445,50.774009704589844,50.21951675415039,47.6340217590332,46.010868072509766
0,-35,-95,10,37,99.4032211303711,100.0,101.53324890136719,103.71113586425781,100.2646484375,100.76705932617188,100.00499725341797,99.2471694946289,99.03534698486328,98.99494934082031,101.82337951660156,102.53292083740234,103.4794692993164,102.8250961303711,105.64563751220703,103.5857162475586,102.303466796875,98.49365234375,104.8093490600586,103.23274993896484,101.41498565673828,100.89598846435547,102.303466796875,103.23274993896484,104.48445129394531,102.17631530761719,103.3247299194336,101.13851928710938,100.44898986816406,94.76286315917969,90.52071380615234,90.68627166748047,87.32124328613281,82.97589874267578,79.64923095703125,78.24320983886719,74.81310272216797,74.40430450439453,72.00694274902344,67.20118713378906,64.40496826171875,65.0,63.0079345703125,60.464866638183594,58.52349853515625,54.20331954956055,53.33854293823242,52.35456085205078,50.08992004394531,50.56678771972656,49.648765563964844,46.57252502441406
0,-34,-95,10,36,97.86725616455078,101.96568298339844,98.41239929199219,102.48902130126953,98.61541748046875,99.32270812988281,98.24967956542969,98.12747192382812,99.12618255615234,99.02020263671875,99.0,102.07839965820312,102.12247467041016,101.17806243896484,103.12128448486328,102.17631530761719,104.47966003417969,99.40824890136719,104.58011627197266,104.3886947631836,102.17631530761719,107.37783813476562,99.32270812988281,107.78682708740234,104.23531341552734,104.23531341552734,104.07689666748047,99.02020263671875,103.0436782836914,93.0,96.08329772949219,92.19544219970703,88.36288452148438,86.5794448852539,84.59314727783203,78.63841247558594,79.4040298461914,73.43704986572266,73.55270385742188,69.58448028564453,65.92420196533203,66.0984115600586,64.77654266357422,63.56099319458008,59.43904495239258,56.32051086425781,55.36244201660156,54.708316802978516,49.97999572753906,50.32891845703125,48.332183837890625,46.957427978515625
0,-35,-95,10,37,99.63935089111328,96.82975006103516,101.60708618164062,100.20977783203125,102.64988708496094,97.6524429321289,100.40418243408203,99.02020263671875,100.4987564086914,103.44564056396484,106.32967376708984,104.70912170410156,104.20172882080078,102.85912322998047,101.53324890136719,108.25894927978516,103.36827087402344,106.92988586425781,106.51290893554688,107.83784484863281,103.78824615478516,107.42439270019531,107.35455322265625,110.57124328613281,107.35455322265625,105.0951919555664,105.11898040771484,106.0660171508789,103.83159637451172,102.88343048095703,97.94386291503906,96.51942443847656,92.9139404296875,87.92041778564453,86.02325439453125,83.81526947021484,81.84130859375,77.801025390625,77.0064926147461,72.00694274902344,70.43436431884766,66.70832061767578,69.65629577636719,65.94694519042969,64.44377136230469,59.46427536010742,58.694122314453125,55.17245864868164,55.60575485229492,53.00943374633789,51.865211486816406,48.87739944458008
0,-35,-95,10,38,97.71898651123047,95.60334777832031,101.13851928710938,99.46356201171875,101.41498565673828,95.8018798828125,100.0199966430664,100.80674743652344,99.63935089111328,104.23531341552734,105.07616424560547,104.47966003417969,104.58011627197266,104.23531341552734,103.48429870605469,110.29052734375,105.1712875366211,106.23088073730469,109.29318237304688,106.30146026611328,103.3924560546875,107.1680908203125,107.37783813476562,109.07337188720703,106.30146026611328,105.385009765625,104.8093490600586,106.21205139160156,101.96568298339844,102.25947570800781,96.69022369384766,95.90099334716797,94.3663101196289,88.76936340332031,89.9888916015625,84.17243957519531,80.52328491210938,77.88452911376953,75.43209075927734,72.12489318847656,74.04052734375,71.7844009399414,68.70953369140625,62.62587356567383,66.30987548828125,59.93329620361328,59.93329620361328,59.05929183959961,55.75840759277344,53.25410842895508,50.80354309082031,51.088157653808594
0,-35,-95,11,33,91.08238220214844,90.75791931152344,93.96276092529297,94.83142852783203,91.76055908203125,94.3716049194336,93.17188262939453,94.14881896972656,94.72592163085938,96.33794403076172,95.35198211669922,98.15293884277344,97.16481018066406,98.99494934082031,97.73944854736328,101.40019989013672,100.24469757080078,99.50376892089844,98.24967956542969,100.12492370605469,100.24469757080078,100.24469757080078,99.60923767089844,100.17984008789062,101.40019989013672,101.59724426269531,100.4987564086914,100.60317993164062,93.77099609375,94.20191192626953,89.44271850585938,88.28363037109375,87.86353302001953,82.0,79.62411499023438,80.52328491210938,77.36924743652344,73.08214569091797,69.6419448852539,68.96376037597656,65.96968841552734,65.802734375,64.19501495361328,60.406951904296875,59.13543701171875,58.52349853515625,55.90169906616211,56.36488342285156,54.20331954956055,49.92995071411133,48.25971221923828,45.607017517089844
0,-35,-95,11,33,96.83490753173828,94.40338897705078,94.81033325195312,96.40020751953125,95.2680435180664,93.7229995727539,95.67131042480469,96.33275604248047,94.17536926269531,96.2081069946289,97.58073425292969,97.59098052978516,97.58073425292969,99.76472473144531,100.41912078857422,101.23734283447266,99.90495300292969,98.41239929199219,98.71676635742188,100.5683822631836,99.76472473144531,101.17806243896484,99.76472473144531,102.72779846191406,101.23734283447266,100.44898986816406,101.13851928710938,101.17806243896484,97.67292022705078,94.79451751708984,90.13877868652344,90.02777099609375,87.20092010498047,84.20214080810547,81.4002456665039,80.0,76.27581787109375,73.81734466552734,73.7834701538086,71.02816009521484,69.3397445678711,65.86349487304688,68.09552001953125,59.53990173339844,59.53990173339844,59.09314727783203,59.09314727783203,54.7813835144043,53.45091247558594,49.47726821899414,50.21951675415039,44.55333709716797
0,-35,-95,11,33,98.89894104003906,95.2732925415039,98.38699340820312,100.17984008789062,98.41239929199219,95.77056121826172,96.7470932006836,94.66783905029297,97.90811920166016,97.94386291503906,99.85990142822266,101.83319854736328,102.64988708496094,103.4069595336914,100.80178833007812,104.48445129394531,100.00499725341797,103.23274993896484,100.6578369140625,105.11898040771484,101.212646484375,102.94173431396484,101.212646484375,104.35037231445312,102.44998931884766,102.80078125,103.4069595336914,101.212646484375,98.81295776367188,96.83490753173828,94.57801055908203,92.9139404296875,91.06591033935547,87.98295593261719,83.86298370361328,80.26206970214844,80.62257385253906,75.13321685791016,72.00694274902344,69.77105712890625,71.5541763305664,67.11929321289062,67.5425796508789,65.79513549804688,63.158531188964844,61.09828186035156,59.46427536010742,57.245086669921875,56.51548385620117,55.31726837158203,49.497474670410156,49.09175109863281
0,-35,-95,11,34,100.80674743652344,97.29337310791016,100.16985321044922,102.35721588134766,101.13851928710938,98.49365234375,101.2422866821289,97.80081939697266,98.67117309570312,99.02020263671875,101.0197982788086,101.63660430908203,103.78824615478516,102.88343048095703,103.87010955810547,102.42070007324219,102.85912322998047,101.96568298339844,103.353759765625,104.20172882080078,104.20172882080078,106.47064971923828,101.53324890136719,105.30906677246094,105.58882141113281,104.65180206298828,105.0951919555664,102.88343048095703,101.13357543945312,99.80982208251953,96.7729263305664,93.77632904052734,92.11405944824219,86.97700500488281,85.79627227783203,82.87339782714844,80.3243408203125,78.43468475341797,75.27283477783203,74.3303451538086,72.80110168457031,71.56814575195312,68.15423583984375,66.21932983398438,63.56099319458008,61.98386764526367,58.694122314453125,58.4208869934082,56.22277069091797,55.081756591796875,53.00943374633789,52.08646774291992
0,-35,-95,10,38,98.4327163696289,97.30878448486328,100.7223892211914,96.7729263305664,101.13357543945312,96.17691802978516,98.38699340820312,97.49359130859375,98.41239929199219,99.84988403320312,102.08329772949219,101.87246704101562,101.2422866821289,102.39628601074219,102.08329772949219,103.73042297363281,104.62313079833984,103.17460632324219,103.46980285644531,105.43718719482422,104.8475112915039,103.17460632324219,99.29753112792969,106.01886749267578,105.39450073242188,102.62553405761719,100.16985321044922,101.3558120727539,97.41663360595703,96.8968505859375,91.7060546875,94.81033325195312,88.54942321777344,85.86617279052734,84.5280990600586,81.43709564208984,80.23091888427734,74.84651184082031,73.53910827636719,71.58910369873047,72.80110168457031,69.07966613769531,69.57010650634766,65.14598846435547,64.56005096435547,60.41522979736328,60.63827133178711,58.85575485229492,58.4208869934082,55.3263053894043,54.00925827026367,52.08646774291992
0,-35,-95,10,38,104.23531341552734,105.57461547851562,102.956298828125,106.79419708251953,101.83319854736328,102.956298828125,101.43470764160156,103.57605743408203,102.9611587524414,102.39140319824219,106.30146026611328,105.77334594726562,107.70329284667969,107.56393432617188,109.4805908203125,107.00466918945312,111.3193588256836,106.60675048828125,107.56393432617188,109.76793670654297,107.00466918945312,107.56393432617188,104.54663848876953,109.41663360595703,108.66921997070312,110.16351318359375,108.17115783691406,105.11898040771484,103.94229125976562,101.60708618164062,97.86725616455078,94.5409927368164,90.09439849853516,89.45389556884766,86.37129211425781,80.5046615600586,78.4091796875,77.23341369628906,78.23043060302734,76.32168579101562,73.02738952636719,71.02816009521484,70.028564453125,68.00735473632812,66.0302963256836,62.07253646850586,64.28063201904297,62.513999938964844,59.84145736694336,54.81787872314453,56.04462432861328,54.08327102661133
0,-35,-95,10,38,102.08329772949219,97.90811920166016,101.25709533691406,99.86490631103516,105.43718719482422,99.63935089111328,101.67103576660156,100.12492370605469,101.41498565673828,104.06248474121094,105.64563751220703,102.068603515625,104.7377700805664,105.38026428222656,98.31072998046875,108.90362548828125,102.64988708496094,106.77546691894531,102.64988708496094,108.2450942993164,104.00480651855469,106.8316421508789,106.07544708251953,108.18965148925781,107.48953247070312,105.38026428222656,102.64988708496094,103.3247299194336,97.83660125732422,97.83660125732422,90.13877868652344,90.90654754638672,89.64373779296875,85.6037368774414,83.40863037109375,82.80096435546875,82.20097351074219,74.3303451538086,70.80254364013672,67.42403411865234,71.02816009521484,65.21502685546875,68.24221801757812,62.433963775634766,63.812225341796875,60.539241790771484,58.5918083190918,58.13776779174805,57.245086669921875,55.36244201660156,52.17279052734375,49.81967544555664
0,-35,-95,10,37,102.55242919921875,101.63660430908203,101.95096588134766,104.177734375,104.75209045410156,99.72462463378906,98.97979736328125,102.78618621826172,102.48902130126953,101.92153930664062,102.35721588134766,104.78549194335938,104.78549194335938,107.2800064086914,103.36827087402344,103.7545166015625,103.7545166015625,104.13932800292969,103.57605743408203,105.22357177734375,104.92378234863281,106.53168487548828,102.77159118652344,105.54619598388672,105.9056167602539,104.92378234863281,105.5367202758789,102.35721588134766,97.01546478271484,96.3016128540039,91.0933609008789,91.7060546875,89.1852035522461,84.43340301513672,83.16850280761719,81.27114868164062,78.43468475341797,75.02666473388672,72.44998168945312,70.00714111328125,67.23094177246094,67.41661834716797,66.30987548828125,62.60990524291992,61.269893646240234,57.706153869628906,55.226806640625,57.982757568359375,55.75840759277344,51.03919982910156,49.20365905761719,48.83646011352539
0,-34,-95,10,36,97.80081939697266,98.37174224853516,99.72462463378906,97.73944854736328,97.40636444091797,97.86214447021484,96.93296813964844,97.16995239257812,96.17691802978516,99.74467468261719,100.17984008789062,102.42070007324219,100.23971557617188,97.1287841796875,100.23971557617188,100.84642028808594,100.4987564086914,98.61541748046875,101.0197982788086,100.16985321044922,99.12618255615234,101.3558120727539,97.24710845947266,101.78899383544922,98.61541748046875,100.7223892211914,96.7470932006836,98.83824920654297,94.82615661621094,92.57429504394531,87.72685241699219,86.76404571533203,84.69356536865234,80.23091888427734,78.54934692382812,76.69419860839844,71.86793518066406,70.93659210205078,69.28924560546875,66.30987548828125,65.19202423095703,63.90618133544922,63.24555206298828,58.52349853515625,57.28001403808594,56.75385284423828,53.15073013305664,52.77309799194336,51.788028717041016,50.35871505737305,49.09175109863281,47.0
0,-34,-95,10,36,97.50897216796875,98.41239929199219,100.84642028808594,99.4032211303711,101.0197982788086,98.79270935058594,99.95999145507812,99.02020263671875,98.67117309570312,101.83319854736328,102.14205932617188,103.16007232666016,103.3247299194336,102.1077880859375,101.86756134033203,104.78549194335938,101.98039245605469,100.89598846435547,102.77159118652344,103.16007232666016,102.83968353271484,104.3455810546875,103.07764434814453,103.16007232666016,103.36827087402344,102.1077880859375,103.07764434814453,100.68763732910156,95.60334777832031,97.52947998046875,91.7060546875,89.8109130859375,88.25531005859375,83.81526947021484,82.63776397705078,80.41144561767578,74.46475982666016,71.51223754882812,69.6419448852539,68.94200134277344,69.07966613769531,63.324562072753906,65.0,60.008331298828125,59.03388977050781,58.18075180053711,56.35601043701172,55.56977462768555,54.08327102661133,51.400390625,47.801673889160156,48.91830062866211
0,-35,-95,10,37,98.0204086303711,97.00515747070312,100.00499725341797,99.00505065917969,98.04590606689453,99.04544067382812,99.12618255615234,97.1287841796875,99.40824890136719,100.60317993164062,99.14131164550781,101.60708618164062,105.54619598388672,102.9611587524414,102.1077880859375,105.11898040771484,102.18121337890625,103.7545166015625,103.36827087402344,102.18121337890625,101.78899383544922,105.32331085205078,100.80674743652344,104.78549194335938,104.3455810546875,99.82484436035156,100.28459167480469,99.14131164550781,94.20191192626953,93.21480560302734,88.36288452148438,90.44888305664062,87.28115844726562,81.22191619873047,81.1541748046875,78.31346893310547,75.1664810180664,75.23961639404297,72.17340087890625,69.065185546875,67.11929321289062,65.0691909790039,65.0691909790039,63.0,59.00847244262695,59.03388977050781,57.14017868041992,57.07889175415039,54.33230972290039,51.35172653198242,50.80354309082031,47.801673889160156
0,-35,-95,11,34,94.75231170654297,96.87621307373047,99.90495300292969,100.4987564086914,99.15644073486328,99.90495300292969,100.12492370605469,102.44998931884766,102.00489807128906,102.80078125,104.20172882080078,104.62313079833984,105.43718719482422,105.11898040771484,107.64757537841797,107.89810180664062,108.22661590576172,104.00961303710938,104.8475112915039,106.0,107.89810180664062,110.9414291381836,104.29285430908203,108.72441864013672,109.04127502441406,106.8316421508789,107.61505126953125,104.01922607421875,99.2471694946289,100.00499725341797,92.8493423461914,92.69843292236328,89.8276138305664,86.37129211425781,87.68124389648438,82.73451232910156,77.79460144042969,76.38062286376953,74.2765121459961,70.72481536865234,68.62215423583984,69.35416412353516,66.06814575195312,65.19202423095703,60.30754470825195,58.600341796875,57.20139694213867,59.07622146606445,54.20331954956055,51.97114562988281,50.537113189697266,49.04079818725586
0,-35,-95,11,33,93.39164733886719,92.89241027832031,94.11163330078125,96.5660400390625,95.33625030517578,94.9210205078125,97.40636444091797,95.07891082763672,98.79270935058594,94.93682098388672,98.61541748046875,99.4032211303711,102.85912322998047,103.31505584716797,102.85912322998047,101.98039245605469,101.07422637939453,102.42070007324219,104.31682586669922,101.71037292480469,99.76472473144531,103.83159637451172,98.83824920654297,104.70912170410156,101.07422637939453,103.31021118164062,103.31021118164062,99.31767272949219,96.60745239257812,94.42987060546875,92.30926513671875,91.78779602050781,88.0227279663086,82.87339782714844,80.99382781982422,77.8331527709961,78.10890197753906,70.83784484863281,70.83784484863281,68.62215423583984,66.0984115600586,66.128662109375,65.802734375,62.93647766113281,61.13100814819336,56.29387283325195,55.54277801513672,52.95280838012695,51.35172653198242,54.147945404052734,49.01020431518555,48.010414123535156
0,-34,-95,10,36,90.78546142578125,90.3548583984375,89.55445098876953,93.52005004882812,92.70382690429688,92.70382690429688,93.23089599609375,92.11405944824219,93.98403930664062,95.50916290283203,95.60334777832031,96.5660400390625,97.26766967773438,98.48857879638672,98.23441314697266,97.08243560791016,98.84330749511719,96.10411071777344,99.04039764404297,98.84330749511719,97.29337310791016,99.2471694946289,95.12622833251953,99.98500061035156,100.44898986816406,98.84330749511719,99.2471694946289,96.7729263305664,95.56673431396484,92.41753387451172,90.52071380615234,88.32327270507812,88.86506652832031,80.3243408203125,79.71198272705078,77.49193572998047,75.0,72.44998168945312,68.680419921875,68.94925689697266,64.8459701538086,62.96824645996094,62.032249450683594,60.16643524169922,59.09314727783203,55.46169662475586,55.94640350341797,53.33854293823242,51.4781494140625,49.92995071411133,48.60041046142578,46.69047164916992
0,-34,-95,10,36,90.60904693603516,91.67878723144531,93.23625946044922,95.2680435180664,91.83136749267578,95.0,93.60021209716797,94.86833190917969,94.04785919189453,94.33981323242188,97.41663360595703,99.12618255615234,98.48857879638672,98.1121826171875,100.34440612792969,100.18482971191406,102.41581726074219,96.17691802978516,101.51847076416016,101.51847076416016,98.83824920654297,99.74467468261719,96.15092468261719,101.55294036865234,101.07917785644531,99.7296371459961,100.18482971191406,95.77056121826172,98.1121826171875,93.1504135131836,92.43917083740234,90.73587799072266,89.04492950439453,82.37718200683594,80.70935821533203,77.66595458984375,77.93586730957031,72.20111083984375,71.84706115722656,72.42237091064453,67.80117797851562,67.20118713378906,67.00746154785156,62.481998443603516,60.30754470825195,58.728187561035156,57.982757568359375,56.58621597290039,53.413482666015625,52.009613037109375,50.477718353271484,47.01063537597656
0,-34,-95,10,35,86.37129211425781,87.78382873535156,88.09085845947266,91.54779815673828,86.68333435058594,88.23831176757812,88.40814208984375,90.8019790649414,89.62700653076172,89.58794403076172,95.13148498535156,94.66783905029297,93.29522705078125,93.64827728271484,95.01578521728516,93.94147491455078,96.15092468261719,94.41397857666016,95.29428100585938,94.82615661621094,97.1287841796875,96.17691802978516,93.05912017822266,97.52947998046875,97.06183624267578,95.77056121826172,94.8946762084961,91.30169677734375,92.28217315673828,90.04998779296875,86.60831451416016,85.98255920410156,82.92768096923828,79.88116455078125,77.38862609863281,75.1664810180664,73.23933410644531,71.61005401611328,70.0,68.818603515625,65.802734375,65.0,63.411354064941406,63.12685775756836,59.46427536010742,57.28001403808594,57.28001403808594,55.90169906616211,53.413482666015625,51.61395263671875,50.21951675415039,49.39635467529297
0,-34,-95,10,36,94.13288116455078,92.0869140625,95.00526428222656,96.08329772949219,97.0,96.00521087646484,94.02127075195312,97.1287841796875,98.32598876953125,97.51409912109375,100.60317993164062,101.83319854736328,102.956298828125,102.956298828125,102.77159118652344,104.7377700805664,101.98039245605469,99.63935089111328,103.16007232666016,105.75916290283203,103.16007232666016,102.61091613769531,100.80674743652344,101.63660430908203,102.9611587524414,102.39140319824219,102.9611587524414,101.0,99.46356201171875,96.33794403076172,93.64827728271484,92.9139404296875,90.55384826660156,87.57283020019531,86.5794448852539,84.38008880615234,80.5046615600586,78.23043060302734,77.3175277709961,75.32595825195312,72.06246948242188,72.11102294921875,68.02940368652344,68.00735473632812,67.0,61.032779693603516,60.0333251953125,59.304298400878906,58.694122314453125,57.27128601074219,52.88667297363281,53.141319274902344
0,-35,-95,11,34,91.54779815673828,97.94896697998047,93.38094329833984,99.7045669555664,93.33809661865234,99.7045669555664,94.75231170654297,96.2081069946289,99.08582305908203,95.13148498535156,100.42410278320312,102.00489807128906,104.29285430908203,101.83319854736328,107.20074462890625,102.2007827758789,109.28861236572266,100.20977783203125,108.45275115966797,107.07473754882812,106.60675048828125,107.64757537841797,104.29285430908203,109.60382843017578,108.72441864013672,108.72441864013672,108.4066390991211,104.01922607421875,106.04244232177734,98.71676635742188,99.35794067382812,99.2471694946289,94.84724426269531,92.02173614501953,92.6552734375,84.89994049072266,84.89994049072266,84.2199478149414,79.20858764648438,84.17243957519531,75.00666809082031,78.56844329833984,72.34638977050781,69.52696990966797,68.60028839111328,66.61080932617188,64.35060119628906,64.49806213378906,59.16925048828125,58.66856002807617,55.94640350341797,55.36244201660156
0,-35,-95,10,40,101.0,101.27191162109375,104.08650207519531,105.68348693847656,102.39628601074219,103.12128448486328,105.0428466796875,102.00489807128906,106.0,106.04244232177734,108.07405090332031,109.1650161743164,113.1591796875,112.36102294921875,110.54862976074219,115.26057434082031,114.98260498046875,114.52947235107422,116.96580505371094,119.07980346679688,117.9576187133789,119.2182846069336,114.73883056640625,122.3315200805664,121.69634246826172,117.72000885009766,117.42657470703125,120.41594696044922,115.15641784667969,112.07140350341797,109.01834869384766,108.04165649414062,105.0047607421875,101.00495147705078,98.0204086303711,98.0,94.08506774902344,88.36288452148438,88.14192962646484,85.21150207519531,84.2140121459961,81.39410400390625,77.92945861816406,76.79192352294922,76.94153594970703,72.18032836914062,71.80529022216797,68.00735473632812,63.89052963256836,65.19202423095703,59.50630187988281,57.706153869628906
0,-35,-95,11,34,96.54014587402344,93.50936126708984,96.26006317138672,95.52486419677734,96.87621307373047,94.04785919189453,94.06912231445312,95.52486419677734,96.42613983154297,97.45255279541016,97.30878448486328,99.4032211303711,98.60020446777344,98.0051040649414,98.81295776367188,104.56098937988281,101.2422866821289,103.17460632324219,101.54801940917969,103.77379608154297,102.62553405761719,104.30723571777344,105.68821716308594,107.37783813476562,107.61505126953125,107.89810180664062,106.40018463134766,105.42295837402344,102.94173431396484,102.17631530761719,95.58765411376953,96.26006317138672,93.34880828857422,89.09545135498047,87.69264221191406,84.89994049072266,83.48652648925781,78.56844329833984,75.82215881347656,71.58910369873047,73.87828063964844,72.00694274902344,70.60453033447266,65.802734375,65.45991516113281,61.91122817993164,63.28506851196289,61.717098236083984,58.694122314453125,56.30275344848633,49.648765563964844,47.85394287109375
0,-34,-95,9,42,104.17293548583984,104.30723571777344,104.01922607421875,105.0,103.00485229492188,104.00480651855469,102.07839965820312,103.07764434814453,103.23758697509766,103.31021118164062,102.31324768066406,104.8093490600586,106.79419708251953,106.21205139160156,105.38026428222656,106.7052001953125,108.25894927978516,105.9056167602539,107.07940673828125,106.51290893554688,107.07940673828125,106.51290893554688,102.9611587524414,109.1421127319336,106.51290893554688,105.9056167602539,107.68936920166016,103.4069595336914,103.4069595336914,102.25947570800781,98.61541748046875,95.42536163330078,94.19129180908203,90.04998779296875,88.20430755615234,85.14693450927734,83.09632873535156,79.00633239746094,76.10519409179688,75.00666809082031,73.00685119628906,73.06161499023438,69.0,69.00724792480469,63.12685775756836,61.29437255859375,59.41380310058594,59.6824951171875,57.070133209228516,55.081756591796875,53.45091247558594,49.04079818725586
0,-34,-95,9,40,103.4794692993164,100.6578369140625,106.66770935058594,100.89598846435547,104.01922607421875,100.60317993164062,102.07839965820312,99.6242904663086,103.17460632324219,102.92716217041016,103.17460632324219,103.24727630615234,104.44615936279297,103.44564056396484,100.7223892211914,107.35455322265625,101.51847076416016,103.31021118164062,101.98039245605469,103.78824615478516,102.85912322998047,104.27847290039062,103.78824615478516,107.01869201660156,105.0951919555664,102.85912322998047,102.41581726074219,102.0,96.64884948730469,98.48857879638672,91.30169677734375,93.64827728271484,88.32327270507812,85.23497009277344,83.52843475341797,80.99382781982422,77.10382843017578,75.21302795410156,74.06078338623047,67.95587158203125,70.21395874023438,64.40496826171875,68.00735473632812,61.61168670654297,61.22091293334961,60.20797348022461,57.48912811279297,55.90169906616211,53.740116119384766,52.63079071044922,49.81967544555664,48.02082824707031
0,-34,-95,10,36,97.50897216796875,98.84330749511719,98.88377380371094,99.29753112792969,98.61541748046875,98.0051040649414,96.7470932006836,97.75479888916016,100.4987564086914,97.08243560791016,99.04544067382812,101.0197982788086,102.41581726074219,102.61579132080078,102.61579132080078,101.212646484375,101.53324890136719,97.6166000366211,101.31633758544922,102.94173431396484,100.42410278320312,103.5857162475586,100.00499725341797,103.27632904052734,104.9952392578125,103.71113586425781,105.26158142089844,99.80982208251953,100.60317993164062,95.8018798828125,93.4772720336914,91.26335144042969,88.5098876953125,85.14693450927734,81.83519744873047,80.4549560546875,80.15609741210938,75.80237579345703,75.47184753417969,72.71863555908203,70.8307876586914,70.23532104492188,65.7419204711914,65.76473236083984,62.64982223510742,58.872745513916016,59.80802536010742,58.18934631347656,56.30275344848633,52.88667297363281,52.17279052734375,49.497474670410156
0,-34,-95,11,35,104.8475112915039,107.07473754882812,105.43718719482422,106.50821685791016,102.00489807128906,107.61505126953125,106.4048843383789,107.71257781982422,106.21675872802734,106.79419708251953,110.39022064208984,111.01801300048828,111.73181915283203,108.97705841064453,112.43220520019531,111.94641876220703,114.1095962524414,109.71326446533203,114.97825622558594,114.97825622558594,113.454833984375,113.70136260986328,112.69871520996094,120.10411834716797,116.93160247802734,118.34272003173828,117.51595306396484,112.44998931884766,113.84638977050781,108.90362548828125,108.93116760253906,108.2450942993164,104.7377700805664,100.5683822631836,97.18538665771484,93.50936126708984,92.31468200683594,87.20092010498047,86.21485137939453,83.6002426147461,79.6303939819336,83.00602722167969,78.60025787353516,76.85050201416016,74.09453582763672,72.06941223144531,70.23532104492188,69.35416412353516,67.41661834716797,66.73080444335938,62.361846923828125,60.01666259765625
0,-35,-95,11,34,103.0436782836914,102.17631530761719,102.48902130126953,100.4987564086914,102.39628601074219,101.83319854736328,104.23531341552734,99.29753112792969,100.62306213378906,101.98039245605469,105.11898040771484,104.29285430908203,103.58088684082031,105.77334594726562,104.8093490600586,107.2800064086914,107.56393432617188,106.04244232177734,107.83784484863281,109.73149108886719,108.46658325195312,107.85638427734375,108.811767578125,112.72089385986328,111.01801300048828,111.01801300048828,110.60289001464844,108.90821838378906,105.32331085205078,106.09900665283203,102.59142303466797,102.59142303466797,98.15293884277344,90.93404388427734,91.66242218017578,88.6848373413086,86.37129211425781,83.38465118408203,80.39900207519531,79.15807342529297,76.05918884277344,75.05997467041016,75.05997467041016,69.00724792480469,69.065185546875,67.36467742919922,65.37583923339844,65.4904556274414,61.52235412597656,59.203041076660156,57.567352294921875,55.154327392578125
0,-34,-95,10,35,92.43917083740234,92.54188537597656,92.77930450439453,92.54188537597656,93.64827728271484,90.93404388427734,89.8220443725586,91.0054931640625,93.17188262939453,92.41753387451172,92.89241027832031,95.21029663085938,95.88013458251953,97.71898651123047,96.4624252319336,96.13532257080078,96.4624252319336,94.2443618774414,96.5660400390625,97.14422607421875,96.79875946044922,98.23441314697266,95.18928527832031,98.23441314697266,98.68130493164062,98.03060913085938,97.71898651123047,95.21029663085938,93.30059051513672,91.48223876953125,86.83317565917969,89.02246856689453,84.17243957519531,79.55501556396484,76.68767547607422,77.66595458984375,74.3303451538086,70.40596771240234,69.05070495605469,67.89698028564453,67.08203887939453,66.91038513183594,64.62971496582031,61.29437255859375,60.074954986572266,56.080299377441406,57.00876998901367,55.03635025024414,56.080299377441406,53.33854293823242,49.81967544555664,46.57252502441406
0,-34,-95,11,32,96.54014587402344,96.31718444824219,98.06120300292969,98.27003479003906,97.67292022705078,93.74433135986328,96.87621307373047,94.76286315917969,96.7470932006836,95.33625030517578,101.59724426269531,97.25225067138672,101.17806243896484,100.12492370605469,100.04499053955078,100.0199966430664,102.0,98.0204086303711,99.02020263671875,99.02020263671875,99.00505065917969,100.04499053955078,99.0,102.00489807128906,103.0436782836914,101.0197982788086,98.0204086303711,96.25486755371094,97.25225067138672,93.4344711303711,89.45389556884766,89.5600357055664,87.57283020019531,82.73451232910156,80.7527084350586,78.77182006835938,78.26238250732422,75.13321685791016,72.00694274902344,68.88395690917969,68.44705963134766,67.91170501708984,65.0,64.28841400146484,60.16643524169922,57.87054443359375,59.13543701171875,57.00876998901367,53.3104133605957,53.22593307495117,52.47856521606445,49.20365905761719
0,-35,-95,10,37,104.54663848876953,103.46980285644531,106.0235824584961,104.69479370117188,102.15674591064453,101.55294036865234,99.31767272949219,101.07422637939453,99.76472473144531,100.4987564086914,102.62553405761719,102.90287017822266,102.90287017822266,102.07839965820312,103.17460632324219,106.25440979003906,103.2279052734375,103.17460632324219,102.41581726074219,102.64988708496094,102.64988708496094,106.01886749267578,102.90287017822266,103.6001968383789,104.62313079833984,102.34255981445312,102.39628601074219,103.77379608154297,96.7470932006836,97.24710845947266,93.05912017822266,92.59049987792969,92.57429504394531,87.23531341552734,86.00581359863281,81.43709564208984,80.11241912841797,78.18567657470703,75.3923110961914,73.16419982910156,71.7844009399414,68.70953369140625,67.35725402832031,65.802734375,63.60031509399414,61.0,61.98386764526367,59.41380310058594,56.4358024597168,56.080299377441406,52.0,48.041648864746094
0,-35,-95,10,37,104.67568969726562,101.2422866821289,103.58088684082031,102.48902130126953,100.42410278320312,101.92153930664062,101.41498565673828,100.0199966430664,99.04039764404297,102.59142303466797,103.24727630615234,100.84146118164062,103.94710540771484,102.39628601074219,102.48902130126953,105.23307800292969,102.17631530761719,100.40418243408203,102.17631530761719,102.12247467041016,104.30723571777344,104.12012481689453,103.3924560546875,104.12012481689453,103.23758697509766,102.48902130126953,102.31324768066406,101.59724426269531,99.98500061035156,100.9752426147461,94.3663101196289,95.90099334716797,92.41753387451172,87.09764862060547,85.61541748046875,83.93450164794922,82.9698715209961,76.5375747680664,77.49193572998047,72.80110168457031,73.05477142333984,70.22820281982422,69.6419448852539,66.48307800292969,65.92420196533203,62.169124603271484,60.8276252746582,60.0333251953125,57.982757568359375,55.0,52.49761962890625,52.49761962890625
0,-34,-95,10,35,96.40020751953125,95.60334777832031,95.01578521728516,94.9210205078125,95.01578521728516,92.02173614501953,92.69843292236328,92.02173614501953,91.93476104736328,92.6336898803711,94.06912231445312,96.26006317138672,95.01578521728516,95.2680435180664,95.2680435180664,97.20082092285156,96.40020751953125,93.40770721435547,94.04785919189453,97.20082092285156,94.40338897705078,96.02082824707031,94.40338897705078,98.73702239990234,97.41663360595703,95.8018798828125,97.80081939697266,95.8018798828125,91.83136749267578,91.21403503417969,87.96590423583984,87.32124328613281,86.37129211425781,82.134033203125,81.39410400390625,78.51751708984375,75.69015502929688,74.24958038330078,69.29646301269531,67.17886352539062,66.48307800292969,65.76473236083984,65.11528015136719,61.717098236083984,59.81638717651367,57.80138397216797,57.42821502685547,53.5350341796875,53.0,51.97114562988281,49.658836364746094,46.48655700683594
0,-34,-95,10,37,101.07917785644531,100.04499053955078,99.2471694946289,101.17806243896484,100.40418243408203,99.40824890136719,100.60317993164062,98.99494934082031,102.8250961303711,102.59142303466797,104.56098937988281,105.5367202758789,108.68302154541016,108.17115783691406,108.68302154541016,106.96260833740234,107.70329284667969,103.3247299194336,107.70329284667969,108.17115783691406,106.73331451416016,108.90821838378906,106.51290893554688,108.93116760253906,109.1421127319336,106.73331451416016,105.9056167602539,106.7052001953125,103.57605743408203,100.12991333007812,98.61541748046875,96.51942443847656,93.53608703613281,88.27796936035156,87.20664978027344,82.15229797363281,80.15609741210938,79.15807342529297,76.02631378173828,75.1065902709961,73.00685119628906,73.02738952636719,69.02897644042969,67.02984619140625,67.18630981445312,63.19810104370117,63.50590515136719,58.694122314453125,58.24946212768555,56.75385284423828,53.16013717651367,52.0
0,-35,-95,11,33,98.04590606689453,98.0204086303711,99.12618255615234,100.07997131347656,98.18350219726562,99.12618255615234,101.49384307861328,97.41663360595703,97.73944854736328,100.12991333007812,101.11874389648438,103.7545166015625,102.9611587524414,104.13932800292969,104.92378234863281,106.73331451416016,104.56098937988281,103.16007232666016,107.44766235351562,104.78549194335938,103.16007232666016,106.96260833740234,103.36827087402344,109.63575744628906,107.48953247070312,110.21796417236328,107.68936920166016,103.09703826904297,102.8250961303711,98.73196411132812,97.41663360595703,96.42095184326172,92.19544219970703,86.14522552490234,84.05355072021484,81.09870910644531,80.02499389648438,77.10382843017578,76.0,74.06078338623047,72.00694274902344,72.00694274902344,68.02940368652344,66.0302963256836,64.28063201904297,62.28964614868164,61.400325775146484,57.87054443359375,56.51548385620117,56.29387283325195,50.59644317626953,50.695167541503906
0,-35,-95,11,33,99.03534698486328,95.52486419677734,98.41239929199219,98.99494934082031,100.41912078857422,97.67292022705078,96.54014587402344,97.30878448486328,95.42536163330078,97.20082092285156,99.4032211303711,99.6242904663086,100.95543670654297,100.95543670654297,100.40418243408203,102.62553405761719,99.64437103271484,99.85990142822266,100.84642028808594,102.21546173095703,101.54801940917969,100.34440612792969,98.61541748046875,102.88343048095703,101.212646484375,99.98500061035156,99.85990142822266,98.73702239990234,97.34988403320312,96.51942443847656,92.41753387451172,93.23089599609375,87.20092010498047,85.91275024414062,83.24061584472656,83.40863037109375,78.8733139038086,75.43209075927734,73.10950469970703,71.0633544921875,68.680419921875,69.02897644042969,68.62215423583984,63.639610290527344,63.65532302856445,60.30754470825195,58.13776779174805,58.2580451965332,55.803226470947266,54.918121337890625,51.62363815307617,48.84669876098633
0,-35,-95,10,37,98.23441314697266,99.20181274414062,101.2422866821289,99.04039764404297,97.41663360595703,96.76776123046875,98.68130493164062,93.04837799072266,96.2081069946289,94.02127075195312,98.0866928100586,96.66436767578125,97.94386291503906,99.74467468261719,95.7078857421875,96.60745239257812,95.77056121826172,94.3663101196289,97.6166000366211,98.1121826171875,95.29428100585938,97.6166000366211,94.82615661621094,98.97979736328125,97.52947998046875,95.7131118774414,96.60227966308594,93.03762817382812,92.61209106445312,91.28527069091797,88.63971710205078,87.8464584350586,83.57032775878906,83.21658325195312,80.65357971191406,76.5506362915039,75.58438873291016,72.42237091064453,70.21395874023438,69.2603759765625,66.70832061767578,64.56005096435547,65.0,63.348243713378906,62.36986541748047,59.228370666503906,58.4208869934082,57.21887969970703,55.009090423583984,51.0,51.088157653808594,50.80354309082031
0,-34,-95,10,37,97.90811920166016,101.51354217529297,97.6524429321289,102.64988708496094,96.02082824707031,97.6166000366211,98.08159637451172,96.04686737060547,96.54014587402344,94.11163330078125,100.44898986816406,99.76472473144531,100.41912078857422,100.4987564086914,101.17806243896484,99.90495300292969,103.5857162475586,98.41239929199219,103.5857162475586,102.8250961303711,101.23734283447266,102.17631530761719,96.42613983154297,104.01922607421875,101.67103576660156,100.6578369140625,103.3247299194336,95.67131042480469,97.67292022705078,93.34880828857422,94.04785919189453,91.24143981933594,89.09545135498047,83.48652648925781,83.54639434814453,79.98124694824219,79.93122100830078,74.41101837158203,74.3303451538086,73.0,68.680419921875,71.58910369873047,68.7677230834961,65.4369888305664,61.61168670654297,59.90826416015625,60.539241790771484,57.80138397216797,55.46169662475586,55.009090423583984,52.39274597167969,50.96076965332031
0,-34,-95,10,37,95.2575454711914,98.83824920654297,100.22474670410156,99.74467468261719,96.60745239257812,95.85405731201172,98.23441314697266,93.98403930664062,98.03060913085938,98.67117309570312,98.35140991210938,102.2007827758789,102.88343048095703,102.61579132080078,103.58088684082031,104.04806518554688,104.56098937988281,102.61579132080078,104.3455810546875,105.5367202758789,101.86756134033203,106.73331451416016,102.1077880859375,106.96260833740234,106.96260833740234,104.04806518554688,104.54663848876953,101.53324890136719,102.2007827758789,99.04039764404297,94.86833190917969,95.18928527832031,92.69843292236328,89.31964874267578,88.39117431640625,86.53900909423828,82.46211242675781,77.38862609863281,79.2022705078125,74.73285675048828,75.58438873291016,72.00694274902344,72.4706802368164,69.1158447265625,66.24198150634766,65.73431396484375,63.82006072998047,62.20128631591797,60.20797348022461,60.10823440551758,58.051700592041016,55.60575485229492
0,-35,-95,11,33,95.90099334716797,92.96235656738281,96.7729263305664,95.34149169921875,94.11163330078125,91.48223876953125,92.34716796875,89.8109130859375,90.13877868652344,92.11405944824219,93.62158203125,95.2732925415039,93.94147491455078,95.2732925415039,96.60745239257812,98.41239929199219,96.60227966308594,98.41239929199219,98.0051040649414,99.4786376953125,97.06183624267578,100.34440612792969,98.48857879638672,104.30723571777344,103.83159637451172,98.48857879638672,101.07422637939453,102.41581726074219,97.94386291503906,97.94386291503906,94.02127075195312,94.02127075195312,90.47099304199219,88.60022735595703,87.31552124023438,84.50444030761719,82.2800064086914,80.65357971191406,78.10890197753906,73.05477142333984,76.5375747680664,73.08214569091797,75.43209075927734,68.88395690917969,67.46851348876953,64.77654266357422,63.639610290527344,62.28964614868164,63.12685775756836,61.00819778442383,59.13543701171875,55.90169906616211
0,-35,-95,10,37,101.843017578125,103.4069595336914,99.32774353027344,102.78618621826172,98.76234436035156,98.49365234375,97.01546478271484,98.95453643798828,98.65596771240234,96.33794403076172,98.99494934082031,99.60923767089844,99.32270812988281,100.17984008789062,102.31324768066406,98.12747192382812,103.01941680908203,96.04686737060547,102.0,100.0,101.0197982788086,102.0,98.0051040649414,102.00489807128906,104.00480651855469,105.0,106.01886749267578,102.04410552978516,101.12368774414062,97.1287841796875,98.24967956542969,94.42987060546875,93.34345245361328,88.45903015136719,87.82368469238281,82.49242401123047,83.6002426147461,80.0624771118164,79.76214599609375,78.91767883300781,74.96665954589844,75.13321685791016,71.58910369873047,72.2772445678711,67.44627380371094,65.802734375,64.25729370117188,65.0,60.008331298828125,60.8276252746582,57.30619430541992,56.035701751708984
0,-35,-95,10,37,103.81233215332031,102.9611587524414,102.61579132080078,103.81233215332031,102.2007827758789,100.0,103.44564056396484,98.97979736328125,99.92997741699219,99.92497253417969,100.31948852539062,102.45974731445312,102.85912322998047,101.53324890136719,102.42070007324219,103.353759765625,101.3558120727539,100.34440612792969,103.77379608154297,102.21546173095703,103.83159637451172,103.24727630615234,101.212646484375,105.9480972290039,107.91200256347656,106.32967376708984,103.24727630615234,102.21546173095703,100.23971557617188,98.0051040649414,93.4772720336914,92.57429504394531,94.5409927368164,88.63971710205078,88.63971710205078,86.33075714111328,84.09518432617188,79.30951690673828,78.39005279541016,77.6208724975586,74.46475982666016,72.61542510986328,72.44998168945312,69.89277648925781,66.7607650756836,64.76110076904297,65.30696868896484,63.95310592651367,59.84145736694336,60.406951904296875,57.14017868041992,57.03507614135742
0,-35,-95,10,37,98.0051040649414,97.24710845947266,97.52947998046875,99.76472473144531,95.7131118774414,96.17691802978516,95.2732925415039,94.02127075195312,95.4620361328125,97.69339752197266,98.08159637451172,97.40636444091797,99.29753112792969,97.71898651123047,100.88111877441406,97.26766967773438,98.95453643798828,95.88013458251953,102.1077880859375,102.35721588134766,100.96038818359375,101.86756134033203,99.45853424072266,102.83968353271484,101.6513671875,101.2422866821289,100.88111877441406,97.71898651123047,98.67117309570312,92.69843292236328,91.76055908203125,90.82400512695312,85.61541748046875,86.33075714111328,81.43709564208984,80.23091888427734,78.79086303710938,73.34848022460938,72.49827575683594,73.34848022460938,70.68238830566406,70.66116333007812,69.35416412353516,66.64833068847656,65.0,60.464866638183594,62.62587356567383,59.03388977050781,58.13776779174805,55.17245864868164,51.855567932128906,53.600372314453125
0,-35,-95,10,38,98.31072998046875,98.47842407226562,99.63935089111328,101.98039245605469,93.94147491455078,94.83142852783203,94.83142852783203,95.60334777832031,93.68030548095703,93.92018127441406,94.57801055908203,99.00505065917969,99.92497253417969,98.0866928100586,99.92497253417969,97.50897216796875,100.17984008789062,97.16995239257812,99.28242492675781,101.55294036865234,100.31948852539062,100.64790344238281,97.98979187011719,101.59724426269531,103.31505584716797,102.88343048095703,103.46980285644531,99.5389404296875,97.49871826171875,94.33981323242188,91.7060546875,90.82400512695312,89.4930191040039,86.02325439453125,83.81526947021484,80.36167907714844,80.95677947998047,76.65507507324219,73.08214569091797,72.2772445678711,69.12307739257812,68.15423583984375,69.63475799560547,65.51335906982422,62.513999938964844,61.400325775146484,58.215118408203125,59.21148681640625,56.0,57.03507614135742,52.15361785888672,51.62363815307617
0,-35,-95,11,33,99.29753112792969,97.73944854736328,99.32774353027344,99.6242904663086,94.9210205078125,95.07891082763672,96.04686737060547,94.3663101196289,93.17188262939453,94.72592163085938,93.21480560302734,98.15293884277344,95.63471984863281,97.73944854736328,97.62171936035156,99.40824890136719,98.32598876953125,96.25486755371094,97.18538665771484,98.18350219726562,98.32598876953125,99.2471694946289,100.4987564086914,101.17806243896484,101.40019989013672,99.50376892089844,99.72462463378906,97.73944854736328,96.87621307373047,95.03683471679688,88.28363037109375,86.4927749633789,88.0738296508789,84.17243957519531,82.71033477783203,81.25269317626953,78.16009521484375,75.96051788330078,72.12489318847656,69.2603759765625,68.94925689697266,68.62215423583984,67.06713104248047,64.25729370117188,62.7694206237793,60.41522979736328,57.706153869628906,59.16925048828125,56.93856430053711,54.64430618286133,50.0,50.2493782043457
0,-35,-95,10,37,95.48298645019531,91.92388153076172,94.76286315917969,94.76286315917969,97.74456787109375,92.02173614501953,95.13148498535156,92.61749267578125,92.00543212890625,94.81033325195312,95.44107818603516,93.74433135986328,96.5660400390625,93.64827728271484,96.04165649414062,97.6166000366211,94.41397857666016,94.02127075195312,96.15092468261719,99.29753112792969,97.52947998046875,99.29753112792969,96.17691802978516,100.64790344238281,100.23971557617188,97.52947998046875,96.7470932006836,95.88013458251953,94.66783905029297,93.81364440917969,88.20430755615234,87.66413116455078,86.53323364257812,82.09750366210938,81.27114868164062,78.00640869140625,75.80237579345703,73.81734466552734,71.61005401611328,70.0,70.0,67.47592163085938,66.52819061279297,63.03173828125,61.52235412597656,59.41380310058594,58.728187561035156,58.79625701904297,56.40035629272461,53.823787689208984,53.0,49.658836364746094
0,-35,-95,10,38,104.9952392578125,103.4069595336914,100.90093994140625,103.73042297363281,103.12128448486328,99.02020263671875,100.46392059326172,99.00505065917969,100.64790344238281,98.38699340820312,101.59724426269531,99.84988403320312,103.24727630615234,104.10091400146484,102.92716217041016,103.46497344970703,103.17460632324219,102.62553405761719,103.00485229492188,104.56098937988281,103.73042297363281,107.61505126953125,102.34255981445312,107.20074462890625,107.07473754882812,107.07473754882812,106.67708587646484,104.62313079833984,103.44564056396484,99.84988403320312,98.41239929199219,96.15092468261719,92.57429504394531,88.56636047363281,87.32124328613281,83.25863647460938,82.3468246459961,81.1541748046875,78.92401123046875,76.69419860839844,74.46475982666016,72.61542510986328,69.57010650634766,69.2603759765625,67.44627380371094,65.96968841552734,64.53681182861328,62.801273345947266,59.304298400878906,59.13543701171875,58.03447341918945,58.13776779174805
0,-35,-95,10,38,109.63575744628906,105.42295837402344,108.811767578125,108.60018157958984,104.62313079833984,102.34255981445312,102.34255981445312,99.98500061035156,104.10091400146484,100.7223892211914,105.58882141113281,104.21611785888672,104.69479370117188,103.46980285644531,106.23088073730469,108.07867431640625,107.91200256347656,104.177734375,110.13627624511719,106.97663116455078,108.63240814208984,110.49434661865234,107.33592224121094,111.3283462524414,110.13627624511719,109.00458526611328,109.77249145507812,106.6208267211914,105.55093383789062,100.17984008789062,98.41239929199219,100.7223892211914,94.8946762084961,90.91754150390625,85.58621215820312,85.08818817138672,84.2199478149414,79.64923095703125,78.892333984375,75.80237579345703,75.80237579345703,74.625732421875,73.7834701538086,69.40460968017578,67.80117797851562,64.03124237060547,66.70832061767578,62.28964614868164,60.8276252746582,58.051700592041016,58.2580451965332,54.64430618286133
0,-35,-95,10,37,102.48902130126953,99.50376892089844,97.51409912109375,100.4987564086914,95.63471984863281,95.75489807128906,95.7078857421875,95.12622833251953,95.34149169921875,94.3716049194336,94.3716049194336,97.1236343383789,97.71898651123047,97.40636444091797,102.45974731445312,99.02020263671875,99.95999145507812,96.4624252319336,101.39033508300781,101.0197982788086,101.59232330322266,103.81714630126953,97.73944854736328,100.46392059326172,103.73042297363281,102.14205932617188,103.84603881835938,100.42410278320312,100.16985321044922,97.26766967773438,93.74433135986328,91.7823486328125,88.1192398071289,87.96590423583984,85.98837280273438,80.8949966430664,78.63841247558594,75.53807067871094,75.42546081542969,74.3303451538086,69.1158447265625,70.11418914794922,68.11754608154297,66.00757598876953,62.00806427001953,61.20457458496094,59.304298400878906,58.54912567138672,56.56854248046875,56.08921432495117,52.88667297363281,50.15974426269531
0,-35,-95,10,37,100.4987564086914,103.5857162475586,97.51409912109375,100.60317993164062,96.7470932006836,97.01546478271484,94.04785919189453,96.10411071777344,95.12622833251953,92.89241027832031,96.5660400390625,96.4624252319336,100.24469757080078,98.03060913085938,100.6578369140625,101.0197982788086,103.61949920654297,96.2081069946289,103.61949920654297,103.24727630615234,102.88343048095703,103.61949920654297,98.79270935058594,108.07867431640625,106.23088073730469,104.75209045410156,107.20541381835938,101.2422866821289,103.84603881835938,96.5660400390625,97.98469543457031,95.56673431396484,93.74433135986328,89.44271850585938,85.0,79.07591247558594,81.74349975585938,75.66372680664062,74.96665954589844,77.3175277709961,69.2603759765625,73.10950469970703,67.18630981445312,66.00757598876953,65.0076904296875,62.00806427001953,58.13776779174805,58.4208869934082,56.4358024597168,55.31726837158203,52.17279052734375,50.32891845703125
0,-35,-95,10,36,97.98469543457031,95.8018798828125,94.14881896972656,94.3663101196289,91.59148406982422,93.74433135986328,90.42676544189453,89.67720031738281,89.5600357055664,88.27796936035156,91.26883697509766,92.02173614501953,93.00537872314453,90.0,93.0,92.0,95.04735565185547,92.02173614501953,95.18928527832031,97.08243560791016,94.02127075195312,94.08506774902344,94.00531768798828,98.18350219726562,97.00515747070312,98.0204086303711,96.04686737060547,93.13430786132812,93.34345245361328,92.26592254638672,88.56636047363281,86.5794448852539,83.86298370361328,79.07591247558594,76.29547882080078,74.14849853515625,74.73285675048828,68.44705963134766,65.73431396484375,65.73431396484375,63.60031509399414,62.361846923828125,60.87692642211914,59.77457809448242,57.245086669921875,56.080299377441406,53.48831558227539,51.89412307739258,49.648765563964844,48.02082824707031,46.615447998046875,45.607017517089844
0,-34,-95,10,36,99.00505065917969,101.13357543945312,96.17691802978516,100.17984008789062,95.7131118774414,97.94386291503906,97.52947998046875,93.53608703613281,97.24710845947266,93.49331665039062,96.51942443847656,97.6524429321289,97.80081939697266,97.6166000366211,100.0,96.82975006103516,98.85848236083984,94.81033325195312,100.89598846435547,100.89598846435547,98.60020446777344,99.63935089111328,96.40020751953125,103.07764434814453,100.2646484375,102.80078125,101.25709533691406,97.34988403320312,99.02020263671875,89.8888168334961,91.92388153076172,90.42676544189453,89.06739044189453,83.18653869628906,82.29216003417969,76.94153594970703,74.6860122680664,73.34848022460938,69.31810760498047,71.17584228515625,66.85057830810547,66.85057830810547,62.7694206237793,64.19501495361328,60.728904724121094,58.694122314453125,57.48912811279297,54.918121337890625,52.611785888671875,52.345008850097656,50.08992004394531,49.01020431518555
0,-34,-95,10,36,101.07917785644531,99.7296371459961,101.53324890136719,95.77056121826172,96.25486755371094,94.8946762084961,95.18928527832031,94.87360382080078,95.69221496582031,94.86833190917969,97.6524429321289,97.80081939697266,98.23441314697266,97.45255279541016,97.45255279541016,101.23734283447266,99.82484436035156,99.2471694946289,99.72462463378906,101.98039245605469,101.98039245605469,103.27632904052734,100.5683822631836,100.6578369140625,104.13932800292969,102.17631530761719,101.04454803466797,100.42410278320312,96.40020751953125,96.02082824707031,90.69729614257812,90.13877868652344,88.5098876953125,81.54139709472656,81.83519744873047,80.77747344970703,78.892333984375,74.09453582763672,72.56031799316406,69.97142028808594,71.58910369873047,68.0,69.31810760498047,64.8459701538086,60.008331298828125,60.16643524169922,59.13543701171875,58.52349853515625,56.51548385620117,55.31726837158203,53.33854293823242,49.162994384765625
0,-34,-95,10,37,104.35037231445312,99.48869323730469,104.23531341552734,103.4794692993164,101.31633758544922,99.03534698486328,98.2903823852539,96.17691802978516,97.08243560791016,98.59513092041016,99.35794067382812,100.2646484375,100.0,100.20977783203125,101.60708618164062,105.68348693847656,102.08329772949219,102.90287017822266,102.92716217041016,102.92716217041016,103.73042297363281,106.8503646850586,105.11898040771484,107.91200256347656,108.72441864013672,107.070068359375,105.80170440673828,106.21205139160156,102.80078125,99.48869323730469,97.94896697998047,95.7757797241211,92.8493423461914,90.60904693603516,87.0,87.04596710205078,82.75868225097656,81.32035064697266,78.49203491210938,77.78174591064453,75.69015502929688,73.66138458251953,70.0927963256836,69.65629577636719,66.06814575195312,62.00806427001953,63.60031509399414,61.29437255859375,59.6824951171875,57.706153869628906,54.230987548828125,52.49761962890625
0,-35,-95,11,34,103.3924560546875,102.39628601074219,102.8250961303711,101.59724426269531,103.24727630615234,96.02603912353516,100.0199966430664,96.31718444824219,98.23441314697266,101.39033508300781,97.26766967773438,98.67117309570312,102.48902130126953,99.6242904663086,98.4327163696289,103.46980285644531,100.7223892211914,102.956298828125,102.55242919921875,105.11898040771484,103.87010955810547,105.0951919555664,105.7024154663086,108.7474136352539,108.85311126708984,106.23088073730469,107.15409088134766,106.04244232177734,104.177734375,103.81714630126953,96.79875946044922,99.6242904663086,95.18928527832031,91.0933609008789,88.8875732421875,86.97700500488281,88.76936340332031,84.17243957519531,80.04998779296875,78.10249328613281,78.33900451660156,75.70997619628906,76.11833190917969,73.82411193847656,68.73136138916016,66.48307800292969,68.06614685058594,66.0302963256836,63.0079345703125,63.19810104370117,58.215118408203125,57.070133209228516
0,-36,-95,11,36,102.45974731445312,103.31505584716797,98.83824920654297,103.353759765625,96.64884948730469,97.52947998046875,96.3846435546875,97.75479888916016,98.47842407226562,96.51942443847656,99.6242904663086,100.12492370605469,100.89598846435547,102.17631530761719,102.17631530761719,104.06248474121094,102.59142303466797,101.23734283447266,103.96633911132812,101.98039245605469,105.47511291503906,108.2081298828125,103.3924560546875,109.60382843017578,106.8316421508789,106.8877944946289,104.23531341552734,103.71113586425781,101.67103576660156,97.6166000366211,97.41663360595703,95.0,94.86833190917969,89.40357971191406,87.41853332519531,84.62860107421875,85.21150207519531,82.09750366210938,82.92768096923828,81.02468872070312,77.10382843017578,76.32168579101562,77.17512512207031,74.30342864990234,72.44998168945312,67.62396240234375,66.128662109375,67.35725402832031,65.0,62.169124603271484,61.98386764526367,56.22277069091797
0,-35,-95,11,35,105.11898040771484,100.76705932617188,104.20172882080078,102.64988708496094,102.41581726074219,94.04785919189453,97.94386291503906,98.27003479003906,98.1121826171875,95.38343811035156,100.23971557617188,99.28242492675781,101.98039245605469,101.63660430908203,100.7223892211914,104.3886947631836,99.5389404296875,102.69371795654297,100.90093994140625,103.73042297363281,105.47511291503906,105.47511291503906,103.81714630126953,105.10946655273438,106.23088073730469,103.07764434814453,103.46980285644531,103.78824615478516,98.38699340820312,97.94386291503906,89.005615234375,89.89437866210938,89.94442749023438,86.35391998291016,80.62257385253906,81.00617218017578,78.39005279541016,76.5375747680664,75.66372680664062,71.19690704345703,73.06161499023438,68.79679870605469,74.09453582763672,67.95587158203125,66.61080932617188,62.801273345947266,65.4369888305664,62.36986541748047,61.52235412597656,59.46427536010742,54.037025451660156,52.430908203125
0,-35,-95,11,33,100.12492370605469,97.18538665771484,97.41663360595703,101.59724426269531,98.50888061523438,95.52486419677734,94.76286315917969,94.20191192626953,95.7078857421875,96.54014587402344,97.51409912109375,98.49365234375,98.08159637451172,97.41663360595703,97.71898651123047,101.51354217529297,100.24469757080078,101.19288635253906,100.90093994140625,104.75209045410156,101.19288635253906,103.4069595336914,101.843017578125,105.10946655273438,106.56922912597656,103.09219360351562,103.58088684082031,101.6513671875,99.20181274414062,97.51409912109375,93.74433135986328,89.44271850585938,88.84255981445312,87.132080078125,84.85281372070312,81.04936981201172,78.77182006835938,76.53103637695312,73.55270385742188,72.44308471679688,70.45565795898438,68.35934448242188,69.18092346191406,66.12110137939453,65.03076171875,62.00806427001953,61.073726654052734,62.20128631591797,61.20457458496094,57.706153869628906,55.10898208618164,52.49761962890625
0,-35,-95,11,34,95.8018798828125,93.86160278320312,98.67117309570312,97.08243560791016,94.86833190917969,91.4166259765625,93.62158203125,95.85405731201172,91.7060546875,92.13577270507812,95.2732925415039,97.52947998046875,96.17691802978516,99.84988403320312,99.12618255615234,101.54801940917969,97.6370849609375,101.2422866821289,99.29753112792969,101.83319854736328,103.17460632324219,104.00961303710938,102.08329772949219,106.25440979003906,105.47511291503906,103.77379608154297,104.44615936279297,102.956298828125,98.83824920654297,97.49359130859375,95.34149169921875,95.75489807128906,91.7060546875,86.00581359863281,83.00602722167969,83.38465118408203,81.3449478149414,77.16217041015625,75.27283477783203,72.44998168945312,72.80110168457031,69.2603759765625,69.6419448852539,67.72000885009766,62.817195892333984,62.585941314697266,59.84145736694336,58.4208869934082,57.14017868041992,58.00862121582031,53.0848388671875,50.2493782043457
0,-36,-95,11,35,98.18350219726562,97.04637908935547,102.0,98.04590606689453,98.0204086303711,94.00531768798828,93.08598327636719,92.0869140625,93.34345245361328,96.7470932006836,93.64827728271484,94.3663101196289,95.18928527832031,95.35198211669922,96.10411071777344,96.04686737060547,95.60334777832031,97.74456787109375,98.08159637451172,98.23441314697266,98.95453643798828,99.04039764404297,97.74456787109375,99.32774353027344,101.63660430908203,101.63660430908203,100.0199966430664,98.84330749511719,97.32420349121094,97.16481018066406,93.64827728271484,92.6552734375,87.20664978027344,85.14693450927734,83.15046691894531,80.22468566894531,79.05693817138672,76.00657653808594,76.0,71.0,71.0,69.00724792480469,71.11258697509766,65.12296295166016,63.3876953125,60.8276252746582,59.03388977050781,61.0,57.9741325378418,55.36244201660156,52.39274597167969,50.6063232421875
0,-36,-95,10,38,101.78899383544922,100.0199966430664,100.42410278320312,97.08243560791016,96.5660400390625,95.60334777832031,96.76776123046875,92.6552734375,93.30059051513672,94.70480346679688,94.93682098388672,97.57561492919922,96.60745239257812,97.04637908935547,97.06183624267578,95.52486419677734,94.87360382080078,96.5660400390625,97.41663360595703,98.47842407226562,97.52947998046875,99.64437103271484,95.18928527832031,100.16985321044922,100.84642028808594,97.1287841796875,94.8946762084961,95.7131118774414,93.4772720336914,93.94147491455078,89.44271850585938,88.14192962646484,86.00581359863281,82.46211242675781,78.92401123046875,79.12016296386719,77.8331527709961,74.46475982666016,71.30918884277344,69.89277648925781,69.07966613769531,67.67569732666016,68.3081283569336,65.52098846435547,63.06346130371094,59.03388977050781,59.6824951171875,58.54912567138672,57.21887969970703,56.035701751708984,52.0,47.16990661621094
0,-35,-95,10,37,99.16148376464844,101.76934814453125,99.5389404296875,98.23441314697266,96.17691802978516,95.2732925415039,97.04637908935547,93.05912017822266,95.38343811035156,92.6498794555664,95.69221496582031,95.8018798828125,97.80081939697266,99.80982208251953,98.60020446777344,99.63935089111328,98.71676635742188,98.85848236083984,100.6578369140625,101.67103576660156,101.40019989013672,103.23274993896484,99.63935089111328,104.23531341552734,105.11898040771484,104.01922607421875,101.60708618164062,99.29753112792969,98.47334289550781,95.18928527832031,92.78469848632812,92.66067504882812,87.70974731445312,84.59905242919922,80.95059967041016,76.94153594970703,76.5375747680664,74.30342864990234,70.23532104492188,69.7782211303711,68.44705963134766,66.21178436279297,64.47480010986328,61.84658432006836,62.7694206237793,59.80802536010742,57.28001403808594,56.04462432861328,53.851646423339844,52.95280838012695,51.62363815307617,47.04253387451172
0,-35,-95,10,37,102.61091613769531,100.66280364990234,100.80674743652344,97.86214447021484,97.67292022705078,94.8946762084961,95.03683471679688,93.64827728271484,94.76286315917969,96.08329772949219,98.0204086303711,97.04637908935547,98.12747192382812,100.07997131347656,99.02020263671875,100.24469757080078,100.40418243408203,100.40418243408203,99.40824890136719,100.40418243408203,100.31948852539062,103.17460632324219,101.31633758544922,104.08650207519531,108.37435150146484,105.1712875366211,105.0428466796875,104.01922607421875,99.02020263671875,98.0,92.13577270507812,94.13288116455078,92.19544219970703,87.3670425415039,85.47514343261719,83.2946548461914,81.09870910644531,78.23043060302734,77.41446685791016,73.33484649658203,73.55270385742188,69.72087097167969,68.73136138916016,68.06614685058594,64.53681182861328,61.84658432006836,61.35144805908203,61.6846809387207,59.61543273925781,60.008331298828125,54.58937454223633,51.107730865478516
0,-35,-95,10,39,106.04244232177734,106.04244232177734,107.1680908203125,102.12247467041016,108.16654205322266,99.12618255615234,100.31948852539062,97.51409912109375,97.51409912109375,99.14131164550781,100.28459167480469,100.66280364990234,100.16985321044922,103.84603881835938,102.1077880859375,101.92153930664062,103.74005889892578,101.92153930664062,104.40306854248047,102.48902130126953,103.16007232666016,103.74005889892578,106.32027435302734,105.0047607421875,104.9952392578125,106.60675048828125,104.78549194335938,106.23088073730469,99.46356201171875,100.43903350830078,98.47842407226562,96.33794403076172,95.03683471679688,87.57283020019531,89.80534362792969,87.82368469238281,85.70880889892578,80.8949966430664,79.6303939819336,76.2364730834961,78.16009521484375,78.05767059326172,74.24284362792969,74.00675964355469,70.06425476074219,70.1783447265625,68.88395690917969,66.0984115600586,66.2872543334961,64.53681182861328,62.297672271728516,58.30952072143555
0,-35,-95,11,34,100.6578369140625,100.6578369140625,96.17691802978516,102.64988708496094,97.58073425292969,95.48298645019531,96.2081069946289,94.84724426269531,95.58765411376953,92.61749267578125,96.40020751953125,95.60334777832031,96.26006317138672,100.12492370605469,96.79875946044922,99.29753112792969,101.54801940917969,95.96353149414062,101.87246704101562,99.98500061035156,102.08329772949219,103.5857162475586,98.18350219726562,102.21546173095703,104.8475112915039,104.00961303710938,103.73042297363281,101.212646484375,99.02020263671875,92.61749267578125,93.23625946044922,89.02246856689453,88.61715698242188,83.63013458251953,83.54639434814453,77.15568542480469,77.8331527709961,74.96665954589844,75.69015502929688,73.66138458251953,71.4212875366211,70.72481536865234,65.0691909790039,63.65532302856445,63.89052963256836,62.801273345947266,61.400325775146484,59.90826416015625,55.226806640625,53.712196350097656,54.625999450683594,51.865211486816406
0,-35,-95,10,38,98.0051040649414,94.5304183959961,102.23991394042969,95.42536163330078,98.32598876953125,93.26306915283203,94.04785919189453,94.0,93.02149963378906,94.00531768798828,97.04637908935547,95.13148498535156,95.18928527832031,97.41663360595703,92.34716796875,98.0051040649414,94.20191192626953,98.99494934082031,95.52486419677734,100.62306213378906,96.33794403076172,99.63935089111328,99.98500061035156,101.43470764160156,101.83319854736328,100.12991333007812,98.61541748046875,99.40824890136719,93.19334411621094,97.18538665771484,90.022216796875,90.04998779296875,90.022216796875,83.0,81.0,80.0,79.02531433105469,75.1664810180664,73.10950469970703,69.065185546875,71.11258697509766,66.12110137939453,68.4689712524414,63.50590515136719,63.50590515136719,57.55866622924805,58.051700592041016,57.723480224609375,56.61272048950195,54.230987548828125,50.08992004394531,46.52956008911133
0,-35,-95,11,36,104.65657806396484,106.43777465820312,103.87010955810547,106.92988586425781,102.15674591064453,99.92497253417969,98.08159637451172,98.79270935058594,98.68130493164062,97.71898651123047,100.68763732910156,96.5660400390625,100.89598846435547,102.18121337890625,101.0,101.43470764160156,101.60708618164062,99.46356201171875,101.71037292480469,102.1077880859375,103.4069595336914,105.80170440673828,103.4069595336914,106.67708587646484,107.05606079101562,106.3672866821289,108.06016540527344,105.5367202758789,101.98039245605469,101.86756134033203,97.80081939697266,97.80081939697266,95.21029663085938,93.96276092529297,91.08238220214844,88.60022735595703,87.28115844726562,83.48652648925781,82.07923126220703,79.7057113647461,78.79086303710938,77.47257232666016,75.58438873291016,73.35530090332031,71.69379425048828,67.74215698242188,67.67569732666016,65.802734375,62.481998443603516,62.28964614868164,58.694122314453125,54.81787872314453
0,-36,-95,11,36,107.71257781982422,108.57716369628906,107.93516540527344,104.48445129394531,104.9952392578125,106.82696533203125,102.61579132080078,101.40019989013672,100.42410278320312,101.51354217529297,105.47511291503906,103.353759765625,101.71037292480469,102.88343048095703,102.956298828125,103.76897430419922,105.55093383789062,102.85912322998047,104.65180206298828,106.43777465820312,102.88343048095703,105.58882141113281,101.53324890136719,107.01869201660156,107.78682708740234,104.65657806396484,103.24727630615234,100.84642028808594,100.70252990722656,98.61541748046875,97.08243560791016,94.30270385742188,91.8368148803711,86.83892822265625,89.40357971191406,85.21150207519531,85.44589233398438,80.80223083496094,77.801025390625,78.4091796875,78.8733139038086,76.48529052734375,75.92759704589844,71.4212875366211,72.86288452148438,67.26811981201172,65.802734375,66.0302963256836,65.19202423095703,64.49806213378906,59.4810905456543,60.008331298828125
0,-35,-95,11,34,101.31633758544922,102.72779846191406,100.00499725341797,100.12492370605469,99.48869323730469,100.2646484375,98.60020446777344,97.41663360595703,96.26006317138672,93.4772720336914,97.08243560791016,99.64437103271484,98.61541748046875,95.38343811035156,96.3846435546875,99.7296371459961,98.83824920654297,93.53608703613281,100.17984008789062,100.17984008789062,98.38699340820312,100.17984008789062,96.17691802978516,100.62306213378906,101.59724426269531,100.7223892211914,99.84988403320312,94.66783905029297,94.57801055908203,90.97252655029297,88.48163604736328,88.00568389892578,83.81526947021484,80.43009185791016,77.20103454589844,74.20242309570312,74.02702331542969,70.43436431884766,69.02897644042969,68.24954223632812,64.53681182861328,61.61980056762695,62.36986541748047,62.28964614868164,59.46427536010742,58.694122314453125,57.314918518066406,54.488529205322266,52.201534271240234,53.823787689208984,51.312767028808594,49.19349670410156
0,-35,-95,10,37,99.08077239990234,97.04637908935547,97.0,98.0051040649414,99.00505065917969,98.0204086303711,96.02082824707031,97.18538665771484,95.13148498535156,94.64142608642578,97.73944854736328,98.0051040649414,98.06120300292969,97.67292022705078,96.8813705444336,100.0199966430664,98.27003479003906,98.06120300292969,97.51409912109375,100.43903350830078,99.04039764404297,102.39140319824219,99.04039764404297,101.6513671875,100.43903350830078,101.0,98.65596771240234,96.87621307373047,95.88534545898438,94.8946762084961,90.27181243896484,91.19758605957031,87.05171203613281,86.09297180175781,82.05486297607422,80.05622863769531,80.05622863769531,75.1065902709961,72.00694274902344,70.00714111328125,70.06425476074219,69.065185546875,67.18630981445312,64.1248779296875,63.3876953125,60.01666259765625,59.6824951171875,59.66573715209961,55.02726745605469,53.45091247558594,53.3104133605957,50.56678771972656
0,-35,-95,11,36,102.42070007324219,98.48857879638672,105.19029998779297,99.4786376953125,100.16985321044922,97.41663360595703,97.6524429321289,98.81295776367188,100.60317993164062,98.85848236083984,99.63935089111328,102.72779846191406,104.7377700805664,101.83319854736328,102.59142303466797,106.77546691894531,106.0660171508789,103.23758697509766,105.418212890625,105.418212890625,106.77546691894531,107.48023223876953,104.69001770019531,109.65856170654297,108.18965148925781,109.62207794189453,106.77546691894531,107.48953247070312,104.7377700805664,103.3247299194336,101.41498565673828,98.41239929199219,98.59513092041016,95.13148498535156,92.61749267578125,89.8109130859375,89.02246856689453,82.61961364746094,86.02325439453125,85.70297241210938,82.92768096923828,82.37718200683594,80.4549560546875,76.15773010253906,74.70609283447266,72.91776275634766,73.53910827636719,70.57620239257812,67.72000885009766,65.96968841552734,64.13267517089844,63.12685775756836
0,-36,-95,11,38,114.03946685791016,109.12836456298828,112.30760955810547,112.80514526367188,111.48542785644531,107.56393432617188,106.6255111694336,107.22406768798828,107.56393432617188,110.60289001464844,112.36102294921875,114.4770736694336,113.50770568847656,116.70903778076172,115.73245239257812,119.2392578125,116.29703521728516,118.06777954101562,117.38824462890625,118.53269958496094,116.4989242553711,121.01652526855469,118.66339111328125,120.0333251953125,123.55565643310547,116.4989242553711,118.1397476196289,115.69355773925781,111.82575988769531,107.56393432617188,107.20541381835938,104.40306854248047,103.74005889892578,98.67117309570312,94.5568618774414,93.30059051513672,94.9210205078125,89.31964874267578,87.92041778564453,88.86506652832031,84.69356536865234,84.50444030761719,85.0,82.29216003417969,80.49844360351562,78.29431915283203,77.17512512207031,74.3303451538086,71.61005401611328,73.87828063964844,69.3108901977539,64.66065216064453
0,-35,-95,11,34,98.61541748046875,97.98979187011719,100.62306213378906,99.31767272949219,98.38699340820312,95.7131118774414,96.5660400390625,94.87360382080078,98.18350219726562,95.13148498535156,98.47842407226562,98.18350219726562,99.04544067382812,100.20977783203125,102.00489807128906,102.303466796875,101.04454803466797,101.67103576660156,101.53324890136719,100.2646484375,102.303466796875,105.26158142089844,98.60020446777344,104.63746643066406,101.83319854736328,103.46980285644531,100.68763732910156,101.2422866821289,96.79875946044922,94.33981323242188,89.55445098876953,90.42676544189453,84.59905242919922,81.4923324584961,79.17701721191406,75.66372680664062,73.34848022460938,72.49827575683594,67.62396240234375,69.31810760498047,68.44705963134766,63.50590515136719,67.62396240234375,62.2414665222168,58.694122314453125,57.93962478637695,58.18934631347656,56.32051086425781,55.54277801513672,56.718605041503906,50.2493782043457,49.04079818725586
0,-35,-95,10,37,99.72462463378906,101.86265563964844,99.82484436035156,104.06248474121094,98.71676635742188,97.83660125732422,97.30878448486328,95.42536163330078,98.08159637451172,94.62557983398438,97.90811920166016,96.5660400390625,97.41663360595703,97.75479888916016,97.75479888916016,98.1121826171875,102.4743881225586,96.7470932006836,97.52947998046875,97.6166000366211,98.61541748046875,100.34440612792969,95.52486419677734,97.49359130859375,98.48857879638672,99.4786376953125,97.75479888916016,94.03190612792969,95.71833801269531,90.42676544189453,88.48163604736328,85.8021011352539,85.0,81.68843078613281,82.46211242675781,76.216796875,74.20242309570312,71.84010314941406,70.43436431884766,70.0927963256836,65.11528015136719,65.85590362548828,64.38167572021484,61.52235412597656,59.46427536010742,55.31726837158203,55.60575485229492,53.600372314453125,52.69725036621094,51.62363815307617,49.73931884765625,46.957427978515625
0,-35,-95,11,34,103.4069595336914,104.39348602294922,102.1077880859375,103.09703826904297,101.59724426269531,98.50888061523438,98.18350219726562,97.08243560791016,99.04544067382812,100.0199966430664,101.0,99.08077239990234,99.2471694946289,100.31948852539062,101.2422866821289,100.31948852539062,98.61541748046875,99.32270812988281,99.84988403320312,102.59142303466797,101.59724426269531,101.40019989013672,99.50376892089844,101.59724426269531,100.4987564086914,100.4987564086914,99.50376892089844,99.2471694946289,97.18538665771484,94.04785919189453,88.09085845947266,89.02246856689453,89.005615234375,83.00602722167969,86.02325439453125,80.0,80.09993743896484,77.16217041015625,76.16429901123047,73.10950469970703,71.44927978515625,69.46221923828125,68.73136138916016,64.77654266357422,64.76110076904297,62.817195892333984,60.4400520324707,58.872745513916016,54.424259185791016,55.54277801513672,51.4781494140625,49.39635467529297
0,-35,-95,11,36,111.40017700195312,113.21660614013672,114.06138610839844,111.36426544189453,110.90987396240234,106.89247131347656,111.41364288330078,110.53506469726562,109.77249145507812,107.91200256347656,111.22050476074219,109.28861236572266,114.20157623291016,112.80071258544922,110.43550109863281,114.40279388427734,112.29425811767578,111.01801300048828,109.34349822998047,113.4063491821289,112.80071258544922,111.82575988769531,108.60018157958984,111.82575988769531,112.80071258544922,108.60018157958984,110.11357879638672,107.91200256347656,102.62553405761719,101.87246704101562,97.75479888916016,97.6166000366211,94.41397857666016,94.8946762084961,88.1192398071289,87.23531341552734,83.72574615478516,81.88406372070312,79.15807342529297,78.71467590332031,75.1531753540039,73.53910827636719,74.32361602783203,71.30918884277344,69.89277648925781,66.48307800292969,67.18630981445312,65.73431396484375,62.169124603271484,60.8276252746582,60.0333251953125,58.00862121582031
0,-35,-95,10,37,103.3924560546875,103.3247299194336,104.23531341552734,102.72779846191406,102.068603515625,101.41498565673828,100.12492370605469,101.04454803466797,102.00489807128906,101.0197982788086,102.34255981445312,102.39628601074219,103.46497344970703,104.8093490600586,103.77379608154297,105.47511291503906,103.24727630615234,98.79270935058594,105.81587982177734,104.8093490600586,103.77379608154297,103.46497344970703,103.24727630615234,107.35455322265625,103.44564056396484,103.24727630615234,101.51354217529297,104.04325866699219,101.60708618164062,97.20082092285156,92.80086517333984,93.23625946044922,90.90654754638672,89.27485656738281,85.04116821289062,82.2192153930664,78.10249328613281,75.1664810180664,74.41101837158203,70.76722717285156,69.35416412353516,67.89698028564453,66.48307800292969,64.38167572021484,62.36986541748047,61.717098236083984,62.36986541748047,59.03388977050781,58.8217658996582,56.30275344848633,51.97114562988281,51.4781494140625
0,-34,-95,9,41,93.4344711303711,92.34716796875,95.63471984863281,93.53608703613281,93.05912017822266,88.95504760742188,91.92388153076172,88.1192398071289,89.05054473876953,93.14505004882812,94.9210205078125,93.96276092529297,92.97311401367188,95.85926818847656,95.18928527832031,97.30878448486328,97.69339752197266,95.5196304321289,95.07891082763672,96.93296813964844,98.35140991210938,97.14422607421875,97.86214447021484,99.4032211303711,99.5389404296875,99.16148376464844,96.2081069946289,99.02020263671875,95.5196304321289,93.30059051513672,89.4930191040039,89.73851013183594,87.80091094970703,85.90692901611328,86.12200927734375,81.25269317626953,78.33900451660156,78.10249328613281,74.52516174316406,74.3303451538086,70.03570556640625,69.72087097167969,68.73136138916016,64.28063201904297,63.071388244628906,60.0333251953125,60.0333251953125,59.03388977050781,59.13543701171875,56.22277069091797,52.77309799194336,48.764739990234375
0,-35,-95,10,35,91.3509750366211,91.92388153076172,91.28527069091797,91.21951293945312,86.97700500488281,87.1148681640625,87.45856475830078,84.81155395507812,86.68333435058594,85.21150207519531,87.80091094970703,88.00568389892578,90.69729614257812,89.58794403076172,91.26883697509766,89.69392395019531,89.69392395019531,87.132080078125,91.30169677734375,90.82400512695312,89.06739044189453,90.55384826660156,88.32327270507812,91.78779602050781,91.06591033935547,92.11405944824219,92.28217315673828,88.7524642944336,89.04492950439453,85.14693450927734,82.4196548461914,85.14693450927734,83.23461151123047,78.23681640625,78.60025787353516,75.0,75.28611755371094,71.70076751708984,73.75635528564453,69.65629577636719,67.20863342285156,65.85590362548828,64.35060119628906,62.96824645996094,62.28964614868164,60.20797348022461,58.600341796875,58.24946212768555,53.25410842895508,53.23532485961914,51.88448715209961,50.32891845703125
0,-35,-95,10,38,103.77379608154297,104.62313079833984,105.19029998779297,103.5857162475586,100.7223892211914,101.07422637939453,98.83824920654297,97.49359130859375,97.50897216796875,99.00505065917969,98.0866928100586,99.16148376464844,102.78618621826172,100.90093994140625,100.24469757080078,98.03060913085938,102.78618621826172,94.86833190917969,101.92153930664062,98.67117309570312,97.41663360595703,98.67117309570312,92.97311401367188,100.16985321044922,97.1236343383789,100.5683822631836,97.40636444091797,94.9210205078125,94.2443618774414,90.47651672363281,88.60022735595703,85.23497009277344,85.49269104003906,81.54139709472656,79.7057113647461,74.73285675048828,76.69419860839844,72.49827575683594,72.91776275634766,73.34848022460938,70.21395874023438,71.11962127685547,66.24198150634766,65.76473236083984,62.68173599243164,59.64059066772461,61.032779693603516,57.80138397216797,55.226806640625,55.865909576416016,51.855567932128906,50.80354309082031
0,-35,-95,11,36,107.56393432617188,105.3043212890625,108.0462875366211,105.80170440673828,109.4897232055664,104.56098937988281,106.7052001953125,101.78899383544922,107.93516540527344,107.85638427734375,107.2800064086914,110.67971801757812,111.0,109.7861557006836,107.22406768798828,114.58621215820312,109.7861557006836,110.49434661865234,110.30865478515625,113.46365356445312,110.13627624511719,108.85311126708984,111.6646728515625,112.30760955810547,114.63420104980469,113.08846282958984,112.36102294921875,112.94689178466797,112.00892639160156,106.25440979003906,100.96038818359375,104.40306854248047,101.39033508300781,93.14505004882812,95.12622833251953,90.9560317993164,90.2496566772461,86.88497924804688,85.14693450927734,80.04998779296875,80.41144561767578,73.97972869873047,77.92945861816406,71.70076751708984,71.17584228515625,70.028564453125,66.0,65.03076171875,65.19202423095703,62.20128631591797,56.718605041503906,56.29387283325195
0,-35,-95,11,36,100.16985321044922,100.40418243408203,98.22932434082031,101.25709533691406,101.212646484375,98.23441314697266,99.63935089111328,97.74456787109375,98.41239929199219,96.26006317138672,100.00499725341797,101.04454803466797,105.42295837402344,107.80074310302734,102.44998931884766,109.20164489746094,105.80170440673828,106.60675048828125,108.22661590576172,108.811767578125,111.01801300048828,110.0,106.8316421508789,113.87712860107422,113.71894836425781,113.71894836425781,114.03946685791016,111.82575988769531,110.8873291015625,108.07405090332031,107.71257781982422,107.56393432617188,103.96633911132812,102.59142303466797,99.00505065917969,93.33809661865234,91.21951293945312,90.5096664428711,89.80534362792969,85.6329345703125,83.09632873535156,81.21575927734375,78.10249328613281,73.24616241455078,73.49829864501953,68.50547790527344,68.26419067382812,65.3681869506836,63.50590515136719,62.169124603271484,59.46427536010742,57.87054443359375
0,-35,-95,11,33,88.5098876953125,88.83692932128906,91.30169677734375,89.94442749023438,89.89437866210938,87.72685241699219,87.72685241699219,85.23497009277344,87.66413116455078,87.64131164550781,89.84430694580078,91.48223876953125,92.41753387451172,93.62158203125,92.41753387451172,93.17188262939453,93.38094329833984,93.74433135986328,95.18928527832031,98.0051040649414,95.35198211669922,98.31072998046875,95.03683471679688,98.85848236083984,100.62306213378906,101.11874389648438,97.86214447021484,98.48857879638672,98.84330749511719,95.12622833251953,93.62158203125,94.3716049194336,91.0933609008789,87.59566497802734,87.28115844726562,82.54090118408203,81.27114868164062,78.54934692382812,77.2528305053711,73.9256362915039,72.61542510986328,71.17584228515625,73.40980529785156,66.18912506103516,65.3681869506836,64.66065216064453,64.8999252319336,60.464866638183594,59.203041076660156,58.0,55.154327392578125,51.855567932128906
0,-35,-95,10,35,88.45903015136719,87.96590423583984,86.70063781738281,91.92388153076172,85.47514343261719,86.37129211425781,86.28441619873047,84.2140121459961,84.00595092773438,88.00568389892578,88.0227279663086,88.0511245727539,91.0878677368164,89.27485656738281,90.3548583984375,90.55384826660156,91.78779602050781,89.5600357055664,93.77099609375,92.77930450439453,92.34716796875,93.4344711303711,89.45389556884766,94.04785919189453,94.33981323242188,91.3509750366211,92.19544219970703,90.13877868652344,90.13877868652344,85.09406280517578,88.0511245727539,85.0058822631836,84.0238037109375,79.05693817138672,77.16217041015625,75.1065902709961,75.1664810180664,70.45565795898438,68.4689712524414,67.47592163085938,64.28063201904297,64.77654266357422,64.93843078613281,61.392181396484375,61.13100814819336,55.081756591796875,58.18934631347656,54.08327102661133,50.695167541503906,51.4781494140625,48.87739944458008,44.65422821044922
0,-34,-95,10,35,87.8179931640625,87.46427917480469,86.28441619873047,88.5098876953125,85.44589233398438,86.26702880859375,85.0,83.86894226074219,86.83317565917969,83.63013458251953,87.0,88.39117431640625,89.14033508300781,91.3509750366211,92.69843292236328,89.9388656616211,91.54779815673828,92.02173614501953,90.78546142578125,91.3509750366211,92.76313781738281,94.2602767944336,90.78546142578125,92.45539093017578,95.01578521728516,94.2602767944336,95.52486419677734,91.24143981933594,91.92388153076172,86.97700500488281,85.6329345703125,84.38601684570312,81.56592559814453,78.4091796875,79.8122787475586,72.00694274902344,72.62230682373047,70.0,67.20118713378906,65.802734375,60.216278076171875,60.464866638183594,59.07622146606445,56.603885650634766,54.708316802978516,51.0,49.19349670410156,50.56678771972656,47.53945541381836,46.81879806518555,43.96589660644531,41.9761848449707
0,-35,-95,10,37,93.94147491455078,93.94147491455078,94.3716049194336,93.471923828125,91.28527069091797,90.87353515625,93.23089599609375,92.69843292236328,92.97311401367188,94.5568618774414,96.16651916503906,97.52947998046875,97.74456787109375,97.29337310791016,98.48857879638672,99.04039764404297,101.0,98.27003479003906,99.82484436035156,99.82484436035156,101.0,101.78899383544922,101.0,102.1077880859375,103.7545166015625,103.16007232666016,104.56098937988281,103.3247299194336,97.80081939697266,100.0,95.81753540039062,96.4624252319336,91.76055908203125,87.66413116455078,86.00581359863281,83.00602722167969,81.93900299072266,75.23961639404297,74.6860122680664,71.11258697509766,68.0,67.11929321289062,64.49806213378906,59.53990173339844,58.830265045166016,56.035701751708984,55.0,52.801513671875,50.32891845703125,48.83646011352539,45.96738052368164,44.68780517578125
0,-35,-95,11,35,103.23758697509766,103.69667053222656,98.50888061523438,100.9752426147461,99.29753112792969,99.04039764404297,100.66280364990234,98.71676635742188,102.1077880859375,99.92997741699219,104.04325866699219,104.67568969726562,105.10946655273438,107.70329284667969,107.93516540527344,107.93516540527344,110.69326782226562,107.93516540527344,110.46266174316406,112.2541732788086,110.92339324951172,111.35977935791016,109.59014892578125,111.82575988769531,114.49454498291016,114.54257202148438,116.29703521728516,114.06138610839844,114.76933288574219,106.23088073730469,109.20164489746094,105.10946655273438,102.14205932617188,101.51354217529297,99.92997741699219,92.444580078125,91.67878723144531,89.02246856689453,85.14693450927734,83.19855499267578,79.62411499023438,80.41144561767578,77.46611785888672,76.79192352294922,71.70076751708984,67.26811981201172,67.00746154785156,63.03173828125,62.07253646850586,60.20797348022461,54.33230972290039,55.31726837158203
0,-35,-95,11,37,98.23441314697266,101.60708618164062,99.85990142822266,104.56098937988281,104.56098937988281,100.4987564086914,101.11874389648438,101.51847076416016,103.31505584716797,104.3886947631836,105.7024154663086,110.86027526855469,110.13627624511719,110.67971801757812,112.94689178466797,116.69190216064453,115.43396759033203,113.84199523925781,118.40608215332031,114.56002807617188,114.48143768310547,118.40608215332031,117.34138488769531,121.5647964477539,122.4132308959961,121.45780944824219,119.26860809326172,117.39250183105469,118.84864044189453,112.53887939453125,110.98197937011719,111.48542785644531,107.83784484863281,102.42070007324219,98.88377380371094,96.15092468261719,95.29428100585938,91.78779602050781,88.54942321777344,85.8836441040039,82.85529327392578,83.24061584472656,79.61155700683594,79.61155700683594,73.00685119628906,72.20111083984375,73.40980529785156,70.1783447265625,64.44377136230469,61.55485534667969,64.20280456542969,59.64059066772461
0,-35,-95,10,37,93.40770721435547,89.73851013183594,98.27003479003906,92.6498794555664,97.29337310791016,91.4111557006836,93.90420532226562,94.04785919189453,96.6281509399414,100.4987564086914,101.31633758544922,100.17984008789062,101.12368774414062,103.07764434814453,99.02020263671875,109.00458526611328,100.0,106.0,102.0,108.00463104248047,105.0,109.01834869384766,108.01851654052734,112.01785278320312,110.04090118408203,108.04165649414062,106.23088073730469,113.53413391113281,103.3924560546875,105.47511291503906,98.99494934082031,98.31072998046875,97.08243560791016,92.41753387451172,87.32124328613281,86.12200927734375,83.6779556274414,79.55501556396484,74.73285675048828,68.4105224609375,75.0,65.0,68.96376037597656,64.19501495361328,64.8459701538086,63.324562072753906,58.694122314453125,59.236812591552734,58.5918083190918,54.20331954956055,52.69725036621094,49.67897033691406
0,-34,-95,10,34,85.37564086914062,85.16454315185547,85.4400405883789,88.05680084228516,88.23265075683594,86.33075714111328,85.79627227783203,84.30895233154297,85.08818817138672,83.67198181152344,84.17243957519531,85.86617279052734,85.42247772216797,85.8836441040039,85.0,87.8179931640625,85.75546264648438,83.35466766357422,87.132080078125,87.3670425415039,86.60831451416016,89.04492950439453,85.4400405883789,90.13877868652344,90.21086120605469,90.55384826660156,90.21086120605469,89.005615234375,87.6584243774414,85.42247772216797,83.67198181152344,83.67198181152344,81.43709564208984,78.0,75.7693862915039,72.80110168457031,72.80110168457031,68.62215423583984,65.802734375,63.24555206298828,62.817195892333984,58.24087905883789,58.694122314453125,56.29387283325195,53.36665725708008,51.41984176635742,50.2493782043457,48.3735466003418,47.095645904541016,45.0,43.104522705078125,41.19466018676758
0,-34,-95,10,34,94.76286315917969,91.21951293945312,92.6552734375,91.93476104736328,93.38094329833984,89.87213134765625,90.90654754638672,90.42676544189453,88.40814208984375,87.20092010498047,90.42676544189453,90.44335174560547,90.97252655029297,91.26883697509766,89.35882568359375,92.43917083740234,90.04998779296875,90.04998779296875,90.3548583984375,92.13034057617188,90.78546142578125,93.471923828125,90.78546142578125,91.24143981933594,95.29428100585938,92.59049987792969,93.94147491455078,93.1504135131836,90.55384826660156,88.83692932128906,85.70297241210938,86.60831451416016,86.53323364257812,81.54139709472656,81.02468872070312,76.6093978881836,75.43209075927734,71.84010314941406,70.83784484863281,67.35725402832031,64.38167572021484,63.65532302856445,62.93647766113281,59.396968841552734,58.0,53.26349639892578,55.226806640625,54.037025451660156,49.648765563964844,47.50789260864258,46.06517028808594,41.62931823730469
0,-35,-95,10,37,100.7223892211914,98.0051040649414,98.38699340820312,97.94896697998047,96.60227966308594,94.81033325195312,93.62158203125,95.2732925415039,96.25486755371094,94.33981323242188,95.85926818847656,95.21029663085938,94.9210205078125,95.88013458251953,97.41663360595703,98.49365234375,94.3716049194336,95.88013458251953,95.56673431396484,96.3016128540039,93.14505004882812,99.45853424072266,95.60334777832031,97.51409912109375,99.20181274414062,97.01546478271484,96.4624252319336,96.16651916503906,91.08238220214844,92.11405944824219,86.72946166992188,87.09190368652344,85.61541748046875,81.39410400390625,78.71467590332031,76.967529296875,75.58438873291016,72.44998168945312,70.21395874023438,67.60177612304688,65.76473236083984,64.88451385498047,63.812225341796875,59.36328887939453,57.688819885253906,55.0,54.81787872314453,53.81449508666992,50.990196228027344,49.57822036743164,46.86149978637695,43.8292121887207
0,-34,-95,10,38,105.80170440673828,103.48429870605469,104.23531341552734,104.30723571777344,104.23531341552734,102.12247467041016,103.01941680908203,102.00489807128906,102.00489807128906,101.04454803466797,103.07764434814453,104.17293548583984,104.30723571777344,105.47511291503906,104.58011627197266,106.47064971923828,104.8093490600586,103.3924560546875,104.39348602294922,106.21205139160156,104.93807983398438,106.9205322265625,104.08650207519531,106.21205139160156,107.05606079101562,105.57461547851562,103.3924560546875,103.23758697509766,101.12368774414062,98.12747192382812,94.04785919189453,92.0869140625,90.00555419921875,88.00568389892578,85.14693450927734,85.0,80.02499389648438,76.10519409179688,76.10519409179688,73.10950469970703,71.0633544921875,67.26811981201172,68.18357849121094,63.3876953125,62.513999938964844,59.84145736694336,59.03388977050781,57.723480224609375,57.567352294921875,54.08327102661133,50.32891845703125,48.84669876098633
0,-34,-95,10,40,112.89818572998047,115.6633071899414,112.64546203613281,119.28118133544922,113.46365356445312,114.20157623291016,116.03878784179688,115.88356018066406,118.44407653808594,115.52056121826172,116.2755355834961,117.45637512207031,120.91732788085938,120.21646881103516,121.63058471679688,121.16517639160156,124.6515121459961,121.16517639160156,125.31958770751953,122.14745330810547,123.32882690429688,126.50691986083984,119.09659576416016,125.09996032714844,124.19742584228516,122.57650756835938,126.15070343017578,120.41594696044922,121.0826187133789,118.1397476196289,113.84638977050781,112.44998931884766,108.18965148925781,103.23758697509766,103.3247299194336,98.41239929199219,97.08243560791016,93.50936126708984,90.90654754638672,90.13877868652344,82.87943267822266,85.79627227783203,81.83519744873047,81.21575927734375,78.4091796875,75.80237579345703,74.06078338623047,73.57308959960938,66.24198150634766,67.5351791381836,65.0,62.64183807373047
0,-35,-95,11,38,104.04806518554688,106.23088073730469,109.11003875732422,105.9480972290039,108.2681884765625,102.88343048095703,104.0,105.7024154663086,106.8877944946289,106.47064971923828,106.8503646850586,112.16059875488281,110.9414291381836,114.54693603515625,114.82595825195312,116.6061782836914,116.01724243164062,115.60276794433594,114.33721923828125,118.06777954101562,118.224365234375,126.03570556640625,121.40016174316406,125.39936065673828,124.47087860107422,126.82270812988281,127.41271209716797,129.03488159179688,124.85191345214844,123.70933532714844,115.12167358398438,119.03781127929688,114.73883056640625,110.63905334472656,109.17874908447266,112.00446319580078,106.17438507080078,99.4786376953125,100.64790344238281,95.7131118774414,97.98979187011719,92.61209106445312,94.42987060546875,85.61541748046875,85.09406280517578,82.87339782714844,83.52245330810547,79.30951690673828,75.50496673583984,73.97972869873047,72.56031799316406,69.02897644042969
0,-35,-95,10,37,109.17874908447266,107.20074462890625,105.9056167602539,104.92378234863281,104.7377700805664,102.9611587524414,102.39140319824219,96.7729263305664,99.46356201171875,98.23441314697266,102.61579132080078,100.88111877441406,103.74005889892578,97.40636444091797,98.35140991210938,100.08995819091797,98.61541748046875,98.08159637451172,97.30878448486328,99.5389404296875,97.86214447021484,100.46392059326172,97.73944854736328,100.84642028808594,100.6578369140625,100.6578369140625,98.35140991210938,97.71898651123047,96.76776123046875,94.25497436523438,92.6498794555664,89.9888916015625,86.34812927246094,84.17243957519531,82.46211242675781,80.28075408935547,77.66595458984375,74.14849853515625,73.54590606689453,71.02112579345703,71.02112579345703,68.4689712524414,70.45565795898438,65.12296295166016,64.1248779296875,64.0078125,62.00806427001953,62.12889862060547,57.42821502685547,56.32051086425781,56.08921432495117,53.45091247558594
0,-34,-95,10,35,104.00480651855469,100.0,105.0047607421875,102.00489807128906,102.00489807128906,95.00526428222656,99.08077239990234,97.08243560791016,97.41663360595703,98.32598876953125,97.32933807373047,97.41663360595703,96.02603912353516,96.17691802978516,95.03683471679688,97.08243560791016,93.74433135986328,95.90099334716797,92.76313781738281,93.74433135986328,93.94147491455078,95.7078857421875,93.74433135986328,97.74456787109375,93.74433135986328,92.76313781738281,91.08238220214844,91.08238220214844,86.70063781738281,87.57283020019531,82.38932037353516,81.3019027709961,79.30951690673828,75.05997467041016,73.06161499023438,72.17340087890625,67.18630981445312,66.12110137939453,63.12685775756836,60.0333251953125,61.073726654052734,57.00876998901367,59.00847244262695,54.0,55.081756591796875,52.15361785888672,51.244510650634766,47.381431579589844,47.51841735839844,47.29693603515625,43.96589660644531,42.72002029418945
0,-34,-95,10,34,97.1287841796875,100.23971557617188,96.60227966308594,99.76472473144531,92.59049987792969,96.15092468261719,93.471923828125,94.81033325195312,94.84724426269531,90.87353515625,93.94147491455078,92.8493423461914,94.15412902832031,97.14422607421875,95.63471984863281,92.02716827392578,93.92018127441406,90.13877868652344,92.6552734375,92.02716827392578,90.62008666992188,92.97311401367188,90.13877868652344,93.60555267333984,92.11405944824219,92.4770278930664,91.54779815673828,86.92525482177734,87.8464584350586,83.67198181152344,82.73451232910156,80.49844360351562,75.59100341796875,73.43023681640625,71.58910369873047,67.23094177246094,67.23094177246094,63.812225341796875,64.35060119628906,61.29437255859375,58.52349853515625,56.859474182128906,54.4058837890625,52.201534271240234,49.20365905761719,48.27007293701172,46.69047164916992,45.27692413330078,45.25483322143555,44.04542922973633,41.86884307861328,39.96248245239258
0,-35,-95,10,36,99.72462463378906,99.6242904663086,96.4624252319336,99.6242904663086,96.16651916503906,95.50916290283203,95.21029663085938,93.68030548095703,93.96276092529297,93.40770721435547,94.9210205078125,92.76313781738281,94.72592163085938,92.76313781738281,93.38094329833984,92.07062530517578,92.77930450439453,89.94442749023438,91.54779815673828,92.9139404296875,93.38094329833984,93.90420532226562,92.22798156738281,92.6552734375,93.05912017822266,92.22798156738281,92.76313781738281,89.05054473876953,89.26925659179688,84.40379333496094,82.56512451171875,81.60882568359375,78.74642944335938,75.27283477783203,72.44998168945312,71.16881561279297,66.85057830810547,64.25729370117188,60.539241790771484,60.008331298828125,57.27128601074219,54.5618896484375,50.11985778808594,49.648765563964844,47.01063537597656,45.27692413330078,44.94440841674805,39.20458984375,41.231056213378906,39.051246643066406,36.12478256225586,33.970577239990234
0,-36,-95,12,33,121.06610107421875,121.03718566894531,121.26417541503906,122.01639556884766,117.20921325683594,118.10588836669922,116.2755355834961,115.43396759033203,112.44554138183594,115.5724868774414,113.77169799804688,117.27745056152344,118.1270523071289,114.72576141357422,114.4770736694336,114.01753997802734,117.0469970703125,113.88591003417969,118.2708740234375,117.6435317993164,114.56002807617188,119.2518310546875,118.9621810913086,119.61605072021484,121.45780944824219,123.3693618774414,120.7849349975586,118.87808990478516,117.4776611328125,113.1591796875,110.16805267333984,109.8954086303711,104.3886947631836,97.25225067138672,98.08159637451172,93.08598327636719,91.02197265625,87.00574493408203,83.00602722167969,83.05419921875,77.10382843017578,76.05918884277344,72.06246948242188,67.47592163085938,65.4904556274414,62.801273345947266,62.36986541748047,59.66573715209961,55.36244201660156,51.54609680175781,49.648765563964844,46.097721099853516
0,-35,-95,12,34,113.35784149169922,117.68601989746094,116.66190338134766,117.443603515625,119.01680755615234,113.2298583984375,112.80071258544922,112.20071411132812,114.28035736083984,116.21101379394531,116.10771179199219,119.0,119.40686798095703,118.06777954101562,118.51160430908203,121.74153137207031,120.15406799316406,116.6190414428711,121.63058471679688,126.08727264404297,126.46343231201172,125.93649291992188,122.19656372070312,131.55227661132812,130.60244750976562,129.09686279296875,131.3087921142578,129.07749938964844,128.5496063232422,123.9072265625,121.23530578613281,122.5887451171875,122.80065155029297,113.0177001953125,107.61505126953125,107.070068359375,101.25709533691406,97.90811920166016,95.41488647460938,95.44107818603516,89.40357971191406,87.20092010498047,85.0,79.5110092163086,80.28075408935547,73.55270385742188,72.83543395996094,72.12489318847656,68.01470184326172,64.66065216064453,63.24555206298828,61.85466766357422
0,-35,-95,11,34,93.81364440917969,90.21086120605469,94.8946762084961,92.59049987792969,93.4772720336914,89.44271850585938,90.8019790649414,89.15716552734375,91.18113708496094,91.4166259765625,91.4166259765625,91.7060546875,95.21029663085938,94.9210205078125,93.86160278320312,95.12622833251953,94.5409927368164,94.9210205078125,94.3663101196289,99.14131164550781,100.28459167480469,102.1077880859375,100.28459167480469,102.59142303466797,104.08650207519531,104.23531341552734,105.38026428222656,102.9611587524414,102.42070007324219,99.46356201171875,96.3016128540039,96.5660400390625,95.33625030517578,91.7060546875,87.28115844726562,85.70297241210938,81.59656524658203,79.71198272705078,76.32168579101562,74.09453582763672,72.23572540283203,70.00714111328125,71.30918884277344,64.47480010986328,63.50590515136719,60.41522979736328,60.41522979736328,58.66856002807617,57.982757568359375,53.00943374633789,54.671749114990234,52.40229034423828
0,-34,-95,10,32,84.53401947021484,81.84130859375,81.85963439941406,83.6480712890625,81.84130859375,78.72102355957031,80.52949523925781,77.47257232666016,79.30951690673828,80.41144561767578,79.71198272705078,80.0062484741211,80.08120727539062,79.8122787475586,78.16009521484375,80.77747344970703,80.04998779296875,79.55501556396484,79.83106994628906,79.83106994628906,80.28075408935547,82.56512451171875,80.04998779296875,83.18653869628906,84.72307586669922,83.9523696899414,82.97589874267578,84.89994049072266,82.9698715209961,82.9698715209961,75.27283477783203,76.5375747680664,72.11102294921875,70.22820281982422,69.07966613769531,65.92420196533203,63.90618133544922,60.539241790771484,61.84658432006836,59.09314727783203,57.697486877441406,55.46169662475586,55.90169906616211,49.19349670410156,49.648765563964844,49.24428939819336,47.50789260864258,46.04345703125,44.40720748901367,43.931766510009766,40.607879638671875,39.59798049926758
0,-34,-95,9,39,89.73851013183594,89.28605651855469,89.5600357055664,89.28605651855469,88.60022735595703,87.28115844726562,86.64871978759766,86.72946166992188,83.57032775878906,84.30895233154297,85.61541748046875,83.63013458251953,85.42832946777344,86.76404571533203,85.8836441040039,86.45230102539062,86.60831451416016,83.35466766357422,88.5098876953125,87.66413116455078,86.60831451416016,88.83692932128906,85.75546264648438,88.48163604736328,87.66413116455078,87.66413116455078,89.8888168334961,87.98295593261719,86.45230102539062,83.86298370361328,83.19255065917969,82.29216003417969,80.05622863769531,77.38862609863281,74.32361602783203,72.49827575683594,69.46221923828125,67.41661834716797,64.62197875976562,61.84658432006836,59.77457809448242,60.74536895751953,58.18934631347656,54.4058837890625,53.16013717651367,50.96076965332031,50.695167541503906,49.030601501464844,47.67599105834961,46.389652252197266,45.17742919921875,43.0
0,-34,-95,9,37,83.38465118408203,83.93450164794922,83.25863647460938,82.85529327392578,82.3468246459961,79.2022705078125,80.52949523925781,76.92203521728516,79.64923095703125,78.77182006835938,79.4040298461914,79.61155700683594,81.27114868164062,80.15609741210938,78.77182006835938,81.84130859375,79.4040298461914,80.21221923828125,79.02531433105469,79.4040298461914,80.0,81.4002456665039,79.2022705078125,82.46211242675781,80.60397338867188,78.4091796875,80.0,79.88116455078125,77.10382843017578,74.63243103027344,71.56116485595703,72.56031799316406,70.71067810058594,68.47627258300781,65.86349487304688,65.0,64.0078125,59.53990173339844,56.82429122924805,56.35601043701172,55.03635025024414,54.12947463989258,53.22593307495117,49.39635467529297,49.04079818725586,45.880279541015625,47.434165954589844,45.607017517089844,45.880279541015625,43.416587829589844,39.623226165771484,38.20994567871094
0,-34,-95,9,38,86.92525482177734,87.8464584350586,88.39117431640625,87.46427917480469,85.23497009277344,84.15461730957031,85.79627227783203,82.63776397705078,80.99382781982422,80.95677947998047,84.11896514892578,83.52245330810547,84.64632415771484,80.04998779296875,80.77747344970703,82.0,82.76472473144531,78.64476776123047,82.56512451171875,81.02468872070312,80.77747344970703,80.80841827392578,79.55501556396484,82.56512451171875,79.83106994628906,78.33900451660156,79.4040298461914,75.0,73.37574768066406,72.73238372802734,72.11102294921875,70.57620239257812,66.85057830810547,64.07807922363281,61.741397857666016,60.41522979736328,59.236812591552734,54.12947463989258,52.92447280883789,51.89412307739258,51.4781494140625,49.24428939819336,47.85394287109375,47.88528060913086,44.29446792602539,43.5660400390625,40.49691390991211,41.617305755615234,39.408119201660156,40.360870361328125,38.897300720214844,36.06937789916992
0,-34,-95,9,39,102.59142303466797,100.9752426147461,101.96568298339844,102.8250961303711,99.84988403320312,96.87621307373047,96.17691802978516,95.7078857421875,94.72592163085938,94.3663101196289,94.3663101196289,94.11163330078125,94.3716049194336,95.33625030517578,93.68030548095703,93.68030548095703,94.25497436523438,91.48223876953125,91.0933609008789,92.6552734375,91.76055908203125,91.39474487304688,89.84430694580078,90.75791931152344,91.76055908203125,90.52071380615234,90.2496566772461,87.55569458007812,85.14693450927734,80.80841827392578,82.03657531738281,79.90619659423828,74.4311752319336,72.69112396240234,68.4689712524414,66.37017059326172,64.49806213378906,61.29437255859375,61.20457458496094,59.21148681640625,57.07889175415039,54.037025451660156,54.037025451660156,52.009613037109375,52.009613037109375,48.0,48.166378021240234,48.166378021240234,45.39823913574219,43.73785400390625,43.931766510009766,41.48493576049805
0,-34,-95,10,33,93.19334411621094,95.13148498535156,92.19544219970703,96.13011932373047,91.26883697509766,92.19544219970703,91.26883697509766,89.67720031738281,87.46427917480469,89.10667419433594,89.94442749023438,89.44271850585938,90.42676544189453,89.44271850585938,89.44271850585938,88.6453628540039,89.05054473876953,85.5102310180664,89.05054473876953,87.66413116455078,86.4927749633789,87.09764862060547,83.74365997314453,87.55569458007812,88.84255981445312,86.88497924804688,85.84288024902344,84.38008880615234,83.48652648925781,77.3175277709961,78.10249328613281,76.10519409179688,72.00694274902344,70.00714111328125,67.0,64.0078125,65.0,61.0,57.0,58.0,53.037723541259766,53.15073013305664,51.03919982910156,50.2493782043457,50.48762130737305,44.40720748901367,47.67599105834961,46.097721099853516,44.643028259277344,43.011627197265625,40.853397369384766,37.57658767700195
0,-34,-95,10,36,104.04325866699219,104.07689666748047,107.00466918945312,107.00466918945312,104.01922607421875,101.00495147705078,101.00495147705078,101.00495147705078,102.12247467041016,100.17984008789062,102.17631530761719,101.31633758544922,104.23531341552734,103.69667053222656,103.48429870605469,101.96568298339844,101.11874389648438,98.73196411132812,102.1077880859375,101.27191162109375,99.60923767089844,103.81714630126953,99.60923767089844,100.9752426147461,101.40019989013672,100.31948852539062,97.1287841796875,95.08417510986328,95.02104949951172,91.0494384765625,90.0,85.0058822631836,83.02409362792969,79.02531433105469,76.02631378173828,74.00675964355469,72.17340087890625,68.18357849121094,68.18357849121094,66.18912506103516,63.3876953125,62.3939094543457,63.3876953125,58.54912567138672,56.56854248046875,55.90169906616211,55.54277801513672,52.63079071044922,52.81098556518555,48.703182220458984,47.85394287109375,43.416587829589844
0,-35,-95,11,36,116.50321960449219,116.28413391113281,117.59677124023438,117.88553619384766,114.54693603515625,113.2254409790039,111.01801300048828,113.4063491821289,111.6646728515625,110.7519760131836,111.52130126953125,116.04309844970703,115.3126220703125,116.69190216064453,117.59251403808594,116.0,116.69190216064453,114.58621215820312,113.84638977050781,112.43220520019531,115.3126220703125,117.37972259521484,112.43220520019531,114.58621215820312,117.37972259521484,115.3126220703125,114.69088745117188,110.11357879638672,105.75916290283203,101.67103576660156,98.81295776367188,96.60745239257812,93.00537872314453,89.05054473876953,86.26702880859375,82.80096435546875,79.4040298461914,76.27581787109375,73.81734466552734,73.49829864501953,68.50547790527344,69.89277648925781,66.8879623413086,62.7694206237793,59.9416389465332,60.373836517333984,60.373836517333984,56.79788589477539,54.230987548828125,52.81098556518555,50.695167541503906,48.05205535888672
0,-36,-95,12,34,129.8653106689453,130.26895141601562,129.07749938964844,131.84840393066406,123.30855560302734,124.42266845703125,124.7878189086914,123.03251647949219,123.9758071899414,125.22779083251953,125.96031188964844,126.84636688232422,128.78665161132812,132.1854705810547,132.1854705810547,128.31991577148438,125.51493835449219,125.39936065673828,127.4754867553711,125.51493835449219,126.14673614501953,127.12198638916016,121.27654266357422,127.28314971923828,126.49505615234375,122.97154235839844,122.7232666015625,121.16517639160156,116.76043701171875,111.0,106.89247131347656,105.34230041503906,100.6578369140625,96.93296813964844,92.30926513671875,86.53900909423828,84.69356536865234,78.92401123046875,77.6208724975586,73.53910827636719,69.7782211303711,69.85699462890625,68.15423583984375,64.47480010986328,64.40496826171875,59.05929183959961,58.30952072143555,57.30619430541992,54.918121337890625,53.0,53.26349639892578,48.27007293701172
0,-36,-95,12,36,121.51131439208984,124.19339752197266,121.39604949951172,117.63077545166016,119.43617248535156,125.39936065673828,123.4544448852539,125.17188262939453,122.37646484375,121.49485778808594,120.50726318359375,119.07980346679688,118.82760620117188,117.61377716064453,117.83463287353516,115.35163879394531,118.1524429321289,120.41594696044922,119.15116119384766,118.60859680175781,122.91867065429688,120.50311279296875,126.88971710205078,118.34272003173828,120.81390380859375,122.80065155029297,128.8914337158203,127.098388671875,126.30122375488281,120.0749740600586,117.63077545166016,112.64102172851562,104.8093490600586,103.09219360351562,97.14422607421875,93.96276092529297,89.1852035522461,83.81526947021484,83.24061584472656,80.05622863769531,77.16217041015625,69.57010650634766,69.46221923828125,67.779052734375,63.50590515136719,63.071388244628906,61.269893646240234,58.18075180053711,57.80138397216797,52.35456085205078,48.02082824707031,47.50789260864258
0,-37,-95,13,34,112.01785278320312,106.169677734375,112.01785278320312,106.00471496582031,114.00438690185547,107.07473754882812,111.00450134277344,110.29052734375,115.27792358398438,117.61377716064453,112.00892639160156,111.62885284423828,112.37882232666016,111.98660278320312,110.0227279663086,119.68291473388672,109.63575744628906,122.80879211425781,114.98260498046875,114.54257202148438,114.54257202148438,113.95174407958984,123.79418182373047,117.38824462890625,112.78740692138672,115.91807556152344,113.1370849609375,125.1439208984375,125.57467651367188,124.01612854003906,122.00409698486328,118.0169448852539,112.1115493774414,107.1680908203125,101.07917785644531,89.08984375,91.02197265625,85.21150207519531,80.15609741210938,79.10120391845703,75.1664810180664,76.02631378173828,65.0076904296875,69.18092346191406,63.28506851196289,60.13318634033203,57.314918518066406,53.33854293823242,46.389652252197266,47.07440948486328,44.643028259277344,44.643028259277344
0,-37,-95,12,39,112.8716049194336,108.5587387084961,113.0,104.69001770019531,111.87940216064453,111.46299743652344,114.14026641845703,114.14026641845703,116.92733001708984,114.4770736694336,116.76043701171875,111.97321319580078,115.7410888671875,112.00892639160156,108.78418731689453,115.16944122314453,116.24542999267578,113.52973175048828,113.46365356445312,113.54734802246094,113.52973175048828,112.00892639160156,116.21101379394531,113.88591003417969,114.28472900390625,113.75851440429688,114.14026641845703,116.4001693725586,120.07081604003906,128.47178649902344,127.25171661376953,124.06449890136719,120.0,110.00454711914062,104.00480651855469,101.07917785644531,96.00521087646484,87.0,88.0,83.00602722167969,77.0064926147461,80.0062484741211,73.02738952636719,70.0,72.0,64.1248779296875,60.13318634033203,62.20128631591797,57.21887969970703,57.55866622924805,55.73149871826172,51.41984176635742
0,-37,-95,13,34,123.22337341308594,125.80142974853516,126.82270812988281,130.60244750976562,128.06248474121094,126.25371551513672,128.06248474121094,127.0157470703125,128.97286987304688,129.44883728027344,134.35772705078125,129.44883728027344,136.02940368652344,131.04579162597656,135.10366821289062,135.36985778808594,135.36985778808594,132.6536865234375,137.437255859375,140.2640380859375,137.29530334472656,140.58448791503906,133.05638122558594,141.0319061279297,138.2931671142578,137.2443084716797,134.35772705078125,130.11532592773438,128.72451782226562,123.16655731201172,118.56221771240234,112.29425811767578,110.2587890625,103.07764434814453,98.40731811523438,96.33275604248047,91.43850708007812,87.78382873535156,82.97589874267578,81.21575927734375,81.68843078613281,78.24320983886719,77.33692169189453,74.81310272216797,73.23933410644531,67.67569732666016,71.84706115722656,67.67569732666016,67.11929321289062,65.3681869506836,60.373836517333984,56.30275344848633
0,-37,-95,12,37,124.19742584228516,124.73973083496094,124.73973083496094,124.5351333618164,122.64175415039062,122.3315200805664,120.81390380859375,121.69634246826172,123.1787338256836,124.10076904296875,122.06555938720703,124.01612854003906,127.0,126.0,126.00396728515625,123.1015853881836,127.25171661376953,127.06297302246094,123.2598876953125,123.0162582397461,127.14165496826172,123.1015853881836,124.00403594970703,120.5985107421875,123.06502532958984,120.00416564941406,123.0162582397461,124.14507293701172,128.1405487060547,120.10411834716797,118.60859680175781,114.62983703613281,113.1370849609375,104.69001770019531,102.42070007324219,98.50888061523438,96.7470932006836,90.79647827148438,88.45903015136719,85.98837280273438,82.56512451171875,81.21575927734375,82.20097351074219,74.67261505126953,73.75635528564453,71.30918884277344,72.80110168457031,72.11102294921875,70.22820281982422,66.85057830810547,64.8459701538086,59.53990173339844
0,-36,-95,11,39,118.2962417602539,116.76043701171875,120.2081527709961,118.59595489501953,119.26860809326172,117.74549102783203,116.73046112060547,115.38197326660156,118.53269958496094,117.23907470703125,122.1883773803711,122.1883773803711,123.17467498779297,118.51160430908203,119.8165283203125,123.81034088134766,123.60015869140625,123.9758071899414,124.40257263183594,125.60254669189453,127.64012145996094,124.01612854003906,123.00406646728516,128.8099365234375,129.61866760253906,127.06297302246094,127.88275909423828,125.19584655761719,121.26417541503906,118.51160430908203,120.76837158203125,115.97413635253906,110.47624206542969,105.55093383789062,103.31505584716797,102.88343048095703,97.50897216796875,89.31964874267578,87.46427917480469,83.67198181152344,81.93900299072266,81.85963439941406,76.32168579101562,74.46475982666016,71.86793518066406,65.19202423095703,68.62215423583984,68.00735473632812,67.6830825805664,66.70832061767578,57.87054443359375,59.07622146606445
0,-36,-95,12,34,111.94641876220703,112.89375305175781,112.00892639160156,114.82595825195312,107.15409088134766,108.63240814208984,108.46197509765625,108.07867431640625,110.98197937011719,104.70912170410156,112.16059875488281,113.74093627929688,114.28035736083984,113.00442504882812,118.72657775878906,118.19052124023438,117.34564208984375,113.74093627929688,118.224365234375,118.98319244384766,116.81181335449219,117.88553619384766,113.44161224365234,119.63277435302734,125.0,116.4989242553711,118.51160430908203,118.53269958496094,113.14591979980469,107.78682708740234,110.49434661865234,101.96568298339844,99.31767272949219,98.0866928100586,93.98403930664062,90.47099304199219,87.46427917480469,83.77350616455078,80.23091888427734,78.54934692382812,73.37574768066406,73.38937377929688,71.47027587890625,67.05221557617188,64.76110076904297,63.60031509399414,60.63827133178711,62.36986541748047,57.27128601074219,55.44366455078125,56.14267349243164,51.03919982910156
0,-36,-95,12,36,124.20144653320312,124.61942291259766,124.80785369873047,128.60015869140625,121.65936279296875,127.28314971923828,124.08464813232422,122.4948959350586,126.73200225830078,123.79418182373047,130.1768035888672,127.27922058105469,126.57408905029297,127.28707885742188,132.3215789794922,128.31600952148438,132.45753479003906,121.82774353027344,131.1373291015625,129.83450317382812,127.4754867553711,129.07362365722656,124.08464813232422,129.07362365722656,129.49517822265625,129.49517822265625,128.03515625,123.76187133789062,126.73200225830078,117.45637512207031,117.79643249511719,107.1680908203125,105.8914566040039,101.04454803466797,96.21330261230469,91.67878723144531,89.8109130859375,87.61849212646484,84.64632415771484,83.40863037109375,78.60025787353516,77.20103454589844,72.42237091064453,75.60423278808594,71.84706115722656,66.85057830810547,65.73431396484375,66.73080444335938,63.50590515136719,63.976558685302734,56.64803695678711,55.36244201660156
0,-39,-95,15,24,123.45849609375,124.03628540039062,123.22743225097656,126.40016174316406,123.8466796875,121.65936279296875,124.08464813232422,121.0826187133789,122.4948959350586,123.10971069335938,124.52308654785156,126.57408905029297,127.27922058105469,127.28707885742188,125.87295532226562,127.4754867553711,129.07362365722656,125.31958770751953,127.78105926513672,129.83450317382812,127.4754867553711,129.07362365722656,126.66886138916016,131.1373291015625,130.1768035888672,126.58988952636719,124.4829330444336,123.76187133789062,120.21646881103516,118.1397476196289,112.16059875488281,110.63453674316406,105.75916290283203,101.82828521728516,96.04686737060547,93.86160278320312,91.0494384765625,85.0,83.40863037109375,79.8122787475586,79.02531433105469,75.92759704589844,76.216796875,72.42237091064453,70.21395874023438,68.00735473632812,65.73431396484375,64.14047241210938,62.17716598510742,60.373836517333984,55.54277801513672,53.48831558227539
0,-36,-95,11,39,109.1650161743164,114.93476104736328,114.61238861083984,117.13667297363281,114.61238861083984,114.2365951538086,116.81181335449219,115.9353256225586,115.37763977050781,117.8006820678711,119.01680755615234,118.84864044189453,125.87692260742188,126.15070343017578,124.08464813232422,127.4754867553711,125.9920654296875,124.19742584228516,123.76187133789062,128.7633514404297,126.66886138916016,130.1383819580078,126.0634765625,130.8319549560547,132.38201904296875,128.88754272460938,129.9576873779297,128.84486389160156,125.80142974853516,121.2476806640625,118.1524429321289,117.88553619384766,110.11357879638672,106.32967376708984,104.62313079833984,98.97979736328125,95.38343811035156,92.1791763305664,88.58893585205078,84.59905242919922,83.6480712890625,81.00617218017578,77.5241928100586,74.6860122680664,73.34848022460938,71.58910369873047,72.61542510986328,65.45991516113281,66.48307800292969,64.28841400146484,60.20797348022461,55.90169906616211
0,-36,-95,12,36,107.070068359375,110.11357879638672,111.82575988769531,116.03878784179688,113.85077667236328,108.07405090332031,112.61438751220703,113.70136260986328,114.69088745117188,114.55130004882812,117.38824462890625,122.38055419921875,122.67436218261719,121.82774353027344,123.06908416748047,126.81088256835938,127.0157470703125,125.20782470703125,128.5496063232422,130.96946716308594,130.1768035888672,131.64346313476562,131.55227661132812,135.8712615966797,135.94851684570312,133.05638122558594,135.28118896484375,131.71180725097656,129.83450317382812,123.8466796875,122.20065307617188,120.67311096191406,113.44161224365234,106.53168487548828,103.77379608154297,101.0197982788086,98.18350219726562,91.80958557128906,86.28441619873047,84.2199478149414,84.90583038330078,81.83519744873047,75.66372680664062,76.94153594970703,74.24958038330078,72.23572540283203,69.85699462890625,70.22820281982422,65.14598846435547,65.96968841552734,61.13100814819336,60.406951904296875
0,-37,-95,12,37,112.16059875488281,109.5627670288086,114.49017333984375,111.3193588256836,112.64102172851562,106.04244232177734,108.90821838378906,107.51744079589844,113.43721008300781,110.3177261352539,113.74533081054688,117.27318572998047,118.71394348144531,124.10076904296875,120.33702850341797,124.01612854003906,122.00409698486328,126.0634765625,126.0634765625,126.0634765625,126.0,124.00403594970703,128.015625,124.00403594970703,123.1015853881836,124.06449890136719,124.06449890136719,126.3210220336914,128.65846252441406,126.66886138916016,123.04470825195312,121.34249114990234,113.95174407958984,110.63453674316406,106.73331451416016,102.18121337890625,96.54014587402344,93.14505004882812,86.58522033691406,82.46211242675781,80.77747344970703,78.58753204345703,76.15773010253906,74.21590423583984,72.03471374511719,69.57010650634766,66.85057830810547,63.90618133544922,67.11929321289062,62.60990524291992,63.06346130371094,60.80295944213867
0,-37,-95,12,37,115.45128631591797,116.36150360107422,116.7261734008789,116.7261734008789,115.60276794433594,112.16059875488281,111.22050476074219,115.9353256225586,114.85643005371094,115.108642578125,119.33147430419922,121.6552505493164,125.31958770751953,122.34786224365234,121.62236785888672,130.81666564941406,129.4179229736328,127.27922058105469,130.81666564941406,130.81666564941406,128.72451782226562,130.81666564941406,128.72451782226562,136.56134033203125,132.23086547851562,131.59027099609375,133.95895385742188,127.78105926513672,128.06248474121094,124.63145446777344,118.81077575683594,118.4609603881836,117.0469970703125,111.51681518554688,107.54068756103516,103.24727630615234,98.22932434082031,94.33981323242188,89.1852035522461,85.4400405883789,82.85529327392578,79.17701721191406,81.12335968017578,77.41446685791016,72.89718627929688,70.26378631591797,71.17584228515625,70.22820281982422,67.05221557617188,66.48307800292969,57.723480224609375,57.55866622924805
0,-38,-95,13,37,130.92364501953125,131.4838409423828,129.6919403076172,130.1768035888672,126.58988952636719,123.47064208984375,126.90941619873047,126.24578857421875,125.36347198486328,125.09996032714844,128.60015869140625,132.27999877929688,134.62911987304688,135.20724487304688,138.4088134765625,135.94851684570312,140.03570556640625,143.08738708496094,145.72576904296875,145.34442138671875,139.1761474609375,146.98638916015625,140.46351623535156,145.9109344482422,142.7620391845703,140.2069854736328,142.63589477539062,137.05838012695312,136.21307373046875,126.77933502197266,125.78155517578125,122.54386901855469,117.20068359375,111.61540985107422,107.42439270019531,104.65180206298828,97.98979187011719,92.70382690429688,87.32124328613281,85.23497009277344,81.3449478149414,82.46211242675781,83.67198181152344,79.12016296386719,70.51950073242188,67.72000885009766,67.05221557617188,71.38627624511719,67.74215698242188,62.801273345947266,59.00847244262695,55.009090423583984
0,-41,-95,15,31,149.0369110107422,141.99295043945312,145.7738037109375,142.3411407470703,143.01048278808594,136.48809814453125,139.3018341064453,138.773193359375,139.70326232910156,143.68020629882812,141.8203125,145.90750122070312,149.49581909179688,149.49581909179688,148.38462829589844,148.38462829589844,150.4160919189453,152.82015991210938,150.94369506835938,148.38462829589844,155.3319091796875,150.42605590820312,152.86923217773438,151.23822021484375,157.41029357910156,155.4252166748047,155.2417449951172,155.87815856933594,143.01048278808594,145.04136657714844,132.27622985839844,131.59027099609375,123.98789978027344,118.44407653808594,111.04053497314453,108.85311126708984,99.48869323730469,92.20086669921875,87.45856475830078,81.68843078613281,79.8122787475586,76.216796875,75.92759704589844,67.62396240234375,67.62396240234375,62.801273345947266,65.21502685546875,62.12889862060547,61.587337493896484,57.30619430541992,50.08992004394531,47.16990661621094
0,-41,-95,20,12,132.83448791503906,128.35107421875,126.62543487548828,127.53430938720703,124.61540985107422,124.39051055908203,121.26417541503906,121.26417541503906,117.0469970703125,112.64102172851562,108.46658325195312,104.40306854248047,99.6242904663086,96.84007263183594,96.4624252319336,90.2496566772461,87.55569458007812,96.5660400390625,86.83317565917969,87.36132049560547,90.62008666992188,86.97700500488281,93.6375961303711,85.4400405883789,92.61209106445312,93.91485595703125,99.36296844482422,113.3710708618164,114.12712097167969,123.89108276367188,133.72360229492188,140.87228393554688,138.1955108642578,128.82546997070312,124.90796661376953,111.50785064697266,109.65856170654297,100.4987564086914,95.88013458251953,92.1791763305664,86.83317565917969,83.24061584472656,80.0624771118164,74.70609283447266,71.58910369873047,71.58910369873047,70.32780456542969,67.95587158203125,65.802734375,64.03124237060547,58.79625701904297,58.0
0,-41,-95,21,10,114.28035736083984,112.64546203613281,117.20068359375,112.92918395996094,116.82465362548828,120.0,119.97083282470703,126.65702056884766,130.38404846191406,133.12400817871094,135.10366821289062,137.18600463867188,139.3448944091797,145.09652709960938,142.2708740234375,147.32276916503906,151.7432098388672,145.8355255126953,151.09268188476562,149.0369110107422,146.0,147.75656127929688,142.4254150390625,147.2718505859375,143.4015350341797,137.64447021484375,135.20724487304688,127.3106460571289,130.38404846191406,128.2263641357422,123.71337890625,128.63125610351562,132.3782501220703,137.6154022216797,133.70115661621094,123.8587875366211,116.6190414428711,109.00458526611328,104.69479370117188,99.28242492675781,93.471923828125,93.1504135131836,87.32124328613281,86.35391998291016,84.09518432617188,80.49844360351562,77.82030487060547,74.84651184082031,69.6419448852539,71.16881561279297,65.14598846435547,63.150611877441406
0,-41,-95,21,11,84.64632415771484,84.64632415771484,78.18567657470703,83.16850280761719,84.50444030761719,86.53900909423828,89.0,91.30169677734375,93.29522705078125,91.8368148803711,89.05054473876953,93.23625946044922,92.19544219970703,94.84724426269531,94.4933853149414,95.48298645019531,99.72462463378906,93.38094329833984,101.82337951660156,94.9210205078125,92.02173614501953,95.48298645019531,87.86353302001953,88.39117431640625,84.38601684570312,85.0,83.35466766357422,82.36504364013672,86.16263580322266,88.54377746582031,98.71676635742188,99.82484436035156,110.16805267333984,118.60859680175781,123.79418182373047,126.39620208740234,115.27792358398438,108.46197509765625,103.48429870605469,97.73944854736328,96.7470932006836,90.79647827148438,88.81441497802734,84.17243957519531,83.86298370361328,78.63841247558594,76.41989135742188,71.34423828125,69.00724792480469,64.0,62.07253646850586,58.4208869934082
0,-41,-95,17,28,84.89994049072266,92.19544219970703,82.8070068359375,81.56592559814453,80.80841827392578,86.60831451416016,81.83519744873047,85.44589233398438,74.20242309570312,68.50547790527344,63.1347770690918,57.80138397216797,55.4707145690918,54.120235443115234,61.61168670654297,47.434165954589844,56.859474182128906,57.14017868041992,60.41522979736328,61.61168670654297,69.20259857177734,65.21502685546875,70.80254364013672,63.1347770690918,70.1783447265625,79.92496490478516,87.92041778564453,92.35800170898438,101.55294036865234,107.82392883300781,124.88794708251953,126.14277648925781,135.77186584472656,128.87591552734375,126.08727264404297,117.98728942871094,108.811767578125,102.14205932617188,96.3016128540039,91.92388153076172,91.21951293945312,87.86353302001953,89.26925659179688,78.58753204345703,77.6208724975586,75.18643188476562,70.21395874023438,69.92138671875,68.94925689697266,63.24555206298828,57.93962478637695,54.7813835144043
0,-40,-95,16,28,90.3548583984375,92.13034057617188,92.43917083740234,90.91754150390625,90.21086120605469,93.53608703613281,92.43917083740234,95.29428100585938,91.78779602050781,94.33981323242188,98.0051040649414,98.81295776367188,98.0051040649414,100.0,94.57801055908203,97.41663360595703,102.90287017822266,97.75479888916016,97.75479888916016,98.61541748046875,95.7131118774414,97.49359130859375,100.31948852539062,104.70912170410156,101.13357543945312,104.75209045410156,106.23088073730469,111.08555603027344,118.45674133300781,124.7798080444336,127.76932525634766,123.49089050292969,117.51595306396484,107.56393432617188,102.59142303466797,97.01546478271484,92.39588928222656,84.5280990600586,83.19855499267578,78.33900451660156,80.28075408935547,77.36924743652344,77.88452911376953,72.7804946899414,71.80529022216797,66.4906005859375,66.91038513183594,66.2872543334961,63.95310592651367,59.03388977050781,53.600372314453125,53.0848388671875
0,-39,-95,16,25,92.72000885009766,94.5568618774414,92.35800170898438,91.7060546875,94.5568618774414,99.04039764404297,98.4327163696289,99.02020263671875,96.5660400390625,95.5196304321289,95.18928527832031,92.69843292236328,96.2081069946289,96.2081069946289,98.35140991210938,97.57561492919922,105.10946655273438,101.843017578125,102.18121337890625,104.06248474121094,103.74005889892578,103.73042297363281,105.01904296875,107.70329284667969,103.94229125976562,109.65856170654297,112.14722442626953,117.83463287353516,125.39936065673828,127.25171661376953,116.0689468383789,115.108642578125,110.29052734375,103.23758697509766,95.2575454711914,91.26883697509766,88.36288452148438,83.2946548461914,82.73451232910156,81.04936981201172,80.23091888427734,77.66595458984375,78.26238250732422,71.19690704345703,72.18032836914062,67.89698028564453,67.74215698242188,67.47592163085938,65.19202423095703,64.1248779296875,59.03388977050781,58.00862121582031
0,-36,-95,12,36,129.6919403076172,126.28935241699219,128.39002990722656,125.0,125.87295532226562,123.66487121582031,129.6919403076172,130.50669860839844,128.5768280029297,129.07362365722656,123.49089050292969,125.87692260742188,122.24974060058594,123.22337341308594,123.22743225097656,129.0658721923828,121.39604949951172,128.4562225341797,120.61923217773438,125.92855072021484,126.49505615234375,127.12198638916016,130.0,128.4562225341797,127.81627655029297,131.9393768310547,123.0162582397461,117.95338439941406,119.85408020019531,107.51744079589844,103.4069595336914,104.04325866699219,100.6578369140625,95.18928527832031,90.44335174560547,84.75848388671875,85.72631072998047,81.59656524658203,79.55501556396484,79.55501556396484,79.4040298461914,75.69015502929688,75.58438873291016,75.58438873291016,67.779052734375,69.89277648925781,68.70953369140625,66.21178436279297,65.30696868896484,64.88451385498047,60.41522979736328,59.90826416015625
0,-35,-95,10,39,113.63538360595703,112.44554138183594,114.2716064453125,114.85643005371094,113.63538360595703,109.77249145507812,110.64356994628906,108.85311126708984,108.06016540527344,110.42192077636719,109.23827362060547,111.83023071289062,112.53887939453125,111.57060241699219,110.86027526855469,113.32254791259766,109.76793670654297,108.66921997070312,110.72488403320312,109.11003875732422,107.96759033203125,108.811767578125,107.2800064086914,108.811767578125,107.96759033203125,105.75916290283203,102.61091613769531,102.39140319824219,96.8813705444336,96.50906372070312,87.29833984375,85.32877349853516,84.01190185546875,78.91767883300781,76.29547882080078,75.31268310546875,72.00694274902344,67.46851348876953,67.46851348876953,66.70832061767578,63.56099319458008,64.32728576660156,63.56099319458008,60.20797348022461,60.20797348022461,57.87054443359375,58.30952072143555,56.32051086425781,52.038448333740234,52.038448333740234,50.03998565673828,46.173583984375
0,-35,-95,10,36,100.2646484375,100.76705932617188,98.59513092041016,102.17631530761719,97.94896697998047,97.83660125732422,97.74456787109375,95.48298645019531,97.74456787109375,92.6552734375,97.74456787109375,97.0,97.83660125732422,99.90495300292969,100.6578369140625,97.08243560791016,99.2471694946289,94.3663101196289,100.6578369140625,98.49365234375,97.0,96.17691802978516,94.79451751708984,97.45255279541016,96.33275604248047,96.26006317138672,91.92388153076172,89.87213134765625,90.60904693603516,82.134033203125,80.91971588134766,80.15609741210938,74.02702331542969,72.80110168457031,69.20259857177734,63.89052963256836,61.61980056762695,59.66573715209961,59.54829788208008,58.13776779174805,54.20331954956055,55.973209381103516,54.037025451660156,50.6063232421875,50.80354309082031,48.60041046142578,49.40647888183594,47.16990661621094,47.50789260864258,43.046485900878906,45.18849563598633,42.72002029418945
0,-35,-95,10,35,98.61541748046875,98.97979736328125,96.64884948730469,98.0051040649414,96.64884948730469,94.82615661621094,94.3663101196289,92.59049987792969,93.471923828125,94.02127075195312,94.93682098388672,93.23089599609375,94.70480346679688,95.63471984863281,97.14422607421875,96.2081069946289,96.2081069946289,93.04837799072266,96.4624252319336,97.49871826171875,93.04837799072266,95.85926818847656,92.8493423461914,93.6375961303711,95.2732925415039,91.78779602050781,91.78779602050781,88.56636047363281,86.33075714111328,83.19255065917969,80.13114166259766,77.02597045898438,73.82411193847656,72.06941223144531,69.1158447265625,63.631752014160156,62.7694206237793,59.16925048828125,59.05929183959961,57.706153869628906,55.56977462768555,55.94640350341797,54.120235443115234,52.839378356933594,51.62363815307617,49.648765563964844,48.25971221923828,48.010414123535156,47.20169448852539,44.04542922973633,44.55333709716797,41.773197174072266
0,-35,-95,10,35,87.80091094970703,91.0494384765625,91.26335144042969,92.41753387451172,89.40357971191406,88.00568389892578,89.87213134765625,87.92041778564453,90.13877868652344,88.6848373413086,90.91754150390625,91.24143981933594,91.7060546875,91.24143981933594,93.4772720336914,90.3548583984375,92.57429504394531,88.10221099853516,93.94147491455078,90.3548583984375,90.3548583984375,92.13034057617188,88.1192398071289,90.37699127197266,91.67878723144531,88.1192398071289,90.04998779296875,85.75546264648438,87.132080078125,82.68010711669922,82.6619644165039,79.6303939819336,74.40430450439453,71.84010314941406,71.21797180175781,64.81512451171875,65.802734375,61.22091293334961,60.0,58.600341796875,54.037025451660156,56.85068130493164,53.90732955932617,53.26349639892578,49.67897033691406,48.79549026489258,49.51767349243164,47.381431579589844,45.343135833740234,43.27817153930664,41.231056213378906,42.54409408569336
0,-35,-95,10,37,98.95453643798828,99.20181274414062,98.67117309570312,100.96038818359375,100.0,96.4624252319336,96.76776123046875,96.13532257080078,97.14422607421875,97.86214447021484,97.86214447021484,99.80982208251953,101.13357543945312,99.80982208251953,100.22474670410156,102.41581726074219,98.83824920654297,100.64790344238281,102.41581726074219,100.62306213378906,100.17984008789062,100.64790344238281,101.13357543945312,103.31505584716797,102.45974731445312,102.45974731445312,100.08995819091797,101.0197982788086,99.02020263671875,98.08159637451172,90.13877868652344,88.32327270507812,90.2496566772461,82.46211242675781,82.00609588623047,78.64476776123047,75.70997619628906,73.54590606689453,68.06614685058594,68.06614685058594,66.2872543334961,63.78871536254883,62.801273345947266,58.54912567138672,56.4358024597168,54.147945404052734,55.145263671875,54.037025451660156,54.00925827026367,50.0099983215332,48.25971221923828,44.40720748901367
0,-35,-95,11,34,93.04837799072266,98.4327163696289,96.3846435546875,98.61541748046875,96.25486755371094,96.25486755371094,96.17691802978516,93.4772720336914,96.60227966308594,92.28217315673828,96.8968505859375,100.12492370605469,96.25486755371094,96.79875946044922,97.6524429321289,98.22932434082031,99.4032211303711,95.8018798828125,99.02020263671875,100.20977783203125,99.6242904663086,99.4032211303711,96.40020751953125,104.9952392578125,103.23274993896484,102.2007827758789,104.62313079833984,98.47334289550781,103.17460632324219,95.96353149414062,93.64827728271484,94.8946762084961,92.13034057617188,86.76404571533203,84.9705810546875,79.15807342529297,78.29431915283203,74.73285675048828,73.40980529785156,71.17584228515625,67.779052734375,64.07807922363281,65.92420196533203,60.74536895751953,57.584720611572266,58.24087905883789,56.30275344848633,55.785301208496094,51.97114562988281,52.611785888671875,51.4781494140625,49.01020431518555
0,-37,-95,12,36,107.1680908203125,108.07405090332031,111.60645294189453,112.80071258544922,106.40018463134766,110.43550109863281,112.32987213134766,109.0,107.37783813476562,109.77249145507812,111.50785064697266,110.01818084716797,112.30760955810547,112.69871520996094,114.03946685791016,118.10588836669922,116.7775650024414,114.06138610839844,117.0,115.15641784667969,115.95257568359375,116.07756042480469,117.68601989746094,119.77478790283203,120.42009735107422,122.24974060058594,119.40686798095703,115.83609008789062,116.76471710205078,114.52947235107422,110.98197937011719,110.98197937011719,107.33592224121094,102.90287017822266,97.41663360595703,94.04785919189453,90.60353088378906,87.61849212646484,81.21575927734375,81.83519744873047,77.46611785888672,76.216796875,72.34638977050781,75.1664810180664,71.4212875366211,66.4680404663086,66.52819061279297,63.65532302856445,64.53681182861328,62.42595672607422,56.035701751708984,56.4358024597168
0,-37,-95,12,40,123.49089050292969,118.10588836669922,117.01708984375,115.06954193115234,121.01652526855469,118.20744323730469,123.00406646728516,120.066650390625,121.0,117.01708984375,114.01753997802734,111.54371643066406,110.54862976074219,111.87940216064453,111.87940216064453,108.0462875366211,110.8873291015625,114.85643005371094,112.96902465820312,109.03668975830078,110.8873291015625,109.4897232055664,111.87940216064453,110.35397338867188,106.3672866821289,112.00892639160156,108.90362548828125,113.28282928466797,111.01801300048828,114.07015228271484,121.01652526855469,120.10411834716797,127.4754867553711,123.6850814819336,119.8207015991211,111.87940216064453,110.76551818847656,101.83319854736328,99.14131164550781,95.88534545898438,94.04785919189453,91.92388153076172,85.0,82.37718200683594,79.07591247558594,73.54590606689453,76.90253448486328,77.1297607421875,70.88018035888672,71.30918884277344,62.62587356567383,62.7694206237793
0,-36,-95,13,33,139.2300262451172,142.17242431640625,147.3533172607422,145.98973083496094,141.6615753173828,141.6615753173828,141.90489196777344,140.16062927246094,141.7779998779297,140.42791748046875,141.32232666015625,138.6542510986328,137.76791381835938,135.0703582763672,134.18270874023438,127.95311737060547,128.8099365234375,134.65882873535156,125.29964447021484,124.33824920654297,131.51806640625,130.6790008544922,134.16407775878906,125.21981048583984,128.82546997070312,136.4734344482422,139.11865234375,141.32586669921875,142.2251739501953,140.89002990722656,132.74034118652344,134.46188354492188,125.09596252441406,124.02015686035156,115.43396759033203,114.28035736083984,107.89810180664062,99.29753112792969,99.32270812988281,96.25486755371094,88.48163604736328,87.92041778564453,89.62700653076172,83.76156616210938,81.4002456665039,76.83749389648438,75.60423278808594,76.40026092529297,72.91776275634766,71.44927978515625,66.52819061279297,69.65629577636719
0,-34,-95,11,36,124.14507293701172,121.26417541503906,127.25171661376953,124.32618713378906,127.098388671875,121.06610107421875,123.03658294677734,122.03688049316406,120.01666259765625,127.03543090820312,125.06398010253906,124.40257263183594,127.25171661376953,127.3930892944336,123.14625549316406,125.57467651367188,124.57929229736328,127.3930892944336,122.5887451171875,127.3930892944336,128.249755859375,127.3930892944336,127.3930892944336,128.65846252441406,128.47178649902344,121.41252136230469,121.14866638183594,123.14625549316406,118.03813171386719,118.0169448852539,109.04127502441406,110.01818084716797,105.07616424560547,101.12368774414062,99.12618255615234,97.08243560791016,93.04837799072266,88.0511245727539,87.05171203613281,80.09993743896484,84.2140121459961,77.16217041015625,83.09632873535156,71.17584228515625,75.53807067871094,70.45565795898438,70.03570556640625,67.08203887939453,67.26811981201172,66.21932983398438,62.93647766113281,61.32699203491211
0,-34,-95,10,37,108.90362548828125,113.0,107.51744079589844,112.44998931884766,109.4897232055664,110.0227279663086,107.70793914794922,105.5367202758789,109.1421127319336,107.2800064086914,108.52188873291016,110.72488403320312,112.60550689697266,111.6646728515625,115.43396759033203,109.44404602050781,115.8792495727539,107.22406768798828,116.45600128173828,108.2681884765625,112.60550689697266,111.07205200195312,105.34230041503906,113.84638977050781,112.72089385986328,112.36102294921875,112.27198791503906,105.6503677368164,108.811767578125,100.0,101.39033508300781,99.92497253417969,97.51409912109375,94.3663101196289,89.05054473876953,84.64632415771484,82.97589874267578,79.07591247558594,78.33900451660156,78.10249328613281,71.02112579345703,74.14849853515625,69.23149871826172,68.88395690917969,66.61080932617188,65.37583923339844,64.19501495361328,61.13100814819336,59.00847244262695,58.00862121582031,56.035701751708984,55.578773498535156
0,-34,-95,11,33,107.2800064086914,110.0636215209961,107.20541381835938,112.08924865722656,109.11003875732422,108.811767578125,107.56393432617188,106.56922912597656,106.6255111694336,105.47511291503906,107.15409088134766,108.25894927978516,109.65856170654297,110.92339324951172,110.07270050048828,111.80339813232422,110.47624206542969,110.01818084716797,110.01818084716797,110.47624206542969,110.0227279663086,112.69871520996094,105.55093383789062,111.36426544189453,111.35977935791016,110.0227279663086,108.7474136352539,109.77249145507812,108.46197509765625,104.0,102.45974731445312,101.19288635253906,95.50916290283203,91.0933609008789,91.48223876953125,86.12781524658203,83.52245330810547,82.00609588623047,76.92203521728516,76.40026092529297,74.72616577148438,71.56814575195312,69.37578582763672,67.46851348876953,63.95310592651367,61.814239501953125,63.50590515136719,64.38167572021484,61.20457458496094,60.074954986572266,55.0,54.230987548828125
0,-34,-95,11,33,111.7586669921875,113.95174407958984,111.94641876220703,117.45637512207031,108.30050659179688,110.45361328125,108.70602416992188,109.4805908203125,107.93516540527344,108.00463104248047,112.41441345214844,111.25196838378906,109.83624267578125,110.67520141601562,113.44161224365234,112.36102294921875,113.53413391113281,105.11898040771484,113.0177001953125,110.67520141601562,111.22050476074219,110.98197937011719,107.070068359375,112.16059875488281,112.89818572998047,111.51681518554688,110.38568878173828,106.25440979003906,105.80170440673828,102.00489807128906,100.42410278320312,97.45255279541016,96.54014587402344,90.02777099609375,89.1964111328125,82.97589874267578,82.75868225097656,79.93122100830078,77.077880859375,72.83543395996094,68.59300231933594,71.4212875366211,69.29646301269531,65.05382537841797,62.28964614868164,60.20797348022461,60.95900344848633,61.400325775146484,57.628116607666016,56.859474182128906,53.851646423339844,51.429561614990234
0,-34,-95,9,42,113.89907836914062,116.7261734008789,115.52056121826172,120.28299713134766,112.53887939453125,112.80514526367188,112.04463195800781,111.6646728515625,112.04463195800781,112.80071258544922,111.60645294189453,115.108642578125,114.28472900390625,116.50321960449219,114.85643005371094,113.99122619628906,115.43396759033203,111.50336456298828,117.13667297363281,113.99122619628906,113.1591796875,115.108642578125,109.55364227294922,114.73883056640625,115.6633071899414,114.85643005371094,112.20071411132812,109.20164489746094,110.0,101.82828521728516,104.13932800292969,100.00499725341797,96.93812561035156,91.9673843383789,90.5096664428711,84.8646011352539,84.17243957519531,79.19596099853516,77.78174591064453,74.95331573486328,70.72481536865234,69.35416412353516,66.52819061279297,66.52819061279297,63.25345993041992,61.073726654052734,64.20280456542969,59.07622146606445,57.45433044433594,57.45433044433594,53.23532485961914,51.89412307739258
0,-33,-95,9,38,102.39628601074219,102.23991394042969,100.12492370605469,102.12247467041016,98.12747192382812,96.08329772949219,96.00521087646484,96.00521087646484,95.0,96.0,97.0,97.02061462402344,95.02104949951172,95.13148498535156,95.08417510986328,98.24967956542969,96.42095184326172,93.19334411621094,94.42987060546875,94.33981323242188,95.33625030517578,94.33981323242188,92.0869140625,95.42536163330078,93.19334411621094,90.04998779296875,93.00537872314453,89.0,88.0,86.00581359863281,82.09750366210938,80.09993743896484,79.22752380371094,74.3303451538086,70.57620239257812,68.59300231933594,66.61080932617188,62.801273345947266,60.67124557495117,59.41380310058594,57.87054443359375,54.918121337890625,52.95280838012695,51.97114562988281,50.447994232177734,46.840152740478516,47.801673889160156,46.840152740478516,42.72002029418945,40.31128692626953,42.04759216308594,39.4461669921875
0,-34,-95,9,38,97.6166000366211,96.7470932006836,97.75479888916016,99.12618255615234,95.88013458251953,94.5145492553711,92.11405944824219,92.6498794555664,91.80958557128906,89.87213134765625,90.69729614257812,91.40021514892578,94.02127075195312,94.81033325195312,94.20191192626953,93.86160278320312,91.67878723144531,89.64373779296875,91.43850708007812,91.67878723144531,90.42676544189453,92.31468200683594,88.40814208984375,91.67878723144531,92.61749267578125,91.21403503417969,89.05054473876953,87.09190368652344,85.98255920410156,83.00602722167969,78.892333984375,79.25907135009766,76.94153594970703,73.79024505615234,75.13321685791016,70.68238830566406,66.64083099365234,62.64982223510742,61.32699203491211,59.50630187988281,58.872745513916016,56.46237564086914,54.708316802978516,50.9215087890625,51.244510650634766,49.33558654785156,47.29693603515625,46.87216567993164,44.72135925292969,43.28972244262695,41.1096076965332,41.0
0,-35,-95,10,37,100.60317993164062,97.6166000366211,99.2471694946289,98.85848236083984,97.83660125732422,93.50936126708984,96.8968505859375,94.06912231445312,94.04785919189453,97.67292022705078,98.35140991210938,97.67292022705078,97.83660125732422,100.12492370605469,99.35794067382812,101.212646484375,101.40019989013672,99.63935089111328,98.81295776367188,102.41581726074219,100.0,102.00489807128906,98.71676635742188,103.4069595336914,100.2646484375,100.89598846435547,99.2471694946289,97.08243560791016,97.74456787109375,94.79451751708984,88.39117431640625,90.5096664428711,82.73451232910156,80.65978240966797,80.72174072265625,77.98717498779297,72.62230682373047,67.35725402832031,67.35725402832031,66.06814575195312,64.03124237060547,58.898216247558594,60.605281829833984,55.60575485229492,55.803226470947266,50.6063232421875,51.03919982910156,51.61395263671875,50.2493782043457,48.764739990234375,46.957427978515625,44.94440841674805
0,-35,-95,11,36,110.44002532958984,110.0636215209961,109.76793670654297,112.36102294921875,110.44002532958984,109.1421127319336,111.3238525390625,109.88175201416016,108.68302154541016,107.07940673828125,111.00450134277344,111.62885284423828,111.01801300048828,113.0,114.12712097167969,110.54862976074219,113.53413391113281,110.02726745605469,114.28035736083984,114.62983703613281,111.01801300048828,112.44554138183594,108.66461944580078,114.43775939941406,112.75193786621094,110.76551818847656,108.18965148925781,107.51744079589844,106.21205139160156,101.78899383544922,99.82484436035156,99.2471694946289,94.14881896972656,90.47099304199219,88.05680084228516,83.43260955810547,82.46211242675781,78.58753204345703,75.69015502929688,74.63243103027344,68.96376037597656,71.16881561279297,67.72000885009766,67.06713104248047,64.25729370117188,59.46427536010742,59.61543273925781,59.03388977050781,57.245086669921875,55.4707145690918,51.4781494140625,50.6063232421875
0,-34,-95,10,35,100.41912078857422,101.13851928710938,101.23734283447266,99.72462463378906,99.08582305908203,96.2081069946289,97.74456787109375,95.7757797241211,97.83660125732422,97.30878448486328,95.42536163330078,95.44107818603516,97.41663360595703,97.6524429321289,97.6524429321289,99.02020263671875,95.71833801269531,95.41488647460938,97.41663360595703,99.85990142822266,96.51942443847656,99.85990142822266,94.30270385742188,98.61541748046875,96.5660400390625,95.13148498535156,97.6524429321289,95.69221496582031,91.60785675048828,90.21086120605469,85.42832946777344,84.64632415771484,84.2911605834961,78.74642944335938,77.23341369628906,73.66138458251953,72.24956512451172,69.3108901977539,67.94115447998047,64.35060119628906,62.93647766113281,60.10823440551758,58.694122314453125,58.051700592041016,55.226806640625,55.60575485229492,52.201534271240234,51.61395263671875,50.774009704589844,49.39635467529297,48.3735466003418,45.31004333496094
0,-34,-95,9,40,99.00505065917969,96.26006317138672,97.62171936035156,96.26006317138672,94.11163330078125,91.9673843383789,94.9210205078125,93.60555267333984,92.45539093017578,94.20191192626953,94.40338897705078,97.08243560791016,94.30270385742188,94.33981323242188,94.57801055908203,96.7470932006836,96.7470932006836,93.81364440917969,94.8946762084961,93.64827728271484,94.03190612792969,95.38343811035156,94.15412902832031,95.7131118774414,94.02127075195312,94.15412902832031,94.15412902832031,91.06591033935547,89.04492950439453,87.66413116455078,83.23461151123047,84.05355072021484,80.80223083496094,77.6208724975586,75.0,72.80110168457031,71.21797180175781,68.4105224609375,66.21932983398438,62.62587356567383,61.717098236083984,59.81638717651367,60.4400520324707,55.973209381103516,55.90169906616211,51.62363815307617,50.32891845703125,51.088157653808594,50.447994232177734,48.010414123535156,45.486263275146484,44.29446792602539
0,-34,-95,10,33,95.4620361328125,90.52071380615234,96.2081069946289,91.28527069091797,93.50936126708984,87.32124328613281,90.90654754638672,91.0494384765625,91.21403503417969,93.60021209716797,91.26335144042969,93.74433135986328,94.30270385742188,94.33981323242188,92.6498794555664,98.48857879638672,92.59049987792969,95.88013458251953,94.02127075195312,96.7470932006836,94.5145492553711,97.52947998046875,95.52486419677734,96.25486755371094,97.24710845947266,91.4166259765625,93.29522705078125,92.43917083740234,88.5098876953125,90.97252655029297,83.48652648925781,81.27114868164062,81.02468872070312,76.40026092529297,75.80237579345703,74.20242309570312,69.65629577636719,66.06814575195312,64.66065216064453,63.411354064941406,62.00806427001953,57.628116607666016,61.84658432006836,54.488529205322266,53.075416564941406,50.20956039428711,50.2493782043457,50.20956039428711,51.088157653808594,47.801673889160156,45.80392837524414,42.43819046020508
0,-35,-95,10,36,97.1236343383789,99.04039764404297,97.80081939697266,99.72462463378906,98.76234436035156,100.42410278320312,97.51409912109375,96.8813705444336,95.90099334716797,95.75489807128906,98.85848236083984,101.59724426269531,102.48902130126953,98.24967956542969,102.39628601074219,102.23991394042969,106.11785888671875,100.24469757080078,103.23758697509766,103.17460632324219,102.07839965820312,103.17460632324219,101.40019989013672,103.12128448486328,104.23531341552734,103.23758697509766,102.70345306396484,96.7470932006836,99.14131164550781,94.3663101196289,92.57429504394531,90.60904693603516,88.0738296508789,83.9523696899414,81.25269317626953,77.1297607421875,77.1297607421875,71.56814575195312,66.94026947021484,67.18630981445312,62.361846923828125,64.28841400146484,61.6846809387207,61.6846809387207,56.920997619628906,55.36244201660156,56.30275344848633,53.712196350097656,50.990196228027344,51.429561614990234,48.3735466003418,47.434165954589844
0,-36,-95,11,40,122.37646484375,123.0,125.68611907958984,126.37246704101562,125.15989685058594,119.64112854003906,124.91997528076172,121.84005737304688,121.7579574584961,119.40267944335938,125.0,127.22421264648438,126.71621704101562,126.31706237792969,128.86038208007812,132.8231964111328,129.71121215820312,130.1460723876953,131.60926818847656,133.36041259765625,132.8231964111328,138.6542510986328,133.27040100097656,137.7425079345703,135.5654754638672,137.32078552246094,131.3087921142578,130.92364501953125,129.61866760253906,125.86500549316406,122.70289611816406,122.70289611816406,117.6435317993164,108.811767578125,107.00466918945312,103.5857162475586,101.41498565673828,96.10411071777344,92.19544219970703,88.29496002197266,90.24411010742188,84.40379333496094,86.88497924804688,82.20097351074219,79.76214599609375,75.53807067871094,73.24616241455078,72.24956512451172,73.00685119628906,71.17584228515625,69.35416412353516,65.11528015136719
0,-39,-95,14,29,116.01724243164062,116.0689468383789,115.01738739013672,115.0,116.01724243164062,119.10499572753906,119.10499572753906,122.26201629638672,119.33985137939453,121.19818115234375,117.09825134277344,117.08544158935547,116.70903778076172,117.68601989746094,116.4989242553711,117.63077545166016,115.69355773925781,116.70903778076172,116.76043701171875,114.4770736694336,113.78048706054688,113.03096771240234,115.91807556152344,111.82575988769531,110.63453674316406,112.78740692138672,112.8716049194336,116.2755355834961,122.26201629638672,126.09916687011719,125.01599884033203,122.0,121.01652526855469,112.00446319580078,110.07270050048828,105.07616424560547,101.0197982788086,96.00521087646484,93.00537872314453,89.02246856689453,88.09085845947266,84.0238037109375,82.09750366210938,78.16009521484375,77.23341369628906,72.44308471679688,73.55270385742188,71.02112579345703,67.08203887939453,66.2872543334961,63.56099319458008,60.728904724121094
0,-35,-95,11,37,111.87940216064453,115.52488708496094,116.34861755371094,120.41594696044922,115.21284484863281,114.21470642089844,112.07140350341797,117.01708984375,120.0,117.0384521484375,122.20065307617188,125.19584655761719,124.32618713378906,127.31849670410156,127.25171661376953,127.25171661376953,127.3930892944336,124.19742584228516,128.31600952148438,126.0634765625,128.03515625,127.06297302246094,123.0162582397461,127.19276428222656,128.015625,125.00399780273438,127.03543090820312,122.26201629638672,118.20744323730469,111.22050476074219,110.54862976074219,108.46197509765625,105.80170440673828,101.83319854736328,97.01546478271484,94.04785919189453,91.66242218017578,89.94442749023438,88.1192398071289,83.72574615478516,81.21575927734375,81.39410400390625,80.23091888427734,73.54590606689453,72.80110168457031,68.680419921875,70.88018035888672,68.3081283569336,65.78753662109375,67.11929321289062,63.95310592651367,61.91122817993164
0,-33,-95,10,33,91.9673843383789,94.04785919189453,91.9673843383789,94.75231170654297,93.34880828857422,93.34880828857422,91.28527069091797,91.43850708007812,92.76313781738281,91.43850708007812,95.01578521728516,95.90099334716797,97.6166000366211,96.21330261230469,97.30878448486328,97.45255279541016,94.81033325195312,93.23625946044922,95.8018798828125,97.20082092285156,96.21330261230469,97.80081939697266,93.40770721435547,96.83490753173828,96.82975006103516,97.45255279541016,94.3663101196289,91.3509750366211,91.28527069091797,86.37129211425781,84.8646011352539,84.148681640625,81.39410400390625,77.8331527709961,77.15568542480469,73.59347534179688,71.50524139404297,66.70832061767578,65.29930877685547,65.29930877685547,61.717098236083984,60.20797348022461,60.4400520324707,56.40035629272461,55.217750549316406,52.430908203125,53.0,53.33854293823242,51.0,48.30113983154297,44.777225494384766,46.48655700683594
0,-33,-95,9,38,100.0199966430664,99.2471694946289,99.68952178955078,99.46356201171875,99.2471694946289,95.8018798828125,97.98469543457031,96.5660400390625,98.23441314697266,95.81753540039062,100.24469757080078,98.08159637451172,99.36800384521484,101.0197982788086,98.79270935058594,99.5389404296875,98.0866928100586,96.3846435546875,99.74467468261719,99.92497253417969,99.5389404296875,100.7223892211914,97.16995239257812,101.07917785644531,101.63660430908203,100.46392059326172,98.23441314697266,96.2081069946289,95.85926818847656,92.97311401367188,90.13877868652344,88.60022735595703,86.83317565917969,84.64632415771484,80.77747344970703,76.15773010253906,73.75635528564453,70.61161041259766,69.85699462890625,67.46851348876953,66.0984115600586,65.30696868896484,63.95310592651367,59.84145736694336,58.54912567138672,56.32051086425781,55.081756591796875,55.081756591796875,52.0,50.0,49.04079818725586,48.50773239135742
0,-33,-95,9,38,92.89241027832031,92.6498794555664,93.40770721435547,95.07891082763672,92.04889678955078,91.0933609008789,90.75791931152344,89.8888168334961,90.13877868652344,90.07774353027344,89.69392395019531,91.28527069091797,92.61209106445312,93.03762817382812,92.13577270507812,94.3663101196289,93.53608703613281,92.13034057617188,93.53608703613281,97.06183624267578,95.2575454711914,97.49359130859375,93.02149963378906,96.25486755371094,97.49359130859375,97.94386291503906,95.85405731201172,96.00521087646484,92.4770278930664,88.60022735595703,87.28115844726562,86.02325439453125,83.93450164794922,80.52328491210938,78.10249328613281,72.56720733642578,71.58910369873047,67.89698028564453,67.89698028564453,63.150611877441406,60.530982971191406,58.54912567138672,55.44366455078125,53.15073013305664,52.15361785888672,49.09175109863281,48.093658447265625,48.0,47.0,43.0,42.01190185546875,41.773197174072266
0,-35,-95,11,34,89.87213134765625,92.02173614501953,89.02246856689453,93.60555267333984,88.86506652832031,88.23831176757812,91.60785675048828,91.8368148803711,89.87213134765625,87.132080078125,91.4166259765625,91.7060546875,92.13034057617188,95.7078857421875,97.94896697998047,95.34149169921875,100.22474670410156,93.94147491455078,102.45974731445312,100.62306213378906,99.76472473144531,101.53324890136719,97.94896697998047,101.55294036865234,100.62306213378906,102.4743881225586,100.4987564086914,94.87360382080078,96.8968505859375,90.44335174560547,90.44335174560547,88.23831176757812,85.2760238647461,82.32861328125,75.74298858642578,70.93659210205078,71.0633544921875,65.29930877685547,62.36986541748047,62.96824645996094,60.20797348022461,60.20797348022461,56.58621597290039,56.63920974731445,55.154327392578125,51.7397346496582,51.7397346496582,50.6063232421875,51.22499465942383,48.60041046142578,46.87216567993164,44.72135925292969
0,-36,-95,11,37,93.04837799072266,100.24469757080078,94.83142852783203,99.92497253417969,97.74456787109375,99.46356201171875,97.49359130859375,96.33794403076172,99.14131164550781,96.87621307373047,103.3924560546875,105.23307800292969,106.04244232177734,105.07616424560547,111.07205200195312,108.07405090332031,112.00446319580078,109.00458526611328,116.01724243164062,111.01801300048828,111.07205200195312,111.01801300048828,110.11357879638672,114.03946685791016,114.1095962524414,114.21470642089844,111.44953918457031,107.05606079101562,108.90362548828125,104.08650207519531,99.46356201171875,98.48857879638672,93.86160278320312,88.76936340332031,89.02246856689453,84.89994049072266,81.4923324584961,73.49829864501953,72.03471374511719,73.00685119628906,67.72000885009766,66.94026947021484,67.05221557617188,61.98386764526367,62.361846923828125,60.406951904296875,58.872745513916016,58.30952072143555,55.94640350341797,53.66563034057617,53.33854293823242,54.08327102661133
0,-36,-95,11,38,108.00463104248047,111.00450134277344,111.07205200195312,116.0689468383789,111.16204071044922,113.21660614013672,111.54371643066406,112.8716049194336,116.6190414428711,113.28282928466797,120.50726318359375,121.39604949951172,121.8072280883789,122.24974060058594,121.8072280883789,123.35720825195312,128.31991577148438,125.71794128417969,124.19742584228516,121.8072280883789,126.69648742675781,126.14673614501953,127.67536926269531,127.57743072509766,129.63409423828125,129.0658721923828,125.89678192138672,124.57929229736328,119.70797729492188,117.27318572998047,111.16204071044922,108.01851654052734,105.0047607421875,102.0,99.02020263671875,92.00543212890625,90.022216796875,79.05693817138672,81.00617218017578,79.00633239746094,75.02666473388672,75.02666473388672,72.02777099609375,67.02984619140625,66.37017059326172,62.3939094543457,63.50590515136719,59.03388977050781,58.30952072143555,52.611785888671875,54.120235443115234,49.33558654785156
0,-34,-95,10,38,101.76934814453125,102.956298828125,104.69479370117188,103.78824615478516,103.7545166015625,103.7545166015625,104.21611785888672,101.96568298339844,102.08329772949219,104.44615936279297,107.42439270019531,104.9571304321289,106.8503646850586,105.9480972290039,107.37783813476562,109.28861236572266,109.55364227294922,106.53168487548828,111.50336456298828,111.77208709716797,108.75660705566406,109.60382843017578,105.47511291503906,110.45361328125,109.41663360595703,108.4066390991211,107.78682708740234,104.23531341552734,101.07917785644531,100.64790344238281,96.3846435546875,92.8493423461914,86.16263580322266,84.75848388671875,81.59656524658203,81.27114868164062,75.27283477783203,72.44998168945312,69.57010650634766,67.67569732666016,66.40782928466797,65.45991516113281,64.19501495361328,61.400325775146484,58.694122314453125,55.54277801513672,53.75872039794922,53.93514633178711,54.58937454223633,50.2493782043457,51.15662384033203,49.0
0,-34,-95,9,39,94.81033325195312,97.6166000366211,92.6552734375,98.60020446777344,91.8368148803711,94.62557983398438,93.23089599609375,92.9139404296875,93.81364440917969,90.91754150390625,94.5145492553711,96.17691802978516,98.83824920654297,97.50897216796875,100.18482971191406,96.17691802978516,101.63660430908203,92.13034057617188,100.22474670410156,97.94896697998047,98.88377380371094,99.7296371459961,93.4772720336914,98.48857879638672,100.17984008789062,100.7223892211914,97.24710845947266,91.92388153076172,96.3846435546875,85.75546264648438,88.7524642944336,84.31488800048828,82.4196548461914,77.20103454589844,74.81310272216797,72.20111083984375,70.60453033447266,67.80117797851562,64.40496826171875,64.03124237060547,59.03388977050781,61.22091293334961,56.40035629272461,56.85068130493164,53.15073013305664,53.075416564941406,53.037723541259766,49.51767349243164,48.79549026489258,45.45327377319336,45.45327377319336,45.221675872802734
0,-34,-95,9,39,91.92388153076172,92.4770278930664,95.5196304321289,93.98403930664062,91.7060546875,89.84430694580078,89.84430694580078,90.70832061767578,90.70832061767578,90.02777099609375,92.19544219970703,92.57429504394531,95.18928527832031,94.04785919189453,94.64142608642578,95.63471984863281,95.75489807128906,94.64142608642578,97.32933807373047,98.18350219726562,97.51409912109375,96.33275604248047,95.52486419677734,99.40824890136719,99.84988403320312,97.86725616455078,98.85848236083984,95.03683471679688,95.7078857421875,91.7823486328125,91.67878723144531,88.0738296508789,85.37564086914062,81.4923324584961,81.04319763183594,77.88452911376953,74.3303451538086,70.83784484863281,67.35725402832031,66.7607650756836,64.51356506347656,62.62587356567383,63.5688591003418,58.872745513916016,56.64803695678711,54.230987548828125,53.712196350097656,52.32590103149414,52.35456085205078,50.2493782043457,45.80392837524414,46.86149978637695
0,-35,-95,11,33,89.06739044189453,85.8836441040039,89.0,90.87353515625,88.63971710205078,86.92525482177734,88.0227279663086,87.31552124023438,86.02325439453125,88.8875732421875,89.5600357055664,87.80091094970703,93.62158203125,93.94147491455078,92.96235656738281,95.35198211669922,94.04785919189453,93.38094329833984,95.03683471679688,98.73196411132812,97.16481018066406,97.73944854736328,97.16481018066406,99.98500061035156,101.60708618164062,99.63935089111328,99.82484436035156,98.95453643798828,96.7729263305664,95.07891082763672,91.76055908203125,91.39474487304688,87.28115844726562,82.54090118408203,81.93289947509766,80.99382781982422,75.02666473388672,71.30918884277344,70.38465881347656,67.23094177246094,69.46221923828125,63.694583892822266,63.56099319458008,62.169124603271484,60.373836517333984,55.4707145690918,55.07267761230469,54.708316802978516,53.25410842895508,51.03919982910156,49.67897033691406,48.166378021240234
0,-35,-95,12,33,103.09219360351562,111.07205200195312,106.77546691894531,113.6529769897461,108.2681884765625,110.49434661865234,105.11898040771484,108.67382049560547,109.56732940673828,105.19029998779297,113.3710708618164,113.0177001953125,114.38968658447266,116.21101379394531,120.10828399658203,116.76471710205078,121.7579574584961,114.28035736083984,124.85191345214844,120.10411834716797,122.88612365722656,123.42204284667969,119.57006072998047,125.67020416259766,125.09596252441406,124.86792755126953,126.1784439086914,119.41942596435547,118.9621810913086,113.60017395019531,115.55085754394531,112.40106964111328,106.23088073730469,101.59232330322266,99.5389404296875,93.40770721435547,90.82400512695312,89.4930191040039,86.64871978759766,83.48652648925781,77.79460144042969,81.32035064697266,75.28611755371094,72.80110168457031,72.03471374511719,69.63475799560547,67.46851348876953,65.6201171875,61.400325775146484,62.07253646850586,60.0,55.145263671875
0,-35,-95,10,39,114.1095962524414,115.52056121826172,114.62983703613281,113.35784149169922,110.3177261352539,109.60382843017578,110.3177261352539,112.60994720458984,112.69871520996094,109.34349822998047,112.61438751220703,118.00423431396484,118.00423431396484,116.01724243164062,117.6435317993164,115.9353256225586,118.98319244384766,116.4989242553711,121.49073791503906,118.71394348144531,117.068359375,120.10411834716797,115.67626953125,120.95040130615234,117.88977813720703,116.2497329711914,117.4137954711914,113.2298583984375,112.00446319580078,108.85311126708984,103.5857162475586,104.80458068847656,100.4987564086914,97.0,94.06912231445312,88.39117431640625,87.1148681640625,82.03657531738281,81.32035064697266,77.8331527709961,75.66372680664062,74.24958038330078,72.86288452148438,70.0927963256836,66.21932983398438,65.4369888305664,64.03124237060547,62.12889862060547,62.433963775634766,58.30952072143555,54.708316802978516,52.39274597167969
0,-34,-95,9,40,94.15412902832031,94.02127075195312,96.15092468261719,94.8946762084961,94.81033325195312,93.05912017822266,93.94147491455078,93.10746765136719,95.34149169921875,92.4770278930664,95.07891082763672,95.5196304321289,95.5196304321289,98.67117309570312,97.08243560791016,100.0,99.04039764404297,95.50916290283203,97.80081939697266,98.67117309570312,96.4624252319336,98.97979736328125,95.85926818847656,99.32774353027344,99.6242904663086,96.79875946044922,96.7729263305664,94.02127075195312,91.28527069091797,91.28527069091797,86.76981353759766,87.70974731445312,85.95928955078125,79.4040298461914,78.54934692382812,75.1664810180664,73.24616241455078,69.3397445678711,68.79679870605469,62.20128631591797,62.42595672607422,60.74536895751953,60.80295944213867,59.64059066772461,56.7274169921875,52.63079071044922,53.075416564941406,52.345008850097656,48.83646011352539,48.166378021240234,46.22769546508789,44.65422821044922
0,-34,-95,10,33,85.09406280517578,81.1541748046875,85.37564086914062,84.2911605834961,85.0,81.74349975585938,83.36066436767578,81.58431243896484,82.76472473144531,86.58522033691406,86.12781524658203,85.4400405883789,85.4400405883789,86.97700500488281,85.4400405883789,90.2496566772461,86.72946166992188,88.95504760742188,87.46427917480469,90.2496566772461,88.95504760742188,90.2496566772461,90.2496566772461,91.0,91.18113708496094,87.31552124023438,89.1964111328125,89.8109130859375,85.72631072998047,87.64131164550781,83.24061584472656,80.52328491210938,79.30951690673828,76.68767547607422,75.70997619628906,74.73285675048828,69.63475799560547,65.76473236083984,65.92420196533203,60.8276252746582,63.150611877441406,57.706153869628906,61.66035842895508,56.32051086425781,54.230987548828125,53.0848388671875,54.00925827026367,52.009613037109375,52.0,48.093658447265625,49.25444030761719,43.931766510009766
0,-35,-95,11,34,95.03683471679688,94.64142608642578,99.32270812988281,101.31633758544922,97.32933807373047,94.08506774902344,94.08506774902344,93.02149963378906,94.02127075195312,98.24967956542969,99.18164825439453,100.31948852539062,102.59142303466797,100.9752426147461,102.48902130126953,106.0660171508789,104.39348602294922,104.08650207519531,103.4069595336914,105.22357177734375,103.94710540771484,104.39348602294922,103.09703826904297,106.8877944946289,107.20074462890625,107.05606079101562,104.58011627197266,104.3886947631836,104.30723571777344,101.2422866821289,99.02020263671875,98.0051040649414,95.02104949951172,90.04998779296875,89.08984375,85.09406280517578,83.09632873535156,79.15807342529297,76.10519409179688,75.32595825195312,71.34423828125,69.46221923828125,70.45565795898438,66.61080932617188,64.93843078613281,62.585941314697266,57.9741325378418,59.4810905456543,57.87054443359375,54.08327102661133,54.625999450683594,51.107730865478516
0,-36,-95,11,38,113.35784149169922,114.69088745117188,113.1370849609375,113.84638977050781,111.01801300048828,113.21660614013672,112.44998931884766,109.71326446533203,115.108642578125,110.80162811279297,112.41441345214844,116.21101379394531,118.51160430908203,118.51160430908203,122.44998931884766,118.84864044189453,121.43310546875,118.84864044189453,124.8238754272461,123.30855560302734,119.88744354248047,122.96747589111328,119.88744354248047,121.6552505493164,122.29881286621094,120.73938751220703,121.7579574584961,119.54078674316406,118.4609603881836,116.01724243164062,111.82575988769531,111.82575988769531,104.89041900634766,102.068603515625,100.44898986816406,92.69843292236328,91.3509750366211,88.41380310058594,82.8070068359375,84.17243957519531,77.78174591064453,77.8331527709961,75.00666809082031,72.34638977050781,66.84310150146484,65.6048812866211,64.07027435302734,63.51377868652344,60.0333251953125,56.080299377441406,54.58937454223633,55.54277801513672
0,-35,-95,11,36,106.8877944946289,104.56098937988281,106.79419708251953,108.34204864501953,105.80170440673828,103.69667053222656,102.70345306396484,103.3924560546875,103.31021118164062,102.04410552978516,108.00463104248047,108.01851654052734,110.07270050048828,109.07337188720703,112.00446319580078,113.0398178100586,113.0398178100586,108.04165649414062,114.1095962524414,114.03946685791016,112.00446319580078,115.00434875488281,110.0,114.1095962524414,115.03912353515625,113.00442504882812,109.04127502441406,109.29318237304688,106.30146026611328,99.60923767089844,100.7174301147461,98.15293884277344,94.5409927368164,91.4111557006836,87.66413116455078,81.39410400390625,81.04936981201172,77.10382843017578,74.52516174316406,74.14849853515625,71.80529022216797,70.61161041259766,67.91170501708984,63.06346130371094,62.93647766113281,59.13543701171875,60.539241790771484,57.93962478637695,55.154327392578125,53.48831558227539,54.5618896484375,51.312767028808594
0,-34,-95,10,35,93.81364440917969,94.30270385742188,95.41488647460938,94.87360382080078,95.18928527832031,92.43917083740234,90.04998779296875,93.94147491455078,91.24143981933594,93.52005004882812,95.7078857421875,95.75489807128906,99.4032211303711,99.4032211303711,96.7729263305664,98.61541748046875,97.86214447021484,97.69339752197266,99.72462463378906,101.0197982788086,100.46392059326172,102.31813049316406,97.30878448486328,100.46392059326172,101.63660430908203,98.89894104003906,99.74467468261719,100.17984008789062,96.60227966308594,93.53608703613281,89.06739044189453,91.30169677734375,88.32327270507812,83.86298370361328,81.6333236694336,79.92496490478516,76.85050201416016,74.625732421875,72.11102294921875,68.50547790527344,70.80254364013672,68.24221801757812,68.818603515625,64.20280456542969,62.801273345947266,60.30754470825195,62.28964614868164,60.8276252746582,58.0,57.48912811279297,56.40035629272461,54.918121337890625
0,-34,-95,10,37,96.25486755371094,101.39033508300781,101.59232330322266,100.6578369140625,95.5196304321289,98.97979736328125,96.84007263183594,96.84007263183594,96.04686737060547,95.56673431396484,98.27003479003906,99.82484436035156,100.28459167480469,98.65596771240234,100.12991333007812,102.70345306396484,99.60923767089844,98.61541748046875,103.31021118164062,103.48429870605469,102.59142303466797,103.48429870605469,101.71037292480469,106.30146026611328,105.57461547851562,102.70345306396484,103.94710540771484,101.11874389648438,99.98500061035156,96.33794403076172,97.08243560791016,97.08243560791016,93.17188262939453,88.29496002197266,84.40379333496094,83.6779556274414,84.64632415771484,81.04319763183594,77.88452911376953,76.92203521728516,75.0,73.37574768066406,71.47027587890625,71.16881561279297,68.00735473632812,65.0,66.21178436279297,63.976558685302734,64.0078125,61.057350158691406,59.203041076660156,58.13776779174805
0,-35,-95,11,36,109.07337188720703,107.00466918945312,108.01851654052734,108.00463104248047,103.00485229492188,105.0428466796875,103.3924560546875,103.31021118164062,105.80170440673828,100.12991333007812,103.24727630615234,104.92378234863281,107.07940673828125,107.70793914794922,107.70793914794922,110.44002532958984,109.20164489746094,109.63575744628906,112.92918395996094,110.16351318359375,109.3846435546875,111.57060241699219,109.1421127319336,113.60017395019531,115.44696044921875,111.3238525390625,111.61093139648438,109.44404602050781,110.64356994628906,103.94229125976562,103.81714630126953,100.28459167480469,98.41239929199219,97.41663360595703,93.4344711303711,90.44888305664062,87.3670425415039,83.09632873535156,81.05553436279297,84.05355072021484,77.02597045898438,77.0,73.00685119628906,71.11258697509766,69.1158447265625,64.49806213378906,66.75328063964844,65.73431396484375,62.169124603271484,60.16643524169922,57.775428771972656,55.009090423583984
0,-35,-95,10,36,93.49331665039062,93.19334411621094,98.22932434082031,93.81364440917969,91.60785675048828,92.20086669921875,93.7229995727539,92.31468200683594,89.9388656616211,91.24143981933594,94.06912231445312,94.04785919189453,94.06912231445312,95.58765411376953,93.34880828857422,98.49365234375,93.60555267333984,97.0,98.59513092041016,97.94896697998047,98.35140991210938,97.08243560791016,95.58765411376953,98.59513092041016,98.41239929199219,94.79451751708984,94.75231170654297,94.06912231445312,92.6552734375,89.8276138305664,86.37129211425781,89.3756103515625,84.38601684570312,80.43009185791016,81.05553436279297,77.6208724975586,77.6208724975586,70.60453033447266,68.60028839111328,67.20118713378906,67.67569732666016,64.8999252319336,64.637451171875,61.057350158691406,57.80138397216797,57.706153869628906,56.35601043701172,55.154327392578125,56.46237564086914,53.75872039794922,49.33558654785156,48.27007293701172
0,-34,-95,9,39,94.3663101196289,90.3548583984375,96.25486755371094,91.7060546875,93.52005004882812,90.47099304199219,91.54779815673828,90.2496566772461,90.13877868652344,89.8109130859375,91.08238220214844,91.39474487304688,93.96276092529297,92.04889678955078,89.02246856689453,95.34149169921875,91.98369598388672,94.5938720703125,92.96235656738281,96.10411071777344,92.89241027832031,94.9210205078125,95.07891082763672,95.34149169921875,94.3716049194336,94.11163330078125,91.48223876953125,92.444580078125,88.54377746582031,89.8109130859375,83.21658325195312,85.23497009277344,83.38465118408203,78.39005279541016,78.79086303710938,78.29431915283203,76.02631378173828,69.77105712890625,68.88395690917969,64.41273498535156,66.64833068847656,64.0078125,63.631752014160156,59.6824951171875,60.20797348022461,56.30275344848633,57.42821502685547,53.823787689208984,56.63920974731445,53.037723541259766,50.93132781982422,47.801673889160156
0,-35,-95,10,37,99.76472473144531,97.49359130859375,98.0866928100586,101.13357543945312,96.66436767578125,98.0866928100586,96.13532257080078,92.69843292236328,94.5568618774414,93.40770721435547,95.21029663085938,96.84007263183594,97.98469543457031,94.5938720703125,94.14881896972656,97.32420349121094,94.3663101196289,95.35198211669922,96.7470932006836,98.15293884277344,94.8946762084961,97.86725616455078,94.20191192626953,98.85848236083984,97.67292022705078,100.80674743652344,99.63935089111328,96.69022369384766,92.96235656738281,94.3663101196289,90.9560317993164,89.28605651855469,86.83317565917969,83.52245330810547,81.90848541259766,80.3243408203125,80.0062484741211,74.67261505126953,72.61542510986328,71.30918884277344,69.28924560546875,70.00714111328125,69.85699462890625,68.44705963134766,65.29930877685547,61.773780822753906,59.6824951171875,60.74536895751953,59.203041076660156,58.051700592041016,55.865909576416016,51.22499465942383
0,-36,-95,12,36,110.85575866699219,106.96260833740234,111.01801300048828,107.70329284667969,108.15729522705078,104.04325866699219,107.91200256347656,104.177734375,106.51290893554688,109.56732940673828,109.56732940673828,111.36426544189453,113.0177001953125,114.0570068359375,112.36102294921875,120.41594696044922,117.0469970703125,115.96551513671875,119.28118133544922,117.0469970703125,119.03781127929688,117.88553619384766,117.4776611328125,121.49073791503906,121.49073791503906,117.4776611328125,122.67436218261719,120.35364532470703,120.30793762207031,115.83609008789062,111.40017700195312,109.59014892578125,107.54068756103516,102.31813049316406,100.6578369140625,99.02020263671875,95.85926818847656,93.30059051513672,90.47651672363281,86.97700500488281,87.64131164550781,83.81526947021484,82.2800064086914,77.6208724975586,74.3303451538086,74.3303451538086,72.99314880371094,73.33484649658203,67.0,68.00735473632812,64.03124237060547,64.28063201904297
0,-34,-95,10,37,96.3846435546875,98.61541748046875,101.53324890136719,100.34440612792969,100.62306213378906,96.60227966308594,101.07917785644531,99.80982208251953,98.48857879638672,102.31813049316406,102.52804565429688,102.78618621826172,104.04325866699219,105.9480972290039,104.40306854248047,106.25440979003906,104.69479370117188,104.67568969726562,107.56393432617188,108.46658325195312,105.9480972290039,107.85638427734375,105.6219711303711,107.56393432617188,109.41663360595703,106.6255111694336,103.24727630615234,105.30906677246094,102.15674591064453,98.0866928100586,97.08243560791016,97.49359130859375,93.91485595703125,90.82400512695312,86.83317565917969,84.59905242919922,81.84130859375,79.75587463378906,77.5241928100586,74.79304504394531,74.94664764404297,71.86793518066406,70.49113464355469,69.065185546875,68.00735473632812,62.801273345947266,63.89052963256836,62.96824645996094,60.81118392944336,57.982757568359375,59.03388977050781,55.217750549316406
0,-34,-95,10,33,93.40770721435547,92.20086669921875,94.30270385742188,93.23089599609375,93.19334411621094,90.97252655029297,90.97252655029297,89.04492950439453,90.21086120605469,90.04998779296875,91.7060546875,91.7060546875,91.23595428466797,91.28527069091797,91.7060546875,91.0,91.38927459716797,89.15716552734375,91.18113708496094,92.30926513671875,90.07774353027344,91.18113708496094,89.15716552734375,92.4770278930664,94.15412902832031,90.07774353027344,91.7060546875,89.89994812011719,88.10221099853516,83.63013458251953,83.72574615478516,82.76472473144531,80.62257385253906,74.79304504394531,74.09453582763672,70.49113464355469,68.79679870605469,67.41661834716797,64.35060119628906,61.587337493896484,60.464866638183594,60.74536895751953,61.032779693603516,55.803226470947266,55.60575485229492,55.44366455078125,54.5618896484375,51.855567932128906,50.93132781982422,49.57822036743164,46.86149978637695,47.434165954589844
0,-36,-95,11,35,103.24727630615234,97.58073425292969,100.5683822631836,95.52486419677734,96.54014587402344,93.08598327636719,92.45539093017578,91.83136749267578,88.81441497802734,92.35800170898438,95.13148498535156,94.33981323242188,95.88013458251953,94.8946762084961,91.30169677734375,94.81033325195312,93.03762817382812,97.49359130859375,96.60745239257812,95.7131118774414,97.52947998046875,98.38699340820312,97.1287841796875,101.55294036865234,100.18482971191406,95.77056121826172,96.8968505859375,95.18928527832031,91.92388153076172,93.81364440917969,86.26702880859375,86.02325439453125,85.21150207519531,79.8122787475586,78.4091796875,77.0064926147461,74.81310272216797,68.88395690917969,68.88395690917969,66.70832061767578,66.06814575195312,64.66065216064453,64.44377136230469,62.28964614868164,57.982757568359375,58.728187561035156,56.22277069091797,57.80138397216797,56.30275344848633,53.851646423339844,48.764739990234375,49.97999572753906
0,-36,-95,11,40,110.60289001464844,113.26517486572266,111.3193588256836,116.09048461914062,109.41663360595703,111.94641876220703,109.11003875732422,109.00458526611328,112.80514526367188,108.6876220703125,110.01818084716797,115.88356018066406,116.84605407714844,116.97008514404297,120.83045959472656,119.88744354248047,122.11470031738281,118.51160430908203,121.7579574584961,122.3315200805664,119.20150756835938,123.82245635986328,120.83045959472656,126.24578857421875,123.30855560302734,121.07848358154297,119.85408020019531,115.88356018066406,115.83609008789062,110.46266174316406,107.42439270019531,108.33743286132812,105.7024154663086,99.80982208251953,97.86214447021484,96.00521087646484,91.78779602050781,88.39117431640625,86.53900909423828,87.8464584350586,82.2800064086914,84.8646011352539,84.75848388671875,80.95677947998047,74.72616577148438,74.73285675048828,76.68767547607422,72.83543395996094,69.58448028564453,69.35416412353516,67.0,64.19501495361328
0,-35,-95,11,34,109.00458526611328,107.15409088134766,106.04244232177734,108.63240814208984,106.6255111694336,105.3043212890625,103.4069595336914,104.40306854248047,104.40306854248047,102.1077880859375,106.48004150390625,103.94229125976562,107.87029266357422,106.8877944946289,108.46658325195312,111.46299743652344,108.85311126708984,106.09900665283203,108.18965148925781,106.8877944946289,108.06016540527344,110.64356994628906,106.09900665283203,111.62885284423828,109.04127502441406,109.04127502441406,107.48953247070312,104.29285430908203,104.29285430908203,98.49365234375,97.41663360595703,96.4624252319336,95.50916290283203,88.25531005859375,88.25531005859375,87.59566497802734,83.81526947021484,80.05622863769531,79.12016296386719,80.41144561767578,75.7693862915039,73.9256362915039,74.73285675048828,71.5541763305664,67.60177612304688,66.37017059326172,67.67569732666016,65.802734375,64.20280456542969,62.62587356567383,58.13776779174805,57.28001403808594
0,-34,-95,9,40,98.88377380371094,99.76472473144531,100.22474670410156,98.38699340820312,97.50897216796875,95.7078857421875,95.07891082763672,93.98403930664062,95.5196304321289,95.18928527832031,96.79875946044922,96.76776123046875,96.4624252319336,96.16651916503906,97.80081939697266,98.48857879638672,99.2471694946289,96.7729263305664,99.82484436035156,99.04039764404297,97.51409912109375,99.04039764404297,97.01546478271484,100.66280364990234,98.76234436035156,99.20181274414062,99.04039764404297,94.64142608642578,93.96276092529297,93.30059051513672,89.4930191040039,87.93179321289062,86.64871978759766,85.4400405883789,83.21658325195312,78.92401123046875,76.69419860839844,72.49827575683594,71.58910369873047,71.58910369873047,68.54196166992188,68.44705963134766,66.64833068847656,65.76473236083984,62.64982223510742,59.16925048828125,57.80138397216797,57.14017868041992,57.628116607666016,56.7274169921875,55.17245864868164,51.7397346496582
0,-34,-95,9,40,96.8813705444336,92.96235656738281,95.35198211669922,92.39588928222656,94.8946762084961,91.08238220214844,92.77930450439453,90.3548583984375,89.35882568359375,90.04998779296875,92.04889678955078,93.00537872314453,93.02149963378906,96.04686737060547,93.04837799072266,96.08329772949219,93.26306915283203,94.19129180908203,95.33625030517578,95.2575454711914,95.13148498535156,96.18731689453125,94.08506774902344,98.61541748046875,96.18731689453125,95.13148498535156,95.08417510986328,93.0,92.02173614501953,89.0,87.05171203613281,86.05230712890625,84.148681640625,79.22752380371094,79.4040298461914,77.3175277709961,75.23961639404297,68.59300231933594,68.4689712524414,64.62971496582031,66.75328063964844,64.77654266357422,63.78871536254883,60.01666259765625,61.188232421875,56.04462432861328,57.9741325378418,57.245086669921875,54.424259185791016,54.230987548828125,51.88448715209961,51.107730865478516
0,-35,-95,10,39,105.80170440673828,103.48429870605469,106.23088073730469,103.31021118164062,104.17293548583984,102.17631530761719,104.01922607421875,99.04544067382812,100.0199966430664,99.04544067382812,104.17293548583984,105.23307800292969,105.3043212890625,104.47966003417969,102.70345306396484,106.3672866821289,104.7377700805664,105.9292221069336,104.39348602294922,109.32977294921875,103.81714630126953,105.07616424560547,104.93807983398438,109.23827362060547,105.9292221069336,107.78682708740234,107.78682708740234,104.47966003417969,100.31948852539062,102.31324768066406,97.08243560791016,95.08417510986328,93.02149963378906,87.02298736572266,87.00574493408203,84.09518432617188,83.02409362792969,79.02531433105469,76.02631378173828,71.02816009521484,75.02666473388672,70.00714111328125,72.06246948242188,68.26419067382812,65.92420196533203,63.348243713378906,66.0984115600586,61.61168670654297,61.400325775146484,60.74536895751953,58.30952072143555,54.58937454223633
0,-36,-95,12,36,119.57006072998047,121.03718566894531,120.50311279296875,119.54915618896484,115.13470458984375,118.40608215332031,117.98728942871094,117.0469970703125,119.26860809326172,115.55085754394531,119.01260375976562,122.53978729248047,121.70867156982422,121.70867156982422,123.89108276367188,125.2397689819336,125.70600891113281,120.35364532470703,127.63228607177734,124.8238754272461,122.9837417602539,127.45587158203125,120.30377960205078,128.12884521484375,126.58988952636719,123.9072265625,124.88794708251953,118.84864044189453,117.74549102783203,113.6529769897461,110.49434661865234,110.05453491210938,105.9480972290039,98.03060913085938,94.9210205078125,93.00537872314453,93.96276092529297,92.444580078125,85.16454315185547,83.52245330810547,79.55501556396484,81.25269317626953,81.25269317626953,78.64476776123047,72.99314880371094,72.56031799316406,72.3394775390625,69.18092346191406,67.02984619140625,67.02984619140625,63.19810104370117,60.8276252746582
0,-35,-95,11,34,107.44766235351562,109.3846435546875,104.12012481689453,109.76793670654297,103.44564056396484,104.69479370117188,99.6242904663086,99.92997741699219,99.95999145507812,99.95999145507812,102.15674591064453,102.55242919921875,103.36827087402344,105.11898040771484,107.78682708740234,104.20172882080078,106.55046081542969,101.07917785644531,106.94390869140625,106.47064971923828,105.11898040771484,103.31021118164062,100.18482971191406,106.0660171508789,103.7545166015625,106.51290893554688,103.36827087402344,98.89894104003906,102.55242919921875,94.93682098388672,97.30878448486328,91.92388153076172,88.25531005859375,85.4400405883789,83.57032775878906,79.71198272705078,79.71198272705078,77.8331527709961,77.16217041015625,73.68174743652344,70.51950073242188,71.47027587890625,68.00735473632812,67.18630981445312,63.324562072753906,62.96824645996094,62.96824645996094,60.01666259765625,57.21887969970703,58.13776779174805,55.03635025024414,56.14267349243164
0,-34,-95,10,34,94.41397857666016,97.06183624267578,93.94147491455078,97.04637908935547,90.8019790649414,93.94147491455078,92.19544219970703,90.62008666992188,89.69392395019531,88.86506652832031,92.69843292236328,92.6552734375,92.04889678955078,92.444580078125,93.40770721435547,93.62158203125,94.83142852783203,91.92388153076172,94.9210205078125,93.17188262939453,92.6498794555664,95.56673431396484,90.70832061767578,94.14881896972656,93.14505004882812,93.14505004882812,94.11163330078125,88.05680084228516,86.68333435058594,84.77027893066406,82.2192153930664,82.861328125,80.95677947998047,75.02666473388672,75.61084747314453,72.80110168457031,71.86793518066406,70.00714111328125,67.41661834716797,67.779052734375,63.694583892822266,63.694583892822266,62.64982223510742,59.03388977050781,58.18075180053711,56.82429122924805,56.93856430053711,55.4707145690918,53.25410842895508,53.413482666015625,52.49761962890625,48.79549026489258
0,-34,-95,10,32,90.82400512695312,89.005615234375,91.23595428466797,90.8019790649414,89.05054473876953,85.08818817138672,85.08818817138672,84.69356536865234,85.61541748046875,86.03487396240234,85.070556640625,86.40023040771484,86.83317565917969,84.89994049072266,85.86617279052734,88.5268325805664,86.58522033691406,86.34812927246094,86.88497924804688,86.88497924804688,87.55569458007812,87.09764862060547,85.70297241210938,89.8220443725586,87.32124328613281,86.34812927246094,86.12781524658203,85.16454315185547,85.16454315185547,82.56512451171875,80.0062484741211,79.12016296386719,74.84651184082031,71.86793518066406,70.68238830566406,68.15423583984375,66.85057830810547,64.62197875976562,61.32699203491211,60.41522979736328,60.373836517333984,57.697486877441406,56.79788589477539,53.712196350097656,51.62363815307617,53.25410842895508,52.201534271240234,50.0,47.6340217590332,46.86149978637695,46.66904830932617,45.343135833740234
0,-36,-95,11,35,105.72132873535156,107.2800064086914,104.3455810546875,106.51290893554688,102.88343048095703,100.89598846435547,100.0,98.03060913085938,100.5683822631836,100.30453491210938,102.69371795654297,103.87010955810547,102.04410552978516,102.85912322998047,103.36827087402344,104.70912170410156,106.47064971923828,103.31021118164062,106.00471496582031,106.94390869140625,105.11898040771484,106.00471496582031,101.53324890136719,108.78418731689453,107.78218841552734,107.35455322265625,107.78682708740234,105.55093383789062,101.76934814453125,97.30878448486328,96.2081069946289,93.98403930664062,92.35800170898438,88.86506652832031,82.861328125,80.65357971191406,81.27114868164062,73.08214569091797,71.84010314941406,70.60453033447266,67.18630981445312,65.25334930419922,64.8459701538086,63.78871536254883,61.392181396484375,60.01666259765625,57.87054443359375,59.21148681640625,56.32051086425781,54.00925827026367,52.009613037109375,50.48762130737305
0,-36,-95,12,35,119.0,118.53269958496094,122.1883773803711,120.44085693359375,117.99152374267578,115.96551513671875,117.88553619384766,113.46365356445312,115.9353256225586,115.80155181884766,121.65936279296875,121.65936279296875,119.85408020019531,122.91867065429688,119.47384643554688,121.82774353027344,123.16655731201172,120.41594696044922,123.16655731201172,122.42957305908203,122.78843688964844,122.67436218261719,120.50726318359375,128.03515625,126.15070343017578,124.96399688720703,121.65936279296875,120.60265350341797,117.8006820678711,114.85643005371094,108.45275115966797,106.32967376708984,105.81587982177734,99.4786376953125,98.61541748046875,92.96235656738281,90.91754150390625,85.8836441040039,85.0,81.98780059814453,83.24061584472656,80.0624771118164,77.82672882080078,74.70609283447266,71.58910369873047,69.07966613769531,69.89277648925781,67.67569732666016,66.48307800292969,66.70832061767578,60.41522979736328,59.21148681640625
0,-35,-95,10,39,115.5724868774414,112.29425811767578,111.7586669921875,113.63538360595703,112.21853637695312,112.28534698486328,109.11461639404297,108.16654205322266,111.00450134277344,111.01801300048828,109.00458526611328,114.07015228271484,116.15506744384766,113.1591796875,114.15778350830078,117.51595306396484,116.6190414428711,116.2755355834961,113.74533081054688,115.52488708496094,114.28035736083984,114.28035736083984,112.21853637695312,118.51160430908203,117.20921325683594,117.20921325683594,116.0689468383789,112.07140350341797,111.00450134277344,107.00466918945312,102.07839965820312,103.12128448486328,98.08159637451172,95.13148498535156,89.27485656738281,89.14033508300781,88.27796936035156,84.2140121459961,83.15046691894531,79.4040298461914,78.63841247558594,79.22752380371094,76.65507507324219,71.84706115722656,72.00694274902344,67.46851348876953,67.26811981201172,66.94026947021484,68.00735473632812,66.73080444335938,63.324562072753906,63.50590515136719
0,-33,-95,9,38,99.32270812988281,97.08243560791016,96.08329772949219,100.04499053955078,96.02082824707031,93.02149963378906,94.0,93.0,94.00531768798828,90.13877868652344,94.08506774902344,92.34716796875,94.5304183959961,95.52486419677734,95.63471984863281,93.90420532226562,93.90420532226562,92.77930450439453,94.20191192626953,95.18928527832031,92.6552734375,96.33794403076172,91.78779602050781,95.35198211669922,94.20191192626953,95.63471984863281,94.5304183959961,92.26592254638672,91.13726043701172,88.14192962646484,85.02352905273438,83.05419921875,83.00602722167969,78.0,76.0,74.0,71.0,68.00735473632812,68.02940368652344,67.06713104248047,64.03124237060547,62.07253646850586,62.07253646850586,58.215118408203125,57.42821502685547,55.3263053894043,56.32051086425781,55.10898208618164,55.54277801513672,53.16013717651367,53.141319274902344,50.56678771972656
0,-34,-95,9,39,101.60708618164062,101.98039245605469,101.63660430908203,102.39140319824219,97.51409912109375,95.8018798828125,96.3016128540039,93.00537872314453,93.68030548095703,93.40770721435547,95.5196304321289,94.15412902832031,97.16995239257812,93.10746765136719,94.84724426269531,95.75489807128906,96.15092468261719,94.3716049194336,97.52947998046875,94.3716049194336,94.81033325195312,97.94386291503906,93.471923828125,98.41239929199219,97.06183624267578,98.38699340820312,97.57561492919922,96.93296813964844,95.63471984863281,89.8888168334961,90.75791931152344,89.4930191040039,85.16454315185547,80.08120727539062,78.58753204345703,75.69015502929688,73.24616241455078,71.0633544921875,66.94026947021484,65.73431396484375,61.188232421875,62.36986541748047,61.392181396484375,57.706153869628906,56.56854248046875,54.451812744140625,56.56854248046875,53.037723541259766,53.037723541259766,52.009613037109375,50.15974426269531,50.0099983215332
0,-36,-95,11,36,115.52056121826172,113.77169799804688,113.43721008300781,114.42464447021484,111.46299743652344,107.05606079101562,108.46197509765625,107.37783813476562,107.46627044677734,106.04244232177734,109.04127502441406,108.00463104248047,109.01834869384766,110.07270050048828,109.04127502441406,110.04090118408203,109.37092590332031,107.07473754882812,108.46197509765625,109.29318237304688,110.11357879638672,112.04016876220703,109.07337188720703,113.1591796875,115.00434875488281,110.0,108.01851654052734,108.07405090332031,105.11898040771484,100.4987564086914,100.12991333007812,98.15293884277344,89.62700653076172,85.5102310180664,82.76472473144531,80.60397338867188,72.56720733642578,73.00685119628906,72.56720733642578,66.91038513183594,67.6830825805664,64.32728576660156,61.84658432006836,58.94064712524414,59.4810905456543,55.6596794128418,54.08327102661133,54.08327102661133,53.48831558227539,51.4781494140625,48.764739990234375,47.434165954589844
0,-36,-95,12,35,124.95198822021484,119.85408020019531,125.76565551757812,120.6689682006836,125.15989685058594,120.35364532470703,120.70211029052734,118.2708740234375,120.26637268066406,120.20399475097656,120.20399475097656,120.03749084472656,124.03628540039062,122.00409698486328,122.00409698486328,123.03658294677734,122.20065307617188,122.00409698486328,123.1015853881836,123.14625549316406,124.01612854003906,125.03599548339844,123.00406646728516,124.10076904296875,122.00409698486328,118.10588836669922,117.27318572998047,118.4229736328125,112.44554138183594,109.03668975830078,99.84988403320312,100.84146118164062,98.85848236083984,91.24143981933594,84.85281372070312,84.01190185546875,81.58431243896484,76.94153594970703,74.14849853515625,73.97972869873047,71.44927978515625,66.75328063964844,69.87130737304688,65.76473236083984,65.76473236083984,65.73431396484375,61.84658432006836,61.13100814819336,62.361846923828125,58.52349853515625,55.94640350341797,56.82429122924805
0,-35,-95,10,37,110.0,109.0,105.0428466796875,112.04016876220703,106.04244232177734,106.169677734375,103.31021118164062,100.4987564086914,101.40019989013672,102.70345306396484,104.69001770019531,104.23531341552734,104.23531341552734,103.94229125976562,106.53168487548828,102.9611587524414,107.2800064086914,101.78899383544922,104.13932800292969,103.36827087402344,103.57605743408203,106.30146026611328,99.63935089111328,104.3455810546875,103.57605743408203,101.60708618164062,103.09703826904297,96.6281509399414,96.87621307373047,93.53608703613281,91.3509750366211,88.36288452148438,86.20904541015625,81.1541748046875,80.15609741210938,76.10519409179688,75.02666473388672,72.24956512451172,69.1158447265625,69.18092346191406,66.0302963256836,65.19202423095703,63.12685775756836,63.071388244628906,61.00819778442383,59.07622146606445,60.074954986572266,58.07753372192383,57.314918518066406,56.56854248046875,55.10898208618164,53.16013717651367
0,-34,-95,10,34,95.18928527832031,95.52486419677734,94.9210205078125,96.02603912353516,92.39588928222656,93.74433135986328,91.67878723144531,90.24411010742188,89.26925659179688,88.05680084228516,89.9888916015625,89.1852035522461,90.8019790649414,90.44335174560547,90.44335174560547,89.31964874267578,91.54779815673828,86.97700500488281,90.07774353027344,89.69392395019531,89.53770446777344,89.8888168334961,88.95504760742188,91.54779815673828,91.76055908203125,90.47651672363281,87.92041778564453,87.59566497802734,88.60022735595703,82.2800064086914,81.74349975585938,79.83106994628906,75.92759704589844,75.50496673583984,70.21395874023438,69.23149871826172,69.05070495605469,64.62971496582031,63.639610290527344,61.66035842895508,60.530982971191406,57.42821502685547,57.314918518066406,55.3263053894043,55.145263671875,49.09175109863281,51.03919982910156,51.009803771972656,50.0099983215332,50.15974426269531,48.50773239135742,46.3249397277832
0,-35,-95,10,37,102.64988708496094,102.64988708496094,104.65180206298828,102.59142303466797,103.94710540771484,98.2903823852539,101.23734283447266,98.41239929199219,101.53324890136719,98.85848236083984,98.85848236083984,100.42410278320312,100.80178833007812,98.22932434082031,99.04544067382812,100.40418243408203,98.73702239990234,98.73702239990234,98.27003479003906,100.40418243408203,98.18350219726562,102.92716217041016,101.2422866821289,100.4987564086914,102.62553405761719,99.04544067382812,101.0197982788086,100.42410278320312,96.82975006103516,96.54014587402344,90.02777099609375,91.3509750366211,87.72685241699219,80.61017608642578,81.32035064697266,76.3675308227539,73.59347534179688,70.00714111328125,67.89698028564453,65.0691909790039,63.03173828125,61.55485534667969,62.2414665222168,57.384666442871094,56.7274169921875,53.00943374633789,55.803226470947266,54.4058837890625,53.5350341796875,50.6063232421875,48.30113983154297,47.53945541381836
0,-36,-95,11,36,113.60017395019531,114.42464447021484,114.12712097167969,113.43721008300781,113.0,114.12712097167969,109.55364227294922,112.75193786621094,110.29052734375,113.0177001953125,116.00431060791016,116.00431060791016,113.0707778930664,113.11056518554688,112.04016876220703,116.03878784179688,110.29052734375,114.03946685791016,115.27792358398438,115.108642578125,115.15641784667969,116.10771179199219,113.11056518554688,116.43023681640625,116.0689468383789,114.0,115.06954193115234,113.11056518554688,110.29052734375,105.1712875366211,101.49384307861328,100.4987564086914,94.76286315917969,87.82368469238281,88.45903015136719,87.82368469238281,81.04936981201172,77.78174591064453,72.69112396240234,70.85901641845703,73.97972869873047,69.23149871826172,67.08203887939453,64.93843078613281,63.348243713378906,61.84658432006836,58.94064712524414,58.52349853515625,57.245086669921875,57.93962478637695,55.46169662475586,52.839378356933594
0,-35,-95,10,39,117.72000885009766,116.8417739868164,123.1787338256836,118.22859191894531,117.54573822021484,113.99122619628906,117.88553619384766,114.14026641845703,115.31695556640625,117.68601989746094,116.70903778076172,118.359619140625,117.38824462890625,115.9482650756836,112.36102294921875,120.8801040649414,113.2254409790039,119.85408020019531,117.95338439941406,118.59595489501953,116.76043701171875,113.54734802246094,113.60017395019531,119.54078674316406,116.91449737548828,115.52056121826172,112.53887939453125,111.82575988769531,106.96260833740234,107.70793914794922,101.98039245605469,100.0199966430664,94.3663101196289,95.18928527832031,89.26925659179688,90.79647827148438,86.97700500488281,79.76214599609375,76.65507507324219,74.67261505126953,76.32168579101562,72.18032836914062,72.3394775390625,69.1158447265625,68.18357849121094,63.03173828125,62.0,62.00806427001953,65.0691909790039,59.21148681640625,59.84145736694336,55.31726837158203
0,-34,-95,10,35,105.10946655273438,105.10946655273438,104.54663848876953,106.77546691894531,103.61949920654297,101.23734283447266,102.55242919921875,100.17984008789062,99.31767272949219,99.7296371459961,101.11874389648438,101.71037292480469,100.7223892211914,98.61541748046875,100.34440612792969,102.08329772949219,100.40418243408203,99.4786376953125,99.5690689086914,97.34988403320312,97.6370849609375,100.40418243408203,97.41663360595703,100.12492370605469,98.47842407226562,97.94386291503906,97.41663360595703,95.01578521728516,93.1504135131836,91.78779602050781,87.6584243774414,85.8836441040039,83.63013458251953,82.29216003417969,78.79086303710938,76.05918884277344,72.61542510986328,69.46221923828125,66.30987548828125,67.23094177246094,63.90618133544922,64.62197875976562,61.09828186035156,58.872745513916016,55.71355438232422,53.141319274902344,53.75872039794922,51.54609680175781,50.695167541503906,50.635955810546875,46.389652252197266,46.04345703125
0,-34,-95,10,35,101.212646484375,104.10091400146484,101.78899383544922,101.0197982788086,102.39628601074219,97.6370849609375,97.6524429321289,98.22932434082031,98.0051040649414,95.2680435180664,97.80081939697266,99.02020263671875,97.94896697998047,100.00499725341797,97.94896697998047,98.49365234375,97.08243560791016,96.26006317138672,99.00505065917969,97.67292022705078,95.67131042480469,98.41239929199219,94.9210205078125,99.82484436035156,99.2471694946289,97.94896697998047,95.2680435180664,96.40020751953125,95.8018798828125,92.0869140625,89.58794403076172,87.66413116455078,84.72307586669922,78.892333984375,76.5375747680664,74.70609283447266,71.58910369873047,67.5425796508789,65.7419204711914,62.60990524291992,62.169124603271484,61.269893646240234,58.18075180053711,56.46237564086914,54.230987548828125,50.9215087890625,50.695167541503906,51.244510650634766,47.53945541381836,47.53945541381836,47.67599105834961,45.27692413330078
0,-35,-95,11,35,105.9480972290039,108.84851837158203,104.69479370117188,108.84851837158203,102.78618621826172,107.56393432617188,101.86756134033203,102.83968353271484,102.1077880859375,100.80674743652344,105.9056167602539,104.39348602294922,107.05606079101562,106.0660171508789,108.0462875366211,103.69667053222656,106.79419708251953,100.9752426147461,106.56922912597656,107.67079162597656,106.67708587646484,109.77249145507812,102.70345306396484,107.46627044677734,108.90362548828125,107.05606079101562,106.8877944946289,104.78549194335938,106.23088073730469,98.95453643798828,96.16651916503906,94.25497436523438,90.52071380615234,84.75848388671875,83.57032775878906,78.10890197753906,76.32168579101562,71.51223754882812,70.22820281982422,66.85057830810547,65.0,64.07807922363281,62.3939094543457,61.46543884277344,57.775428771972656,55.03635025024414,55.94640350341797,56.35601043701172,51.107730865478516,51.03919982910156,49.81967544555664,49.67897033691406
0,-35,-95,10,38,112.04463195800781,107.05606079101562,110.2587890625,107.93516540527344,109.80892181396484,107.00466918945312,108.23123168945312,104.63746643066406,104.20172882080078,107.89810180664062,107.91200256347656,107.18675231933594,108.5587387084961,105.19029998779297,106.67708587646484,111.50785064697266,109.59014892578125,106.0660171508789,109.12836456298828,110.05907440185547,109.93180084228516,108.78418731689453,104.44615936279297,112.2541732788086,108.78418731689453,108.0462875366211,106.53168487548828,104.00961303710938,100.12492370605469,97.41663360595703,96.21330261230469,91.67878723144531,88.72992706298828,86.68333435058594,82.97589874267578,80.28075408935547,77.0064926147461,71.0633544921875,70.43436431884766,68.24954223632812,68.7677230834961,65.29930877685547,65.94694519042969,60.87692642211914,60.14149856567383,58.0,57.314918518066406,56.63920974731445,54.037025451660156,52.009613037109375,53.25410842895508,51.4781494140625
0,-34,-95,10,36,100.84642028808594,98.68130493164062,102.15674591064453,98.23441314697266,99.4032211303711,96.17691802978516,97.57561492919922,97.57561492919922,96.15092468261719,95.88013458251953,97.75479888916016,97.09788513183594,95.71833801269531,95.41488647460938,94.87360382080078,98.18350219726562,97.34988403320312,97.6370849609375,96.26006317138672,97.6524429321289,97.09788513183594,97.6370849609375,96.51942443847656,97.6166000366211,97.41663360595703,95.96353149414062,93.81364440917969,93.81364440917969,91.4166259765625,93.1504135131836,86.31338500976562,84.53401947021484,81.43709564208984,78.79086303710938,74.32361602783203,73.34848022460938,71.17584228515625,67.62396240234375,64.47480010986328,61.46543884277344,61.09828186035156,58.30952072143555,58.30952072143555,56.080299377441406,53.75872039794922,50.96076965332031,50.0,50.21951675415039,49.030601501464844,47.07440948486328,45.54119110107422,43.011627197265625
0,-35,-95,10,36,96.83490753173828,97.90811920166016,95.8018798828125,95.21029663085938,94.40338897705078,92.80086517333984,95.2680435180664,93.7229995727539,92.95697784423828,95.01578521728516,93.4344711303711,92.6552734375,93.34880828857422,92.6336898803711,94.04785919189453,94.06912231445312,91.28527069091797,91.93476104736328,94.9210205078125,92.69843292236328,91.24143981933594,92.69843292236328,94.76286315917969,96.33275604248047,94.04785919189453,91.93476104736328,92.69843292236328,89.9388656616211,88.09085845947266,87.45856475830078,82.80096435546875,83.81526947021484,78.81623840332031,76.6093978881836,73.7834701538086,70.45565795898438,69.1158447265625,62.265560150146484,62.265560150146484,58.5918083190918,60.0333251953125,56.82429122924805,56.82429122924805,51.429561614990234,51.0,49.658836364746094,50.15974426269531,48.46648406982422,46.81879806518555,44.643028259277344,45.607017517089844,41.0
0,-35,-95,11,36,112.05802154541016,112.60550689697266,114.03946685791016,114.85643005371094,111.83023071289062,111.83023071289062,107.41508483886719,109.40292358398438,112.44554138183594,109.87720489501953,112.04463195800781,112.53887939453125,113.21660614013672,113.95174407958984,113.95174407958984,115.3126220703125,112.43220520019531,111.07205200195312,112.43220520019531,115.3126220703125,117.37972259521484,116.7261734008789,114.58621215820312,117.37972259521484,116.04309844970703,116.10340118408203,114.33721923828125,110.2587890625,111.60645294189453,105.20931243896484,102.90287017822266,99.85990142822266,99.85990142822266,92.43917083740234,89.94442749023438,84.2199478149414,82.85529327392578,77.89736938476562,75.80237579345703,73.82411193847656,70.71067810058594,71.58910369873047,69.83551788330078,64.88451385498047,66.21178436279297,61.741397857666016,62.64982223510742,58.872745513916016,59.13543701171875,58.24087905883789,57.9741325378418,57.070133209228516
0,-34,-95,10,38,107.35455322265625,106.7052001953125,108.46658325195312,107.48953247070312,109.88175201416016,106.09900665283203,107.20074462890625,105.08092498779297,105.77334594726562,105.36128234863281,107.51744079589844,107.56393432617188,109.44404602050781,108.2681884765625,106.97663116455078,110.49434661865234,109.20164489746094,107.91200256347656,110.69326782226562,109.77249145507812,109.77249145507812,107.93516540527344,108.46197509765625,110.98197937011719,109.93180084228516,108.63240814208984,105.68821716308594,105.6219711303711,102.48902130126953,97.1236343383789,93.68030548095703,93.86160278320312,91.4439697265625,85.86617279052734,85.14693450927734,83.19855499267578,79.07591247558594,74.95331573486328,71.80529022216797,68.44705963134766,67.91170501708984,67.46851348876953,67.46851348876953,63.348243713378906,63.78871536254883,59.53990173339844,61.814239501953125,57.42821502685547,57.14017868041992,54.0,56.035701751708984,53.15073013305664
0,-34,-95,9,41,111.3193588256836,111.94641876220703,109.20164489746094,112.27198791503906,109.5627670288086,110.38568878173828,107.56393432617188,106.77546691894531,105.7024154663086,104.3886947631836,107.42439270019531,108.33743286132812,109.123779296875,105.99056243896484,107.83784484863281,106.89247131347656,109.17874908447266,103.31505584716797,107.42439270019531,106.94390869140625,104.65657806396484,105.58882141113281,101.07422637939453,106.0660171508789,106.43777465820312,106.43777465820312,105.60302734375,99.4032211303711,102.55242919921875,95.4620361328125,93.98403930664062,91.7060546875,86.33075714111328,83.52245330810547,82.2800064086914,76.65507507324219,76.65507507324219,70.8307876586914,69.85699462890625,68.44705963134766,64.03124237060547,62.36986541748047,61.98386764526367,60.20797348022461,57.706153869628906,55.578773498535156,57.55866622924805,52.345008850097656,51.03919982910156,51.009803771972656,49.0,47.67599105834961
0,-35,-95,9,42,113.14591979980469,108.6876220703125,112.40106964111328,112.25862884521484,110.16805267333984,106.23088073730469,105.47511291503906,105.10946655273438,104.54663848876953,106.90182495117188,105.9480972290039,106.73799896240234,105.26158142089844,106.23088073730469,101.39033508300781,106.48004150390625,102.39140319824219,102.61091613769531,103.94229125976562,104.92378234863281,104.13932800292969,104.3455810546875,102.18121337890625,103.94229125976562,105.11898040771484,101.63660430908203,102.61579132080078,103.84603881835938,98.08159637451172,97.41663360595703,91.4166259765625,91.76055908203125,90.07774353027344,83.25863647460938,79.7057113647461,77.47257232666016,74.24958038330078,70.68238830566406,64.8459701538086,63.50590515136719,63.06346130371094,58.13776779174805,58.5918083190918,56.35601043701172,55.226806640625,51.62363815307617,50.2493782043457,48.25971221923828,46.87216567993164,44.821868896484375,43.84062194824219,41.72529220581055
0,-36,-95,11,36,113.0,110.76551818847656,110.54862976074219,113.44161224365234,109.37092590332031,112.16059875488281,108.11567687988281,105.07616424560547,108.01851654052734,106.01886749267578,108.04165649414062,108.46197509765625,113.44161224365234,109.45775604248047,110.16351318359375,112.64102172851562,110.54862976074219,108.5587387084961,109.77249145507812,112.53887939453125,110.54862976074219,112.44554138183594,107.46627044677734,113.1370849609375,113.44161224365234,113.44161224365234,110.11357879638672,112.00446319580078,107.0,102.04410552978516,100.31948852539062,98.32598876953125,94.5304183959961,88.6848373413086,85.84288024902344,79.4040298461914,77.92945861816406,75.53807067871094,72.56031799316406,70.45565795898438,64.62971496582031,61.66035842895508,62.64982223510742,61.98386764526367,58.85575485229492,57.87054443359375,55.90169906616211,56.29387283325195,52.63079071044922,56.61272048950195,52.49761962890625,48.84669876098633
0,-35,-95,11,36,110.39022064208984,108.37435150146484,111.52130126953125,109.98636627197266,111.6646728515625,109.34349822998047,110.42192077636719,108.00463104248047,108.811767578125,112.41441345214844,117.32433319091797,113.46365356445312,113.99122619628906,113.44161224365234,114.0570068359375,118.51160430908203,113.3710708618164,116.81181335449219,113.74093627929688,115.10430145263672,113.87712860107422,117.13667297363281,117.34564208984375,119.364990234375,119.28118133544922,116.76471710205078,114.03946685791016,116.6061782836914,107.80074310302734,109.4805908203125,102.64988708496094,103.3924560546875,99.72462463378906,94.84724426269531,89.14033508300781,88.45903015136719,84.17243957519531,79.90619659423828,77.077880859375,70.72481536865234,73.55270385742188,73.0,72.86288452148438,65.05382537841797,67.20863342285156,66.52819061279297,66.4680404663086,64.53681182861328,66.61080932617188,62.42595672607422,61.91122817993164,57.706153869628906
0,-34,-95,10,37,107.42439270019531,108.7474136352539,106.77546691894531,107.54068756103516,108.46197509765625,105.84894561767578,108.50345611572266,105.3043212890625,105.6219711303711,106.90182495117188,107.85638427734375,109.20164489746094,112.08924865722656,108.52188873291016,107.44766235351562,110.85575866699219,112.5877456665039,107.93516540527344,108.68302154541016,111.40017700195312,107.93516540527344,110.42192077636719,109.3846435546875,111.40017700195312,112.53887939453125,111.57060241699219,108.24047088623047,107.85638427734375,104.9952392578125,104.67568969726562,100.6578369140625,95.07891082763672,94.15412902832031,88.39117431640625,86.53900909423828,84.17243957519531,80.23091888427734,76.05918884277344,72.49827575683594,70.68238830566406,71.11258697509766,67.5425796508789,67.11929321289062,65.30696868896484,63.50590515136719,61.717098236083984,60.0333251953125,60.74536895751953,58.24946212768555,57.20139694213867,54.5618896484375,55.17245864868164
0,-34,-95,10,35,108.01851654052734,107.01869201660156,109.07337188720703,107.07473754882812,106.169677734375,104.23531341552734,103.31021118164062,103.31021118164062,103.3924560546875,104.8093490600586,106.0660171508789,105.72132873535156,103.16007232666016,106.30146026611328,102.9611587524414,106.51290893554688,103.5857162475586,102.9611587524414,104.04806518554688,104.78549194335938,105.32331085205078,105.32331085205078,103.81233215332031,105.08092498779297,105.51303100585938,105.5367202758789,103.57605743408203,105.07616424560547,98.85848236083984,97.01546478271484,93.34345245361328,92.26592254638672,89.05054473876953,84.09518432617188,82.00609588623047,81.02468872070312,77.05841827392578,71.02816009521484,71.0,67.02984619140625,67.00746154785156,63.03173828125,62.00806427001953,58.03447341918945,60.13318634033203,57.21887969970703,55.3263053894043,53.600372314453125,52.77309799194336,52.39274597167969,48.50773239135742,48.703182220458984
0,-34,-95,9,41,111.82575988769531,112.30760955810547,114.03946685791016,109.1650161743164,112.25862884521484,106.51290893554688,107.33126068115234,105.99056243896484,106.89247131347656,107.18675231933594,106.32967376708984,106.0,103.46497344970703,105.9480972290039,102.08329772949219,106.50821685791016,102.64988708496094,102.34255981445312,101.0197982788086,104.62313079833984,102.90287017822266,104.62313079833984,102.34255981445312,105.0,103.2279052734375,101.78899383544922,102.39628601074219,100.84642028808594,97.52947998046875,95.29428100585938,91.24143981933594,91.28527069091797,86.92525482177734,83.38465118408203,81.93289947509766,78.0,72.61542510986328,67.06713104248047,66.48307800292969,61.6846809387207,63.24555206298828,57.245086669921875,59.13543701171875,52.49761962890625,53.16013717651367,49.72926712036133,49.72926712036133,47.29693603515625,45.89117431640625,45.7055778503418,42.57933807373047,42.01190185546875
0,-35,-95,10,36,103.71113586425781,102.94173431396484,101.23734283447266,104.23531341552734,98.41239929199219,99.90495300292969,101.17806243896484,97.67292022705078,96.93812561035156,98.35140991210938,99.00505065917969,98.35140991210938,99.82484436035156,95.67131042480469,97.08243560791016,96.54014587402344,94.4933853149414,93.7229995727539,96.04686737060547,96.67471313476562,94.3663101196289,96.04686737060547,93.60555267333984,96.82975006103516,96.42613983154297,97.08243560791016,94.76286315917969,90.52071380615234,90.60904693603516,89.27485656738281,85.14693450927734,85.42832946777344,79.64923095703125,74.63243103027344,71.02816009521484,68.00735473632812,67.67569732666016,60.74536895751953,57.982757568359375,56.035701751708984,52.69725036621094,51.61395263671875,51.312767028808594,48.54894256591797,47.70744323730469,47.50789260864258,44.94440841674805,45.27692413330078,41.59326934814453,42.04759216308594,43.08131790161133,39.84971618652344
0,-35,-95,11,35,107.70329284667969,107.70329284667969,107.42439270019531,111.89280700683594,107.91200256347656,106.00471496582031,108.22661590576172,102.956298828125,105.19029998779297,104.3886947631836,108.85311126708984,107.15409088134766,110.72488403320312,109.44404602050781,108.46658325195312,108.811767578125,107.2800064086914,107.85638427734375,112.36102294921875,108.93116760253906,110.0636215209961,109.76793670654297,107.83784484863281,115.52056121826172,111.97321319580078,111.6646728515625,106.97663116455078,103.24727630615234,103.61949920654297,100.46392059326172,98.41239929199219,96.15092468261719,90.78546142578125,86.76981353759766,81.4923324584961,77.36924743652344,75.66372680664062,70.23532104492188,68.42514038085938,65.29930877685547,64.0078125,62.60990524291992,63.06346130371094,61.29437255859375,59.93329620361328,57.80138397216797,56.080299377441406,53.851646423339844,51.865211486816406,54.4058837890625,51.400390625,48.08325958251953
0,-34,-95,10,37,107.15409088134766,104.177734375,108.33743286132812,105.84894561767578,107.01869201660156,103.07764434814453,106.92988586425781,103.31505584716797,105.99056243896484,105.11898040771484,110.27692413330078,106.0,109.83624267578125,109.29318237304688,108.22661590576172,110.67971801757812,106.50821685791016,109.0,105.20931243896484,110.11357879638672,108.45275115966797,110.11357879638672,108.45275115966797,112.41441345214844,108.16654205322266,109.55364227294922,108.0462875366211,107.54068756103516,102.956298828125,103.353759765625,96.60227966308594,95.75489807128906,94.93682098388672,87.72685241699219,83.38465118408203,82.07923126220703,78.79086303710938,74.84651184082031,71.69379425048828,69.46221923828125,67.779052734375,63.694583892822266,65.78753662109375,60.406951904296875,59.13543701171875,58.18934631347656,53.851646423339844,56.51548385620117,52.39274597167969,52.17279052734375,51.4781494140625,48.25971221923828
0,-34,-95,10,35,96.08329772949219,98.04590606689453,99.00505065917969,101.0,96.00521087646484,97.00515747070312,96.04686737060547,97.18538665771484,96.08329772949219,94.5304183959961,96.7470932006836,98.0051040649414,99.46356201171875,97.49359130859375,99.46356201171875,97.67292022705078,99.04039764404297,95.7078857421875,97.29337310791016,96.31718444824219,96.8813705444336,98.06120300292969,93.94147491455078,100.16985321044922,99.68952178955078,98.84330749511719,97.86214447021484,94.04785919189453,95.03683471679688,88.81441497802734,87.3670425415039,87.3670425415039,84.2911605834961,80.02499389648438,77.02597045898438,73.06161499023438,72.00694274902344,66.0302963256836,65.0076904296875,62.07253646850586,60.0333251953125,58.00862121582031,56.0,54.00925827026367,54.037025451660156,51.088157653808594,50.08992004394531,48.166378021240234,47.26520919799805,46.389652252197266,45.7055778503418,43.416587829589844
0,-34,-95,10,36,102.8250961303711,103.5857162475586,101.17806243896484,103.48429870605469,103.23758697509766,101.2422866821289,100.12492370605469,101.04454803466797,101.04454803466797,101.0,101.00495147705078,101.04454803466797,104.17293548583984,102.39628601074219,102.12247467041016,103.17460632324219,102.23991394042969,100.24469757080078,103.69667053222656,101.49384307861328,100.40418243408203,100.4987564086914,97.41663360595703,103.69667053222656,101.31633758544922,102.17631530761719,100.07997131347656,100.00499725341797,99.0,94.02127075195312,92.13577270507812,90.19977569580078,87.28115844726562,83.48652648925781,81.39410400390625,78.51751708984375,74.81310272216797,72.69112396240234,67.89698028564453,66.0984115600586,63.150611877441406,61.98386764526367,59.03388977050781,56.08921432495117,55.31726837158203,53.600372314453125,52.63079071044922,50.96076965332031,50.0,48.46648406982422,47.01063537597656,46.06517028808594
0,-35,-95,10,37,107.07473754882812,103.81233215332031,108.4066390991211,106.60675048828125,105.80170440673828,101.82828521728516,103.85566711425781,103.85566711425781,105.26158142089844,104.13932800292969,106.10372161865234,106.07544708251953,106.79419708251953,107.48953247070312,106.79419708251953,107.51744079589844,102.72779846191406,106.10372161865234,103.4794692993164,105.55093383789062,105.418212890625,105.55093383789062,104.13932800292969,108.57716369628906,106.30146026611328,108.30050659179688,106.0660171508789,106.07544708251953,101.91172790527344,100.4987564086914,94.4933853149414,94.81033325195312,91.21403503417969,88.81441497802734,83.81526947021484,80.44873809814453,77.42092895507812,74.06078338623047,71.61005401611328,67.67569732666016,65.45991516113281,63.82006072998047,62.42595672607422,59.07622146606445,56.080299377441406,56.080299377441406,55.226806640625,52.77309799194336,51.89412307739258,51.89412307739258,48.703182220458984,46.840152740478516
0,-35,-95,11,35,106.82696533203125,107.44766235351562,107.41508483886719,109.20164489746094,106.60675048828125,106.8316421508789,107.64757537841797,104.29285430908203,107.33592224121094,106.23088073730469,110.27692413330078,107.91200256347656,109.65856170654297,108.70602416992188,111.01801300048828,112.71202087402344,108.22661590576172,105.54619598388672,110.90987396240234,108.67382049560547,108.30050659179688,109.56732940673828,106.94390869140625,114.49454498291016,110.47624206542969,109.2748794555664,110.27692413330078,107.70329284667969,105.11898040771484,102.34255981445312,97.41663360595703,97.00515747070312,93.40770721435547,85.42832946777344,85.2760238647461,80.91971588134766,77.33692169189453,76.5767593383789,73.75635528564453,70.1783447265625,68.62215423583984,68.24954223632812,62.96824645996094,61.61980056762695,60.10823440551758,57.28001403808594,57.28001403808594,58.051700592041016,54.81787872314453,57.42821502685547,51.312767028808594,52.839378356933594
0,-34,-95,10,37,107.20541381835938,109.11003875732422,108.2681884765625,112.00892639160156,107.33592224121094,106.77546691894531,107.93516540527344,104.78549194335938,107.83784484863281,106.43777465820312,106.0235824584961,109.59014892578125,110.01818084716797,109.2748794555664,112.37882232666016,109.41663360595703,110.98197937011719,108.0462875366211,112.60550689697266,110.13627624511719,109.41663360595703,111.83023071289062,106.32967376708984,111.77208709716797,113.20777130126953,110.45361328125,111.50785064697266,106.67708587646484,104.70912170410156,101.96568298339844,98.89894104003906,98.89894104003906,92.61209106445312,90.87353515625,88.76936340332031,84.69356536865234,83.00602722167969,78.54934692382812,74.46475982666016,73.00685119628906,70.00714111328125,70.00714111328125,66.128662109375,64.51356506347656,61.98386764526367,61.6846809387207,60.16643524169922,57.48912811279297,55.10898208618164,55.578773498535156,55.145263671875,54.00925827026367
0,-34,-95,10,36,107.42439270019531,110.07270050048828,106.45186614990234,110.90987396240234,103.31505584716797,107.35455322265625,103.31021118164062,106.0660171508789,106.0660171508789,102.72779846191406,104.62313079833984,106.7801513671875,104.00961303710938,105.68348693847656,105.11898040771484,104.86181640625,104.62313079833984,101.83319854736328,105.80170440673828,104.62313079833984,102.07839965820312,103.2279052734375,99.4032211303711,104.01922607421875,104.40306854248047,103.81233215332031,103.46980285644531,97.34988403320312,99.02020263671875,92.9139404296875,93.64827728271484,90.04998779296875,90.42676544189453,85.42247772216797,84.53401947021484,76.94153594970703,76.94153594970703,70.68238830566406,68.87670135498047,67.5425796508789,64.88451385498047,63.071388244628906,60.539241790771484,59.61543273925781,57.00876998901367,53.141319274902344,55.973209381103516,53.45091247558594,50.695167541503906,50.0099983215332,48.3735466003418,46.27094268798828
0,-34,-95,10,35,111.6646728515625,110.2587890625,112.61438751220703,110.11357879638672,109.80892181396484,104.63746643066406,108.60018157958984,104.86181640625,107.07473754882812,107.07473754882812,106.60675048828125,106.7801513671875,108.45275115966797,104.00961303710938,104.10091400146484,108.0462875366211,103.07764434814453,101.3558120727539,102.4743881225586,102.4743881225586,102.21546173095703,102.956298828125,101.3558120727539,103.07764434814453,103.5857162475586,99.98500061035156,101.0197982788086,99.02020263671875,95.96353149414062,94.30270385742188,89.40357971191406,89.40357971191406,88.00568389892578,85.2760238647461,80.28075408935547,77.33692169189453,77.23341369628906,72.13875579833984,68.59300231933594,65.11528015136719,65.0691909790039,62.96824645996094,62.93647766113281,58.694122314453125,55.90169906616211,52.345008850097656,52.40229034423828,50.32891845703125,50.80354309082031,48.54894256591797,48.02082824707031,44.72135925292969
0,-34,-95,10,36,110.05453491210938,109.44404602050781,107.56393432617188,109.44404602050781,106.56922912597656,105.68821716308594,106.6255111694336,103.24727630615234,105.47511291503906,102.04410552978516,105.11898040771484,104.23531341552734,107.78218841552734,105.54619598388672,105.55093383789062,104.65657806396484,103.31021118164062,102.41581726074219,103.83159637451172,106.00471496582031,100.62306213378906,103.76897430419922,100.23971557617188,101.71037292480469,104.23531341552734,101.53324890136719,102.45974731445312,101.39033508300781,98.61541748046875,92.11405944824219,91.7060546875,90.8019790649414,88.32327270507812,83.52245330810547,82.71033477783203,78.33900451660156,74.95331573486328,73.24616241455078,68.44705963134766,66.70832061767578,63.150611877441406,61.188232421875,62.169124603271484,57.55866622924805,54.451812744140625,55.44366455078125,53.15073013305664,53.00943374633789,50.08992004394531,49.01020431518555,45.0444221496582,47.51841735839844
0,-35,-95,10,37,101.19288635253906,102.88343048095703,101.23734283447266,104.54663848876953,99.92497253417969,99.4032211303711,98.0866928100586,100.22474670410156,100.17984008789062,99.36296844482422,99.84988403320312,101.71037292480469,99.4786376953125,100.70252990722656,103.24727630615234,100.70252990722656,102.90287017822266,96.25486755371094,103.2279052734375,102.64988708496094,99.29753112792969,103.17460632324219,99.85990142822266,103.2279052734375,102.64988708496094,102.08329772949219,101.3558120727539,98.1121826171875,98.61541748046875,93.53608703613281,91.7060546875,91.23595428466797,84.17243957519531,84.17243957519531,81.02468872070312,75.23961639404297,73.9256362915039,69.85699462890625,69.28924560546875,67.23094177246094,64.25729370117188,61.46543884277344,61.6846809387207,58.872745513916016,58.18934631347656,54.4058837890625,54.120235443115234,52.39274597167969,50.447994232177734,50.80354309082031,50.635955810546875,47.095645904541016
0,-35,-95,11,34,103.4069595336914,105.9480972290039,109.20164489746094,109.7861557006836,105.68821716308594,104.06248474121094,108.63240814208984,105.30906677246094,103.87010955810547,102.956298828125,105.7024154663086,107.78682708740234,108.67382049560547,108.67382049560547,105.55093383789062,107.42439270019531,107.91200256347656,104.70912170410156,107.91200256347656,107.91200256347656,105.11898040771484,107.35455322265625,103.31505584716797,107.42439270019531,109.12836456298828,104.65180206298828,105.11898040771484,100.7223892211914,103.46980285644531,96.7729263305664,94.9210205078125,94.9210205078125,90.82400512695312,83.16850280761719,81.90848541259766,81.27114868164062,77.6208724975586,71.84010314941406,68.96376037597656,67.91170501708984,65.52098846435547,66.21932983398438,65.52098846435547,62.585941314697266,60.87692642211914,57.87054443359375,56.56854248046875,55.578773498535156,55.44366455078125,56.035701751708984,54.147945404052734,50.2493782043457
0,-34,-95,10,37,109.07337188720703,109.04127502441406,111.01801300048828,109.01834869384766,108.00463104248047,110.00454711914062,106.07544708251953,106.30146026611328,106.23088073730469,108.5587387084961,109.55364227294922,110.76551818847656,109.77249145507812,111.01801300048828,109.8954086303711,112.14722442626953,111.80339813232422,110.47624206542969,108.06016540527344,112.17842864990234,110.64356994628906,112.61438751220703,105.9056167602539,112.37882232666016,111.46299743652344,109.17874908447266,106.0660171508789,105.57461547851562,103.69667053222656,98.50888061523438,97.25225067138672,95.2575454711914,93.19334411621094,90.0888442993164,85.02352905273438,84.0238037109375,78.00640869140625,76.00657653808594,75.02666473388672,73.00685119628906,72.00694274902344,68.00735473632812,67.06713104248047,65.0076904296875,62.0,60.13318634033203,61.032779693603516,60.406951904296875,58.694122314453125,58.051700592041016,53.600372314453125,52.92447280883789
0,-34,-95,10,36,104.3886947631836,108.33743286132812,106.0235824584961,108.25894927978516,104.65180206298828,108.6876220703125,106.47064971923828,104.23531341552734,107.35455322265625,102.956298828125,107.04204559326172,106.17438507080078,105.81587982177734,107.18675231933594,107.70329284667969,106.23088073730469,106.53168487548828,99.85990142822266,107.61505126953125,105.39450073242188,104.62313079833984,104.00961303710938,101.87246704101562,105.39450073242188,106.8503646850586,103.77379608154297,101.71037292480469,99.76472473144531,101.11874389648438,94.3663101196289,93.52005004882812,94.3716049194336,87.72685241699219,85.08818817138672,81.1541748046875,77.077880859375,75.96051788330078,72.23572540283203,67.41661834716797,69.28924560546875,64.8459701538086,67.67569732666016,62.297672271728516,62.297672271728516,59.4810905456543,56.04462432861328,55.31726837158203,54.34151077270508,52.77309799194336,52.345008850097656,50.03998565673828,50.0099983215332
0,-34,-95,10,35,98.68130493164062,96.13532257080078,97.1236343383789,99.92997741699219,99.04039764404297,95.50916290283203,97.01546478271484,94.64142608642578,95.56673431396484,94.5938720703125,96.54014587402344,98.27003479003906,98.27003479003906,99.46356201171875,97.49359130859375,97.16481018066406,96.87621307373047,95.18928527832031,95.88534545898438,94.04785919189453,93.90420532226562,94.76286315917969,92.22798156738281,94.04785919189453,96.33794403076172,95.52486419677734,93.5574722290039,91.21951293945312,88.84255981445312,88.5268325805664,86.12781524658203,83.52245330810547,80.08120727539062,75.89466094970703,75.58438873291016,70.51950073242188,69.6419448852539,66.128662109375,61.84658432006836,60.74536895751953,59.236812591552734,57.00876998901367,56.46237564086914,54.625999450683594,52.0,49.658836364746094,50.08992004394531,48.30113983154297,46.3249397277832,45.486263275146484,44.821868896484375,41.773197174072266
0,-34,-95,10,36,97.98979187011719,100.22474670410156,98.23441314697266,104.78549194335938,99.5389404296875,99.5389404296875,97.14422607421875,98.35140991210938,99.02020263671875,95.60334777832031,99.04039764404297,101.39033508300781,101.13851928710938,100.68763732910156,101.92153930664062,100.42410278320312,103.3247299194336,98.23441314697266,100.89598846435547,99.45853424072266,99.72462463378906,101.6513671875,95.07891082763672,99.68952178955078,101.13851928710938,101.6513671875,103.09219360351562,96.79875946044922,98.61541748046875,89.31964874267578,92.19544219970703,87.72685241699219,85.42832946777344,80.49844360351562,80.52949523925781,74.30342864990234,73.43023681640625,68.47627258300781,65.86349487304688,65.3681869506836,61.057350158691406,60.74536895751953,56.603885650634766,54.08327102661133,54.08327102661133,50.0,51.312767028808594,50.447994232177734,48.41487503051758,45.96738052368164,45.27692413330078,44.04542922973633
0,-35,-95,11,34,104.9952392578125,105.6503677368164,105.9480972290039,108.15729522705078,108.78418731689453,104.67568969726562,107.33592224121094,104.177734375,106.23088073730469,106.10372161865234,108.33743286132812,109.65856170654297,107.78682708740234,110.46266174316406,110.46266174316406,110.53506469726562,111.01801300048828,106.55046081542969,107.54068756103516,108.30050659179688,107.35455322265625,108.78418731689453,106.00471496582031,111.50785064697266,110.9414291381836,106.89247131347656,108.33743286132812,103.46980285644531,101.63660430908203,99.36800384521484,96.5660400390625,97.73944854736328,93.92018127441406,86.02325439453125,83.24061584472656,80.3243408203125,78.16009521484375,74.04052734375,71.56814575195312,68.15423583984375,67.44627380371094,61.6846809387207,64.28841400146484,58.94064712524414,58.94064712524414,56.88584899902344,53.93514633178711,53.93514633178711,52.77309799194336,50.48762130737305,50.15974426269531,47.01063537597656
0,-35,-95,11,35,112.53887939453125,111.61540985107422,115.31695556640625,113.08846282958984,113.88591003417969,110.38568878173828,114.23221588134766,110.67971801757812,113.54734802246094,115.80155181884766,113.32254791259766,117.88129425048828,116.41735076904297,118.87808990478516,112.7918472290039,117.4776611328125,114.54257202148438,115.44696044921875,114.75626373291016,116.29703521728516,116.4989242553711,115.52056121826172,115.73245239257812,116.55899810791016,113.95174407958984,114.75626373291016,109.1421127319336,110.11357879638672,106.96260833740234,108.66921997070312,101.39033508300781,100.88111877441406,96.76776123046875,92.35800170898438,89.53770446777344,88.25531005859375,82.861328125,79.12016296386719,75.61084747314453,72.61542510986328,72.44998168945312,66.73080444335938,71.86793518066406,62.3939094543457,61.84658432006836,60.16643524169922,61.84658432006836,58.18075180053711,59.93329620361328,56.35601043701172,54.918121337890625,56.30275344848633
0,-37,-95,13,26,106.53168487548828,104.30723571777344,109.2748794555664,107.18675231933594,108.90821838378906,106.17438507080078,107.42439270019531,106.47064971923828,106.00471496582031,107.78682708740234,109.56732940673828,109.1650161743164,109.65856170654297,109.25199890136719,107.54068756103516,109.00458526611328,108.63240814208984,108.63240814208984,106.97663116455078,110.13627624511719,106.77546691894531,107.91200256347656,104.92378234863281,107.91200256347656,108.07867431640625,106.77546691894531,104.92378234863281,103.46980285644531,100.22474670410156,98.89894104003906,94.81033325195312,92.57429504394531,89.47066497802734,86.35391998291016,83.24061584472656,82.76472473144531,79.25907135009766,74.4311752319336,71.19690704345703,69.83551788330078,68.09552001953125,65.0,65.3681869506836,61.91122817993164,61.400325775146484,59.36328887939453,59.07622146606445,57.42821502685547,55.60575485229492,54.671749114990234,53.740116119384766,52.40229034423828
0,-34,-95,10,35,101.53324890136719,99.76472473144531,103.83159637451172,104.8093490600586,101.71037292480469,102.08329772949219,100.70252990722656,104.30723571777344,98.79270935058594,102.90287017822266,102.64988708496094,103.00485229492188,104.40306854248047,101.40019989013672,101.212646484375,104.63746643066406,103.07764434814453,101.212646484375,102.94173431396484,101.53324890136719,102.94173431396484,102.94173431396484,101.53324890136719,104.89041900634766,103.4794692993164,100.89598846435547,101.82828521728516,97.80081939697266,97.80081939697266,96.40020751953125,92.0869140625,90.69729614257812,88.20430755615234,84.90583038330078,81.54139709472656,78.77182006835938,76.85050201416016,71.34423828125,71.34423828125,67.41661834716797,68.88395690917969,64.41273498535156,64.49806213378906,62.64982223510742,61.29437255859375,55.90169906616211,57.697486877441406,56.080299377441406,56.64803695678711,54.120235443115234,52.17279052734375,49.648765563964844
0,-34,-95,9,42,104.00480651855469,105.0428466796875,107.22872924804688,111.04053497314453,104.12012481689453,105.1712875366211,104.3886947631836,104.3886947631836,103.3924560546875,103.5857162475586,105.80170440673828,107.05606079101562,106.21205139160156,105.72132873535156,105.22357177734375,104.7377700805664,104.92378234863281,103.7545166015625,106.30146026611328,104.92378234863281,105.72132873535156,104.3455810546875,101.98039245605469,105.32331085205078,104.13932800292969,104.7377700805664,103.24727630615234,100.28459167480469,100.9752426147461,95.88534545898438,92.34716796875,93.4344711303711,90.04998779296875,83.09632873535156,83.05419921875,79.00633239746094,78.00640869140625,75.00666809082031,73.0,70.00714111328125,68.06614685058594,67.00746154785156,63.071388244628906,63.071388244628906,58.13776779174805,57.42821502685547,55.73149871826172,54.58937454223633,53.15073013305664,50.695167541503906,48.703182220458984,47.423622131347656
0,-34,-95,10,35,98.61541748046875,98.27003479003906,100.23971557617188,98.0051040649414,100.18482971191406,97.52947998046875,97.49359130859375,95.75489807128906,95.75489807128906,97.16995239257812,98.0866928100586,97.30878448486328,98.4327163696289,96.2081069946289,96.79875946044922,97.73944854736328,96.13532257080078,97.14422607421875,96.76776123046875,98.03060913085938,96.4624252319336,97.41663360595703,97.40636444091797,98.37174224853516,95.85926818847656,95.85926818847656,93.98403930664062,92.4770278930664,90.07774353027344,88.23831176757812,85.42832946777344,85.0,81.39410400390625,78.71467590332031,77.02597045898438,72.56031799316406,71.19690704345703,65.51335906982422,65.19202423095703,60.20797348022461,60.74536895751953,57.14017868041992,58.30952072143555,51.865211486816406,52.15361785888672,49.81967544555664,46.615447998046875,46.40043258666992,46.75468063354492,46.66904830932617,42.52058410644531,39.69886779785156
0,-35,-95,10,37,108.06016540527344,106.09900665283203,113.99122619628906,104.08650207519531,111.15754699707031,103.94710540771484,108.5587387084961,105.57461547851562,105.57461547851562,106.30146026611328,109.77249145507812,109.37092590332031,110.36756896972656,106.07544708251953,105.07616424560547,112.04016876220703,104.0,109.07337188720703,106.01886749267578,108.00463104248047,105.01904296875,106.01886749267578,106.04244232177734,106.00471496582031,104.12012481689453,105.23307800292969,102.17631530761719,102.48902130126953,97.51409912109375,100.7174301147461,90.93404388427734,93.21480560302734,88.45903015136719,84.92938232421875,81.25269317626953,81.25269317626953,79.30951690673828,71.47027587890625,68.00735473632812,63.89052963256836,67.05221557617188,57.723480224609375,63.60031509399414,57.87054443359375,54.120235443115234,52.201534271240234,52.55473327636719,50.695167541503906,50.990196228027344,50.11985778808594,46.3249397277832,44.94440841674805
0,-35,-95,10,39,110.30865478515625,110.34491729736328,109.87720489501953,113.2784194946289,107.62899017333984,108.37435150146484,107.05606079101562,107.93516540527344,111.6646728515625,111.04053497314453,110.42192077636719,111.40017700195312,115.43396759033203,112.64546203613281,113.1591796875,115.108642578125,114.28035736083984,110.9414291381836,112.05802154541016,112.36102294921875,110.9414291381836,114.58621215820312,108.72441864013672,114.0570068359375,112.32987213134766,109.40292358398438,110.60289001464844,105.80170440673828,107.00466918945312,103.07764434814453,100.6578369140625,96.67471313476562,93.50936126708984,92.02173614501953,86.27861785888672,82.07313537597656,82.73451232910156,77.10382843017578,71.44927978515625,70.71067810058594,67.17886352539062,68.59300231933594,66.48307800292969,61.52235412597656,60.10823440551758,58.79625701904297,56.63920974731445,58.051700592041016,56.7274169921875,56.859474182128906,54.708316802978516,48.764739990234375
0,-35,-95,10,38,107.05606079101562,110.7519760131836,110.42192077636719,112.29425811767578,109.63575744628906,112.44554138183594,110.80162811279297,107.41508483886719,110.20889282226562,107.61505126953125,112.32987213134766,110.13627624511719,113.53413391113281,110.27692413330078,114.73883056640625,111.50785064697266,113.2519302368164,107.91200256347656,112.7696762084961,112.7696762084961,109.2748794555664,113.6485824584961,108.4066390991211,112.29425811767578,114.12712097167969,109.41663360595703,110.45361328125,106.53168487548828,105.9480972290039,102.90287017822266,100.12492370605469,96.60745239257812,95.21029663085938,92.41753387451172,87.32124328613281,85.6037368774414,84.0238037109375,78.24320983886719,76.40026092529297,74.81310272216797,68.88395690917969,73.87828063964844,68.88395690917969,67.47592163085938,63.65532302856445,62.2414665222168,62.22539520263672,60.8276252746582,58.79625701904297,59.66573715209961,59.07622146606445,56.30275344848633
0,-34,-95,10,37,109.1650161743164,109.29318237304688,110.45361328125,111.28791809082031,109.45775604248047,108.5587387084961,106.9205322265625,106.21205139160156,110.16805267333984,109.4897232055664,109.4897232055664,111.40017700195312,111.40017700195312,111.83023071289062,113.56495666503906,114.2365951538086,113.26517486572266,111.57060241699219,108.93116760253906,115.24755859375,112.53887939453125,113.50770568847656,112.80514526367188,113.32254791259766,114.2365951538086,112.29425811767578,111.61093139648438,112.37882232666016,110.0227279663086,106.7052001953125,100.84146118164062,102.8250961303711,98.41239929199219,93.64827728271484,92.26592254638672,88.36288452148438,86.20904541015625,80.09993743896484,79.10120391845703,79.05693817138672,76.05918884277344,72.02777099609375,74.0,68.00735473632812,68.00735473632812,66.18912506103516,65.27633666992188,64.49806213378906,61.66035842895508,60.41522979736328,59.90826416015625,55.36244201660156
0,-34,-95,9,43,110.11357879638672,114.4770736694336,109.76793670654297,115.9482650756836,110.16351318359375,110.44002532958984,108.24047088623047,109.76793670654297,111.01801300048828,107.33592224121094,112.72089385986328,113.71894836425781,115.95257568359375,115.03912353515625,118.70130920410156,114.54257202148438,117.68601989746094,112.92475128173828,118.10588836669922,115.45128631591797,114.76933288574219,116.36150360107422,112.80514526367188,114.03946685791016,116.7775650024414,117.27318572998047,115.8792495727539,110.72488403320312,113.88591003417969,106.04244232177734,104.40306854248047,103.84603881835938,100.89598846435547,97.26766967773438,96.10411071777344,86.58522033691406,88.29496002197266,82.46211242675781,81.58431243896484,80.41144561767578,77.27871704101562,74.96665954589844,71.84706115722656,69.72087097167969,68.26419067382812,65.0691909790039,63.071388244628906,62.00806427001953,60.074954986572266,58.03447341918945,56.22277069091797,54.5710563659668
0,-34,-95,10,36,104.13932800292969,101.60708618164062,107.51744079589844,103.7545166015625,107.20074462890625,101.27191162109375,105.07616424560547,100.84146118164062,102.59142303466797,106.56922912597656,107.37783813476562,106.169677734375,109.22454071044922,106.04244232177734,102.07839965820312,110.01818084716797,100.0199966430664,107.0,102.01960754394531,107.01869201660156,103.01941680908203,106.00471496582031,106.00471496582031,107.01869201660156,106.00471496582031,103.01941680908203,99.00505065917969,102.17631530761719,97.18538665771484,99.18164825439453,92.43917083740234,91.3509750366211,90.79647827148438,85.0,83.86298370361328,84.34452819824219,77.10382843017578,73.75635528564453,73.16419982910156,67.26811981201172,69.23149871826172,63.150611877441406,64.32728576660156,59.203041076660156,57.723480224609375,56.04462432861328,52.81098556518555,52.49761962890625,51.62363815307617,49.24428939819336,47.41307830810547,44.777225494384766
0,-34,-95,11,34,111.40017700195312,109.20164489746094,115.69355773925781,112.29425811767578,110.11357879638672,108.90821838378906,108.50345611572266,110.3177261352539,106.21205139160156,110.76551818847656,112.14722442626953,111.54371643066406,111.54371643066406,113.35784149169922,109.37092590332031,113.11056518554688,111.04053497314453,112.07140350341797,111.01801300048828,113.0,110.00454711914062,111.00450134277344,112.00446319580078,114.01753997802734,110.04090118408203,110.07270050048828,111.07205200195312,111.04053497314453,102.23991394042969,104.23531341552734,99.60923767089844,101.40019989013672,95.52486419677734,90.66973114013672,89.10667419433594,87.96590423583984,83.74365997314453,78.64476776123047,74.73285675048828,72.36711883544922,71.0633544921875,65.92420196533203,67.46851348876953,61.98386764526367,60.63827133178711,56.75385284423828,57.28001403808594,55.6596794128418,55.36244201660156,52.55473327636719,49.24428939819336,48.02082824707031
0,-35,-95,10,38,109.45775604248047,109.77249145507812,107.78682708740234,110.8873291015625,106.21205139160156,105.9292221069336,107.68936920166016,106.21205139160156,105.72132873535156,107.07940673828125,106.51290893554688,107.93516540527344,109.63575744628906,107.96759033203125,107.96759033203125,108.52188873291016,109.76793670654297,108.93116760253906,107.85638427734375,106.90182495117188,105.6503677368164,109.76793670654297,107.56393432617188,108.78418731689453,110.72488403320312,107.56393432617188,109.3846435546875,105.99056243896484,103.36827087402344,101.78899383544922,98.47842407226562,96.17691802978516,93.90420532226562,92.54188537597656,89.45389556884766,85.37564086914062,85.21150207519531,77.16217041015625,74.1687240600586,70.1783447265625,67.00746154785156,66.00757598876953,67.00746154785156,63.0079345703125,62.0,58.03447341918945,56.080299377441406,57.14017868041992,53.23532485961914,49.648765563964844,51.62363815307617,47.801673889160156
0,-34,-95,10,37,103.12128448486328,104.30723571777344,106.38138580322266,110.29052734375,106.67708587646484,104.47966003417969,105.57461547851562,101.71037292480469,104.08650207519531,103.94229125976562,108.25894927978516,107.20074462890625,105.75916290283203,105.26158142089844,106.96260833740234,106.04244232177734,106.60675048828125,103.84603881835938,108.811767578125,107.56393432617188,105.08092498779297,106.32027435302734,106.04244232177734,108.16654205322266,109.20164489746094,107.2800064086914,108.66921997070312,103.07764434814453,104.29285430908203,102.18121337890625,96.8813705444336,97.08243560791016,95.18928527832031,88.6848373413086,85.47514343261719,82.49242401123047,83.72574615478516,79.22752380371094,75.42546081542969,74.4311752319336,69.18092346191406,70.34912872314453,66.12110137939453,64.0078125,61.0,59.00847244262695,57.03507614135742,58.03447341918945,54.230987548828125,54.147945404052734,51.4781494140625,49.648765563964844
0,-34,-95,10,36,102.55242919921875,100.4987564086914,101.41498565673828,103.4794692993164,100.89598846435547,97.83660125732422,99.63935089111328,99.6242904663086,100.60317993164062,99.04544067382812,101.83319854736328,105.15226745605469,104.10091400146484,106.0,105.47511291503906,105.30906677246094,103.5857162475586,103.44564056396484,103.76897430419922,104.8093490600586,105.30906677246094,104.8093490600586,103.44564056396484,104.65657806396484,108.78418731689453,105.30906677246094,104.9571304321289,105.15226745605469,101.0197982788086,98.18350219726562,96.02082824707031,93.81364440917969,94.20191192626953,87.00574493408203,86.05230712890625,84.50444030761719,81.05553436279297,75.82215881347656,75.1664810180664,73.10950469970703,67.20863342285156,65.19202423095703,65.0691909790039,62.93647766113281,60.8276252746582,55.90169906616211,56.63920974731445,54.5618896484375,52.801513671875,50.21951675415039,49.648765563964844,46.14108657836914
0,-34,-95,10,36,95.4620361328125,95.4620361328125,94.2602767944336,96.26006317138672,94.9210205078125,96.54014587402344,95.90099334716797,95.42536163330078,96.40020751953125,95.60334777832031,98.40731811523438,100.43903350830078,98.73702239990234,98.73702239990234,98.18350219726562,101.0197982788086,101.3558120727539,97.94386291503906,102.21546173095703,103.94229125976562,101.0197982788086,103.07764434814453,99.64437103271484,103.94229125976562,103.77379608154297,101.0197982788086,102.62553405761719,99.5690689086914,98.73702239990234,96.60745239257812,96.40020751953125,92.00543212890625,88.09085845947266,87.32124328613281,83.63013458251953,79.93122100830078,77.10382843017578,72.12489318847656,71.4212875366211,68.59300231933594,65.05382537841797,65.76473236083984,63.65532302856445,62.22539520263672,60.14149856567383,54.5618896484375,56.7274169921875,52.201534271240234,52.430908203125,50.774009704589844,47.01063537597656,46.51881408691406
0,-34,-95,10,36,99.20181274414062,98.95453643798828,101.20276641845703,99.2471694946289,102.9611587524414,98.84330749511719,99.82484436035156,99.29753112792969,101.27191162109375,101.71037292480469,102.8250961303711,106.56922912597656,107.37783813476562,104.30723571777344,104.47966003417969,109.22454071044922,103.17460632324219,102.39628601074219,103.12128448486328,106.11785888671875,106.30146026611328,110.22250366210938,108.29589080810547,109.07337188720703,108.37435150146484,109.37092590332031,106.9205322265625,108.18965148925781,103.4069595336914,98.84330749511719,94.3663101196289,95.8018798828125,93.14505004882812,89.5600357055664,86.68333435058594,85.4400405883789,80.3243408203125,77.49193572998047,76.5506362915039,73.73601531982422,68.15423583984375,66.85057830810547,64.07807922363281,59.09314727783203,60.835845947265625,57.697486877441406,55.90169906616211,53.851646423339844,51.107730865478516,50.80354309082031,48.82622146606445,48.41487503051758
0,-34,-95,10,38,107.93516540527344,109.25199890136719,112.69871520996094,113.14591979980469,111.80339813232422,109.59014892578125,112.37882232666016,108.78418731689453,111.50785064697266,110.45361328125,112.8716049194336,115.43396759033203,114.54693603515625,116.76471710205078,112.07140350341797,113.60017395019531,112.20071411132812,114.40279388427734,113.85077667236328,114.33721923828125,113.4063491821289,117.79643249511719,114.40279388427734,119.01680755615234,115.60276794433594,115.20850372314453,115.80155181884766,112.64546203613281,110.67971801757812,110.38568878173828,102.39628601074219,104.62313079833984,99.4786376953125,98.88377380371094,93.94147491455078,91.67878723144531,88.56636047363281,82.85529327392578,80.52949523925781,73.34848022460938,75.1531753540039,69.7782211303711,69.35416412353516,64.07807922363281,64.88451385498047,61.09828186035156,58.52349853515625,58.52349853515625,57.28001403808594,55.785301208496094,51.62363815307617,50.48762130737305
0,-37,-95,13,25,108.11567687988281,105.11898040771484,111.01801300048828,109.04127502441406,109.04127502441406,105.0047607421875,108.07405090332031,104.01922607421875,106.11785888671875,108.11567687988281,109.11461639404297,110.16351318359375,110.29052734375,108.46197509765625,105.57461547851562,111.15754699707031,106.21205139160156,107.05606079101562,108.06016540527344,107.87029266357422,107.20074462890625,109.83624267578125,109.17874908447266,109.65856170654297,108.90362548828125,106.67708587646484,105.68348693847656,106.47064971923828,101.40019989013672,101.2422866821289,97.08243560791016,96.08329772949219,93.02149963378906,88.0,85.0058822631836,83.02409362792969,78.16009521484375,75.1664810180664,70.34912872314453,67.26811981201172,66.18912506103516,61.13100814819336,63.19810104370117,58.30952072143555,56.22277069091797,52.345008850097656,51.4781494140625,51.4781494140625,50.0099983215332,48.27007293701172,45.880279541015625,44.0113639831543
0,-34,-95,10,37,106.00471496582031,112.04016876220703,106.169677734375,112.07140350341797,106.11785888671875,110.11357879638672,106.169677734375,105.3043212890625,110.45361328125,105.80170440673828,109.8954086303711,110.16805267333984,109.65856170654297,110.0227279663086,109.17874908447266,110.21796417236328,110.42192077636719,104.92378234863281,109.1421127319336,110.63453674316406,109.83624267578125,108.46658325195312,105.32331085205078,111.3238525390625,110.42192077636719,112.96902465820312,109.83624267578125,105.54619598388672,104.93807983398438,99.72462463378906,98.50888061523438,97.32933807373047,93.19334411621094,88.14192962646484,87.05171203613281,82.0,81.02468872070312,75.00666809082031,74.02702331542969,72.00694274902344,66.00757598876953,67.11929321289062,62.07253646850586,61.032779693603516,56.14267349243164,54.147945404052734,52.345008850097656,51.4781494140625,49.497474670410156,48.27007293701172,46.3249397277832,45.221675872802734
0,-34,-95,10,36,109.60382843017578,107.48953247070312,108.2450942993164,108.18965148925781,106.79419708251953,105.418212890625,104.00480651855469,102.72779846191406,102.72779846191406,106.66770935058594,106.04244232177734,107.61505126953125,106.01886749267578,105.43718719482422,104.40306854248047,106.25440979003906,104.29285430908203,102.90287017822266,104.8475112915039,105.39450073242188,101.25709533691406,104.56098937988281,101.78899383544922,104.62313079833984,105.68821716308594,102.62553405761719,103.2279052734375,101.40019989013672,99.20181274414062,95.8018798828125,93.08598327636719,92.95697784423828,89.27485656738281,88.41380310058594,82.73451232910156,79.90619659423828,77.077880859375,72.12489318847656,70.00714111328125,67.26811981201172,66.52819061279297,62.96824645996094,62.2414665222168,58.898216247558594,56.080299377441406,53.413482666015625,52.009613037109375,50.21951675415039,48.25971221923828,48.54894256591797,44.777225494384766,41.59326934814453
0,-34,-95,10,35,98.0051040649414,100.00499725341797,99.02020263671875,103.00485229492188,100.00499725341797,97.04637908935547,99.18164825439453,96.25486755371094,97.41663360595703,98.61541748046875,97.62171936035156,99.84988403320312,100.28459167480469,98.31072998046875,98.65596771240234,99.04039764404297,99.04039764404297,96.50906372070312,98.71676635742188,99.20181274414062,96.8813705444336,97.74456787109375,96.69022369384766,99.45853424072266,97.51409912109375,97.29337310791016,98.06120300292969,96.69022369384766,95.52486419677734,92.39588928222656,88.81441497802734,87.46427917480469,85.47514343261719,81.39410400390625,79.15807342529297,77.10382843017578,74.06078338623047,69.00724792480469,66.0,65.0076904296875,62.0,60.008331298828125,56.00892639160156,56.035701751708984,52.08646774291992,49.09175109863281,48.041648864746094,47.095645904541016,46.389652252197266,45.54119110107422,44.14748001098633,43.011627197265625
0,-34,-95,9,42,112.44998931884766,111.46299743652344,112.96902465820312,109.04127502441406,111.98660278320312,107.07940673828125,108.90821838378906,107.44766235351562,106.73799896240234,109.8954086303711,109.63575744628906,109.20164489746094,108.52188873291016,109.41663360595703,107.51744079589844,109.44404602050781,109.5627670288086,108.50345611572266,107.15409088134766,109.3846435546875,107.91200256347656,110.86027526855469,106.6255111694336,108.46197509765625,109.5627670288086,106.04244232177734,108.50345611572266,107.51744079589844,103.16007232666016,104.8093490600586,98.23441314697266,96.7729263305664,94.14881896972656,92.57429504394531,88.28363037109375,87.29833984375,83.02409362792969,77.41446685791016,74.1687240600586,70.25667572021484,70.45565795898438,66.27216339111328,64.1248779296875,62.20128631591797,58.07753372192383,59.00847244262695,58.00862121582031,57.0,53.23532485961914,51.244510650634766,49.36598205566406,47.07440948486328
0,-34,-95,10,36,99.02020263671875,100.0,100.0199966430664,101.00495147705078,98.04590606689453,99.00505065917969,99.04544067382812,97.18538665771484,100.17984008789062,99.32270812988281,100.60317993164062,98.0051040649414,101.96568298339844,101.43470764160156,100.44898986816406,100.22474670410156,102.39140319824219,98.65596771240234,102.39140319824219,100.0199966430664,98.65596771240234,100.66280364990234,97.67292022705078,100.89598846435547,100.43903350830078,100.80674743652344,99.46356201171875,98.31072998046875,97.01546478271484,93.90420532226562,91.4439697265625,91.4439697265625,88.27796936035156,84.148681640625,83.00602722167969,79.02531433105469,77.02597045898438,72.02777099609375,68.02940368652344,66.0,64.03124237060547,63.071388244628906,62.00806427001953,57.14017868041992,55.145263671875,54.33230972290039,52.345008850097656,51.97114562988281,49.24428939819336,48.27007293701172,46.57252502441406,44.59820556640625
0,-34,-95,10,36,99.4032211303711,93.94147491455078,100.23971557617188,96.60227966308594,98.88377380371094,95.77056121826172,98.61541748046875,94.66783905029297,95.52486419677734,97.90811920166016,97.34988403320312,100.43903350830078,100.20977783203125,99.4032211303711,97.41663360595703,101.04454803466797,97.45255279541016,99.02020263671875,97.94896697998047,97.94896697998047,99.90495300292969,100.76705932617188,99.63935089111328,100.76705932617188,100.89598846435547,98.23441314697266,96.82975006103516,98.0051040649414,95.44107818603516,96.51942443847656,90.97252655029297,90.73587799072266,87.46427917480469,84.90583038330078,81.4923324584961,78.54934692382812,74.24284362792969,70.66116333007812,68.42514038085938,66.64083099365234,65.7419204711914,62.64982223510742,60.835845947265625,57.775428771972656,57.384666442871094,53.48831558227539,54.08327102661133,51.865211486816406,50.96076965332031,48.50773239135742,46.097721099853516,44.55333709716797
0,-35,-95,11,33,97.59098052978516,96.87621307373047,98.2903823852539,101.13851928710938,102.64988708496094,99.15644073486328,100.6578369140625,99.48869323730469,97.94896697998047,98.71676635742188,103.07764434814453,104.01922607421875,103.2279052734375,103.6001968383789,103.2279052734375,104.86181640625,102.64988708496094,102.41581726074219,105.39450073242188,107.61505126953125,105.68348693847656,104.29285430908203,103.2279052734375,104.29285430908203,106.60675048828125,103.4069595336914,103.23274993896484,106.52699279785156,103.85566711425781,97.83660125732422,96.33275604248047,94.11163330078125,91.24143981933594,86.97700500488281,84.89994049072266,81.32035064697266,78.64476776123047,75.28611755371094,72.62230682373047,73.0,66.84310150146484,65.0,63.411354064941406,59.64059066772461,60.80295944213867,55.75840759277344,55.75840759277344,56.080299377441406,53.33854293823242,50.537113189697266,47.92702865600586,46.173583984375
0,-35,-95,10,37,101.0197982788086,99.6242904663086,102.14205932617188,103.73042297363281,102.45974731445312,101.83319854736328,98.97979736328125,102.61579132080078,100.0,100.66280364990234,104.04806518554688,102.83968353271484,105.75916290283203,106.51290893554688,107.2800064086914,104.92378234863281,106.8877944946289,103.16007232666016,107.20074462890625,105.72132873535156,106.8877944946289,107.2800064086914,106.09900665283203,109.83624267578125,107.48953247070312,107.2800064086914,107.70793914794922,104.8093490600586,102.61579132080078,100.57833099365234,98.37174224853516,97.08243560791016,93.04837799072266,89.8888168334961,87.46427917480469,82.85529327392578,82.29216003417969,76.967529296875,72.49827575683594,70.68238830566406,67.08203887939453,67.11929321289062,66.18912506103516,60.0333251953125,60.539241790771484,56.080299377441406,58.830265045166016,57.14017868041992,52.201534271240234,49.67897033691406,50.32891845703125,47.381431579589844
0,-35,-95,11,34,102.72779846191406,102.64988708496094,103.23758697509766,108.2450942993164,104.66136169433594,103.3247299194336,104.65180206298828,104.66136169433594,104.66136169433594,104.9952392578125,106.30146026611328,107.1680908203125,109.4805908203125,110.2587890625,110.2587890625,109.80892181396484,109.80892181396484,105.8914566040039,111.01801300048828,109.20164489746094,109.63575744628906,109.01834869384766,107.61505126953125,111.60645294189453,111.21150970458984,109.63575744628906,108.57716369628906,106.96260833740234,104.89041900634766,102.59142303466797,97.59098052978516,97.59098052978516,96.93812561035156,91.3509750366211,88.72992706298828,82.97589874267578,83.54639434814453,77.33692169189453,77.33692169189453,73.60027313232422,69.81404113769531,68.60028839111328,66.61080932617188,63.82006072998047,61.85466766357422,58.830265045166016,57.45433044433594,57.30619430541992,55.4707145690918,53.712196350097656,51.4781494140625,48.703182220458984
0,-34,-95,10,38,103.36827087402344,104.69479370117188,106.89247131347656,107.78682708740234,108.6876220703125,105.11898040771484,106.94390869140625,106.55046081542969,107.04204559326172,107.54068756103516,109.07795715332031,110.13627624511719,110.98197937011719,112.07140350341797,108.45275115966797,112.89375305175781,110.43550109863281,109.04127502441406,110.0,113.46365356445312,113.71894836425781,111.50336456298828,110.38568878173828,113.00442504882812,112.64546203613281,110.13627624511719,109.60382843017578,109.77249145507812,106.67708587646484,104.44615936279297,102.42070007324219,98.84330749511719,97.57561492919922,91.92388153076172,89.96110534667969,85.23497009277344,83.93450164794922,78.92401123046875,75.02666473388672,70.57620239257812,69.89277648925781,69.6419448852539,67.67569732666016,63.89052963256836,62.297672271728516,58.94064712524414,57.723480224609375,56.51548385620117,55.73149871826172,53.93514633178711,52.15361785888672,50.08992004394531
0,-34,-95,10,38,103.4069595336914,103.85566711425781,105.11898040771484,104.35037231445312,105.75916290283203,104.89041900634766,106.21675872802734,103.27632904052734,106.77546691894531,106.79419708251953,106.79419708251953,108.97705841064453,107.81465911865234,112.04463195800781,107.05606079101562,110.8873291015625,109.01834869384766,110.42192077636719,110.60289001464844,111.21150970458984,111.82575988769531,112.80071258544922,109.63575744628906,113.00442504882812,113.00442504882812,109.80892181396484,109.01834869384766,106.52699279785156,106.52699279785156,104.9952392578125,99.76472473144531,97.62171936035156,96.17691802978516,93.34880828857422,89.10667419433594,86.97700500488281,84.8646011352539,78.56844329833984,77.10382843017578,73.53910827636719,70.83784484863281,68.01470184326172,68.7677230834961,65.85590362548828,65.29930877685547,60.30754470825195,59.81638717651367,58.600341796875,59.64059066772461,54.37830352783203,55.94640350341797,49.19349670410156
0,-34,-95,10,37,99.76472473144531,103.76897430419922,102.85912322998047,103.31021118164062,97.49359130859375,101.51847076416016,101.98039245605469,101.63660430908203,100.31948852539062,99.72462463378906,104.75209045410156,103.09219360351562,105.3043212890625,104.69479370117188,104.9952392578125,105.36128234863281,105.08092498779297,101.83319854736328,106.04244232177734,105.08092498779297,105.36128234863281,105.6503677368164,102.88343048095703,105.01904296875,104.54663848876953,107.00466918945312,102.48902130126953,102.14205932617188,100.90093994140625,96.4624252319336,94.15412902832031,94.15412902832031,91.28527069091797,85.42832946777344,84.5280990600586,82.29216003417969,79.2022705078125,73.79024505615234,73.79024505615234,70.68238830566406,67.5351791381836,67.11929321289062,64.0078125,62.64982223510742,58.30952072143555,56.080299377441406,56.30275344848633,54.08327102661133,53.00943374633789,52.63079071044922,50.32891845703125,45.96738052368164
0,-34,-95,10,36,100.42410278320312,101.04454803466797,98.0051040649414,102.61579132080078,98.81295776367188,99.86490631103516,99.86490631103516,96.79875946044922,99.85990142822266,99.98500061035156,99.98500061035156,101.11874389648438,102.4743881225586,101.53324890136719,101.59724426269531,101.96568298339844,104.20172882080078,100.62306213378906,104.27847290039062,102.85912322998047,103.76897430419922,103.31505584716797,99.7296371459961,103.31505584716797,105.11898040771484,103.76897430419922,102.57679748535156,98.48857879638672,99.64437103271484,97.41663360595703,95.13148498535156,92.0869140625,91.8368148803711,85.6037368774414,82.80096435546875,80.0,79.02531433105469,76.5767593383789,73.0,70.1783447265625,66.52819061279297,67.26811981201172,66.52819061279297,63.03173828125,60.10823440551758,58.728187561035156,57.982757568359375,55.31726837158203,56.85068130493164,54.4058837890625,50.774009704589844,47.41307830810547
0,-34,-95,10,36,96.93812561035156,99.72462463378906,99.15644073486328,99.15644073486328,97.08243560791016,99.35794067382812,99.80982208251953,97.00515747070312,96.60745239257812,97.20082092285156,100.43903350830078,99.29753112792969,102.62553405761719,101.0197982788086,99.32270812988281,101.212646484375,101.212646484375,99.12618255615234,100.64790344238281,102.88343048095703,100.64790344238281,101.11874389648438,99.36296844482422,104.70912170410156,103.07764434814453,103.07764434814453,99.98500061035156,100.4987564086914,100.16985321044922,95.71833801269531,94.04785919189453,93.74433135986328,90.13877868652344,88.00568389892578,80.60397338867188,79.64923095703125,77.46611785888672,73.75635528564453,73.0,69.65629577636719,68.7677230834961,65.29930877685547,63.12685775756836,61.55485534667969,60.20797348022461,56.56854248046875,55.154327392578125,54.488529205322266,54.81787872314453,54.20331954956055,49.40647888183594,47.01063537597656
0,-34,-95,10,36,97.6370849609375,99.32270812988281,98.81295776367188,99.29753112792969,97.08243560791016,97.41663360595703,98.60020446777344,97.45255279541016,93.86160278320312,96.42613983154297,99.82484436035156,97.62171936035156,101.83319854736328,100.40916442871094,101.11874389648438,99.08582305908203,101.23734283447266,96.93812561035156,101.98039245605469,100.5683822631836,100.5683822631836,101.23734283447266,97.67292022705078,102.068603515625,101.31633758544922,101.23734283447266,99.76472473144531,97.58073425292969,98.31072998046875,94.79451751708984,90.60904693603516,91.43850708007812,88.09085845947266,82.32861328125,81.68843078613281,79.02531433105469,79.02531433105469,71.84010314941406,69.20259857177734,68.60028839111328,66.85057830810547,64.20280456542969,64.20280456542969,58.52349853515625,61.587337493896484,56.080299377441406,57.706153869628906,55.4707145690918,54.5618896484375,53.712196350097656,50.15974426269531,50.0
0,-35,-95,10,36,97.51409912109375,92.6498794555664,97.01546478271484,93.40770721435547,95.60334777832031,94.64142608642578,95.88013458251953,93.30059051513672,95.5196304321289,96.4624252319336,97.14422607421875,96.00521087646484,99.00505065917969,98.23441314697266,96.25486755371094,102.04410552978516,95.7078857421875,96.17691802978516,96.60745239257812,99.80982208251953,97.98979187011719,97.08243560791016,97.57561492919922,100.17984008789062,97.57561492919922,98.48857879638672,95.07891082763672,97.30878448486328,90.13877868652344,93.92018127441406,88.8875732421875,88.60022735595703,87.09190368652344,81.74349975585938,80.28075408935547,79.30951690673828,75.70997619628906,69.42621612548828,69.05070495605469,65.30696868896484,64.93843078613281,62.96824645996094,63.78871536254883,58.694122314453125,58.215118408203125,55.44366455078125,54.037025451660156,54.00925827026367,54.00925827026367,51.03919982910156,47.26520919799805,47.67599105834961
0,-35,-95,10,37,92.6336898803711,99.03534698486328,97.0,96.8968505859375,93.50936126708984,99.15644073486328,98.71676635742188,93.86160278320312,96.40020751953125,95.21029663085938,99.4032211303711,98.73702239990234,100.40418243408203,101.78899383544922,102.08329772949219,101.78899383544922,102.39628601074219,99.64437103271484,103.44564056396484,103.44564056396484,102.39628601074219,101.71037292480469,100.70252990722656,101.71037292480469,103.77379608154297,104.30723571777344,102.07839965820312,101.0197982788086,98.60020446777344,98.40731811523438,96.82975006103516,92.45539093017578,90.27181243896484,84.2911605834961,82.07313537597656,79.24645233154297,80.62257385253906,72.83543395996094,71.4212875366211,70.71067810058594,67.88224792480469,65.11528015136719,64.35060119628906,63.03173828125,61.717098236083984,58.898216247558594,57.20139694213867,56.035701751708984,54.918121337890625,53.851646423339844,50.56678771972656,50.15974426269531
0,-35,-95,10,37,94.03190612792969,97.34988403320312,93.81364440917969,99.64437103271484,93.64827728271484,95.77056121826172,94.02127075195312,95.2575454711914,96.64884948730469,94.42987060546875,95.4620361328125,98.23441314697266,102.69371795654297,101.843017578125,103.24727630615234,101.59232330322266,104.75209045410156,97.73944854736328,104.35516357421875,103.81714630126953,102.88343048095703,105.34230041503906,97.08243560791016,102.78618621826172,104.40306854248047,103.46497344970703,105.19029998779297,99.31767272949219,102.85912322998047,92.61209106445312,94.82615661621094,90.42676544189453,88.6848373413086,86.60831451416016,84.38008880615234,78.39005279541016,76.00657653808594,74.09453582763672,74.09453582763672,73.24616241455078,67.42403411865234,69.40460968017578,62.42595672607422,62.801273345947266,60.605281829833984,58.2580451965332,57.384666442871094,55.973209381103516,50.2493782043457,51.62363815307617,51.855567932128906,50.21951675415039
0,-35,-95,11,34,95.00526428222656,95.02104949951172,100.24469757080078,101.12368774414062,101.2422866821289,99.18164825439453,97.51409912109375,99.84988403320312,101.11874389648438,100.28459167480469,104.13932800292969,104.56098937988281,104.8093490600586,103.58088684082031,102.61091613769531,105.6503677368164,105.9480972290039,107.00466918945312,107.85638427734375,107.96759033203125,105.77334594726562,108.24047088623047,106.04244232177734,111.62885284423828,109.4805908203125,106.32027435302734,105.77334594726562,104.54663848876953,103.58088684082031,103.5857162475586,96.50906372070312,98.47842407226562,95.18928527832031,89.94442749023438,86.14522552490234,86.97700500488281,83.18653869628906,76.65507507324219,74.67261505126953,71.70076751708984,70.34912872314453,68.73136138916016,68.4689712524414,64.19501495361328,63.071388244628906,59.07622146606445,58.0,57.00876998901367,56.00892639160156,55.145263671875,53.33854293823242,49.81967544555664
0,-35,-95,11,34,95.2732925415039,97.40636444091797,95.50916290283203,100.24469757080078,97.71898651123047,98.67117309570312,99.04039764404297,97.52947998046875,100.16985321044922,100.0199966430664,102.18121337890625,106.09900665283203,104.92378234863281,103.94229125976562,104.56098937988281,103.24727630615234,106.9205322265625,104.08650207519531,107.91200256347656,108.0462875366211,105.38026428222656,107.05606079101562,105.22357177734375,107.35455322265625,108.67382049560547,105.9056167602539,104.92378234863281,103.16007232666016,104.13932800292969,101.63660430908203,97.1236343383789,95.60334777832031,93.30059051513672,92.04889678955078,86.33075714111328,83.21658325195312,83.57032775878906,77.8331527709961,73.73601531982422,73.16419982910156,71.30918884277344,69.6419448852539,67.06713104248047,64.47480010986328,63.158531188964844,59.93329620361328,60.373836517333984,57.30619430541992,55.226806640625,54.64430618286133,53.600372314453125,53.15073013305664
0,-35,-95,10,38,99.02020263671875,100.30453491210938,98.61541748046875,101.0197982788086,102.15674591064453,102.04410552978516,101.23734283447266,102.04410552978516,102.04410552978516,104.31682586669922,106.94390869140625,108.0462875366211,108.75660705566406,108.22661590576172,109.07795715332031,111.22050476074219,112.05802154541016,107.91200256347656,111.77208709716797,112.05802154541016,109.41663360595703,113.53413391113281,107.70329284667969,113.46365356445312,110.38568878173828,110.98197937011719,109.93180084228516,108.30050659179688,107.04204559326172,104.23531341552734,101.53324890136719,101.98039245605469,97.08243560791016,93.62158203125,91.54779815673828,88.23831176757812,86.00581359863281,80.23091888427734,78.92401123046875,75.02666473388672,72.80110168457031,70.93659210205078,69.89277648925781,68.62215423583984,66.40782928466797,60.87692642211914,62.817195892333984,59.66573715209961,58.85575485229492,59.03388977050781,57.42821502685547,53.0848388671875
0,-34,-95,10,38,100.12492370605469,102.17631530761719,103.3247299194336,104.80458068847656,103.3247299194336,104.66136169433594,105.36128234863281,106.8316421508789,104.7377700805664,107.81465911865234,108.97705841064453,107.1680908203125,112.80514526367188,109.22454071044922,111.82575988769531,115.88356018066406,112.44554138183594,110.8873291015625,112.61438751220703,111.40017700195312,111.82575988769531,112.61438751220703,108.85311126708984,113.2298583984375,113.85077667236328,111.6646728515625,109.22454071044922,109.04127502441406,107.56393432617188,107.51744079589844,101.91172790527344,102.64988708496094,99.7045669555664,94.76286315917969,91.24143981933594,87.04596710205078,83.63013458251953,82.97589874267578,80.91971588134766,79.5110092163086,74.02702331542969,75.1664810180664,70.0,68.00735473632812,67.80117797851562,64.637451171875,62.68173599243164,61.91122817993164,60.41522979736328,59.9416389465332,55.71355438232422,55.973209381103516
0,-34,-95,10,37,97.59098052978516,97.59098052978516,102.64988708496094,101.23734283447266,101.98039245605469,98.59513092041016,102.61579132080078,101.212646484375,101.40019989013672,101.25709533691406,103.6001968383789,104.62313079833984,105.68348693847656,105.43718719482422,108.16654205322266,108.22661590576172,106.32967376708984,104.56098937988281,107.54068756103516,106.67708587646484,106.8503646850586,108.4066390991211,104.9571304321289,109.93180084228516,109.41663360595703,106.8503646850586,104.56098937988281,103.77379608154297,101.51354217529297,98.47334289550781,97.41663360595703,96.02082824707031,92.80086517333984,91.40021514892578,86.60831451416016,84.0238037109375,79.5110092163086,78.74642944335938,76.48529052734375,69.42621612548828,70.0927963256836,70.03570556640625,67.89698028564453,66.4680404663086,63.65532302856445,60.8276252746582,61.55485534667969,59.54829788208008,58.41232681274414,57.42821502685547,53.5350341796875,51.0
0,-34,-95,10,37,97.74456787109375,100.00499725341797,101.31633758544922,99.90495300292969,101.17806243896484,102.53292083740234,97.59098052978516,99.08582305908203,100.6578369140625,100.76705932617188,102.8250961303711,102.303466796875,104.01922607421875,103.23274993896484,104.20172882080078,106.25440979003906,104.62313079833984,101.40019989013672,108.16654205322266,105.20931243896484,103.81233215332031,104.62313079833984,101.83319854736328,105.68348693847656,105.43718719482422,104.04325866699219,106.60675048828125,101.82828521728516,101.67103576660156,97.6166000366211,97.94896697998047,96.54014587402344,91.43850708007812,87.20664978027344,84.89994049072266,82.07313537597656,80.62257385253906,79.90619659423828,74.2765121459961,72.83543395996094,68.59300231933594,71.4212875366211,67.94115447998047,64.44377136230469,62.28964614868164,61.073726654052734,59.03388977050781,59.203041076660156,56.30275344848633,56.080299377441406,52.839378356933594,52.32590103149414
0,-34,-95,10,36,97.24710845947266,103.5857162475586,101.07422637939453,104.20172882080078,98.38699340820312,102.41581726074219,99.31767272949219,99.4032211303711,100.31948852539062,98.79270935058594,99.72462463378906,101.51354217529297,104.04325866699219,105.6503677368164,104.9952392578125,102.2007827758789,107.00466918945312,98.49365234375,107.20074462890625,105.51303100585938,103.58088684082031,104.54663848876953,98.76234436035156,104.29285430908203,105.77334594726562,104.54663848876953,104.12012481689453,98.67117309570312,101.83319854736328,94.86833190917969,95.81753540039062,93.04837799072266,89.53770446777344,88.60022735595703,84.69356536865234,81.1541748046875,83.77350616455078,75.64390563964844,77.47257232666016,75.64390563964844,69.35416412353516,69.31810760498047,64.8459701538086,64.0078125,63.28506851196289,59.36328887939453,58.52349853515625,60.0,55.0,57.48912811279297,54.488529205322266,53.81449508666992
0,-34,-95,10,35,94.64142608642578,93.64827728271484,94.33981323242188,96.25486755371094,95.33625030517578,93.34345245361328,92.0869140625,89.02246856689453,93.00537872314453,95.04735565185547,94.00531768798828,95.13148498535156,96.08329772949219,94.33981323242188,94.2602767944336,97.51409912109375,94.8946762084961,94.5304183959961,96.87621307373047,94.8946762084961,96.42095184326172,94.04785919189453,93.4344711303711,98.0051040649414,96.6281509399414,96.51942443847656,95.2575454711914,92.43917083740234,92.19544219970703,90.19977569580078,88.00568389892578,87.05171203613281,85.0058822631836,81.00617218017578,80.02499389648438,76.02631378173828,75.00666809082031,72.17340087890625,69.18092346191406,68.11754608154297,65.27633666992188,64.28063201904297,65.37583923339844,60.530982971191406,60.67124557495117,56.29387283325195,55.31726837158203,55.54277801513672,52.81098556518555,51.865211486816406,50.15974426269531,46.957427978515625
0,-34,-95,9,43,106.30146026611328,108.29589080810547,107.11676025390625,108.22661590576172,105.1712875366211,107.07473754882812,106.01886749267578,102.04410552978516,105.0428466796875,104.12012481689453,106.11785888671875,105.57461547851562,107.56393432617188,106.79419708251953,105.68348693847656,109.32977294921875,108.18965148925781,105.9292221069336,110.64356994628906,109.23827362060547,105.22357177734375,108.85311126708984,105.07616424560547,110.0227279663086,108.0462875366211,108.18965148925781,108.67382049560547,105.9292221069336,104.93807983398438,100.7174301147461,100.4987564086914,98.32598876953125,96.18731689453125,93.13430786132812,88.14192962646484,85.09406280517578,87.02298736572266,81.0,78.00640869140625,76.00657653808594,74.02702331542969,74.02702331542969,70.06425476074219,68.11754608154297,67.26811981201172,63.19810104370117,62.3939094543457,59.53990173339844,59.228370666503906,56.04462432861328,54.708316802978516,53.3104133605957
0,-34,-95,10,36,97.25225067138672,98.32598876953125,98.50888061523438,98.32598876953125,96.51942443847656,95.63471984863281,94.64142608642578,94.8946762084961,95.03683471679688,92.76313781738281,95.90099334716797,97.01546478271484,98.48857879638672,98.76234436035156,99.20181274414062,99.04039764404297,99.72462463378906,96.5660400390625,100.57833099365234,100.0,98.49365234375,101.2422866821289,97.80081939697266,98.68130493164062,100.68763732910156,100.0,101.39033508300781,95.8018798828125,96.54014587402344,93.5574722290039,90.25519561767578,90.25519561767578,87.82368469238281,84.59314727783203,83.38465118408203,81.39410400390625,77.41446685791016,75.42546081542969,74.24284362792969,73.17103576660156,67.06713104248047,66.06814575195312,67.00746154785156,65.0076904296875,62.07253646850586,58.07753372192383,57.314918518066406,56.718605041503906,54.12947463989258,53.15073013305664,51.92301940917969,51.54609680175781
0,-34,-95,10,35,90.13877868652344,89.1852035522461,90.13877868652344,90.75791931152344,89.53770446777344,88.25531005859375,87.46427917480469,85.23497009277344,88.63971710205078,88.14192962646484,89.44271850585938,91.24143981933594,88.1929702758789,89.06739044189453,91.78779602050781,92.28217315673828,89.69392395019531,90.55384826660156,91.26883697509766,92.6498794555664,90.91754150390625,93.49331665039062,90.55384826660156,92.96235656738281,93.29522705078125,91.06591033935547,93.1504135131836,92.1791763305664,89.005615234375,87.20664978027344,84.5813217163086,81.85963439941406,79.84986114501953,78.18567657470703,76.32168579101562,73.53910827636719,71.16881561279297,67.35725402832031,65.78753662109375,62.297672271728516,64.51356506347656,59.77457809448242,60.083274841308594,57.9741325378418,54.34151077270508,53.36665725708008,53.75872039794922,51.62363815307617,49.25444030761719,47.16990661621094,46.010868072509766,44.18144226074219
0,-34,-95,10,36,100.04499053955078,99.08077239990234,101.04454803466797,99.0,100.04499053955078,98.0204086303711,96.13011932373047,95.33625030517578,98.32598876953125,96.6281509399414,98.0051040649414,99.63935089111328,101.0,101.98039245605469,102.77159118652344,103.16007232666016,102.39140319824219,101.20276641845703,102.35721588134766,101.41498565673828,102.18121337890625,104.78549194335938,100.43903350830078,104.04806518554688,105.5367202758789,105.5367202758789,104.92378234863281,101.60708618164062,99.84988403320312,96.87621307373047,94.42987060546875,92.54188537597656,90.19977569580078,89.14033508300781,86.05230712890625,83.09632873535156,80.09993743896484,78.05767059326172,75.00666809082031,71.0,69.00724792480469,67.0,66.06814575195312,62.12889862060547,63.19810104370117,59.41380310058594,57.706153869628906,56.88584899902344,54.12947463989258,54.120235443115234,52.201534271240234,49.39635467529297
0,-35,-95,9,42,100.84642028808594,99.95999145507812,101.95096588134766,100.08995819091797,101.55294036865234,96.17691802978516,98.41239929199219,97.94896697998047,98.41239929199219,99.4786376953125,101.0197982788086,102.08329772949219,102.34255981445312,101.25709533691406,100.12492370605469,104.62313079833984,100.43903350830078,103.73042297363281,104.01922607421875,104.62313079833984,103.17460632324219,105.80170440673828,105.43718719482422,105.8914566040039,107.41508483886719,108.00463104248047,104.8475112915039,105.15226745605469,98.47842407226562,101.3558120727539,95.38343811035156,93.05912017822266,91.24143981933594,86.33075714111328,84.17243957519531,83.63013458251953,77.82030487060547,76.02631378173828,74.32361602783203,70.26378631591797,70.26378631591797,68.15423583984375,69.07966613769531,62.96824645996094,62.297672271728516,57.87054443359375,58.24087905883789,55.785301208496094,56.08921432495117,52.95280838012695,50.635955810546875,50.08992004394531
0,-35,-95,10,36,96.25486755371094,97.90811920166016,95.0,97.08243560791016,95.21029663085938,95.44107818603516,95.0,94.64142608642578,95.90099334716797,96.33275604248047,94.9210205078125,99.00505065917969,100.44898986816406,101.11874389648438,103.23758697509766,102.53292083740234,99.00505065917969,96.16651916503906,101.91172790527344,103.27632904052734,100.40916442871094,105.36128234863281,101.11874389648438,104.69001770019531,103.96633911132812,103.96633911132812,106.8877944946289,100.76705932617188,102.303466796875,94.64142608642578,94.02127075195312,93.60021209716797,91.8368148803711,85.4400405883789,85.75546264648438,78.00640869140625,79.07591247558594,75.80237579345703,72.40165710449219,69.35416412353516,63.95310592651367,64.88451385498047,63.06346130371094,62.60990524291992,59.50630187988281,57.775428771972656,56.46237564086914,54.424259185791016,53.141319274902344,52.49761962890625,50.447994232177734,50.0099983215332
0,-35,-95,10,37,91.52595520019531,90.97252655029297,95.0,93.40770721435547,94.64142608642578,91.21403503417969,89.3756103515625,90.68627166748047,90.55384826660156,92.69843292236328,94.75231170654297,95.4620361328125,94.84724426269531,96.42613983154297,97.83660125732422,100.12492370605469,96.21330261230469,96.04686737060547,99.02020263671875,98.40731811523438,99.35794067382812,101.04454803466797,97.18538665771484,100.42410278320312,100.2646484375,99.35794067382812,100.6578369140625,99.08582305908203,94.11163330078125,93.38094329833984,87.69264221191406,86.31338500976562,86.31338500976562,80.15609741210938,80.91971588134766,76.69419860839844,74.5184555053711,72.00694274902344,68.7677230834961,65.94694519042969,64.53681182861328,65.19202423095703,61.073726654052734,57.20139694213867,56.40035629272461,55.803226470947266,55.217750549316406,52.15361785888672,51.4781494140625,51.0,48.30113983154297,47.53945541381836
0,-35,-95,10,37,94.8946762084961,95.29428100585938,97.94386291503906,96.60227966308594,96.15092468261719,95.7078857421875,95.34149169921875,95.85926818847656,98.23441314697266,97.71898651123047,99.6242904663086,99.32774353027344,102.78618621826172,103.44564056396484,102.48902130126953,102.35721588134766,100.16985321044922,102.2007827758789,100.66280364990234,104.29285430908203,104.12012481689453,104.54663848876953,100.68763732910156,106.96260833740234,105.51303100585938,104.40306854248047,104.35516357421875,102.88343048095703,100.6578369140625,98.08159637451172,94.93682098388672,94.93682098388672,91.67878723144531,84.9705810546875,86.31338500976562,78.71467590332031,77.82672882080078,74.30342864990234,71.5541763305664,68.47627258300781,68.09552001953125,66.37017059326172,62.265560150146484,65.0,59.36328887939453,57.14017868041992,54.64430618286133,56.61272048950195,55.0,52.49761962890625,52.32590103149414,49.67897033691406
0,-35,-95,10,37,94.57801055908203,95.69221496582031,94.20191192626953,97.20082092285156,94.81033325195312,94.64142608642578,95.90099334716797,96.54014587402344,98.49365234375,96.17691802978516,98.2903823852539,100.41912078857422,99.76472473144531,102.64988708496094,107.56393432617188,104.13932800292969,103.5857162475586,102.59142303466797,104.35037231445312,103.5857162475586,104.80458068847656,105.64563751220703,101.23734283447266,106.52699279785156,106.4048843383789,106.8316421508789,105.36128234863281,103.94710540771484,100.44898986816406,99.08582305908203,94.84724426269531,92.8493423461914,90.90654754638672,85.2760238647461,83.40863037109375,80.60397338867188,78.4091796875,74.20242309570312,72.20111083984375,69.02897644042969,66.0302963256836,68.4105224609375,62.801273345947266,62.42595672607422,59.36328887939453,57.14017868041992,57.14017868041992,55.94640350341797,52.839378356933594,51.429561614990234,52.801513671875,50.59644317626953
0,-35,-95,10,37,91.19758605957031,91.0494384765625,92.0,96.0,91.02197265625,94.0,92.26592254638672,92.13577270507812,94.2602767944336,96.33275604248047,98.32598876953125,97.73944854736328,97.73944854736328,96.87621307373047,98.85848236083984,98.84330749511719,99.04039764404297,98.65596771240234,101.98039245605469,102.39140319824219,100.28459167480469,103.16007232666016,98.85848236083984,103.7545166015625,103.09703826904297,99.98500061035156,100.60317993164062,95.63471984863281,96.6281509399414,93.53608703613281,92.26592254638672,90.13877868652344,88.0511245727539,83.0,79.00633239746094,76.0,76.00657653808594,73.06161499023438,68.02940368652344,66.0302963256836,67.02984619140625,65.0076904296875,60.008331298828125,60.074954986572266,58.07753372192383,56.4358024597168,55.44366455078125,52.345008850097656,52.77309799194336,51.41984176635742,50.0,46.81879806518555
0,-35,-95,11,34,97.74456787109375,100.42410278320312,101.2422866821289,103.3247299194336,98.67117309570312,98.03060913085938,98.68130493164062,100.46392059326172,103.81714630126953,99.80982208251953,102.04410552978516,106.92988586425781,104.69479370117188,105.11898040771484,108.30050659179688,107.35455322265625,107.91200256347656,105.0951919555664,107.82392883300781,107.04204559326172,105.99056243896484,112.37882232666016,106.94390869140625,109.2748794555664,110.01818084716797,109.56732940673828,108.7474136352539,108.46197509765625,106.6208267211914,99.92497253417969,96.79875946044922,97.30878448486328,93.30059051513672,88.25531005859375,89.4930191040039,83.16850280761719,81.90848541259766,78.44743347167969,76.24303436279297,73.38937377929688,69.6419448852539,69.2603759765625,67.72000885009766,63.60031509399414,64.28841400146484,64.03124237060547,58.46366500854492,59.43904495239258,57.87054443359375,56.22277069091797,55.081756591796875,54.0
0,-35,-95,11,33,92.00543212890625,94.02127075195312,92.02173614501953,95.13148498535156,90.0888442993164,94.19129180908203,93.34345245361328,94.64142608642578,94.64142608642578,92.43917083740234,96.7470932006836,96.87621307373047,99.14131164550781,98.65596771240234,101.11874389648438,96.8813705444336,101.63660430908203,97.08243560791016,100.43903350830078,101.41498565673828,98.31072998046875,100.22474670410156,96.02603912353516,101.0,101.11874389648438,102.1077880859375,99.60923767089844,97.41663360595703,97.51409912109375,91.26883697509766,92.13577270507812,87.20664978027344,87.02298736572266,82.00609588623047,80.0,76.00657653808594,75.02666473388672,73.10950469970703,72.11102294921875,70.11418914794922,64.1248779296875,67.06713104248047,61.032779693603516,62.3939094543457,59.304298400878906,56.4358024597168,55.578773498535156,54.918121337890625,52.39274597167969,51.92301940917969,51.26402282714844,49.19349670410156
0,-35,-95,10,37,101.83319854736328,99.29753112792969,100.90093994140625,100.5683822631836,101.39033508300781,97.69339752197266,99.4032211303711,100.17984008789062,102.41581726074219,99.76472473144531,104.23531341552734,104.31682586669922,105.81587982177734,106.32967376708984,106.67708587646484,106.53168487548828,108.45275115966797,104.30723571777344,108.72441864013672,107.91200256347656,107.37783813476562,108.75660705566406,102.08329772949219,109.85900115966797,108.45275115966797,109.07795715332031,106.8503646850586,108.0462875366211,103.94229125976562,99.4786376953125,97.94896697998047,95.77056121826172,94.81033325195312,87.20664978027344,86.33075714111328,84.9705810546875,79.62411499023438,78.79086303710938,77.38862609863281,75.58438873291016,71.58910369873047,70.26378631591797,66.30987548828125,65.39112854003906,63.324562072753906,61.6846809387207,61.032779693603516,60.728904724121094,60.63827133178711,59.90826416015625,55.90169906616211,55.3263053894043
0,-35,-95,10,38,99.86490631103516,102.90287017822266,102.00489807128906,102.2007827758789,101.67103576660156,102.61579132080078,104.23531341552734,101.91172790527344,103.3247299194336,104.00480651855469,104.7377700805664,106.0660171508789,107.48023223876953,108.90362548828125,106.79419708251953,109.04127502441406,106.21675872802734,107.51744079589844,107.71257781982422,108.97705841064453,108.97705841064453,111.1980209350586,105.38026428222656,112.48555755615234,111.07205200195312,107.51744079589844,106.77546691894531,106.07544708251953,104.00480651855469,101.23734283447266,97.18538665771484,98.71676635742188,93.86160278320312,89.49860382080078,89.02246856689453,84.81155395507812,83.00602722167969,78.00640869140625,76.40026092529297,73.40980529785156,72.20111083984375,68.818603515625,72.42237091064453,67.67569732666016,66.85057830810547,62.433963775634766,61.400325775146484,61.29437255859375,58.30952072143555,57.584720611572266,56.61272048950195,55.785301208496094
0,-35,-95,10,37,101.53324890136719,100.60317993164062,101.40019989013672,102.80078125,103.46980285644531,99.6242904663086,99.29753112792969,100.95543670654297,102.08329772949219,102.21546173095703,105.19029998779297,108.4066390991211,105.0951919555664,106.43777465820312,106.43777465820312,111.40017700195312,104.78549194335938,105.11898040771484,105.19029998779297,107.78682708740234,106.43777465820312,108.7474136352539,106.0235824584961,107.01869201660156,106.8877944946289,105.0951919555664,105.99056243896484,106.47064971923828,101.212646484375,98.48857879638672,92.78469848632812,93.49331665039062,93.81364440917969,88.5098876953125,83.81526947021484,85.98255920410156,79.07591247558594,78.49203491210938,76.27581787109375,70.45565795898438,74.63243103027344,69.89277648925781,72.42237091064453,65.6048812866211,66.70832061767578,63.78087615966797,64.44377136230469,64.38167572021484,62.93647766113281,58.13776779174805,59.66573715209961,54.918121337890625
0,-34,-95,10,38,101.0197982788086,104.12012481689453,101.40019989013672,104.12012481689453,100.12492370605469,101.59724426269531,102.48902130126953,100.84146118164062,101.96568298339844,101.43470764160156,103.7545166015625,105.5367202758789,106.23088073730469,107.20074462890625,105.5367202758789,106.23088073730469,109.63575744628906,105.26158142089844,108.52188873291016,106.48004150390625,108.17115783691406,107.20074462890625,106.23088073730469,110.0636215209961,109.8954086303711,110.35397338867188,105.99056243896484,104.13932800292969,103.7545166015625,98.84330749511719,100.12991333007812,96.02603912353516,92.6552734375,89.67720031738281,86.46965026855469,81.74349975585938,81.74349975585938,77.41446685791016,76.53103637695312,76.2364730834961,70.25667572021484,73.33484649658203,70.25667572021484,68.18357849121094,67.11929321289062,63.0079345703125,65.0076904296875,61.13100814819336,61.29437255859375,59.21148681640625,56.88584899902344,55.081756591796875
0,-34,-95,10,37,102.64988708496094,101.60708618164062,102.34255981445312,103.46980285644531,104.00961303710938,102.92716217041016,103.24727630615234,101.71037292480469,105.19029998779297,106.47064971923828,103.31021118164062,106.45186614990234,106.51290893554688,108.33743286132812,106.45186614990234,110.30865478515625,107.15409088134766,107.01869201660156,109.20164489746094,108.07867431640625,106.51290893554688,109.00458526611328,108.85311126708984,109.5627670288086,110.30865478515625,106.92988586425781,108.7474136352539,107.42439270019531,104.21611785888672,101.96568298339844,97.06183624267578,93.05912017822266,94.5145492553711,90.55384826660156,87.46427917480469,86.45230102539062,81.12335968017578,79.4040298461914,76.66159057617188,72.40165710449219,73.9256362915039,71.69379425048828,71.02112579345703,66.2872543334961,67.95587158203125,65.0,63.60031509399414,63.78087615966797,65.79513549804688,62.93647766113281,56.7274169921875,55.803226470947266
0,-34,-95,10,37,96.7470932006836,95.52486419677734,98.97979736328125,99.98500061035156,97.1287841796875,95.29428100585938,97.49359130859375,95.2575454711914,97.50897216796875,98.0866928100586,99.5389404296875,99.72462463378906,100.90093994140625,101.19288635253906,99.02020263671875,103.44564056396484,99.92997741699219,99.92997741699219,100.28459167480469,101.2422866821289,102.45974731445312,101.19288635253906,100.57833099365234,103.58088684082031,103.16007232666016,103.09219360351562,99.02020263671875,98.68130493164062,97.40636444091797,96.93296813964844,88.63971710205078,91.28527069091797,85.42832946777344,84.69356536865234,81.84130859375,79.2022705078125,79.2022705078125,74.24958038330078,70.26378631591797,69.31810760498047,69.77105712890625,67.08203887939453,67.97793579101562,62.64982223510742,65.0,59.6824951171875,59.64059066772461,58.8217658996582,56.40035629272461,55.31726837158203,53.740116119384766,52.345008850097656
0,-34,-95,11,33,105.81587982177734,100.34440612792969,107.35455322265625,103.44564056396484,104.23531341552734,102.42070007324219,103.78824615478516,102.45974731445312,103.07764434814453,104.54663848876953,106.77546691894531,106.28263854980469,106.25440979003906,105.9480972290039,102.45974731445312,110.16351318359375,104.8093490600586,106.32027435302734,105.01904296875,107.00466918945312,105.9480972290039,108.93116760253906,108.93116760253906,109.1421127319336,107.96759033203125,107.2800064086914,104.69479370117188,105.9480972290039,103.09219360351562,102.14205932617188,96.4624252319336,95.07891082763672,94.5409927368164,88.63971710205078,86.53900909423828,85.61541748046875,83.77350616455078,76.15773010253906,75.23961639404297,73.40980529785156,74.32361602783203,68.02940368652344,70.21395874023438,67.11929321289062,66.64833068847656,62.17716598510742,62.7694206237793,62.42595672607422,61.61168670654297,59.203041076660156,58.2580451965332,55.226806640625
0,-34,-95,10,37,104.86181640625,101.0197982788086,106.0,103.73042297363281,106.0,101.2422866821289,101.3558120727539,98.97979736328125,102.4743881225586,102.85912322998047,105.11898040771484,103.46980285644531,106.23088073730469,107.70329284667969,105.47511291503906,109.44404602050781,104.67568969726562,106.6255111694336,107.51744079589844,107.22406768798828,106.6255111694336,109.11003875732422,106.97663116455078,110.44002532958984,108.15729522705078,107.22406768798828,103.73042297363281,106.97663116455078,103.24727630615234,102.15674591064453,98.0866928100586,95.2732925415039,94.82615661621094,89.005615234375,85.42247772216797,84.53401947021484,82.29216003417969,76.94153594970703,73.79024505615234,71.11962127685547,71.5541763305664,68.88395690917969,70.23532104492188,64.0078125,65.0,59.90826416015625,61.61168670654297,59.203041076660156,59.66573715209961,58.13776779174805,56.58621597290039,55.226806640625
0,-34,-95,10,36,98.79270935058594,99.5389404296875,98.03060913085938,100.5683822631836,98.97979736328125,100.0,99.45853424072266,97.01546478271484,96.7729263305664,99.04039764404297,102.61091613769531,101.78899383544922,99.63935089111328,100.9752426147461,98.99494934082031,104.69001770019531,101.59724426269531,100.4987564086914,103.31021118164062,103.31021118164062,100.60317993164062,102.23991394042969,100.4987564086914,103.12128448486328,103.48429870605469,102.39628601074219,103.3924560546875,98.73196411132812,98.85848236083984,94.3663101196289,93.5574722290039,94.5409927368164,87.29833984375,84.72307586669922,82.0,81.25269317626953,79.55501556396484,75.43209075927734,73.24616241455078,68.15423583984375,68.15423583984375,68.15423583984375,65.25334930419922,64.03124237060547,61.98386764526367,60.083274841308594,56.64803695678711,56.080299377441406,53.712196350097656,55.009090423583984,51.97114562988281,51.865211486816406
0,-34,-95,10,36,99.68952178955078,97.74456787109375,99.2471694946289,100.22474670410156,96.50906372070312,98.06120300292969,97.29337310791016,96.50906372070312,96.17691802978516,93.64827728271484,98.24967956542969,99.12618255615234,100.0199966430664,100.04499053955078,103.17460632324219,99.08077239990234,100.0,99.04544067382812,100.0199966430664,102.04410552978516,100.12492370605469,102.01960754394531,98.0051040649414,102.07839965820312,103.00485229492188,103.00485229492188,101.17806243896484,100.17984008789062,99.50376892089844,95.42536163330078,91.92388153076172,92.07062530517578,89.62700653076172,85.32877349853516,82.0,78.64476776123047,75.13321685791016,74.3303451538086,72.36711883544922,68.65857696533203,66.21932983398438,66.70832061767578,61.84658432006836,60.4400520324707,60.728904724121094,58.18934631347656,57.584720611572266,56.859474182128906,53.3104133605957,51.4781494140625,51.0,48.25971221923828
0,-34,-95,10,36,103.7545166015625,103.57605743408203,104.8093490600586,101.96568298339844,101.96568298339844,100.84146118164062,101.49384307861328,101.17806243896484,102.23991394042969,101.07917785644531,101.00495147705078,106.00471496582031,106.01886749267578,104.07689666748047,107.04204559326172,108.22661590576172,104.58011627197266,102.17631530761719,103.3924560546875,106.38138580322266,103.23758697509766,107.29864501953125,106.11785888671875,104.58011627197266,108.22661590576172,106.30146026611328,108.07405090332031,107.04204559326172,100.00499725341797,102.00489807128906,96.18731689453125,95.13148498535156,92.13577270507812,89.27485656738281,87.3670425415039,84.2911605834961,79.5110092163086,75.53807067871094,73.68174743652344,73.82411193847656,69.72087097167969,67.47592163085938,66.91038513183594,61.814239501953125,62.36986541748047,59.43904495239258,60.4400520324707,60.16643524169922,56.61272048950195,53.48831558227539,53.48831558227539,51.429561614990234
0,-34,-95,10,36,99.5389404296875,102.15674591064453,98.48857879638672,103.46980285644531,97.57561492919922,99.80982208251953,98.38699340820312,98.41239929199219,97.49359130859375,95.52486419677734,97.41663360595703,100.12492370605469,101.78899383544922,101.0197982788086,101.25709533691406,103.2279052734375,102.41581726074219,99.4032211303711,102.61579132080078,102.2007827758789,103.00485229492188,103.2279052734375,100.0,105.26158142089844,102.00489807128906,104.40306854248047,102.90287017822266,100.70252990722656,101.54801940917969,96.04165649414062,92.78469848632812,93.1504135131836,88.1192398071289,85.42247772216797,84.9705810546875,81.84130859375,79.60527801513672,72.91776275634766,71.5541763305664,68.02940368652344,66.70832061767578,63.158531188964844,64.47480010986328,58.30952072143555,60.406951904296875,56.61272048950195,56.61272048950195,55.785301208496094,53.851646423339844,52.39274597167969,48.3735466003418,49.36598205566406
0,-34,-95,9,42,105.0047607421875,107.00466918945312,104.12012481689453,106.11785888671875,104.17293548583984,104.07689666748047,103.23758697509766,101.49384307861328,104.58011627197266,102.1077880859375,106.21205139160156,104.7377700805664,105.11898040771484,106.51290893554688,108.90821838378906,106.73799896240234,107.2800064086914,107.00466918945312,109.76793670654297,107.96759033203125,106.32027435302734,109.20164489746094,107.00466918945312,109.41663360595703,109.8954086303711,106.32027435302734,108.41586303710938,105.26158142089844,101.63660430908203,101.0,99.63935089111328,95.18928527832031,95.03683471679688,91.92388153076172,90.55384826660156,86.28441619873047,83.38465118408203,76.2364730834961,76.41989135742188,74.24284362792969,69.2603759765625,67.18630981445312,68.06614685058594,65.0691909790039,59.03388977050781,61.0,58.03447341918945,58.13776779174805,56.14267349243164,53.600372314453125,53.93514633178711,50.695167541503906
0,-34,-95,10,36,97.86214447021484,96.7729263305664,102.55242919921875,98.48857879638672,98.0866928100586,95.75489807128906,96.15092468261719,95.2575454711914,97.52947998046875,98.61541748046875,98.61541748046875,99.64437103271484,99.02020263671875,98.73702239990234,97.6370849609375,103.73042297363281,101.0197982788086,102.90287017822266,99.4032211303711,104.62313079833984,100.68763732910156,101.0197982788086,100.68763732910156,103.6001968383789,104.86181640625,99.86490631103516,99.85990142822266,102.72779846191406,97.24710845947266,99.36296844482422,93.91485595703125,94.81033325195312,88.56636047363281,85.90692901611328,81.70679473876953,79.30951690673828,74.09453582763672,73.16419982910156,69.6419448852539,67.41661834716797,66.128662109375,64.19501495361328,64.19501495361328,58.8217658996582,58.52349853515625,54.4058837890625,56.04462432861328,53.93514633178711,50.80354309082031,48.3735466003418,48.093658447265625,45.0111083984375
0,-34,-95,10,35,95.2732925415039,94.2443618774414,93.40770721435547,95.07891082763672,94.5409927368164,91.78779602050781,92.70382690429688,90.47099304199219,93.02149963378906,93.1504135131836,92.43917083740234,97.41663360595703,95.96353149414062,95.13148498535156,96.04165649414062,96.51942443847656,96.26006317138672,95.41488647460938,98.81295776367188,97.6370849609375,95.41488647460938,97.34988403320312,93.74433135986328,99.4032211303711,99.29753112792969,98.18350219726562,97.94386291503906,96.8968505859375,96.25486755371094,91.7060546875,89.44271850585938,86.8158950805664,85.0,82.46211242675781,80.41144561767578,78.0,73.00685119628906,70.7742919921875,66.48307800292969,65.78753662109375,62.96824645996094,61.98386764526367,60.083274841308594,56.61272048950195,54.4058837890625,54.5710563659668,52.17279052734375,52.95280838012695,48.66210174560547,48.66210174560547,45.27692413330078,47.01063537597656
0,-34,-95,10,36,95.77056121826172,97.6166000366211,97.41663360595703,98.27003479003906,96.8968505859375,94.87360382080078,95.69221496582031,93.81364440917969,96.60745239257812,94.81033325195312,96.82975006103516,98.08159637451172,97.0,97.08243560791016,99.82484436035156,100.4987564086914,100.4987564086914,99.03534698486328,101.11874389648438,101.82337951660156,99.76472473144531,102.53292083740234,99.82484436035156,103.24727630615234,103.27632904052734,101.98039245605469,102.72779846191406,98.71676635742188,98.08159637451172,95.42536163330078,91.60785675048828,90.8019790649414,89.05054473876953,86.26702880859375,80.70935821533203,79.4040298461914,74.4311752319336,71.34423828125,69.97142028808594,65.0,63.28506851196289,63.631752014160156,60.90156173706055,56.35601043701172,56.35601043701172,53.712196350097656,52.801513671875,52.0,48.703182220458984,50.9215087890625,47.53945541381836,46.3249397277832
0,-34,-95,10,36,92.95697784423828,94.4933853149414,95.60334777832031,96.04686737060547,95.60334777832031,92.00543212890625,92.41753387451172,92.41753387451172,94.03190612792969,92.96235656738281,94.66783905029297,94.8946762084961,98.0051040649414,95.2575454711914,96.60227966308594,96.64884948730469,95.7078857421875,96.60227966308594,96.60745239257812,97.94386291503906,97.1287841796875,101.53324890136719,98.0051040649414,100.17984008789062,100.23971557617188,98.0051040649414,98.61541748046875,100.4987564086914,97.09788513183594,95.41488647460938,88.23265075683594,90.0,85.2760238647461,82.2192153930664,79.30951690673828,78.10249328613281,74.5184555053711,70.76722717285156,66.52819061279297,65.0691909790039,62.22539520263672,60.8276252746582,61.55485534667969,58.0,55.973209381103516,51.088157653808594,50.6063232421875,50.447994232177734,50.21951675415039,47.16990661621094,45.79301071166992,43.863426208496094
0,-35,-95,10,36,95.58765411376953,95.67131042480469,98.85848236083984,93.7229995727539,97.45255279541016,93.40770721435547,95.0,94.20191192626953,95.13148498535156,95.18928527832031,98.27003479003906,97.6166000366211,98.48857879638672,97.1287841796875,97.1287841796875,101.07422637939453,97.94386291503906,98.83824920654297,98.41239929199219,101.07917785644531,101.11874389648438,100.62306213378906,98.38699340820312,103.87010955810547,103.31021118164062,100.18482971191406,101.11874389648438,99.36296844482422,98.48857879638672,99.64437103271484,92.9139404296875,89.87213134765625,89.62700653076172,82.80096435546875,80.0,78.00640869140625,73.40980529785156,71.84010314941406,69.02897644042969,65.29930877685547,65.94694519042969,61.22091293334961,62.481998443603516,59.46427536010742,57.314918518066406,52.345008850097656,53.75872039794922,50.990196228027344,50.2493782043457,49.20365905761719,44.40720748901367,41.400482177734375
0,-35,-95,10,36,93.471923828125,94.3663101196289,92.66067504882812,92.66067504882812,91.06591033935547,90.73587799072266,91.58602142333984,90.42676544189453,91.52595520019531,91.21403503417969,92.61749267578125,93.23625946044922,95.13148498535156,95.01578521728516,97.30878448486328,96.54014587402344,98.71676635742188,93.60555267333984,98.41239929199219,96.42613983154297,96.42613983154297,98.71676635742188,95.7757797241211,98.35140991210938,100.76705932617188,98.08159637451172,99.02020263671875,97.20082092285156,96.83490753173828,92.35800170898438,91.26883697509766,89.35882568359375,85.58621215820312,82.36504364013672,80.0624771118164,72.89718627929688,72.4706802368164,68.42514038085938,65.30696868896484,65.30696868896484,61.84658432006836,61.84658432006836,57.775428771972656,53.851646423339844,54.7813835144043,50.9215087890625,51.865211486816406,50.59644317626953,47.53945541381836,45.12205505371094,45.12205505371094,45.27692413330078
0,-35,-95,10,36,91.9673843383789,90.68627166748047,96.67471313476562,93.7229995727539,92.45539093017578,91.83136749267578,90.8019790649414,93.4772720336914,93.23089599609375,96.04165649414062,95.71833801269531,95.01578521728516,98.48857879638672,97.1287841796875,98.0051040649414,101.212646484375,99.84988403320312,97.52947998046875,99.7296371459961,99.28242492675781,98.88377380371094,103.31021118164062,98.88377380371094,101.07422637939453,102.0,101.59724426269531,102.72779846191406,101.0197982788086,95.69221496582031,95.13148498535156,89.62700653076172,90.60353088378906,86.68333435058594,81.83519744873047,80.28075408935547,77.15568542480469,72.86288452148438,70.83784484863281,66.60330200195312,65.94694519042969,62.2414665222168,60.8276252746582,60.81118392944336,55.154327392578125,55.865909576416016,53.075416564941406,53.81449508666992,48.91830062866211,49.04079818725586,46.04345703125,46.3249397277832,44.72135925292969
0,-35,-95,11,33,96.3846435546875,90.82400512695312,95.2575454711914,92.59049987792969,93.471923828125,92.13577270507812,94.42987060546875,90.2496566772461,96.93296813964844,95.81753540039062,98.35140991210938,96.16651916503906,99.32774353027344,100.42410278320312,98.08159637451172,103.3247299194336,99.92497253417969,102.1077880859375,101.63660430908203,103.5857162475586,101.13851928710938,104.04806518554688,102.1077880859375,102.61091613769531,103.3247299194336,102.88343048095703,101.2422866821289,104.04325866699219,98.68130493164062,98.68130493164062,91.78779602050781,91.38927459716797,89.96110534667969,86.33075714111328,80.49844360351562,81.84130859375,78.29431915283203,71.58910369873047,70.8307876586914,65.29930877685547,65.86349487304688,60.0333251953125,62.17716598510742,56.82429122924805,55.56977462768555,51.62363815307617,53.25410842895508,49.40647888183594,50.21951675415039,51.088157653808594,48.91830062866211,45.25483322143555
0,-35,-95,10,37,91.54779815673828,95.67131042480469,93.38094329833984,96.17691802978516,92.6552734375,93.33809661865234,91.93476104736328,92.8493423461914,95.01578521728516,94.64142608642578,97.45255279541016,101.0197982788086,100.20977783203125,101.40019989013672,101.0197982788086,101.25709533691406,100.40418243408203,101.25709533691406,101.78899383544922,104.56098937988281,102.07839965820312,104.00961303710938,99.86490631103516,106.53168487548828,104.56098937988281,105.43718719482422,102.2007827758789,100.42410278320312,99.63935089111328,96.67471313476562,93.50936126708984,92.76313781738281,90.52071380615234,85.5628433227539,82.73451232910156,79.20858764648438,76.41989135742188,71.58910369873047,69.3108901977539,65.85590362548828,65.85590362548828,63.03173828125,61.55485534667969,58.051700592041016,56.7274169921875,51.855567932128906,52.63079071044922,50.80354309082031,46.615447998046875,48.54894256591797,47.70744323730469,44.72135925292969
0,-35,-95,11,33,93.6375961303711,91.08238220214844,95.33625030517578,91.21403503417969,95.60334777832031,91.21403503417969,94.9210205078125,92.19544219970703,94.9210205078125,94.9210205078125,99.04039764404297,96.33794403076172,99.29753112792969,99.98500061035156,96.87621307373047,102.39628601074219,99.40824890136719,100.4987564086914,99.50376892089844,102.31324768066406,101.59724426269531,101.49384307861328,103.09703826904297,106.9205322265625,104.56098937988281,102.25947570800781,102.9611587524414,102.18121337890625,96.31718444824219,99.20181274414062,91.76055908203125,93.96276092529297,87.59566497802734,84.8646011352539,81.27114868164062,79.47956085205078,75.7693862915039,69.85699462890625,68.02940368652344,64.47480010986328,64.07807922363281,60.539241790771484,60.41522979736328,56.79788589477539,53.66563034057617,52.32590103149414,51.4781494140625,51.0,49.92995071411133,49.40647888183594,47.801673889160156,44.59820556640625
0,-35,-95,10,37,92.35800170898438,93.30059051513672,94.64142608642578,94.9210205078125,95.33625030517578,90.2496566772461,94.3663101196289,94.14881896972656,95.35198211669922,95.7078857421875,97.32420349121094,98.99494934082031,100.60317993164062,100.60317993164062,101.96568298339844,102.31324768066406,100.31948852539062,99.50376892089844,102.23991394042969,103.31021118164062,102.48902130126953,104.30723571777344,101.71037292480469,105.57461547851562,103.94710540771484,102.70345306396484,103.57605743408203,103.7545166015625,99.82484436035156,100.43903350830078,94.11163330078125,91.76055908203125,87.93179321289062,84.43340301513672,80.3243408203125,80.05622863769531,75.3923110961914,71.51223754882812,66.48307800292969,65.55150604248047,65.19202423095703,61.46543884277344,61.32699203491211,56.46237564086914,55.54277801513672,53.22593307495117,49.658836364746094,51.89412307739258,49.648765563964844,50.774009704589844,47.434165954589844,45.607017517089844
0,-35,-95,10,36,91.7060546875,92.34716796875,92.1791763305664,97.1236343383789,93.68030548095703,94.3716049194336,95.34149169921875,95.34149169921875,96.10411071777344,96.50906372070312,101.11874389648438,99.98500061035156,101.71037292480469,98.85848236083984,101.83319854736328,100.84146118164062,103.48429870605469,100.84146118164062,103.3924560546875,103.5857162475586,101.83319854736328,103.69667053222656,100.9752426147461,106.67708587646484,104.8093490600586,107.91200256347656,102.9611587524414,100.66280364990234,101.63660430908203,97.98469543457031,95.33625030517578,92.34716796875,88.86506652832031,86.72946166992188,82.63776397705078,78.54934692382812,73.00685119628906,72.23572540283203,69.85699462890625,66.70832061767578,62.64982223510742,62.2414665222168,58.600341796875,59.05929183959961,55.90169906616211,53.66563034057617,55.07267761230469,51.97114562988281,51.03919982910156,50.477718353271484,48.010414123535156,45.343135833740234
0,-35,-95,11,33,98.15293884277344,93.90420532226562,98.61541748046875,94.76286315917969,95.2575454711914,96.25486755371094,97.08243560791016,97.04637908935547,98.0204086303711,98.0,101.00495147705078,103.17460632324219,104.07689666748047,103.17460632324219,102.23991394042969,105.385009765625,104.58011627197266,104.23531341552734,105.80170440673828,105.57461547851562,108.37435150146484,105.57461547851562,105.23307800292969,109.65856170654297,109.29318237304688,108.16654205322266,108.11567687988281,104.00480651855469,104.01922607421875,101.04454803466797,96.13011932373047,95.33625030517578,92.26592254638672,88.56636047363281,83.48652648925781,82.49242401123047,77.64663696289062,74.96665954589844,73.68174743652344,66.48307800292969,64.62971496582031,63.78871536254883,62.801273345947266,61.188232421875,58.85575485229492,56.08921432495117,52.77309799194336,51.6623649597168,53.16013717651367,48.08325958251953,50.695167541503906,48.754486083984375
0,-35,-95,10,37,94.3716049194336,94.5568618774414,95.81753540039062,96.4624252319336,98.03060913085938,97.40636444091797,97.69339752197266,96.66436767578125,95.75489807128906,99.31767272949219,99.74467468261719,100.23971557617188,101.07422637939453,102.88343048095703,105.58882141113281,103.77379608154297,106.32967376708984,103.44564056396484,105.47511291503906,105.47511291503906,105.47511291503906,106.32967376708984,104.8093490600586,105.81587982177734,109.41663360595703,104.31682586669922,106.00471496582031,103.36827087402344,105.0951919555664,97.08243560791016,94.5409927368164,91.54779815673828,92.11405944824219,85.38150024414062,84.11896514892578,79.71198272705078,76.843994140625,76.5375747680664,71.47027587890625,68.94925689697266,64.8459701538086,64.8459701538086,62.93647766113281,57.9741325378418,57.00876998901367,53.36665725708008,53.600372314453125,54.918121337890625,51.788028717041016,51.35172653198242,49.09175109863281,45.0
0,-35,-95,10,38,94.03190612792969,97.94386291503906,95.7131118774414,96.3846435546875,97.52947998046875,96.17691802978516,98.84330749511719,97.08243560791016,97.08243560791016,100.46392059326172,100.46392059326172,103.81714630126953,104.06248474121094,102.14205932617188,105.0047607421875,103.73042297363281,102.78618621826172,102.78618621826172,106.25440979003906,107.20541381835938,104.35516357421875,107.83784484863281,102.78618621826172,109.4805908203125,108.50345611572266,109.20164489746094,108.07867431640625,103.36827087402344,101.98039245605469,101.07917785644531,94.41397857666016,96.17691802978516,92.28217315673828,87.8179931640625,81.83519744873047,79.07591247558594,77.93586730957031,73.7834701538086,70.72481536865234,68.50547790527344,64.35060119628906,66.2872543334961,64.40496826171875,63.0079345703125,60.216278076171875,55.60575485229492,55.44366455078125,53.26349639892578,52.49761962890625,50.93132781982422,47.381431579589844,47.6340217590332
0,-35,-95,10,37,96.25486755371094,95.42536163330078,96.7470932006836,96.87621307373047,95.18928527832031,96.17691802978516,95.7078857421875,96.10411071777344,97.29337310791016,96.3016128540039,100.96038818359375,101.83319854736328,100.88111877441406,100.24469757080078,104.04325866699219,101.843017578125,105.47511291503906,104.67568969726562,104.75209045410156,106.04244232177734,104.40306854248047,106.23088073730469,102.88343048095703,106.77546691894531,107.91200256347656,106.28263854980469,106.25440979003906,104.12012481689453,102.88343048095703,97.26766967773438,95.8018798828125,94.14881896972656,92.76313781738281,86.31338500976562,83.02409362792969,78.91767883300781,77.10382843017578,73.68174743652344,70.71067810058594,67.60177612304688,63.50590515136719,63.78871536254883,61.66035842895508,58.54912567138672,57.55866622924805,56.22277069091797,54.33230972290039,54.147945404052734,50.0099983215332,50.0099983215332,47.16990661621094,47.26520919799805
0,-35,-95,10,37,95.8018798828125,99.02020263671875,94.4933853149414,97.6166000366211,98.71676635742188,97.83660125732422,97.59098052978516,97.59098052978516,98.2903823852539,99.08582305908203,101.86265563964844,103.4794692993164,104.23531341552734,103.5857162475586,103.5857162475586,106.52699279785156,105.8914566040039,103.07764434814453,106.04244232177734,105.42295837402344,105.26158142089844,108.70602416992188,105.11898040771484,106.04244232177734,108.07405090332031,106.4048843383789,109.71326446533203,106.77546691894531,104.66136169433594,101.86265563964844,97.18538665771484,96.33275604248047,91.54779815673828,88.09085845947266,83.40863037109375,80.43009185791016,78.4091796875,73.81734466552734,71.84706115722656,70.43436431884766,66.61080932617188,64.40496826171875,66.0302963256836,59.07622146606445,57.688819885253906,54.08327102661133,57.45433044433594,54.708316802978516,54.20331954956055,53.23532485961914,51.89412307739258,49.39635467529297
0,-35,-95,10,36,92.45539093017578,92.00543212890625,93.40770721435547,94.62557983398438,93.23089599609375,90.97252655029297,93.49331665039062,95.52486419677734,93.81364440917969,94.41397857666016,98.0051040649414,97.94896697998047,99.28242492675781,101.51847076416016,102.41581726074219,100.62306213378906,101.55294036865234,100.22474670410156,102.15674591064453,102.55242919921875,102.55242919921875,105.7024154663086,100.7223892211914,103.87010955810547,104.21611785888672,102.88343048095703,102.0,101.212646484375,99.4786376953125,96.8968505859375,91.80958557128906,92.11405944824219,87.09190368652344,82.20097351074219,84.81155395507812,75.43209075927734,73.24616241455078,72.4706802368164,69.81404113769531,68.24954223632812,63.89052963256836,62.00806427001953,60.95900344848633,57.628116607666016,55.60575485229492,54.488529205322266,54.5618896484375,53.75872039794922,53.740116119384766,49.81967544555664,49.20365905761719,45.79301071166992
0,-35,-95,10,37,96.67471313476562,93.23625946044922,98.41239929199219,94.84724426269531,99.08582305908203,93.34880828857422,98.2903823852539,97.59098052978516,98.41239929199219,101.31633758544922,101.41498565673828,102.44998931884766,103.00485229492188,103.4069595336914,102.44998931884766,105.43718719482422,103.46980285644531,105.60302734375,105.43718719482422,107.64757537841797,106.01886749267578,107.41508483886719,105.80170440673828,110.11357879638672,109.20164489746094,106.82696533203125,105.26158142089844,106.52699279785156,99.35794067382812,102.068603515625,96.8968505859375,95.48298645019531,91.93476104736328,89.9388656616211,84.2199478149414,85.6329345703125,77.89736938476562,75.07329559326172,73.0,69.42621612548828,67.47592163085938,64.53681182861328,66.06814575195312,60.30754470825195,58.41232681274414,58.41232681274414,57.42821502685547,55.217750549316406,55.75840759277344,52.15361785888672,51.97114562988281,47.92702865600586
0,-35,-95,10,37,91.38927459716797,93.52005004882812,89.8888168334961,96.93296813964844,90.13877868652344,92.35800170898438,92.97311401367188,91.7060546875,94.25497436523438,94.11163330078125,97.51409912109375,99.46356201171875,98.06120300292969,100.62306213378906,99.2471694946289,99.82484436035156,101.11874389648438,97.67292022705078,101.11874389648438,98.84330749511719,101.20276641845703,105.11898040771484,99.2471694946289,102.956298828125,101.78899383544922,105.5367202758789,103.3247299194336,100.42410278320312,99.32774353027344,95.88013458251953,92.69843292236328,91.54779815673828,88.0227279663086,83.25863647460938,81.93900299072266,76.55716705322266,75.64390563964844,69.7782211303711,68.44705963134766,65.30696868896484,62.60990524291992,60.835845947265625,61.269893646240234,59.05929183959961,55.4707145690918,54.708316802978516,53.33854293823242,54.08327102661133,51.03919982910156,50.21951675415039,48.41487503051758,46.010868072509766
0,-35,-95,10,37,94.5145492553711,99.4786376953125,97.94896697998047,101.53324890136719,97.49359130859375,100.62306213378906,99.31767272949219,100.22474670410156,101.76934814453125,100.5683822631836,104.75209045410156,104.35516357421875,104.69479370117188,107.56393432617188,107.51744079589844,108.15729522705078,107.85638427734375,104.04325866699219,110.72488403320312,108.16654205322266,108.50345611572266,109.41663360595703,107.56393432617188,113.32254791259766,110.44002532958984,110.05453491210938,109.93180084228516,107.15409088134766,107.54068756103516,102.88343048095703,98.83824920654297,98.88377380371094,93.53608703613281,91.58602142333984,86.28441619873047,82.15229797363281,81.3019027709961,76.00657653808594,74.09453582763672,72.40165710449219,66.61080932617188,68.50547790527344,65.73431396484375,62.42595672607422,61.400325775146484,59.03388977050781,56.40035629272461,59.54829788208008,56.7274169921875,56.58621597290039,53.037723541259766,52.63079071044922
0,-35,-95,11,33,96.8968505859375,94.84724426269531,95.01578521728516,97.18538665771484,95.13148498535156,95.42536163330078,96.04686737060547,96.40020751953125,97.6166000366211,96.25486755371094,102.34255981445312,101.3558120727539,102.21546173095703,103.94229125976562,105.47511291503906,101.71037292480469,103.94229125976562,99.4786376953125,105.58882141113281,102.21546173095703,102.92716217041016,106.32967376708984,103.44564056396484,107.82392883300781,110.63905334472656,107.18675231933594,106.50821685791016,104.86181640625,103.6001968383789,99.02020263671875,95.90099334716797,93.7229995727539,89.9388656616211,87.78382873535156,86.27861785888672,81.39410400390625,77.23341369628906,74.2765121459961,72.13875579833984,71.4212875366211,65.0691909790039,66.52819061279297,62.93647766113281,60.87692642211914,58.79625701904297,55.973209381103516,56.7274169921875,55.0,52.430908203125,52.430908203125,51.62363815307617,50.11985778808594
0,-35,-95,10,36,90.55384826660156,95.01578521728516,91.24143981933594,96.25486755371094,92.59049987792969,95.77056121826172,96.15092468261719,97.04637908935547,97.08243560791016,95.07891082763672,100.08995819091797,98.68130493164062,101.95096588134766,99.6242904663086,104.75209045410156,99.92997741699219,103.74005889892578,98.67117309570312,105.36128234863281,102.78618621826172,101.51354217529297,104.35516357421875,98.67117309570312,106.48004150390625,106.25440979003906,105.3043212890625,107.70329284667969,100.7223892211914,100.84642028808594,94.84724426269531,97.04637908935547,94.3663101196289,90.82400512695312,85.58621215820312,83.35466766357422,78.892333984375,75.29276275634766,73.9256362915039,73.43023681640625,69.1158447265625,61.587337493896484,67.41661834716797,62.96824645996094,59.36328887939453,56.603885650634766,56.859474182128906,55.217750549316406,55.60575485229492,52.201534271240234,52.49761962890625,51.7397346496582,50.447994232177734
0,-35,-95,11,33,92.19544219970703,95.85405731201172,95.07891082763672,97.30878448486328,92.69843292236328,98.35140991210938,96.76776123046875,97.1236343383789,97.80081939697266,97.51409912109375,102.1077880859375,101.60708618164062,102.9611587524414,102.9611587524414,103.16007232666016,105.54619598388672,106.21205139160156,100.62306213378906,103.94710540771484,104.23531341552734,103.09703826904297,105.54619598388672,103.57605743408203,107.05606079101562,107.05606079101562,105.72132873535156,105.5367202758789,105.5367202758789,102.1077880859375,98.49365234375,97.1236343383789,94.86833190917969,89.8109130859375,87.66413116455078,85.4400405883789,80.41144561767578,78.77182006835938,73.73601531982422,71.86793518066406,70.38465881347656,66.85057830810547,66.30987548828125,65.39112854003906,62.2414665222168,60.41522979736328,58.13776779174805,56.36488342285156,54.58937454223633,54.918121337890625,55.226806640625,51.03919982910156,51.855567932128906
0,-35,-95,10,36,94.82615661621094,99.29753112792969,97.50897216796875,97.50897216796875,97.08243560791016,97.08243560791016,96.7729263305664,96.3846435546875,97.86214447021484,99.6242904663086,98.08159637451172,104.04325866699219,103.74005889892578,103.74005889892578,104.12012481689453,103.84603881835938,103.84603881835938,101.2422866821289,104.54663848876953,104.8093490600586,102.2007827758789,106.04244232177734,103.74005889892578,105.51303100585938,105.6503677368164,108.15729522705078,107.33592224121094,105.68821716308594,102.31813049316406,100.7223892211914,93.94147491455078,94.3663101196289,93.02149963378906,88.58893585205078,87.8179931640625,83.24061584472656,77.89736938476562,73.24616241455078,71.34423828125,72.40165710449219,69.6419448852539,66.5732650756836,65.73431396484375,63.24555206298828,59.64059066772461,59.90826416015625,59.66573715209961,58.2580451965332,55.973209381103516,55.865909576416016,53.75872039794922,51.400390625
0,-35,-95,11,33,96.25486755371094,95.29428100585938,95.7131118774414,100.62306213378906,96.66436767578125,99.31767272949219,98.0866928100586,97.69339752197266,98.23441314697266,99.02020263671875,100.90093994140625,100.88111877441406,103.09219360351562,102.88343048095703,105.9480972290039,102.78618621826172,107.56393432617188,100.57833099365234,107.44766235351562,107.00466918945312,105.08092498779297,106.60675048828125,101.83319854736328,107.00466918945312,108.52188873291016,106.25440979003906,107.91200256347656,102.31813049316406,104.3886947631836,98.48857879638672,99.74467468261719,93.91485595703125,91.7060546875,87.23531341552734,83.72574615478516,79.25907135009766,78.54934692382812,73.7834701538086,72.71863555908203,70.1783447265625,68.50547790527344,69.3397445678711,64.14047241210938,62.12889862060547,60.464866638183594,56.61272048950195,56.7274169921875,55.973209381103516,54.5618896484375,53.037723541259766,55.90169906616211,53.413482666015625
0,-35,-95,11,33,99.04039764404297,97.67292022705078,98.85848236083984,98.99494934082031,101.83319854736328,97.73944854736328,100.7174301147461,101.49384307861328,100.24469757080078,100.07997131347656,103.12128448486328,104.00480651855469,105.0,105.0,105.01904296875,104.01922607421875,104.01922607421875,103.00485229492188,105.1712875366211,106.01886749267578,104.0,106.00471496582031,105.0,109.22454071044922,108.07405090332031,109.01834869384766,109.07337188720703,108.16654205322266,103.17460632324219,103.3924560546875,96.7470932006836,98.0051040649414,93.38094329833984,88.1192398071289,89.05054473876953,82.56512451171875,80.0624771118164,75.43209075927734,75.31268310546875,70.61161041259766,70.61161041259766,66.48307800292969,65.96968841552734,64.56005096435547,63.06346130371094,60.728904724121094,59.13543701171875,57.93962478637695,56.859474182128906,54.12947463989258,54.5618896484375,51.312767028808594
0,-35,-95,11,33,96.33794403076172,95.18928527832031,97.62171936035156,97.62171936035156,97.62171936035156,96.42095184326172,99.32270812988281,96.18731689453125,96.13011932373047,100.0199966430664,103.01941680908203,102.00489807128906,102.04410552978516,102.01960754394531,101.04454803466797,104.23531341552734,106.30146026611328,102.04410552978516,105.3043212890625,105.1712875366211,106.11785888671875,104.17293548583984,102.12247467041016,109.37092590332031,106.11785888671875,104.01922607421875,104.01922607421875,103.01941680908203,101.04454803466797,100.07997131347656,98.18350219726562,95.52486419677734,90.79647827148438,86.83317565917969,84.01190185546875,83.72574615478516,80.7527084350586,72.99314880371094,70.85901641845703,70.40596771240234,67.89698028564453,66.0984115600586,64.93843078613281,63.348243713378906,62.96824645996094,58.46366500854492,58.24087905883789,55.02726745605469,54.424259185791016,55.36244201660156,51.89412307739258,51.0
0,-35,-95,11,34,100.17984008789062,97.32933807373047,101.83319854736328,101.83319854736328,102.956298828125,100.9752426147461,101.43470764160156,102.59142303466797,100.80674743652344,104.04806518554688,103.5857162475586,105.51303100585938,106.48004150390625,106.04244232177734,105.77334594726562,108.811767578125,107.20541381835938,108.52188873291016,108.50345611572266,109.11003875732422,106.32027435302734,107.51744079589844,106.32027435302734,110.72488403320312,110.36756896972656,108.811767578125,108.66921997070312,107.44766235351562,106.09900665283203,106.09900665283203,99.46356201171875,99.14131164550781,95.35198211669922,92.34716796875,88.36288452148438,87.46427917480469,85.21150207519531,77.5241928100586,76.32168579101562,73.33484649658203,74.24284362792969,70.1783447265625,69.065185546875,66.06814575195312,64.03124237060547,62.00806427001953,63.03173828125,59.07622146606445,57.14017868041992,58.30952072143555,55.578773498535156,53.851646423339844
0,-35,-95,10,37,97.01546478271484,97.98469543457031,99.32774353027344,97.98469543457031,99.6242904663086,94.9210205078125,97.71898651123047,100.6578369140625,101.59232330322266,98.48857879638672,100.84642028808594,102.88343048095703,102.88343048095703,103.31021118164062,101.55294036865234,107.78218841552734,99.76472473144531,105.55093383789062,103.83159637451172,104.70912170410156,103.7545166015625,106.00471496582031,107.82392883300781,108.0462875366211,107.42439270019531,105.99056243896484,104.69479370117188,109.25199890136719,102.956298828125,102.31813049316406,95.5196304321289,93.6375961303711,92.34716796875,85.070556640625,86.40023040771484,83.81526947021484,80.36167907714844,77.49193572998047,72.73238372802734,70.60453033447266,68.65857696533203,65.52098846435547,65.96968841552734,62.817195892333984,62.585941314697266,58.85575485229492,58.85575485229492,59.53990173339844,57.42821502685547,56.080299377441406,52.009613037109375,51.009803771972656
0,-34,-95,11,33,94.84724426269531,95.52486419677734,99.15644073486328,97.83660125732422,97.18538665771484,97.83660125732422,96.21330261230469,97.6166000366211,98.40731811523438,99.5690689086914,103.46497344970703,101.3558120727539,100.4987564086914,101.212646484375,102.92716217041016,105.58882141113281,101.212646484375,100.7223892211914,105.11898040771484,103.83159637451172,103.83159637451172,104.31682586669922,103.353759765625,110.0227279663086,106.0660171508789,106.47064971923828,106.0,107.91200256347656,103.17460632324219,99.86490631103516,95.21029663085938,95.0,92.80086517333984,87.32124328613281,87.20664978027344,81.83519744873047,78.4091796875,74.41101837158203,75.1664810180664,70.43436431884766,68.680419921875,67.35725402832031,65.29930877685547,61.55485534667969,61.52235412597656,59.41380310058594,60.14149856567383,58.41232681274414,56.080299377441406,54.81787872314453,53.823787689208984,50.2493782043457
0,-35,-95,10,37,94.64142608642578,95.33625030517578,99.2471694946289,101.17806243896484,97.08243560791016,100.12492370605469,98.08159637451172,99.02020263671875,99.0,99.08077239990234,102.07839965820312,101.2422866821289,103.23758697509766,103.48429870605469,103.23758697509766,104.58011627197266,105.68348693847656,102.39628601074219,104.69001770019531,106.67708587646484,103.48429870605469,104.3886947631836,104.47966003417969,106.79419708251953,106.56922912597656,106.30146026611328,106.07544708251953,104.01922607421875,103.0,99.0,96.08329772949219,97.1287841796875,92.19544219970703,86.37129211425781,85.47514343261719,82.38932037353516,79.5110092163086,75.80237579345703,73.68174743652344,73.68174743652344,68.73136138916016,67.89698028564453,64.62971496582031,63.150611877441406,62.585941314697266,59.90826416015625,58.694122314453125,58.24087905883789,55.36244201660156,52.0,51.4781494140625,51.107730865478516
0,-34,-95,10,37,96.84007263183594,95.88013458251953,95.18928527832031,97.71898651123047,96.4624252319336,93.30059051513672,94.15412902832031,95.07891082763672,98.0866928100586,95.2732925415039,97.50897216796875,98.83824920654297,102.0,99.76472473144531,101.53324890136719,102.4743881225586,102.956298828125,98.41239929199219,101.71037292480469,101.71037292480469,100.23971557617188,101.212646484375,102.0,103.24727630615234,105.19029998779297,104.23531341552734,105.0951919555664,103.36827087402344,102.04410552978516,96.25486755371094,92.11405944824219,91.08238220214844,89.1964111328125,86.33075714111328,83.16850280761719,80.36167907714844,77.79460144042969,73.37574768066406,72.53275299072266,69.92138671875,67.44627380371094,65.73431396484375,65.0,63.348243713378906,60.20797348022461,58.85575485229492,60.530982971191406,57.42821502685547,56.32051086425781,54.147945404052734,56.0,51.15662384033203
0,-35,-95,10,37,97.24710845947266,97.41663360595703,98.73702239990234,97.41663360595703,97.34988403320312,97.08243560791016,99.86490631103516,100.20977783203125,99.20181274414062,98.71676635742188,103.23274993896484,101.67103576660156,102.17631530761719,104.80458068847656,104.89041900634766,105.418212890625,103.96633911132812,103.3247299194336,106.07544708251953,106.10372161865234,106.15083312988281,108.18965148925781,103.3924560546875,108.90362548828125,109.65856170654297,109.04127502441406,107.62899017333984,104.9952392578125,102.61579132080078,102.61579132080078,98.0051040649414,94.62557983398438,90.97252655029297,89.8888168334961,86.09297180175781,79.4040298461914,80.26206970214844,77.02597045898438,75.80237579345703,68.96376037597656,68.96376037597656,68.0,67.5351791381836,64.41273498535156,62.64982223510742,59.93329620361328,57.27128601074219,60.008331298828125,55.02726745605469,54.424259185791016,55.31726837158203,49.497474670410156
0,-35,-95,11,33,102.00489807128906,97.02061462402344,102.12247467041016,99.04544067382812,102.17631530761719,97.25225067138672,98.24967956542969,98.61541748046875,100.84146118164062,102.25947570800781,103.24727630615234,102.59142303466797,103.94229125976562,103.36827087402344,101.98039245605469,105.99056243896484,103.07764434814453,104.56098937988281,103.58088684082031,107.44766235351562,104.04806518554688,107.70329284667969,106.51290893554688,108.24047088623047,106.96260833740234,104.3455810546875,104.13932800292969,105.9056167602539,102.59142303466797,104.08650207519531,95.63471984863281,96.6281509399414,94.5304183959961,90.19977569580078,84.2911605834961,83.21658325195312,82.15229797363281,75.02666473388672,75.05997467041016,70.06425476074219,73.02738952636719,66.0302963256836,69.065185546875,64.0078125,63.03173828125,61.13100814819336,60.20797348022461,58.215118408203125,58.694122314453125,57.87054443359375,52.39274597167969,50.59644317626953
0,-34,-95,11,33,95.77056121826172,99.84988403320312,97.41663360595703,99.98500061035156,96.8968505859375,102.08329772949219,98.47334289550781,97.41663360595703,98.60020446777344,97.00515747070312,100.80178833007812,104.48445129394531,104.23531341552734,103.5857162475586,106.4048843383789,102.59142303466797,106.8316421508789,99.2471694946289,107.48953247070312,104.66136169433594,104.80458068847656,107.48953247070312,101.23734283447266,111.01801300048828,108.93116760253906,105.55093383789062,106.30146026611328,102.303466796875,103.71113586425781,98.23441314697266,98.22932434082031,97.20082092285156,93.81364440917969,87.92041778564453,86.28441619873047,80.70935821533203,78.23043060302734,76.00657653808594,73.49829864501953,71.86793518066406,68.26419067382812,68.96376037597656,65.86349487304688,64.0078125,60.0333251953125,57.697486877441406,59.93329620361328,59.09314727783203,55.154327392578125,58.8217658996582,53.45091247558594,50.990196228027344
0,-35,-95,11,33,97.08243560791016,96.67471313476562,100.0,100.2646484375,100.43903350830078,99.4032211303711,97.6524429321289,99.85990142822266,98.47334289550781,99.4786376953125,100.84642028808594,102.4743881225586,103.353759765625,105.0951919555664,103.7545166015625,104.21611785888672,103.78824615478516,101.98039245605469,104.78549194335938,106.0235824584961,105.11898040771484,104.27847290039062,103.46980285644531,106.77546691894531,107.42439270019531,105.55093383789062,106.00471496582031,102.0,103.353759765625,99.98500061035156,95.52486419677734,95.18928527832031,93.19334411621094,88.20430755615234,85.21150207519531,82.6619644165039,80.44873809814453,76.02631378173828,73.40980529785156,72.42237091064453,69.20259857177734,68.60028839111328,65.4369888305664,64.03124237060547,61.717098236083984,59.54829788208008,60.87692642211914,57.982757568359375,57.982757568359375,58.13776779174805,54.20331954956055,50.774009704589844
0,-35,-95,10,37,95.69221496582031,94.04785919189453,95.41488647460938,96.51942443847656,94.66783905029297,95.52486419677734,93.53608703613281,95.01578521728516,93.94147491455078,94.84724426269531,96.17691802978516,99.5389404296875,101.39033508300781,101.95096588134766,101.76934814453125,101.843017578125,100.5683822631836,97.73944854736328,102.14205932617188,102.14205932617188,102.14205932617188,103.73042297363281,100.5683822631836,105.9480972290039,105.34230041503906,102.52804565429688,103.61949920654297,100.31948852539062,101.23734283447266,97.08243560791016,95.2732925415039,93.4772720336914,89.005615234375,85.42247772216797,81.6333236694336,78.29431915283203,78.39005279541016,72.4706802368164,72.56031799316406,71.69379425048828,67.23094177246094,65.3681869506836,66.37017059326172,61.057350158691406,59.07622146606445,59.64059066772461,60.80295944213867,57.20139694213867,52.201534271240234,52.49761962890625,50.990196228027344,50.990196228027344
0,-35,-95,10,37,96.40020751953125,95.42536163330078,98.0051040649414,96.40020751953125,97.6524429321289,92.0869140625,95.69221496582031,94.57801055908203,98.18350219726562,97.24710845947266,97.24710845947266,98.88377380371094,101.07422637939453,100.62306213378906,99.29753112792969,101.98039245605469,100.64790344238281,101.98039245605469,101.55294036865234,101.55294036865234,102.42070007324219,105.11898040771484,101.07917785644531,104.27847290039062,103.31505584716797,104.20172882080078,102.4743881225586,103.83159637451172,97.75479888916016,97.41663360595703,92.35800170898438,92.35800170898438,91.40021514892578,86.83317565917969,82.61961364746094,80.0,75.80237579345703,74.81310272216797,70.29224395751953,69.20259857177734,66.60330200195312,65.29930877685547,62.481998443603516,61.61980056762695,61.55485534667969,59.396968841552734,60.14149856567383,56.7274169921875,54.037025451660156,53.413482666015625,51.03919982910156,51.97114562988281
0,-34,-95,11,33,98.22932434082031,99.29753112792969,103.00485229492188,101.83319854736328,99.80982208251953,98.40731811523438,101.67103576660156,100.00499725341797,100.76705932617188,99.76472473144531,103.96633911132812,103.3247299194336,103.3247299194336,104.80458068847656,106.0660171508789,104.89041900634766,106.30146026611328,104.13932800292969,106.52699279785156,108.37435150146484,106.30146026611328,106.30146026611328,103.4794692993164,111.04053497314453,107.93516540527344,108.57716369628906,106.8316421508789,105.38026428222656,103.23758697509766,100.41912078857422,96.8968505859375,93.50936126708984,95.7757797241211,89.3756103515625,86.68333435058594,83.73768615722656,81.68843078613281,76.05918884277344,73.75635528564453,73.40980529785156,69.81404113769531,69.20259857177734,68.4105224609375,64.20280456542969,62.12889862060547,59.90826416015625,61.057350158691406,60.539241790771484,58.18075180053711,57.27128601074219,53.712196350097656,52.201534271240234
0,-34,-95,11,34,92.1791763305664,93.4772720336914,97.50897216796875,96.60745239257812,95.2732925415039,96.25486755371094,96.7729263305664,94.70480346679688,94.70480346679688,94.9210205078125,97.40636444091797,97.71898651123047,98.37174224853516,103.16007232666016,101.2422866821289,102.1077880859375,101.39033508300781,97.52947998046875,101.20276641845703,103.3247299194336,102.35721588134766,103.3247299194336,97.52947998046875,103.36827087402344,105.26158142089844,103.3247299194336,104.40306854248047,99.92997741699219,100.24469757080078,97.08243560791016,93.04837799072266,91.18113708496094,89.31964874267578,85.42832946777344,82.76472473144531,79.7057113647461,76.48529052734375,72.91776275634766,72.00694274902344,68.87670135498047,65.29930877685547,63.95310592651367,63.06346130371094,60.8276252746582,60.90156173706055,58.830265045166016,55.4707145690918,55.803226470947266,53.00943374633789,52.63079071044922,53.740116119384766,50.2493782043457
0,-34,-95,11,33,96.5660400390625,99.20181274414062,99.46356201171875,102.83968353271484,99.46356201171875,98.27003479003906,98.84330749511719,100.80674743652344,99.29753112792969,100.4987564086914,101.40019989013672,101.31633758544922,104.12012481689453,103.0436782836914,103.17460632324219,104.00480651855469,103.01941680908203,101.12368774414062,103.01941680908203,104.01922607421875,104.17293548583984,105.0428466796875,102.04410552978516,109.01834869384766,108.00463104248047,105.01904296875,106.169677734375,106.23088073730469,103.23758697509766,97.51409912109375,95.88534545898438,95.18928527832031,92.76313781738281,87.4757080078125,87.55569458007812,81.58431243896484,77.27871704101562,77.66595458984375,75.31268310546875,70.61161041259766,70.3420181274414,65.96968841552734,67.6830825805664,62.09669876098633,62.297672271728516,61.032779693603516,57.584720611572266,59.236812591552734,58.694122314453125,54.625999450683594,54.58937454223633,52.69725036621094
0,-35,-95,11,33,94.3663101196289,96.7729263305664,100.68763732910156,99.20181274414062,99.20181274414062,97.52947998046875,98.08159637451172,98.03060913085938,100.5683822631836,98.79270935058594,101.39033508300781,100.64790344238281,102.956298828125,103.36827087402344,104.21611785888672,102.85912322998047,103.31505584716797,105.0951919555664,104.23531341552734,105.99056243896484,101.96568298339844,107.82392883300781,98.83824920654297,106.32967376708984,106.94390869140625,106.43777465820312,107.83784484863281,105.60302734375,102.956298828125,99.92497253417969,96.93296813964844,95.85926818847656,92.02716827392578,89.1852035522461,84.77027893066406,84.43340301513672,79.05693817138672,76.5375747680664,75.0,71.16881561279297,68.00735473632812,66.48307800292969,65.96968841552734,63.06346130371094,60.63827133178711,61.0,59.03388977050781,58.85575485229492,56.32051086425781,55.3263053894043,54.037025451660156,51.03919982910156
0,-34,-95,11,33,99.04039764404297,98.03060913085938,102.45974731445312,102.78618621826172,101.19288635253906,98.35140991210938,97.86214447021484,99.5389404296875,100.84642028808594,101.55294036865234,102.04410552978516,105.54619598388672,104.70912170410156,106.0660171508789,103.76897430419922,107.35455322265625,104.8093490600586,103.76897430419922,104.8093490600586,106.94390869140625,105.58882141113281,109.2748794555664,107.42439270019531,108.4066390991211,109.77249145507812,107.82392883300781,106.8877944946289,106.51290893554688,104.3886947631836,101.0197982788086,96.93296813964844,96.79875946044922,93.30059051513672,88.23265075683594,87.64131164550781,84.43340301513672,79.69943237304688,78.44743347167969,77.20103454589844,75.96051788330078,71.38627624511719,69.37578582763672,67.6830825805664,62.36986541748047,61.98386764526367,59.84145736694336,60.530982971191406,59.41380310058594,57.314918518066406,56.035701751708984,55.009090423583984,50.08992004394531
0,-35,-95,10,37,99.74467468261719,101.53324890136719,98.48857879638672,99.36296844482422,101.07422637939453,99.4786376953125,99.85990142822266,98.79270935058594,100.4987564086914,100.40418243408203,104.04325866699219,102.07839965820312,103.6001968383789,102.61579132080078,105.80170440673828,104.48445129394531,103.85566711425781,105.60302734375,104.23531341552734,104.48445129394531,104.01922607421875,106.66770935058594,106.04244232177734,106.52699279785156,109.63575744628906,106.40018463134766,107.41508483886719,104.86181640625,103.73042297363281,101.78899383544922,96.25486755371094,94.8946762084961,92.13034057617188,90.3548583984375,87.6584243774414,84.53401947021484,81.84130859375,76.02631378173828,75.23961639404297,75.23961639404297,70.68238830566406,68.94200134277344,68.02940368652344,65.39112854003906,62.7694206237793,61.35144805908203,60.406951904296875,60.083274841308594,58.24946212768555,56.51548385620117,55.44366455078125,51.088157653808594
0,-35,-95,11,33,102.8250961303711,100.76705932617188,101.17806243896484,100.4987564086914,102.53292083740234,99.76472473144531,97.58073425292969,101.13851928710938,99.90495300292969,101.41498565673828,104.35037231445312,102.44998931884766,105.60302734375,103.6001968383789,103.00485229492188,108.16654205322266,105.9480972290039,103.46980285644531,104.8475112915039,106.0,107.07473754882812,107.91200256347656,103.17460632324219,108.0462875366211,107.61505126953125,107.07473754882812,109.0,104.29285430908203,101.0197982788086,101.60708618164062,96.82975006103516,94.20191192626953,92.8493423461914,89.3756103515625,85.04116821289062,84.38601684570312,80.72174072265625,75.74298858642578,74.41101837158203,72.24956512451172,68.7677230834961,68.01470184326172,68.680419921875,65.0691909790039,62.2414665222168,60.87692642211914,60.14149856567383,60.8276252746582,58.2580451965332,55.0,53.25410842895508,50.11985778808594
0,-35,-95,10,37,98.32598876953125,100.60317993164062,101.11874389648438,99.72462463378906,101.83319854736328,96.87621307373047,98.84330749511719,97.08243560791016,98.84330749511719,100.16985321044922,101.13851928710938,100.42410278320312,103.16007232666016,104.69479370117188,103.16007232666016,107.22406768798828,103.73042297363281,103.09219360351562,103.24727630615234,102.52804565429688,104.35516357421875,106.28263854980469,103.73042297363281,109.00458526611328,107.56393432617188,106.25440979003906,104.69479370117188,104.12012481689453,99.45853424072266,100.68763732910156,95.34149169921875,93.62158203125,92.96235656738281,86.88497924804688,84.5280990600586,82.03657531738281,79.6303939819336,75.95393371582031,73.55270385742188,69.72087097167969,68.4689712524414,67.60177612304688,66.48307800292969,63.3876953125,61.13100814819336,60.074954986572266,59.00847244262695,59.0,57.03507614135742,56.22277069091797,50.80354309082031,51.41984176635742
0,-35,-95,10,37,100.62306213378906,102.18121337890625,104.54663848876953,104.78549194335938,102.35721588134766,103.07764434814453,104.12012481689453,101.53324890136719,104.9952392578125,101.19288635253906,104.67568969726562,105.10946655273438,106.04244232177734,106.10372161865234,109.25199890136719,107.83784484863281,108.22661590576172,105.60302734375,110.46266174316406,110.46266174316406,106.92988586425781,109.56732940673828,106.92988586425781,110.90987396240234,110.49434661865234,108.25894927978516,109.1650161743164,108.46197509765625,104.3886947631836,101.39033508300781,101.843017578125,99.29753112792969,95.88013458251953,90.13877868652344,87.36132049560547,84.20214080810547,82.9698715209961,78.58753204345703,78.58753204345703,75.0,68.96376037597656,71.30918884277344,71.56814575195312,66.4906005859375,63.348243713378906,60.8276252746582,60.530982971191406,60.530982971191406,60.13318634033203,57.03507614135742,56.00892639160156,54.451812744140625
0,-35,-95,11,33,100.08995819091797,97.30878448486328,103.36827087402344,100.31948852539062,101.55294036865234,95.75489807128906,101.51847076416016,96.60227966308594,99.76472473144531,99.4786376953125,99.4786376953125,101.54801940917969,104.8475112915039,102.90287017822266,101.51354217529297,103.4069595336914,102.2007827758789,103.81233215332031,105.42295837402344,104.20172882080078,102.41581726074219,104.01922607421875,103.00485229492188,104.48445129394531,105.42295837402344,105.80170440673828,103.46980285644531,104.86181640625,99.29753112792969,102.08329772949219,95.01578521728516,96.25486755371094,90.42676544189453,87.6584243774414,84.53401947021484,81.88406372070312,78.77182006835938,74.6860122680664,72.89718627929688,72.01388549804688,69.31810760498047,68.44705963134766,69.31810760498047,64.47480010986328,60.41522979736328,58.30952072143555,59.80802536010742,59.46427536010742,57.00876998901367,55.785301208496094,50.990196228027344,51.088157653808594
0,-35,-95,11,33,97.74456787109375,97.83660125732422,100.12492370605469,100.12492370605469,97.30878448486328,98.23441314697266,97.80081939697266,99.02020263671875,97.41663360595703,98.0051040649414,101.83319854736328,99.85990142822266,102.08329772949219,98.61541748046875,100.70252990722656,103.44564056396484,100.7223892211914,100.34440612792969,102.0,101.212646484375,101.212646484375,103.83159637451172,100.34440612792969,106.0660171508789,104.8093490600586,101.71037292480469,106.32967376708984,103.17460632324219,100.43903350830078,99.4032211303711,94.20191192626953,95.42536163330078,91.54779815673828,87.20664978027344,82.97589874267578,82.2192153930664,77.33692169189453,74.41101837158203,70.0927963256836,70.03570556640625,68.62215423583984,66.52819061279297,65.05382537841797,62.93647766113281,60.87692642211914,58.13776779174805,57.628116607666016,56.85068130493164,55.217750549316406,54.37830352783203,50.774009704589844,50.08992004394531
0,-34,-95,10,37,97.0,96.2081069946289,97.30878448486328,96.42613983154297,95.13148498535156,97.94896697998047,96.82975006103516,95.21029663085938,98.22932434082031,96.02082824707031,98.22932434082031,98.18350219726562,98.18350219726562,98.79270935058594,101.54801940917969,99.84988403320312,99.36296844482422,96.8968505859375,102.0,102.4743881225586,99.84988403320312,100.23971557617188,98.1121826171875,104.23531341552734,101.71037292480469,103.44564056396484,102.39628601074219,100.95543670654297,98.47334289550781,96.83490753173828,94.64142608642578,94.20191192626953,88.72992706298828,84.38601684570312,83.63013458251953,78.10249328613281,79.98124694824219,74.41101837158203,71.4212875366211,66.48307800292969,65.76473236083984,65.11528015136719,65.0691909790039,60.8276252746582,59.396968841552734,58.728187561035156,58.79625701904297,56.85068130493164,52.201534271240234,52.15361785888672,49.24428939819336,48.30113983154297
0,-34,-95,10,37,103.94710540771484,98.2903823852539,104.65180206298828,101.13851928710938,101.23734283447266,99.08582305908203,102.303466796875,99.35794067382812,101.04454803466797,100.2646484375,101.82828521728516,101.60708618164062,105.43718719482422,104.29285430908203,101.51354217529297,108.22661590576172,102.62553405761719,104.56098937988281,103.24727630615234,106.8503646850586,104.8475112915039,107.70329284667969,104.00961303710938,108.22661590576172,107.91200256347656,107.070068359375,105.20931243896484,106.01886749267578,101.40019989013672,103.00485229492188,95.2680435180664,97.18538665771484,92.19544219970703,91.28527069091797,87.04596710205078,85.6329345703125,77.89736938476562,76.41989135742188,73.59347534179688,72.83543395996094,70.71067810058594,68.59300231933594,68.59300231933594,62.93647766113281,64.53681182861328,62.36986541748047,58.2580451965332,59.03388977050781,58.00862121582031,55.56977462768555,54.708316802978516,53.22593307495117
0,-35,-95,10,37,95.85405731201172,96.25486755371094,96.17691802978516,99.5389404296875,96.60227966308594,96.17691802978516,97.49359130859375,94.41397857666016,95.77056121826172,96.04165649414062,99.85990142822266,100.68763732910156,100.68763732910156,100.43903350830078,100.80178833007812,101.0197982788086,102.2007827758789,99.4032211303711,102.44998931884766,103.4069595336914,101.40019989013672,103.4069595336914,101.40019989013672,104.9952392578125,103.07764434814453,103.4069595336914,102.64988708496094,100.68763732910156,100.68763732910156,94.03190612792969,94.66783905029297,92.1791763305664,91.78779602050781,85.42247772216797,84.9705810546875,77.82672882080078,80.95059967041016,74.30342864990234,71.5541763305664,69.7782211303711,67.08203887939453,66.21178436279297,64.8459701538086,61.32699203491211,61.84658432006836,58.872745513916016,57.87054443359375,56.920997619628906,56.04462432861328,51.6623649597168,53.15073013305664,50.48762130737305
0,-34,-95,11,33,98.99494934082031,100.41912078857422,99.15644073486328,104.69001770019531,100.6578369140625,102.8250961303711,98.08159637451172,99.48869323730469,101.212646484375,98.60020446777344,103.6001968383789,104.86181640625,103.46980285644531,103.73042297363281,106.53168487548828,103.94229125976562,107.54068756103516,104.8093490600586,104.70912170410156,107.42439270019531,106.55046081542969,109.2748794555664,103.94229125976562,108.30050659179688,108.5587387084961,106.8503646850586,107.70329284667969,104.56098937988281,104.29285430908203,100.12492370605469,98.81295776367188,95.42536163330078,92.61749267578125,88.72992706298828,85.91275024414062,83.73768615722656,81.05553436279297,77.23341369628906,73.75635528564453,73.75635528564453,68.01470184326172,68.7677230834961,65.19202423095703,66.52819061279297,63.65532302856445,60.81118392944336,60.14149856567383,59.46427536010742,57.628116607666016,56.61272048950195,52.69725036621094,53.33854293823242
0,-35,-95,11,33,101.19288635253906,99.6242904663086,103.07764434814453,99.72462463378906,101.95096588134766,97.86214447021484,99.74467468261719,102.04410552978516,102.41581726074219,102.0,102.42070007324219,102.0,103.83159637451172,105.19029998779297,103.94229125976562,108.45275115966797,101.78899383544922,104.8475112915039,102.62553405761719,103.73042297363281,104.00961303710938,107.41508483886719,104.8475112915039,106.50821685791016,107.61505126953125,106.8503646850586,107.18675231933594,104.9571304321289,100.34440612792969,102.956298828125,96.17691802978516,93.91485595703125,92.13577270507812,86.76404571533203,87.23531341552734,83.77350616455078,83.00602722167969,75.3923110961914,72.23572540283203,71.30918884277344,69.85699462890625,65.55150604248047,67.41661834716797,63.5688591003418,62.032249450683594,62.62587356567383,59.203041076660156,58.694122314453125,58.24946212768555,55.44366455078125,52.345008850097656,54.037025451660156
0,-35,-95,10,37,99.02020263671875,99.08077239990234,100.00499725341797,102.04410552978516,100.0,100.00499725341797,98.04590606689453,98.12747192382812,99.18164825439453,100.40418243408203,100.4987564086914,99.84988403320312,102.956298828125,102.25947570800781,103.94710540771484,103.7545166015625,104.3455810546875,101.98039245605469,103.36827087402344,105.11898040771484,106.30146026611328,106.09900665283203,101.98039245605469,105.75916290283203,106.30146026611328,106.30146026611328,104.23531341552734,104.8093490600586,102.70345306396484,98.41239929199219,96.25486755371094,95.18928527832031,94.04785919189453,86.02325439453125,85.0,82.09750366210938,80.0,76.00657653808594,74.00675964355469,74.0,70.11418914794922,70.00714111328125,64.03124237060547,62.07253646850586,63.071388244628906,59.13543701171875,59.41380310058594,58.54912567138672,57.87054443359375,55.31726837158203,56.04462432861328,52.55473327636719
0,-34,-95,10,37,100.96038818359375,98.49365234375,101.86756134033203,102.1077880859375,100.66280364990234,98.71676635742188,100.22474670410156,98.31072998046875,100.62306213378906,98.0051040649414,101.71037292480469,101.49384307861328,103.17460632324219,102.31324768066406,101.31633758544922,105.1712875366211,103.0436782836914,102.17631530761719,104.07689666748047,104.12012481689453,104.23531341552734,105.11898040771484,103.17460632324219,106.0,106.01886749267578,108.29589080810547,105.3043212890625,105.68348693847656,100.60317993164062,100.84146118164062,95.35198211669922,97.86214447021484,92.41753387451172,85.61541748046875,84.89994049072266,82.22530364990234,81.25269317626953,75.43209075927734,70.8307876586914,69.92138671875,67.91170501708984,66.48307800292969,66.7607650756836,60.728904724121094,64.25729370117188,62.3939094543457,60.539241790771484,55.46169662475586,56.79788589477539,55.4707145690918,51.4781494140625,50.21951675415039
0,-35,-95,11,33,100.0199966430664,100.12492370605469,100.31948852539062,101.2422866821289,100.31948852539062,99.2471694946289,100.7174301147461,99.72462463378906,98.99494934082031,100.12991333007812,102.59142303466797,105.32331085205078,102.39140319824219,103.81233215332031,103.81233215332031,104.54663848876953,104.8093490600586,103.07764434814453,105.08092498779297,105.6503677368164,103.84603881835938,109.20164489746094,104.54663848876953,107.56393432617188,108.66921997070312,107.44766235351562,107.20074462890625,103.5857162475586,103.16007232666016,99.82484436035156,97.01546478271484,95.03683471679688,93.53608703613281,87.46427917480469,87.3670425415039,83.38465118408203,79.15807342529297,77.16217041015625,76.32168579101562,73.10950469970703,70.11418914794922,67.18630981445312,68.11754608154297,65.03076171875,62.0,60.0333251953125,60.008331298828125,61.13100814819336,57.42821502685547,56.718605041503906,51.97114562988281,52.39274597167969
0,-35,-95,10,37,98.68130493164062,99.72462463378906,102.55242919921875,101.39033508300781,102.15674591064453,97.69339752197266,98.0866928100586,96.66436767578125,100.64790344238281,102.42070007324219,102.41581726074219,102.88343048095703,101.71037292480469,103.24727630615234,100.7223892211914,105.47511291503906,104.30723571777344,103.94229125976562,102.08329772949219,106.8503646850586,104.9571304321289,108.22661590576172,106.32967376708984,107.91200256347656,106.53168487548828,106.0660171508789,107.33126068115234,106.43777465820312,100.17984008789062,103.36827087402344,94.5409927368164,95.4620361328125,90.82400512695312,87.59566497802734,87.92041778564453,83.48652648925781,79.69943237304688,76.92203521728516,72.42237091064453,72.73238372802734,69.57010650634766,67.05221557617188,66.48307800292969,62.817195892333984,62.169124603271484,58.85575485229492,58.54912567138672,57.706153869628906,58.13776779174805,54.147945404052734,54.0,50.15974426269531
0,-34,-95,11,34,103.01941680908203,106.04244232177734,101.07917785644531,109.07337188720703,105.23307800292969,105.11898040771484,104.30723571777344,103.5857162475586,105.57461547851562,102.25947570800781,104.93807983398438,106.7052001953125,105.9056167602539,109.88175201416016,106.96260833740234,105.77334594726562,109.8954086303711,107.20074462890625,109.76793670654297,108.66921997070312,109.63575744628906,107.2800064086914,106.23088073730469,111.97321319580078,114.01753997802734,112.53887939453125,114.00438690185547,108.25894927978516,108.85311126708984,104.92378234863281,102.1077880859375,98.85848236083984,97.51409912109375,91.4439697265625,89.27485656738281,85.37564086914062,83.2946548461914,79.30951690673828,77.16217041015625,75.1664810180664,69.18092346191406,73.10950469970703,69.1158447265625,67.11929321289062,67.02984619140625,64.0,62.00806427001953,61.032779693603516,56.22277069091797,57.706153869628906,57.706153869628906,54.5710563659668
0,-35,-95,10,38,100.68763732910156,99.6242904663086,102.78618621826172,98.67117309570312,100.90093994140625,97.40636444091797,100.30453491210938,99.4032211303711,99.5389404296875,99.74467468261719,101.13357543945312,101.96568298339844,101.96568298339844,101.53324890136719,102.08329772949219,105.30906677246094,103.07764434814453,103.83159637451172,102.39628601074219,104.8475112915039,104.9571304321289,105.68821716308594,104.10091400146484,106.23088073730469,106.0,106.32967376708984,105.81587982177734,105.11898040771484,101.53324890136719,99.28242492675781,94.02127075195312,96.17691802978516,93.52005004882812,87.46427917480469,85.79627227783203,82.07923126220703,78.18567657470703,75.02666473388672,73.73601531982422,70.38465881347656,66.85057830810547,66.128662109375,64.8459701538086,62.297672271728516,61.35144805908203,60.083274841308594,57.87054443359375,57.00876998901367,56.08921432495117,55.73149871826172,52.77309799194336,51.088157653808594
0,-34,-95,11,33,101.63660430908203,99.31767272949219,101.51847076416016,101.55294036865234,100.17984008789062,101.07917785644531,103.353759765625,98.88377380371094,98.61541748046875,101.54801940917969,101.3558120727539,103.17460632324219,104.04325866699219,103.00485229492188,102.07839965820312,106.60675048828125,103.6001968383789,102.2007827758789,106.21205139160156,106.40018463134766,109.01834869384766,105.60302734375,106.25440979003906,108.23123168945312,107.20074462890625,108.22661590576172,105.11898040771484,105.39450073242188,101.54801940917969,101.3558120727539,95.38343811035156,94.8946762084961,93.02149963378906,91.67878723144531,85.0,83.25863647460938,81.02468872070312,78.79086303710938,73.00685119628906,71.69379425048828,69.46221923828125,68.15423583984375,68.15423583984375,65.19202423095703,63.324562072753906,61.98386764526367,61.98386764526367,59.66573715209961,57.27128601074219,54.7448616027832,52.611785888671875,52.15361785888672
0,-34,-95,11,33,99.20181274414062,100.0,101.04454803466797,103.23274993896484,98.85848236083984,96.67471313476562,100.5683822631836,99.03534698486328,100.4987564086914,101.13851928710938,101.82337951660156,103.96633911132812,105.55093383789062,105.55093383789062,100.76705932617188,106.52699279785156,103.85566711425781,103.5857162475586,105.26158142089844,106.82696533203125,105.11898040771484,106.04244232177734,105.75916290283203,107.80074310302734,105.11898040771484,108.07405090332031,105.64563751220703,108.2450942993164,101.91172790527344,100.44898986816406,94.76286315917969,97.0,92.76313781738281,88.61715698242188,82.97589874267578,85.14693450927734,82.46211242675781,74.81310272216797,72.4706802368164,72.62230682373047,69.65629577636719,68.4105224609375,64.81512451171875,63.411354064941406,63.0079345703125,60.80295944213867,60.20797348022461,56.93856430053711,56.4358024597168,55.009090423583984,53.22593307495117,51.26402282714844
0,-34,-95,11,33,100.43903350830078,101.60708618164062,99.63935089111328,105.42295837402344,98.60020446777344,102.61579132080078,100.42410278320312,100.2646484375,100.12492370605469,94.06912231445312,100.44898986816406,103.23758697509766,103.94710540771484,103.3247299194336,105.36128234863281,101.98039245605469,106.30146026611328,101.91172790527344,107.81465911865234,104.89041900634766,105.418212890625,108.37435150146484,102.068603515625,106.82696533203125,107.05606079101562,108.2450942993164,109.62207794189453,103.94710540771484,104.66136169433594,99.72462463378906,97.74456787109375,97.30878448486328,95.13148498535156,88.23831176757812,85.0,78.4091796875,79.2022705078125,75.60423278808594,71.21797180175781,73.00685119628906,67.20118713378906,67.80117797851562,67.20118713378906,64.20280456542969,60.74536895751953,60.20797348022461,58.66856002807617,57.80138397216797,53.66563034057617,55.90169906616211,54.230987548828125,51.244510650634766
0,-35,-95,11,34,95.8018798828125,104.20172882080078,99.63935089111328,103.6001968383789,98.85848236083984,101.67103576660156,100.00499725341797,101.31633758544922,99.90495300292969,97.59098052978516,101.86265563964844,103.3924560546875,106.30146026611328,102.8250961303711,105.55093383789062,104.9952392578125,106.52699279785156,100.76705932617188,107.29864501953125,104.48445129394531,104.48445129394531,104.35037231445312,104.48445129394531,109.40292358398438,107.00466918945312,108.23123168945312,108.46658325195312,104.06248474121094,106.07544708251953,96.87621307373047,100.44898986816406,94.79451751708984,91.3509750366211,88.61715698242188,86.05230712890625,78.56844329833984,77.89736938476562,75.82215881347656,73.24616241455078,73.10950469970703,65.4369888305664,68.24954223632812,63.411354064941406,63.89052963256836,62.00806427001953,57.42821502685547,57.42821502685547,59.6824951171875,53.0,55.4707145690918,55.90169906616211,52.201534271240234
0,-34,-95,10,37,94.40338897705078,99.04544067382812,97.09788513183594,99.29753112792969,98.47334289550781,97.34988403320312,97.41663360595703,95.41488647460938,96.04165649414062,97.1287841796875,100.23971557617188,100.62306213378906,101.51847076416016,99.74467468261719,100.62306213378906,101.63660430908203,102.15674591064453,99.74467468261719,104.92378234863281,101.76934814453125,101.07917785644531,100.7223892211914,99.74467468261719,106.10372161865234,103.87010955810547,105.55093383789062,99.76472473144531,101.96568298339844,99.29753112792969,96.3846435546875,93.49331665039062,94.03190612792969,90.69729614257812,87.6584243774414,84.40379333496094,78.60025787353516,79.8122787475586,73.60027313232422,69.81404113769531,69.20259857177734,66.21932983398438,64.66065216064453,64.03124237060547,61.84658432006836,63.03173828125,58.0,58.0,55.90169906616211,55.31726837158203,55.0,51.03919982910156,49.73931884765625
0,-35,-95,10,37,98.08159637451172,99.35794067382812,100.42410278320312,100.42410278320312,99.20181274414062,99.80982208251953,100.43903350830078,98.47334289550781,98.73702239990234,103.24727630615234,104.30723571777344,103.94229125976562,104.70912170410156,105.67875671386719,103.83159637451172,105.11898040771484,105.11898040771484,103.44564056396484,106.89247131347656,108.6876220703125,104.65657806396484,107.33126068115234,104.65657806396484,109.123779296875,106.89247131347656,108.24047088623047,106.0660171508789,107.37783813476562,102.62553405761719,100.95543670654297,97.41663360595703,96.02082824707031,95.0,88.23831176757812,86.05230712890625,81.83519744873047,81.83519744873047,74.81310272216797,74.65252685546875,71.0633544921875,68.11754608154297,66.70832061767578,63.89052963256836,62.96824645996094,62.22539520263672,59.41380310058594,60.14149856567383,58.0,56.7274169921875,54.4058837890625,53.25410842895508,51.4781494140625
0,-35,-95,10,37,101.04454803466797,102.12247467041016,105.0,102.01960754394531,106.0,101.0,103.01941680908203,103.07764434814453,103.12128448486328,104.30723571777344,101.2422866821289,106.56922912597656,103.81714630126953,103.94710540771484,104.69001770019531,109.4897232055664,104.7377700805664,106.53168487548828,104.92378234863281,108.06016540527344,107.20074462890625,111.00450134277344,107.51744079589844,111.1980209350586,110.64356994628906,107.20074462890625,109.8954086303711,108.5587387084961,104.3886947631836,102.39628601074219,98.12747192382812,96.13011932373047,94.02127075195312,90.00555419921875,86.00581359863281,84.0,82.0,77.02597045898438,75.05997467041016,73.02738952636719,70.06425476074219,69.1158447265625,68.06614685058594,62.12889862060547,61.20457458496094,59.13543701171875,59.6824951171875,58.694122314453125,58.24946212768555,56.75385284423828,53.45091247558594,51.078372955322266
0,-34,-95,10,36,100.0199966430664,100.0,101.07917785644531,99.00505065917969,99.02020263671875,98.04590606689453,100.17984008789062,98.18350219726562,100.31948852539062,101.59724426269531,101.49384307861328,102.956298828125,104.08650207519531,104.7377700805664,103.24727630615234,108.68302154541016,102.39140319824219,105.9056167602539,103.81233215332031,105.32331085205078,105.11898040771484,108.68302154541016,103.94229125976562,106.23088073730469,108.06016540527344,105.9056167602539,108.67382049560547,108.34204864501953,101.96568298339844,100.7174301147461,95.33625030517578,95.2575454711914,92.19544219970703,88.0511245727539,86.02325439453125,85.02352905273438,79.00633239746094,74.00675964355469,73.00685119628906,71.00704193115234,69.02897644042969,64.0,65.0076904296875,63.03173828125,61.00819778442383,59.13543701171875,58.215118408203125,60.406951904296875,57.706153869628906,52.95280838012695,54.81787872314453,51.54609680175781
0,-35,-95,10,37,101.59724426269531,99.60923767089844,102.07839965820312,102.31324768066406,103.23758697509766,99.2471694946289,102.12247467041016,100.0199966430664,103.00485229492188,103.0436782836914,103.07764434814453,104.30723571777344,106.23088073730469,105.68348693847656,104.47966003417969,106.67708587646484,104.08650207519531,103.94710540771484,105.22357177734375,106.9205322265625,105.68348693847656,107.05606079101562,105.80170440673828,111.15754699707031,110.02726745605469,108.77959442138672,109.45775604248047,108.46197509765625,103.23758697509766,100.31948852539062,97.00515747070312,97.00515747070312,93.02149963378906,88.14192962646484,86.14522552490234,85.05292510986328,82.02438354492188,78.10249328613281,74.00675964355469,72.11102294921875,73.10950469970703,67.18630981445312,67.18630981445312,64.07027435302734,62.3939094543457,59.6824951171875,59.84145736694336,59.03388977050781,58.051700592041016,56.29387283325195,53.45091247558594,52.39274597167969
0,-34,-95,11,33,91.93476104736328,93.4344711303711,94.84724426269531,96.33275604248047,98.41239929199219,97.83660125732422,95.2680435180664,94.64142608642578,93.08598327636719,93.81364440917969,94.86833190917969,99.02020263671875,99.02020263671875,97.94386291503906,97.41663360595703,98.61541748046875,99.36296844482422,96.7470932006836,101.212646484375,99.84988403320312,98.61541748046875,101.71037292480469,97.6166000366211,102.41581726074219,104.70912170410156,102.956298828125,100.84642028808594,98.79270935058594,99.02020263671875,94.03190612792969,93.81364440917969,91.60785675048828,90.27181243896484,81.83519744873047,82.97589874267578,80.43009185791016,78.10249328613281,73.10950469970703,70.93659210205078,66.06814575195312,65.85590362548828,64.66065216064453,62.36986541748047,60.14149856567383,59.396968841552734,58.694122314453125,57.314918518066406,56.63920974731445,55.226806640625,52.009613037109375,51.03919982910156,50.2493782043457
0,-35,-95,10,38,101.63660430908203,105.5367202758789,99.68952178955078,110.35397338867188,101.41498565673828,107.48953247070312,101.98039245605469,102.9611587524414,103.09703826904297,100.84146118164062,104.8093490600586,106.38138580322266,107.29864501953125,106.11785888671875,110.29052734375,106.169677734375,113.0398178100586,106.169677734375,113.00442504882812,109.1650161743164,110.29052734375,109.04127502441406,105.1712875366211,112.0,112.1115493774414,113.21660614013672,110.29052734375,105.80170440673828,109.55364227294922,99.84988403320312,104.08650207519531,96.8813705444336,95.12622833251953,89.73851013183594,90.70832061767578,81.25269317626953,82.0,80.77747344970703,76.40026092529297,77.1297607421875,67.72000885009766,72.80110168457031,66.48307800292969,66.40782928466797,65.78753662109375,60.539241790771484,60.16643524169922,59.61543273925781,56.859474182128906,57.706153869628906,56.4358024597168,54.64430618286133
0,-34,-95,10,37,102.88343048095703,105.19029998779297,105.47511291503906,105.19029998779297,103.94229125976562,102.39628601074219,104.29285430908203,103.46980285644531,104.86181640625,105.0,105.0,105.80170440673828,109.01834869384766,108.85311126708984,107.44766235351562,109.34349822998047,107.81465911865234,107.81465911865234,109.123779296875,108.30050659179688,107.81465911865234,110.45361328125,106.4048843383789,111.1980209350586,110.11357879638672,112.80514526367188,111.04053497314453,108.4066390991211,108.00463104248047,101.25709533691406,100.12492370605469,98.73702239990234,94.33981323242188,90.55384826660156,87.8179931640625,87.46427917480469,82.36504364013672,79.64923095703125,76.66159057617188,73.43023681640625,70.66116333007812,70.66116333007812,68.42514038085938,67.08203887939453,63.071388244628906,61.84658432006836,60.835845947265625,61.09828186035156,58.52349853515625,59.203041076660156,57.723480224609375,52.77309799194336
0,-34,-95,11,33,97.34988403320312,101.25709533691406,97.94386291503906,101.51354217529297,100.70252990722656,100.40418243408203,98.61541748046875,99.4786376953125,100.34440612792969,99.29753112792969,103.31505584716797,101.55294036865234,103.87010955810547,102.04410552978516,106.10372161865234,102.88343048095703,105.47511291503906,101.39033508300781,105.10946655273438,106.97663116455078,104.54663848876953,105.84894561767578,103.07764434814453,106.6255111694336,108.63240814208984,107.15409088134766,105.60302734375,104.21611785888672,103.78824615478516,97.04637908935547,95.38343811035156,94.15412902832031,92.78469848632812,86.28441619873047,86.8216552734375,81.6333236694336,79.61155700683594,75.1664810180664,71.86793518066406,71.56116485595703,67.67569732666016,67.95587158203125,62.42595672607422,62.20128631591797,60.0,58.2580451965332,58.898216247558594,58.898216247558594,55.90169906616211,55.865909576416016,53.75872039794922,51.400390625
0,-35,-95,11,34,96.51942443847656,97.34988403320312,102.39628601074219,99.02020263671875,97.1287841796875,96.8968505859375,100.64790344238281,97.52947998046875,99.28242492675781,97.94386291503906,101.98039245605469,102.88343048095703,100.7223892211914,102.55242919921875,103.07764434814453,104.67568969726562,102.78618621826172,104.06248474121094,104.35516357421875,105.3043212890625,102.14205932617188,105.6503677368164,99.92997741699219,105.9480972290039,105.0047607421875,105.9480972290039,103.81714630126953,101.0197982788086,101.39033508300781,97.69339752197266,96.60745239257812,93.52005004882812,91.67878723144531,86.35391998291016,82.76472473144531,82.2982406616211,79.64923095703125,75.66372680664062,72.4706802368164,67.11929321289062,66.18912506103516,65.0,65.3681869506836,63.631752014160156,61.91122817993164,59.16925048828125,58.30952072143555,56.859474182128906,56.40035629272461,54.488529205322266,52.40229034423828,48.91830062866211
0,-35,-95,11,32,100.0,99.0,99.04544067382812,100.00499725341797,97.02061462402344,94.04785919189453,99.12618255615234,94.33981323242188,97.32933807373047,98.50888061523438,100.4987564086914,102.1077880859375,102.1077880859375,107.51744079589844,103.24727630615234,101.60708618164062,101.20276641845703,100.62306213378906,102.18121337890625,101.98039245605469,101.0,102.9611587524414,101.98039245605469,104.78549194335938,104.92378234863281,103.7545166015625,104.93807983398438,103.09703826904297,101.71037292480469,95.52486419677734,94.19129180908203,92.19544219970703,91.02197265625,88.0227279663086,86.02325439453125,81.00617218017578,78.00640869140625,74.00675964355469,73.00685119628906,72.00694274902344,67.02984619140625,65.03076171875,65.0,61.032779693603516,59.13543701171875,57.14017868041992,58.30952072143555,56.4358024597168,56.29387283325195,54.7448616027832,51.92301940917969,50.59644317626953
0,-34,-95,11,33,99.12618255615234,99.02020263671875,102.4743881225586,101.71037292480469,101.212646484375,99.84988403320312,101.53324890136719,97.04637908935547,101.96568298339844,101.55294036865234,102.55242919921875,104.0,104.54663848876953,107.33592224121094,103.07764434814453,107.33592224121094,105.10946655273438,104.40306854248047,105.3043212890625,106.28263854980469,105.68821716308594,108.84851837158203,105.68821716308594,107.51744079589844,108.63240814208984,107.33592224121094,108.46197509765625,105.60302734375,104.21611785888672,102.41581726074219,95.7131118774414,95.38343811035156,93.1504135131836,88.83692932128906,86.09297180175781,84.38008880615234,79.07591247558594,75.1664810180664,74.3303451538086,71.56116485595703,69.065185546875,66.61080932617188,68.24221801757812,62.42595672607422,63.0079345703125,60.4400520324707,58.41232681274414,59.41380310058594,58.0,55.226806640625,54.037025451660156,51.61395263671875
0,-34,-95,10,37,94.3663101196289,97.01546478271484,98.73196411132812,98.99494934082031,96.7470932006836,94.76286315917969,95.33625030517578,96.18731689453125,97.00515747070312,96.04686737060547,96.13011932373047,99.02020263671875,102.0,99.02020263671875,101.12368774414062,102.17631530761719,101.59724426269531,101.2422866821289,101.49384307861328,100.60317993164062,99.50376892089844,101.59724426269531,102.39628601074219,103.5857162475586,104.12012481689453,104.30723571777344,104.47966003417969,102.04410552978516,99.08077239990234,99.04544067382812,92.00543212890625,93.04837799072266,87.00574493408203,84.05355072021484,80.05622863769531,80.22468566894531,74.1687240600586,73.17103576660156,73.17103576660156,68.11754608154297,66.12110137939453,63.12685775756836,63.12685775756836,60.20797348022461,59.13543701171875,57.314918518066406,56.22277069091797,57.55866622924805,55.31726837158203,51.92301940917969,51.54609680175781,48.332183837890625
0,-34,-95,11,33,97.06183624267578,103.31021118164062,100.64790344238281,102.85912322998047,100.64790344238281,104.27847290039062,102.45974731445312,100.31948852539062,101.23734283447266,99.02020263671875,102.45974731445312,106.32027435302734,104.8093490600586,105.36128234863281,105.36128234863281,106.32027435302734,105.77334594726562,104.12012481689453,105.26158142089844,105.36128234863281,106.04244232177734,107.00466918945312,106.23088073730469,108.25894927978516,108.17115783691406,108.66921997070312,108.15729522705078,105.3043212890625,105.3043212890625,100.6578369140625,96.93296813964844,95.34149169921875,93.03762817382812,88.10221099853516,85.42247772216797,82.3468246459961,81.93900299072266,76.967529296875,74.24958038330078,71.58910369873047,66.18912506103516,69.31810760498047,65.76473236083984,63.52952194213867,62.265560150146484,59.36328887939453,60.74536895751953,58.24946212768555,56.035701751708984,54.4058837890625,54.037025451660156,53.037723541259766
0,-35,-95,11,33,98.50888061523438,101.2422866821289,102.04410552978516,100.17984008789062,98.08159637451172,99.02020263671875,97.02061462402344,99.04544067382812,99.08077239990234,102.17631530761719,102.23991394042969,104.47966003417969,104.58011627197266,104.47966003417969,102.956298828125,104.23531341552734,103.24727630615234,104.08650207519531,105.9056167602539,104.23531341552734,101.96568298339844,107.51744079589844,101.96568298339844,107.07940673828125,106.21205139160156,104.08650207519531,106.79419708251953,104.69001770019531,102.59142303466797,100.40418243408203,97.1287841796875,95.08417510986328,93.02149963378906,87.0,84.00595092773438,82.0,78.0,77.02597045898438,74.02702331542969,70.028564453125,69.00724792480469,69.065185546875,65.03076171875,63.071388244628906,61.13100814819336,58.30952072143555,59.41380310058594,59.13543701171875,55.73149871826172,54.918121337890625,52.88667297363281,52.0
0,-35,-95,10,38,103.71113586425781,103.23274993896484,102.00489807128906,104.63746643066406,104.62313079833984,103.4069595336914,106.01886749267578,101.78899383544922,102.08329772949219,104.10091400146484,105.68821716308594,105.15226745605469,107.42439270019531,105.58882141113281,107.42439270019531,110.9414291381836,105.99056243896484,106.0660171508789,110.01818084716797,112.69871520996094,107.35455322265625,109.59014892578125,105.55093383789062,112.25862884521484,109.59014892578125,110.05907440185547,108.0462875366211,107.70329284667969,104.30723571777344,102.92716217041016,100.12492370605469,98.47334289550781,96.02082824707031,92.00543212890625,86.83317565917969,83.86894226074219,82.32861328125,77.33692169189453,74.3303451538086,70.93659210205078,72.91776275634766,67.26811981201172,68.11754608154297,65.85590362548828,63.639610290527344,62.2414665222168,60.87692642211914,58.728187561035156,57.384666442871094,57.20139694213867,53.0,53.23532485961914
0,-34,-95,11,33,91.08238220214844,96.13532257080078,96.13532257080078,96.13532257080078,92.4770278930664,95.85926818847656,94.15412902832031,93.23089599609375,92.19544219970703,93.471923828125,98.89894104003906,97.49359130859375,97.94896697998047,96.64884948730469,98.88377380371094,96.8968505859375,99.98500061035156,97.1287841796875,99.64437103271484,99.98500061035156,97.6166000366211,100.4987564086914,97.6166000366211,102.08329772949219,101.212646484375,98.97979736328125,100.62306213378906,96.60227966308594,97.49359130859375,92.57429504394531,92.19544219970703,89.69392395019531,89.55445098876953,83.48652648925781,79.71198272705078,76.216796875,75.28611755371094,70.83784484863281,67.35725402832031,66.0984115600586,63.5688591003418,64.19501495361328,61.6846809387207,58.8217658996582,58.8217658996582,53.851646423339844,56.29387283325195,53.15073013305664,51.62363815307617,49.25444030761719,49.09175109863281,48.0
0,-34,-95,11,34,102.61579132080078,105.36128234863281,104.04325866699219,109.76793670654297,104.40306854248047,105.6503677368164,103.09219360351562,102.78618621826172,106.56922912597656,104.92378234863281,107.01869201660156,107.35455322265625,109.65856170654297,108.67382049560547,109.59014892578125,108.25894927978516,109.59014892578125,104.65180206298828,110.05907440185547,109.56732940673828,110.49434661865234,113.1591796875,109.56732940673828,111.01801300048828,111.82575988769531,111.35977935791016,111.48542785644531,109.5627670288086,109.5627670288086,104.177734375,98.37174224853516,98.08159637451172,95.60334777832031,91.67878723144531,90.47099304199219,84.64632415771484,80.77747344970703,79.30951690673828,76.40026092529297,76.68767547607422,69.42621612548828,71.38627624511719,68.44705963134766,64.32728576660156,65.6201171875,61.52235412597656,63.3876953125,63.12685775756836,58.13776779174805,57.03507614135742,55.03635025024414,56.14267349243164
0,-34,-95,10,37,98.71676635742188,100.4987564086914,101.13851928710938,104.80458068847656,99.76472473144531,99.72462463378906,100.44898986816406,100.4987564086914,99.82484436035156,103.3924560546875,102.64988708496094,103.71113586425781,105.26158142089844,104.20172882080078,103.07764434814453,104.8093490600586,105.20931243896484,103.4069595336914,106.01886749267578,106.50821685791016,104.40306854248047,105.43718719482422,105.20931243896484,109.85900115966797,105.80170440673828,105.80170440673828,107.00466918945312,104.48445129394531,102.44998931884766,99.90495300292969,96.2081069946289,94.76286315917969,92.6336898803711,88.41380310058594,86.27861785888672,84.2199478149414,79.24645233154297,75.00666809082031,72.34638977050781,68.62215423583984,69.42621612548828,67.94115447998047,64.44377136230469,63.78087615966797,61.073726654052734,58.13776779174805,60.0,58.24946212768555,55.226806640625,55.07267761230469,53.22593307495117,52.0
0,-35,-95,11,33,97.08243560791016,100.76705932617188,102.59142303466797,101.31633758544922,103.96633911132812,100.4987564086914,99.03534698486328,98.2903823852539,103.94710540771484,101.41498565673828,102.068603515625,103.5857162475586,105.26158142089844,102.80078125,105.8914566040039,109.40292358398438,103.00485229492188,102.00489807128906,107.64757537841797,106.60675048828125,103.4069595336914,108.22661590576172,104.20172882080078,107.07473754882812,107.80074310302734,107.00466918945312,107.29864501953125,104.35037231445312,100.89598846435547,99.90495300292969,93.38094329833984,95.4620361328125,92.6552734375,89.10667419433594,85.58621215820312,81.39410400390625,81.39410400390625,75.07329559326172,74.3303451538086,69.42621612548828,67.20863342285156,66.48307800292969,67.35725402832031,63.78087615966797,61.717098236083984,58.41232681274414,58.8217658996582,59.07622146606445,57.80138397216797,54.708316802978516,53.66563034057617,52.0
0,-34,-95,11,33,101.51354217529297,102.62553405761719,102.21546173095703,102.62553405761719,100.4987564086914,99.64437103271484,102.4743881225586,98.48857879638672,101.51847076416016,100.62306213378906,105.99056243896484,106.0235824584961,105.11898040771484,106.23088073730469,106.6208267211914,106.97663116455078,107.91200256347656,104.75209045410156,107.22406768798828,107.22406768798828,107.33592224121094,108.50345611572266,104.54663848876953,109.11003875732422,109.00458526611328,107.15409088134766,108.63240814208984,105.84894561767578,103.46980285644531,101.13357543945312,98.38699340820312,96.15092468261719,91.30169677734375,86.45230102539062,86.35391998291016,84.72307586669922,80.4549560546875,75.1664810180664,73.24616241455078,71.02112579345703,69.97142028808594,68.09552001953125,68.26419067382812,64.66065216064453,63.812225341796875,60.80295944213867,60.605281829833984,56.40035629272461,55.973209381103516,55.865909576416016,55.226806640625,50.6063232421875
0,-34,-95,10,37,101.39033508300781,99.72462463378906,102.78618621826172,101.843017578125,101.19288635253906,99.29753112792969,99.6242904663086,99.6242904663086,99.32774353027344,100.16985321044922,103.5857162475586,101.78899383544922,101.20276641845703,104.7377700805664,104.13932800292969,105.54619598388672,101.96568298339844,101.60708618164062,102.1077880859375,106.53168487548828,104.13932800292969,106.8877944946289,103.94229125976562,106.21205139160156,106.0660171508789,106.09900665283203,105.5367202758789,105.26158142089844,103.3247299194336,101.92153930664062,97.08243560791016,93.6375961303711,92.11405944824219,88.39117431640625,85.61541748046875,81.3449478149414,80.41144561767578,73.16419982910156,71.30918884277344,69.85699462890625,70.68238830566406,67.62396240234375,66.30987548828125,63.071388244628906,60.8276252746582,59.05929183959961,59.90826416015625,57.80138397216797,57.42821502685547,53.823787689208984,53.81449508666992,50.990196228027344
0,-34,-95,10,37,101.41498565673828,103.36827087402344,100.16985321044922,108.90821838378906,100.89598846435547,101.86756134033203,100.42410278320312,102.78618621826172,99.92997741699219,98.67117309570312,103.4069595336914,104.54663848876953,105.84894561767578,109.00458526611328,106.23088073730469,104.3886947631836,107.01869201660156,102.15674591064453,107.01869201660156,104.78549194335938,106.6208267211914,107.42439270019531,101.23734283447266,108.6876220703125,109.65856170654297,107.15409088134766,108.63240814208984,102.78618621826172,107.56393432617188,99.92997741699219,101.92153930664062,97.26766967773438,90.70832061767578,89.05054473876953,84.5280990600586,79.62411499023438,80.60397338867188,77.46611785888672,74.3303451538086,72.99314880371094,67.89698028564453,69.05070495605469,66.0984115600586,64.77654266357422,63.50590515136719,61.52235412597656,60.074954986572266,61.073726654052734,54.037025451660156,58.00862121582031,54.037025451660156,52.46903991699219
0,-35,-95,11,33,100.40418243408203,97.51409912109375,102.70345306396484,102.70345306396484,100.9752426147461,100.28459167480469,99.29753112792969,101.11874389648438,99.2471694946289,101.41498565673828,102.1077880859375,102.88343048095703,104.40306854248047,104.04325866699219,101.2422866821289,104.9952392578125,103.4069595336914,103.44564056396484,103.4069595336914,103.73042297363281,105.6503677368164,105.6219711303711,100.5683822631836,107.91200256347656,105.6219711303711,105.3043212890625,103.44564056396484,103.3247299194336,102.35721588134766,99.68952178955078,96.31718444824219,96.17691802978516,90.93404388427734,84.59314727783203,84.59314727783203,78.91767883300781,77.78174591064453,75.53807067871094,72.44308471679688,70.45565795898438,70.25667572021484,66.18912506103516,66.61080932617188,60.20797348022461,62.07253646850586,61.00819778442383,59.00847244262695,59.00847244262695,57.21887969970703,56.14267349243164,52.77309799194336,51.41984176635742
0,-34,-95,10,37,98.27003479003906,100.43903350830078,98.95453643798828,98.71676635742188,98.23441314697266,98.49365234375,99.04039764404297,98.67117309570312,98.37174224853516,97.71898651123047,101.59232330322266,102.69371795654297,102.69371795654297,100.31948852539062,103.07764434814453,102.88343048095703,102.85912322998047,100.64790344238281,103.31505584716797,104.65180206298828,103.78824615478516,103.7545166015625,101.98039245605469,105.11898040771484,103.78824615478516,102.88343048095703,102.45974731445312,103.07764434814453,101.39033508300781,95.85926818847656,94.5568618774414,92.6552734375,88.54377746582031,83.81526947021484,82.2800064086914,79.55501556396484,76.92203521728516,71.80529022216797,69.85699462890625,70.3420181274414,66.2872543334961,64.53681182861328,65.0,60.20797348022461,60.41522979736328,58.85575485229492,58.54912567138672,57.55866622924805,56.14267349243164,55.081756591796875,52.0,50.15974426269531
0,-35,-95,11,33,100.62306213378906,101.51847076416016,101.63660430908203,101.76934814453125,99.4032211303711,101.13357543945312,102.88343048095703,98.35140991210938,100.5683822631836,100.24469757080078,102.48902130126953,103.07764434814453,105.51303100585938,103.07764434814453,105.51303100585938,102.39140319824219,103.16007232666016,98.27003479003906,106.53168487548828,102.77159118652344,103.94229125976562,105.72132873535156,101.20276641845703,106.7052001953125,106.8877944946289,105.11898040771484,105.5367202758789,101.39033508300781,103.58088684082031,97.80081939697266,96.4624252319336,95.81753540039062,91.4166259765625,87.66413116455078,83.57032775878906,81.93289947509766,77.2528305053711,74.46475982666016,73.16419982910156,70.7742919921875,67.23094177246094,68.02940368652344,64.47480010986328,63.976558685302734,60.41522979736328,56.82429122924805,60.8276252746582,58.18075180053711,56.93856430053711,54.918121337890625,52.801513671875,54.5618896484375
0,-35,-95,11,33,97.41663360595703,98.79270935058594,96.25486755371094,98.97979736328125,98.41239929199219,98.0051040649414,98.0051040649414,97.94386291503906,100.17984008789062,95.34149169921875,98.0866928100586,100.6578369140625,101.51354217529297,102.14205932617188,103.46497344970703,103.09219360351562,101.92153930664062,99.6242904663086,102.88343048095703,102.48902130126953,103.4069595336914,100.57833099365234,101.2422866821289,104.54663848876953,105.6503677368164,104.04325866699219,103.73042297363281,101.59232330322266,101.59232330322266,98.08159637451172,93.10746765136719,93.10746765136719,90.8019790649414,86.31338500976562,84.07734680175781,79.62411499023438,75.13321685791016,74.30342864990234,72.01388549804688,69.7782211303711,66.64833068847656,64.8459701538086,65.29930877685547,63.1347770690918,58.30952072143555,57.14017868041992,57.14017868041992,54.37830352783203,53.823787689208984,54.037025451660156,52.49761962890625,51.62363815307617
0,-35,-95,10,37,99.80982208251953,104.20172882080078,106.01886749267578,105.60302734375,102.41581726074219,101.51354217529297,100.95543670654297,102.92716217041016,102.39628601074219,104.23531341552734,104.8093490600586,106.43777465820312,105.11898040771484,104.65180206298828,107.78218841552734,106.8877944946289,105.55093383789062,105.0951919555664,108.33743286132812,106.0235824584961,107.35455322265625,108.33743286132812,106.0235824584961,107.83784484863281,111.82575988769531,108.22661590576172,108.70602416992188,107.18675231933594,103.83159637451172,98.61541748046875,95.69221496582031,96.04165649414062,93.81364440917969,88.81441497802734,86.40023040771484,85.44589233398438,80.60397338867188,75.80237579345703,73.24616241455078,73.60027313232422,68.7677230834961,69.02897644042969,66.06814575195312,64.66065216064453,60.95900344848633,60.87692642211914,60.8276252746582,60.81118392944336,58.13776779174805,53.600372314453125,52.201534271240234,51.97114562988281
0,-34,-95,10,36,93.94147491455078,92.6498794555664,98.65596771240234,95.7078857421875,97.67292022705078,95.18928527832031,95.18928527832031,93.53608703613281,96.51942443847656,94.42987060546875,97.25225067138672,99.04544067382812,98.04590606689453,99.02020263671875,95.02104949951172,102.0,98.0051040649414,99.00505065917969,99.04544067382812,99.00505065917969,98.0204086303711,100.00499725341797,99.00505065917969,101.07917785644531,101.0,100.0,100.07997131347656,101.12368774414062,94.2602767944336,96.25486755371094,87.69264221191406,88.81441497802734,87.96590423583984,83.18653869628906,80.41144561767578,79.42921447753906,76.29547882080078,72.7804946899414,68.24954223632812,65.30696868896484,63.78871536254883,61.61168670654297,62.36986541748047,58.94064712524414,58.24087905883789,55.785301208496094,56.32051086425781,55.36244201660156,54.424259185791016,54.625999450683594,49.648765563964844,49.73931884765625
0,-34,-95,11,33,96.04686737060547,95.33625030517578,100.89598846435547,97.26766967773438,97.74456787109375,94.14881896972656,100.22474670410156,95.35198211669922,98.31072998046875,97.86725616455078,99.14131164550781,101.40019989013672,100.60317993164062,99.40824890136719,99.2471694946289,105.23307800292969,99.12618255615234,101.17806243896484,100.07997131347656,101.07917785644531,102.17631530761719,101.07917785644531,101.12368774414062,104.01922607421875,104.12012481689453,99.32270812988281,102.39628601074219,100.4987564086914,97.73944854736328,97.62171936035156,92.22798156738281,89.10667419433594,88.45903015136719,84.40379333496094,80.28075408935547,79.07591247558594,76.40026092529297,71.30918884277344,67.91170501708984,67.44627380371094,66.48307800292969,63.78871536254883,64.56005096435547,59.77457809448242,60.728904724121094,56.920997619628906,54.7813835144043,55.154327392578125,55.46169662475586,54.12947463989258,50.6063232421875,50.774009704589844
0,-34,-95,11,33,100.12492370605469,98.41239929199219,104.47966003417969,100.4987564086914,101.40019989013672,98.50888061523438,100.28459167480469,99.63935089111328,98.84330749511719,100.80674743652344,102.25947570800781,103.94229125976562,105.32331085205078,105.5367202758789,103.81233215332031,106.73799896240234,102.88343048095703,102.1077880859375,102.48902130126953,104.9952392578125,104.12012481689453,103.09219360351562,103.58088684082031,107.2800064086914,105.51303100585938,105.75916290283203,105.01904296875,105.75916290283203,100.62306213378906,101.27191162109375,97.01546478271484,94.64142608642578,94.20191192626953,87.57283020019531,84.2911605834961,82.2192153930664,80.05622863769531,75.02666473388672,75.02666473388672,69.02897644042969,69.1158447265625,66.12110137939453,67.02984619140625,63.0079345703125,61.073726654052734,59.0,58.00862121582031,57.14017868041992,59.41380310058594,55.73149871826172,52.88667297363281,50.28916549682617
0,-35,-95,10,37,101.95096588134766,99.29753112792969,102.31813049316406,101.76934814453125,99.92497253417969,100.46392059326172,101.55294036865234,101.07917785644531,99.31767272949219,98.88377380371094,102.4743881225586,103.83159637451172,105.67875671386719,104.8475112915039,106.53168487548828,105.11898040771484,104.56098937988281,101.83319854736328,104.29285430908203,104.30723571777344,106.53168487548828,105.68348693847656,100.95543670654297,107.41508483886719,105.9480972290039,107.070068359375,107.37783813476562,105.47511291503906,104.8093490600586,99.4786376953125,93.91485595703125,93.91485595703125,93.03762817382812,86.8158950805664,84.69356536865234,81.43709564208984,78.79086303710938,74.84651184082031,73.40980529785156,69.85699462890625,70.00714111328125,67.23094177246094,65.0,63.90618133544922,61.09828186035156,58.872745513916016,59.77457809448242,59.203041076660156,57.27128601074219,53.36665725708008,52.77309799194336,50.15974426269531
0,-34,-95,11,33,100.7174301147461,101.27191162109375,101.98039245605469,101.98039245605469,103.94229125976562,102.18121337890625,101.86756134033203,101.13851928710938,100.16985321044922,101.39033508300781,102.48902130126953,104.35516357421875,104.35516357421875,106.97663116455078,103.73042297363281,106.04244232177734,106.77546691894531,106.28263854980469,107.15409088134766,105.47511291503906,105.10946655273438,106.6208267211914,104.75209045410156,109.3846435546875,109.44404602050781,106.28263854980469,104.9952392578125,104.40306854248047,102.88343048095703,99.45853424072266,97.51409912109375,96.10411071777344,92.41753387451172,88.84255981445312,87.82368469238281,81.21575927734375,82.73451232910156,78.08969116210938,74.5452880859375,72.56031799316406,68.59300231933594,68.26419067382812,64.49806213378906,63.3876953125,63.12685775756836,60.20797348022461,61.073726654052734,59.00847244262695,59.00847244262695,56.4358024597168,54.33230972290039,52.77309799194336
0,-35,-95,11,34,104.00961303710938,104.56098937988281,102.2007827758789,107.64757537841797,100.60317993164062,104.20172882080078,102.80078125,103.07764434814453,101.67103576660156,101.41498565673828,105.64563751220703,104.7377700805664,106.77546691894531,106.77546691894531,108.2081298828125,108.90362548828125,109.65856170654297,104.65180206298828,111.80339813232422,107.56393432617188,108.18965148925781,109.62207794189453,106.0660171508789,110.45361328125,110.34491729736328,110.30865478515625,108.93116760253906,107.56393432617188,107.71257781982422,101.41498565673828,101.04454803466797,100.2646484375,96.40020751953125,91.02197265625,85.44589233398438,82.09750366210938,81.84130859375,79.32212829589844,74.63243103027344,75.45197296142578,70.72481536865234,71.28113555908203,65.45991516113281,66.37017059326172,64.14047241210938,60.41522979736328,61.717098236083984,57.775428771972656,59.61543273925781,55.54277801513672,56.920997619628906,50.695167541503906
0,-35,-95,10,37,97.49359130859375,96.60745239257812,100.22474670410156,99.31767272949219,97.08243560791016,93.94147491455078,94.93682098388672,94.5409927368164,98.79270935058594,99.6242904663086,99.29753112792969,100.57833099365234,100.96038818359375,99.04039764404297,102.48902130126953,100.0,98.95453643798828,98.23441314697266,102.61091613769531,100.66280364990234,101.13851928710938,103.81233215332031,100.42410278320312,104.3455810546875,104.29285430908203,102.61091613769531,102.2007827758789,102.78618621826172,98.67117309570312,96.4624252319336,92.30926513671875,90.47099304199219,88.63971710205078,83.77350616455078,80.52949523925781,78.0,75.64390563964844,72.49827575683594,69.31810760498047,67.5425796508789,64.40496826171875,64.40496826171875,63.06346130371094,61.29437255859375,58.18075180053711,56.93856430053711,57.14017868041992,57.688819885253906,54.4058837890625,52.801513671875,52.49761962890625,50.91168975830078
0,-34,-95,11,33,97.58073425292969,101.13851928710938,103.3247299194336,101.31633758544922,100.00499725341797,97.08243560791016,100.76705932617188,98.71676635742188,101.04454803466797,102.00489807128906,101.82828521728516,103.81233215332031,104.86181640625,102.64988708496094,103.73042297363281,106.32967376708984,103.94229125976562,103.77379608154297,106.67708587646484,104.8093490600586,106.53168487548828,107.18675231933594,104.8475112915039,107.54068756103516,107.70329284667969,107.91200256347656,108.16654205322266,103.46980285644531,101.51354217529297,101.60708618164062,94.64142608642578,96.82975006103516,93.7229995727539,87.96590423583984,85.14693450927734,82.07313537597656,79.39773559570312,77.98717498779297,72.91776275634766,70.76722717285156,69.35416412353516,68.01470184326172,65.85590362548828,62.22539520263672,62.2414665222168,58.0,58.728187561035156,58.051700592041016,59.03388977050781,54.64430618286133,54.20331954956055,51.88448715209961
0,-34,-95,11,33,97.67292022705078,98.84330749511719,101.78899383544922,100.62306213378906,99.29753112792969,98.31072998046875,101.49384307861328,99.98500061035156,99.50376892089844,103.31021118164062,102.23991394042969,102.00489807128906,104.04325866699219,105.0,102.0,108.01851654052734,104.12012481689453,102.04410552978516,106.169677734375,106.11785888671875,105.01904296875,104.07689666748047,103.01941680908203,108.37435150146484,106.169677734375,104.07689666748047,104.00480651855469,104.0,102.00489807128906,99.04544067382812,94.2602767944336,96.33275604248047,93.64827728271484,86.5794448852539,82.73451232910156,80.62257385253906,78.91767883300781,76.94153594970703,72.83543395996094,65.76473236083984,69.58448028564453,66.75328063964844,65.11528015136719,62.96824645996094,61.0,58.46366500854492,59.43904495239258,56.75385284423828,57.723480224609375,57.245086669921875,51.078372955322266,50.537113189697266
0,-35,-95,10,37,101.60708618164062,101.27191162109375,103.16007232666016,101.98039245605469,101.78899383544922,99.2471694946289,102.1077880859375,98.23441314697266,101.39033508300781,102.35721588134766,102.88343048095703,103.74005889892578,103.74005889892578,105.3043212890625,103.73042297363281,108.50345611572266,103.81714630126953,106.28263854980469,105.47511291503906,106.23088073730469,106.97663116455078,107.70329284667969,106.6255111694336,107.70329284667969,109.11003875732422,108.16654205322266,105.9480972290039,105.08092498779297,100.68763732910156,101.6513671875,96.31718444824219,92.96235656738281,92.76313781738281,87.4757080078125,85.84288024902344,84.01190185546875,78.77182006835938,74.4311752319336,75.42546081542969,68.73136138916016,70.45565795898438,66.61080932617188,66.37017059326172,63.28506851196289,60.20797348022461,62.07253646850586,58.00862121582031,60.008331298828125,57.03507614135742,56.035701751708984,55.578773498535156,52.95280838012695
0,-34,-95,11,33,101.76934814453125,94.33981323242188,102.45974731445312,100.6578369140625,103.44564056396484,97.71898651123047,102.48902130126953,99.72462463378906,100.68763732910156,102.35721588134766,102.83968353271484,102.9611587524414,100.80674743652344,101.60708618164062,102.59142303466797,105.80170440673828,100.60317993164062,104.69001770019531,102.59142303466797,105.9292221069336,103.81714630126953,103.5857162475586,105.54619598388672,105.57461547851562,104.93807983398438,105.07616424560547,103.09703826904297,104.92378234863281,100.0199966430664,103.16007232666016,93.86160278320312,96.7729263305664,93.86160278320312,85.72631072998047,83.81526947021484,81.60882568359375,80.65357971191406,73.68174743652344,70.88018035888672,68.62215423583984,68.00735473632812,64.8459701538086,68.3081283569336,61.35144805908203,62.297672271728516,59.46427536010742,59.09314727783203,55.94640350341797,57.706153869628906,56.603885650634766,50.774009704589844,50.477718353271484
0,-34,-95,11,33,101.31633758544922,100.31948852539062,103.69667053222656,100.31948852539062,102.70345306396484,99.84988403320312,103.57605743408203,98.99494934082031,99.82484436035156,102.9611587524414,103.16007232666016,103.81233215332031,103.58088684082031,104.8093490600586,101.6513671875,108.52188873291016,101.2422866821289,104.12012481689453,104.35516357421875,107.85638427734375,106.32027435302734,105.9480972290039,105.9480972290039,107.85638427734375,108.52188873291016,106.04244232177734,103.3247299194336,106.96260833740234,99.46356201171875,100.80674743652344,98.65596771240234,97.32420349121094,95.03683471679688,88.45903015136719,83.48652648925781,84.71717834472656,79.30951690673828,77.23341369628906,72.3394775390625,69.2603759765625,70.11418914794922,66.37017059326172,68.26419067382812,64.1248779296875,63.071388244628906,59.03388977050781,60.008331298828125,58.0,59.13543701171875,56.32051086425781,54.58937454223633,50.695167541503906
0,-35,-95,11,33,96.21330261230469,101.60708618164062,98.08159637451172,104.01922607421875,98.23441314697266,100.2646484375,99.48869323730469,100.00499725341797,100.00499725341797,98.2903823852539,103.94710540771484,103.3924560546875,103.3247299194336,101.31633758544922,103.3247299194336,104.13932800292969,102.94173431396484,100.00499725341797,106.82696533203125,106.30146026611328,103.3924560546875,104.89041900634766,100.6578369140625,107.80074310302734,105.75916290283203,106.4048843383789,104.80458068847656,101.13851928710938,104.65180206298828,96.17691802978516,94.84724426269531,93.50936126708984,94.02127075195312,86.05230712890625,85.0,78.4091796875,76.05918884277344,73.87828063964844,73.40980529785156,72.62230682373047,66.61080932617188,68.00735473632812,63.60031509399414,63.0079345703125,60.0,57.982757568359375,58.830265045166016,55.94640350341797,54.708316802978516,54.120235443115234,52.801513671875,50.32891845703125
0,-34,-95,10,37,101.11874389648438,99.98500061035156,102.48902130126953,104.69001770019531,101.40019989013672,102.31324768066406,103.12128448486328,101.12368774414062,100.04499053955078,104.00480651855469,105.0047607421875,106.0,104.07689666748047,109.1650161743164,104.04325866699219,106.38138580322266,108.46197509765625,105.3043212890625,106.67708587646484,108.46197509765625,108.46197509765625,106.47064971923828,106.47064971923828,108.66461944580078,106.23088073730469,110.29052734375,106.169677734375,106.07544708251953,102.07839965820312,101.0,99.04544067382812,96.08329772949219,93.04837799072266,91.13726043701172,85.14693450927734,84.148681640625,81.22191619873047,76.53103637695312,73.33484649658203,72.44308471679688,68.35934448242188,67.26811981201172,68.4689712524414,64.38167572021484,61.400325775146484,58.54912567138672,60.01666259765625,61.0,56.75385284423828,54.120235443115234,53.141319274902344,51.4781494140625
0,-35,-95,11,33,99.6242904663086,98.97979736328125,103.3247299194336,97.74456787109375,101.13851928710938,96.04686737060547,100.22474670410156,99.63935089111328,100.9752426147461,101.11874389648438,100.12991333007812,101.71037292480469,102.48902130126953,103.48429870605469,101.31633758544922,105.23307800292969,100.07997131347656,105.23307800292969,101.00495147705078,104.0,104.07689666748047,106.0,105.23307800292969,105.0428466796875,109.11461639404297,102.07839965820312,106.11785888671875,105.3043212890625,100.40418243408203,100.4987564086914,92.77930450439453,94.64142608642578,95.03683471679688,87.29833984375,84.17243957519531,82.56512451171875,80.04998779296875,75.50496673583984,71.80529022216797,66.2872543334961,69.23149871826172,65.11528015136719,66.4906005859375,60.41522979736328,61.61168670654297,61.13100814819336,57.9741325378418,59.13543701171875,58.872745513916016,52.39274597167969,53.712196350097656,51.97114562988281
0,-34,-95,10,37,97.80081939697266,96.04686737060547,100.66280364990234,99.20181274414062,98.71676635742188,98.27003479003906,100.0199966430664,96.69022369384766,99.63935089111328,99.14131164550781,99.72462463378906,101.71037292480469,103.31021118164062,100.40418243408203,99.50376892089844,102.17631530761719,101.12368774414062,102.23991394042969,101.00495147705078,102.12247467041016,101.31633758544922,103.17460632324219,102.17631530761719,103.07764434814453,104.23531341552734,105.385009765625,103.69667053222656,103.09703826904297,97.01546478271484,99.63935089111328,93.94147491455078,94.9210205078125,89.49860382080078,86.12200927734375,82.9698715209961,80.28075408935547,77.88452911376953,73.37574768066406,70.88018035888672,67.44627380371094,68.3081283569336,64.8459701538086,65.14598846435547,62.62587356567383,57.584720611572266,56.080299377441406,59.236812591552734,58.694122314453125,56.35601043701172,53.712196350097656,50.2493782043457,50.80354309082031
0,-35,-95,11,33,99.12618255615234,100.04499053955078,99.18164825439453,101.07917785644531,102.23991394042969,101.2422866821289,98.61541748046875,98.73196411132812,99.98500061035156,100.80674743652344,101.0,102.61091613769531,104.13932800292969,103.81233215332031,104.04806518554688,105.26158142089844,105.36128234863281,102.88343048095703,106.90182495117188,107.20541381835938,105.08092498779297,105.3043212890625,105.08092498779297,105.34230041503906,107.70329284667969,106.32027435302734,107.00466918945312,104.54663848876953,103.07764434814453,101.63660430908203,95.90099334716797,94.9210205078125,93.38094329833984,88.28363037109375,86.97700500488281,80.7527084350586,78.91767883300781,74.5452880859375,76.53103637695312,73.55270385742188,67.47592163085938,65.76473236083984,64.77654266357422,60.406951904296875,61.52235412597656,59.41380310058594,58.13776779174805,59.13543701171875,57.00876998901367,57.0,52.08646774291992,54.58937454223633
0,-35,-95,10,37,99.04544067382812,102.0,101.04454803466797,103.01941680908203,101.12368774414062,100.0199966430664,100.40418243408203,97.32933807373047,102.39628601074219,100.60317993164062,103.5857162475586,104.93807983398438,101.96568298339844,104.08650207519531,107.87029266357422,106.09900665283203,108.90821838378906,105.11898040771484,107.48953247070312,105.26158142089844,104.13932800292969,106.96260833740234,102.9611587524414,107.93516540527344,105.72132873535156,106.7052001953125,106.53168487548828,102.1077880859375,103.94710540771484,100.7174301147461,98.32598876953125,96.42095184326172,90.13877868652344,88.09085845947266,84.09518432617188,81.1541748046875,80.02499389648438,75.00666809082031,73.0,73.02738952636719,68.0,67.00746154785156,64.03124237060547,65.0076904296875,62.032249450683594,61.13100814819336,60.29925537109375,59.13543701171875,57.706153869628906,56.08921432495117,55.10898208618164,51.244510650634766
0,-35,-95,11,33,97.58073425292969,98.2903823852539,101.91172790527344,101.86265563964844,100.4987564086914,100.4987564086914,98.41239929199219,101.53324890136719,102.068603515625,99.80982208251953,103.81233215332031,102.34255981445312,104.86181640625,102.08329772949219,102.90287017822266,107.070068359375,106.32967376708984,101.2422866821289,105.19029998779297,105.47511291503906,104.30723571777344,106.0,106.0,108.4066390991211,108.90821838378906,107.70329284667969,105.68348693847656,103.2279052734375,104.86181640625,100.0,97.6166000366211,94.3663101196289,91.3509750366211,87.04596710205078,86.31338500976562,81.46778869628906,80.72174072265625,75.07329559326172,73.59347534179688,69.35416412353516,69.3108901977539,66.48307800292969,64.38167572021484,62.22539520263672,62.93647766113281,57.28001403808594,60.10823440551758,57.48912811279297,55.0,53.600372314453125,53.25410842895508,53.33854293823242
0,-35,-95,11,34,103.17460632324219,105.1712875366211,106.169677734375,106.23088073730469,104.3886947631836,106.56922912597656,105.47511291503906,104.23531341552734,106.21205139160156,105.9056167602539,109.04127502441406,110.35397338867188,112.29425811767578,109.63575744628906,113.26517486572266,111.12605285644531,110.86027526855469,108.52188873291016,114.17967987060547,113.88591003417969,111.68258666992188,111.40017700195312,108.811767578125,115.108642578125,113.88591003417969,113.60017395019531,112.05802154541016,108.90821838378906,108.46658325195312,104.13932800292969,102.59142303466797,101.60708618164062,98.31072998046875,91.54779815673828,90.44888305664062,86.5794448852539,83.6002426147461,79.30951690673828,75.53807067871094,74.24284362792969,71.34423828125,71.44927978515625,68.26419067382812,67.26811981201172,66.12110137939453,63.03173828125,61.00819778442383,59.00847244262695,61.00819778442383,59.13543701171875,56.4358024597168,54.12947463989258
0,-35,-95,10,37,100.22474670410156,105.11898040771484,103.7545166015625,103.7545166015625,102.956298828125,102.59142303466797,101.11874389648438,101.83319854736328,102.25947570800781,101.2422866821289,104.17293548583984,105.0428466796875,109.01834869384766,108.00463104248047,106.07544708251953,110.00454711914062,110.00454711914062,103.0,108.00463104248047,109.04127502441406,108.16654205322266,110.04090118408203,104.0,108.16654205322266,110.01818084716797,112.04016876220703,109.22454071044922,108.37435150146484,106.38138580322266,99.50376892089844,98.31072998046875,97.67292022705078,97.08243560791016,89.26925659179688,87.09764862060547,82.0,82.56512451171875,76.48529052734375,76.29547882080078,71.58910369873047,66.94026947021484,68.4105224609375,65.51335906982422,64.03124237060547,63.89052963256836,61.032779693603516,63.324562072753906,59.80802536010742,56.46237564086914,56.859474182128906,56.79788589477539,53.851646423339844
0,-34,-95,11,33,100.22474670410156,99.04039764404297,102.1077880859375,99.68952178955078,99.92497253417969,100.16985321044922,98.37174224853516,98.97979736328125,99.6242904663086,101.843017578125,99.95999145507812,101.39033508300781,103.07764434814453,103.87010955810547,102.69371795654297,105.11898040771484,103.7545166015625,103.31505584716797,103.31021118164062,104.70912170410156,106.00471496582031,105.11898040771484,101.96568298339844,106.47064971923828,106.43777465820312,106.89247131347656,103.7545166015625,103.78824615478516,99.80982208251953,98.48857879638672,93.04837799072266,92.4770278930664,92.69843292236328,87.31552124023438,82.2192153930664,78.77182006835938,78.44743347167969,73.68174743652344,72.12489318847656,70.83784484863281,67.67569732666016,64.8459701538086,65.45991516113281,61.98386764526367,60.728904724121094,57.723480224609375,61.13100814819336,56.08921432495117,54.7448616027832,55.578773498535156,54.147945404052734,50.0099983215332
0,-34,-95,10,37,101.92153930664062,104.40306854248047,103.74005889892578,103.74005889892578,102.45974731445312,103.46497344970703,102.31813049316406,102.31813049316406,103.46980285644531,105.19029998779297,106.51290893554688,107.35455322265625,107.35455322265625,105.11898040771484,106.00471496582031,107.82392883300781,110.14535522460938,106.0660171508789,109.41663360595703,108.4066390991211,106.47064971923828,109.77249145507812,105.19029998779297,109.93180084228516,111.01801300048828,108.70602416992188,110.01818084716797,106.8877944946289,105.60302734375,100.7223892211914,100.08995819091797,98.79270935058594,95.85926818847656,89.1964111328125,85.70297241210938,83.48652648925781,82.56512451171875,77.49193572998047,77.49193572998047,75.28611755371094,67.05221557617188,68.3081283569336,68.00735473632812,65.52098846435547,62.93647766113281,59.66573715209961,60.01666259765625,59.43904495239258,57.55866622924805,59.53990173339844,56.14267349243164,54.037025451660156
0,-35,-95,11,34,101.82828521728516,101.82828521728516,102.64988708496094,104.9952392578125,100.5683822631836,105.38026428222656,101.86265563964844,101.83319854736328,101.13851928710938,103.3924560546875,106.21675872802734,107.1680908203125,107.1680908203125,105.8914566040039,107.93516540527344,108.60018157958984,108.60018157958984,104.63746643066406,108.22661590576172,109.40292358398438,107.80074310302734,109.40292358398438,107.20074462890625,110.11357879638672,111.60645294189453,110.60289001464844,109.01834869384766,106.4048843383789,104.23531341552734,101.23734283447266,101.13851928710938,96.2081069946289,94.04785919189453,90.52071380615234,86.31338500976562,83.48652648925781,81.3449478149414,77.10382843017578,76.38062286376953,72.12489318847656,70.83784484863281,67.94115447998047,66.52819061279297,65.85590362548828,62.36986541748047,60.4400520324707,59.81638717651367,57.80138397216797,58.830265045166016,56.4358024597168,56.82429122924805,52.32590103149414
0,-35,-95,10,37,100.60317993164062,103.48429870605469,101.17806243896484,103.23758697509766,103.31021118164062,103.01941680908203,100.0199966430664,101.00495147705078,105.07616424560547,103.0436782836914,104.07689666748047,106.23088073730469,103.3924560546875,108.37435150146484,108.46197509765625,106.79419708251953,106.79419708251953,105.80170440673828,106.53168487548828,107.20074462890625,106.21205139160156,109.65856170654297,104.69001770019531,110.47624206542969,110.76551818847656,111.01801300048828,108.90362548828125,105.385009765625,105.385009765625,101.17806243896484,99.04544067382812,96.02082824707031,95.00526428222656,90.022216796875,87.0,84.00595092773438,82.09750366210938,77.0064926147461,74.1080322265625,72.0,69.02897644042969,69.02897644042969,68.02940368652344,63.03173828125,62.0,63.12685775756836,60.29925537109375,59.304298400878906,58.85575485229492,58.051700592041016,56.51548385620117,55.02726745605469
0,-35,-95,10,37,95.01578521728516,96.33275604248047,95.7757797241211,99.35794067382812,97.45255279541016,97.45255279541016,95.42536163330078,95.60334777832031,95.8018798828125,94.03190612792969,96.5660400390625,98.27003479003906,99.4786376953125,98.0051040649414,101.3558120727539,101.212646484375,99.29753112792969,97.52947998046875,101.96568298339844,102.0,99.84988403320312,99.84988403320312,98.0051040649414,103.36827087402344,102.85912322998047,101.07422637939453,98.1121826171875,97.75479888916016,97.75479888916016,92.43917083740234,93.74433135986328,90.13877868652344,88.81441497802734,84.81155395507812,80.60397338867188,75.80237579345703,75.80237579345703,71.21797180175781,69.40460968017578,68.4105224609375,62.62587356567383,64.03124237060547,61.400325775146484,59.203041076660156,59.54829788208008,53.26349639892578,58.694122314453125,57.982757568359375,55.154327392578125,51.7397346496582,48.41487503051758,49.40647888183594
0,-35,-95,10,37,101.83319854736328,101.83319854736328,103.5857162475586,103.48429870605469,103.31021118164062,101.31633758544922,103.07764434814453,101.04454803466797,104.00480651855469,104.04325866699219,104.01922607421875,104.01922607421875,108.00463104248047,105.01904296875,108.07405090332031,108.22661590576172,106.30146026611328,105.23307800292969,108.37435150146484,108.5587387084961,104.23531341552734,110.36756896972656,105.23307800292969,110.36756896972656,110.11357879638672,109.07337188720703,111.04053497314453,109.00458526611328,103.0,102.00489807128906,99.12618255615234,98.12747192382812,95.2575454711914,88.27796936035156,87.69264221191406,85.84288024902344,82.73451232910156,76.79192352294922,73.68174743652344,73.68174743652344,72.69112396240234,68.73136138916016,66.75328063964844,64.62971496582031,62.96824645996094,62.169124603271484,59.66573715209961,61.392181396484375,60.083274841308594,57.584720611572266,56.36488342285156,53.712196350097656
0,-35,-95,11,33,97.0,100.0199966430664,99.00505065917969,100.00499725341797,98.0051040649414,98.0204086303711,99.08077239990234,98.32598876953125,99.40824890136719,97.51409912109375,101.59724426269531,102.1077880859375,103.09703826904297,103.57605743408203,103.09703826904297,105.9056167602539,104.3455810546875,100.80674743652344,102.61091613769531,103.5857162475586,102.77159118652344,106.30146026611328,103.57605743408203,107.48953247070312,103.94229125976562,105.54619598388672,105.72132873535156,103.94710540771484,100.7174301147461,98.50888061523438,96.18731689453125,94.33981323242188,92.13577270507812,87.09190368652344,84.00595092773438,79.02531433105469,78.0,74.0,68.0,70.028564453125,67.0,65.0,66.0302963256836,64.07027435302734,63.0079345703125,59.07622146606445,56.22277069091797,58.30952072143555,57.55866622924805,53.15073013305664,53.851646423339844,51.26402282714844
0,-35,-95,11,33,99.02020263671875,98.0204086303711,98.18350219726562,100.04499053955078,98.18350219726562,97.32933807373047,96.6281509399414,96.87621307373047,98.85848236083984,97.32420349121094,98.0051040649414,99.82484436035156,99.82484436035156,100.22474670410156,99.46356201171875,102.1077880859375,102.83968353271484,100.89598846435547,102.2007827758789,101.13851928710938,101.39033508300781,104.8093490600586,100.16985321044922,104.12012481689453,103.3247299194336,103.3247299194336,103.5857162475586,99.82484436035156,98.65596771240234,95.03683471679688,91.78779602050781,90.66973114013672,87.57283020019531,82.38932037353516,82.2982406616211,78.23043060302734,77.23341369628906,74.1080322265625,72.11102294921875,69.1158447265625,66.00757598876953,64.1248779296875,62.07253646850586,61.00819778442383,59.00847244262695,56.00892639160156,57.00876998901367,57.14017868041992,54.230987548828125,54.7448616027832,51.4781494140625,49.72926712036133
0,-34,-95,11,33,96.82975006103516,101.67103576660156,99.2471694946289,101.53324890136719,100.00499725341797,100.76705932617188,100.4987564086914,102.53292083740234,101.13851928710938,100.44898986816406,102.53292083740234,105.418212890625,106.8877944946289,104.35037231445312,105.8914566040039,103.07764434814453,106.82696533203125,103.07764434814453,105.0,106.60675048828125,102.80078125,106.40018463134766,102.80078125,105.80170440673828,106.04244232177734,105.8914566040039,108.07405090332031,104.23531341552734,101.53324890136719,96.42613983154297,96.2081069946289,93.4344711303711,91.93476104736328,86.97700500488281,85.58621215820312,82.73451232910156,78.51751708984375,75.07329559326172,73.59347534179688,70.03570556640625,66.52819061279297,65.11528015136719,65.29930877685547,62.36986541748047,60.20797348022461,60.30754470825195,61.073726654052734,57.20139694213867,55.75840759277344,56.080299377441406,54.120235443115234,51.4781494140625
0,-35,-95,10,38,101.82828521728516,107.20074462890625,104.9952392578125,103.71113586425781,103.4794692993164,106.30146026611328,106.10372161865234,104.66136169433594,106.79419708251953,105.38026428222656,106.8316421508789,105.64563751220703,109.7861557006836,110.2587890625,108.57716369628906,107.93516540527344,111.82575988769531,104.63746643066406,111.40017700195312,110.42192077636719,110.42192077636719,111.21150970458984,109.01834869384766,112.20071411132812,110.20889282226562,111.82575988769531,109.63575744628906,106.4048843383789,106.30146026611328,103.3247299194336,102.55242919921875,101.13851928710938,96.16651916503906,91.9673843383789,87.78382873535156,84.2199478149414,85.6329345703125,79.30951690673828,73.66138458251953,75.69015502929688,70.29224395751953,68.7677230834961,67.26811981201172,65.85590362548828,63.70243453979492,61.61980056762695,61.073726654052734,60.216278076171875,58.00862121582031,56.859474182128906,58.18075180053711,55.94640350341797
0,-35,-95,10,38,103.4069595336914,103.85566711425781,106.4048843383789,104.9952392578125,107.05606079101562,102.8250961303711,104.7377700805664,102.59142303466797,106.0660171508789,108.18965148925781,108.2081298828125,110.3177261352539,107.56393432617188,108.97705841064453,105.47511291503906,110.53506469726562,107.93516540527344,109.22454071044922,110.2587890625,110.42192077636719,112.80514526367188,111.6646728515625,110.45361328125,110.8873291015625,114.1095962524414,110.45361328125,110.34491729736328,110.30865478515625,107.48023223876953,106.0660171508789,101.23734283447266,98.41239929199219,96.2081069946289,88.86506652832031,88.09085845947266,85.42832946777344,79.8122787475586,79.4040298461914,76.02631378173828,72.80110168457031,71.21797180175781,70.80254364013672,70.0,63.60031509399414,66.0302963256836,61.032779693603516,61.587337493896484,59.6824951171875,59.9416389465332,58.600341796875,58.30952072143555,54.708316802978516
0,-35,-95,11,34,98.0866928100586,97.16995239257812,96.5660400390625,98.61541748046875,97.73944854736328,99.02020263671875,98.97979736328125,96.76776123046875,99.04039764404297,100.96038818359375,102.2007827758789,101.6513671875,103.5857162475586,102.61091613769531,101.41498565673828,104.7377700805664,100.80674743652344,103.36827087402344,103.4069595336914,103.4069595336914,104.3455810546875,103.09703826904297,103.94229125976562,106.8877944946289,106.51290893554688,102.77159118652344,103.36827087402344,103.07764434814453,98.23441314697266,98.49365234375,95.50916290283203,94.86833190917969,90.44335174560547,86.03487396240234,84.30895233154297,80.05622863769531,76.15773010253906,71.69379425048828,72.61542510986328,69.35416412353516,69.07966613769531,63.324562072753906,65.92420196533203,62.032249450683594,61.32699203491211,57.245086669921875,58.5918083190918,56.82429122924805,56.93856430053711,52.201534271240234,52.63079071044922,50.2493782043457
0,-35,-95,10,37,96.2081069946289,95.85926818847656,97.08243560791016,98.68130493164062,98.35140991210938,94.86833190917969,97.71898651123047,96.5660400390625,96.5660400390625,99.45853424072266,100.89598846435547,99.68952178955078,98.27003479003906,98.48857879638672,100.66280364990234,102.77159118652344,100.12991333007812,100.22474670410156,101.78899383544922,100.62306213378906,100.43903350830078,101.98039245605469,101.63660430908203,104.56098937988281,102.18121337890625,102.18121337890625,100.68763732910156,101.92153930664062,99.04039764404297,95.88013458251953,93.30059051513672,91.76055908203125,87.46427917480469,82.46211242675781,81.54139709472656,79.62411499023438,78.79086303710938,72.09021759033203,71.11258697509766,65.79513549804688,66.64083099365234,65.30696868896484,61.717098236083984,62.60990524291992,57.30619430541992,55.75840759277344,56.080299377441406,54.08327102661133,54.64430618286133,51.400390625,50.990196228027344,48.83646011352539
0,-35,-95,11,33,100.41912078857422,103.24727630615234,102.72779846191406,103.24727630615234,99.90495300292969,99.90495300292969,101.67103576660156,99.48869323730469,102.00489807128906,100.80178833007812,104.8093490600586,104.20172882080078,104.20172882080078,104.04325866699219,105.68348693847656,107.61505126953125,106.0,102.34255981445312,105.47511291503906,107.70329284667969,107.91200256347656,108.5587387084961,104.29285430908203,108.45275115966797,109.28861236572266,107.07473754882812,106.25440979003906,104.40306854248047,102.2007827758789,100.60317993164062,96.67471313476562,96.21330261230469,92.19544219970703,88.5268325805664,87.04596710205078,82.03657531738281,78.51751708984375,77.077880859375,73.59347534179688,70.72481536865234,67.20863342285156,68.59300231933594,66.48307800292969,64.35060119628906,60.81118392944336,59.41380310058594,57.384666442871094,59.46427536010742,56.61272048950195,54.918121337890625,54.20331954956055,52.35456085205078
0,-35,-95,11,33,102.61091613769531,99.92497253417969,101.39033508300781,102.35721588134766,103.16007232666016,100.28459167480469,101.53324890136719,98.97979736328125,100.90093994140625,100.6578369140625,101.76934814453125,106.23088073730469,105.7024154663086,106.51290893554688,104.27847290039062,105.55093383789062,104.65180206298828,104.20172882080078,103.353759765625,108.24047088623047,106.8877944946289,108.70602416992188,104.65657806396484,108.4066390991211,107.35455322265625,104.65180206298828,106.45186614990234,104.69479370117188,102.55242919921875,100.31948852539062,95.5196304321289,96.2081069946289,91.7060546875,89.1964111328125,85.38150024414062,83.16850280761719,79.05693817138672,77.49193572998047,73.37574768066406,68.96376037597656,69.57010650634766,65.802734375,65.45991516113281,63.24555206298828,61.13100814819336,58.94064712524414,60.20797348022461,58.46366500854492,57.87054443359375,56.718605041503906,56.035701751708984,55.009090423583984
0,-34,-95,10,38,102.068603515625,99.2471694946289,104.06248474121094,101.98039245605469,101.31633758544922,100.44898986816406,100.40916442871094,99.00505065917969,101.86265563964844,104.7377700805664,105.47511291503906,107.05606079101562,106.4048843383789,106.4048843383789,104.89041900634766,109.80892181396484,107.00466918945312,108.85311126708984,107.00466918945312,108.00463104248047,107.29864501953125,109.20164489746094,107.00466918945312,109.80892181396484,110.2587890625,106.4048843383789,105.55093383789062,104.80458068847656,104.06248474121094,103.27632904052734,97.59098052978516,96.8968505859375,94.11163330078125,89.27485656738281,86.45230102539062,86.68333435058594,80.15609741210938,76.69419860839844,71.61005401611328,70.43436431884766,70.29224395751953,66.06814575195312,67.62396240234375,64.81512451171875,63.60031509399414,62.20128631591797,57.982757568359375,57.80138397216797,57.706153869628906,58.600341796875,54.230987548828125,51.865211486816406
0,-35,-95,10,37,94.81033325195312,95.29428100585938,96.7470932006836,95.77056121826172,94.02127075195312,93.64827728271484,95.52486419677734,94.5145492553711,96.04165649414062,96.25486755371094,98.47334289550781,99.20181274414062,99.4032211303711,100.42410278320312,99.4032211303711,102.44998931884766,100.89598846435547,99.20181274414062,100.2646484375,101.53324890136719,100.80178833007812,101.82828521728516,99.20181274414062,102.94173431396484,102.00489807128906,99.80982208251953,102.90287017822266,102.64988708496094,97.08243560791016,95.41488647460938,91.06591033935547,90.42676544189453,88.10221099853516,84.5280990600586,80.11241912841797,78.71467590332031,72.89718627929688,72.01388549804688,70.68238830566406,66.70832061767578,66.18912506103516,63.50590515136719,63.071388244628906,60.008331298828125,58.30952072143555,56.46237564086914,55.36244201660156,53.851646423339844,53.45091247558594,53.36665725708008,51.6623649597168,48.3735466003418
0,-35,-95,11,33,98.60020446777344,99.20181274414062,98.08159637451172,100.89598846435547,100.89598846435547,97.94896697998047,97.74456787109375,97.74456787109375,99.03534698486328,98.99494934082031,102.53292083740234,100.44898986816406,103.24727630615234,103.4794692993164,101.23734283447266,105.11898040771484,105.8914566040039,101.41498565673828,101.67103576660156,105.26158142089844,103.5857162475586,108.07405090332031,103.07764434814453,102.00489807128906,106.52699279785156,104.89041900634766,105.418212890625,104.13932800292969,99.72462463378906,97.58073425292969,94.79451751708984,94.79451751708984,90.68627166748047,86.55634307861328,83.63013458251953,81.05553436279297,78.10249328613281,74.02702331542969,70.43436431884766,71.40028381347656,68.4105224609375,64.81512451171875,65.4369888305664,62.801273345947266,59.203041076660156,57.14017868041992,57.14017868041992,55.75840759277344,55.94640350341797,54.120235443115234,52.39274597167969,52.201534271240234
0,-35,-95,11,34,100.6578369140625,100.89598846435547,99.80982208251953,101.82828521728516,100.20977783203125,99.4032211303711,97.08243560791016,97.90811920166016,99.02020263671875,99.12618255615234,104.00961303710938,103.24727630615234,105.67875671386719,104.8093490600586,102.956298828125,106.89247131347656,104.65180206298828,102.42070007324219,105.99056243896484,104.65180206298828,104.20172882080078,106.92988586425781,101.07422637939453,104.65180206298828,105.0951919555664,106.00471496582031,107.82392883300781,103.94229125976562,102.39628601074219,101.0197982788086,97.09788513183594,94.62557983398438,91.8368148803711,86.83892822265625,85.6037368774414,80.60397338867188,77.20103454589844,76.40026092529297,72.4706802368164,72.00694274902344,67.47592163085938,67.80117797851562,65.94694519042969,64.66065216064453,61.61980056762695,59.46427536010742,58.694122314453125,58.694122314453125,56.58621597290039,58.051700592041016,53.00943374633789,51.865211486816406
0,-35,-95,11,34,101.67103576660156,101.53324890136719,103.4794692993164,103.4794692993164,102.59142303466797,101.91172790527344,102.55242919921875,102.55242919921875,101.91172790527344,104.80458068847656,106.21675872802734,107.93516540527344,107.93516540527344,104.63746643066406,105.26158142089844,109.80892181396484,107.61505126953125,107.61505126953125,108.811767578125,108.811767578125,106.40018463134766,108.60018157958984,109.20164489746094,109.04127502441406,110.2587890625,108.85311126708984,106.52699279785156,108.46658325195312,104.23531341552734,103.3924560546875,96.8968505859375,96.87621307373047,94.04785919189453,89.80534362792969,85.70297241210938,84.95881652832031,82.2192153930664,77.8331527709961,74.41101837158203,70.1783447265625,69.42621612548828,66.52819061279297,67.35725402832031,64.53681182861328,62.36986541748047,60.4400520324707,59.81638717651367,58.00862121582031,57.982757568359375,57.45433044433594,55.4707145690918,49.76947021484375
0,-35,-95,10,38,101.07917785644531,104.12012481689453,103.3924560546875,106.30146026611328,103.23758697509766,106.56922912597656,102.59142303466797,103.4069595336914,103.24727630615234,101.20276641845703,108.06016540527344,105.51303100585938,107.44766235351562,107.96759033203125,108.66921997070312,108.24047088623047,110.16351318359375,106.48004150390625,110.36756896972656,111.68258666992188,107.2800064086914,110.72488403320312,104.8093490600586,111.62885284423828,111.40017700195312,110.16351318359375,112.53887939453125,106.30146026611328,108.25894927978516,101.43470764160156,102.59142303466797,98.85848236083984,98.31072998046875,91.66242218017578,87.69264221191406,83.72574615478516,81.39410400390625,79.5110092163086,75.23961639404297,75.23961639404297,68.18357849121094,69.18092346191406,67.18630981445312,67.11929321289062,63.071388244628906,61.00819778442383,61.00819778442383,61.00819778442383,56.035701751708984,56.14267349243164,55.578773498535156,51.97114562988281
0,-35,-95,11,34,96.2081069946289,92.6552734375,97.58073425292969,96.87621307373047,97.59098052978516,95.58765411376953,97.62171936035156,95.52486419677734,94.9210205078125,98.85848236083984,99.80982208251953,99.04544067382812,101.0197982788086,100.68763732910156,99.04544067382812,103.46980285644531,100.68763732910156,101.78899383544922,102.62553405761719,103.46980285644531,99.86490631103516,102.34255981445312,101.83319854736328,103.46497344970703,104.56098937988281,102.90287017822266,101.40019989013672,102.00489807128906,97.45255279541016,97.45255279541016,90.60904693603516,92.02173614501953,87.68124389648438,84.8646011352539,79.19596099853516,77.78174591064453,75.66372680664062,72.83543395996094,70.72481536865234,65.76473236083984,65.0691909790039,62.22539520263672,61.55485534667969,58.79625701904297,60.20797348022461,57.48912811279297,55.60575485229492,55.803226470947266,53.600372314453125,52.69725036621094,50.6063232421875,48.30113983154297
0,-35,-95,11,34,101.3558120727539,106.17438507080078,102.21546173095703,105.15226745605469,102.39628601074219,105.68821716308594,103.46980285644531,103.46980285644531,103.00485229492188,103.85566711425781,105.42295837402344,107.1680908203125,107.81465911865234,104.89041900634766,110.11357879638672,107.81465911865234,109.22454071044922,106.30146026611328,108.97705841064453,110.53506469726562,107.81465911865234,107.71257781982422,104.89041900634766,110.45361328125,108.57716369628906,107.81465911865234,108.4066390991211,107.41508483886719,106.8316421508789,102.62553405761719,100.16985321044922,96.25486755371094,95.52486419677734,89.06739044189453,87.70974731445312,83.72574615478516,82.76472473144531,75.59100341796875,74.70609283447266,72.00694274902344,70.21395874023438,69.35416412353516,67.5425796508789,63.976558685302734,63.56099319458008,60.539241790771484,61.46543884277344,60.406951904296875,56.920997619628906,57.9741325378418,55.54277801513672,51.62363815307617
0,-35,-95,11,33,97.52947998046875,100.23971557617188,97.24710845947266,103.44564056396484,96.8968505859375,99.64437103271484,99.5690689086914,100.12492370605469,99.5690689086914,99.80982208251953,103.81233215332031,102.61579132080078,105.42295837402344,103.85566711425781,104.63746643066406,104.9952392578125,104.89041900634766,102.94173431396484,109.04127502441406,105.55093383789062,106.52699279785156,106.30146026611328,102.17631530761719,110.53506469726562,108.07405090332031,106.04244232177734,106.82696533203125,102.61579132080078,101.40019989013672,100.12492370605469,98.18350219726562,95.71833801269531,91.58602142333984,86.09297180175781,85.08818817138672,79.75587463378906,80.49844360351562,76.15773010253906,71.5541763305664,71.11962127685547,68.42514038085938,65.76473236083984,65.30696868896484,63.06346130371094,62.169124603271484,55.94640350341797,55.94640350341797,58.52349853515625,56.46237564086914,56.32051086425781,53.36665725708008,51.788028717041016
0,-35,-95,11,34,105.08092498779297,101.92153930664062,106.56922912597656,104.04325866699219,105.6219711303711,100.5683822631836,101.76934814453125,102.69371795654297,102.15674591064453,105.30906677246094,108.33743286132812,109.56732940673828,111.36426544189453,109.59014892578125,110.01818084716797,110.27692413330078,106.67708587646484,108.4066390991211,106.53168487548828,110.27692413330078,108.4066390991211,112.50777435302734,107.54068756103516,113.53413391113281,109.77249145507812,107.42439270019531,112.37882232666016,110.9414291381836,104.65180206298828,104.65180206298828,99.4032211303711,97.08243560791016,95.4620361328125,91.92388153076172,87.09190368652344,84.8646011352539,81.59656524658203,78.43468475341797,75.02666473388672,71.7844009399414,70.57620239257812,67.779052734375,67.06713104248047,62.297672271728516,62.62587356567383,60.4400520324707,58.94064712524414,60.16643524169922,57.87054443359375,56.718605041503906,53.33854293823242,53.0848388671875
0,-35,-95,11,33,96.04686737060547,101.13851928710938,97.71898651123047,101.92153930664062,98.37174224853516,103.09219360351562,99.72462463378906,99.16148376464844,101.39033508300781,99.4032211303711,104.92378234863281,103.78824615478516,104.27847290039062,103.87010955810547,106.45186614990234,102.88343048095703,107.33126068115234,103.78824615478516,107.35455322265625,107.35455322265625,104.65657806396484,107.35455322265625,101.96568298339844,106.00471496582031,108.22661590576172,107.35455322265625,107.42439270019531,104.3886947631836,104.177734375,97.14422607421875,100.90093994140625,96.76776123046875,91.7060546875,86.02325439453125,87.36132049560547,80.77747344970703,79.8122787475586,75.18643188476562,71.30918884277344,69.6419448852539,67.6830825805664,65.96968841552734,64.53681182861328,62.169124603271484,59.84145736694336,57.706153869628906,58.85575485229492,60.530982971191406,55.3263053894043,57.03507614135742,52.0,52.08646774291992
0,-35,-95,10,37,99.92997741699219,102.48902130126953,101.92153930664062,101.53324890136719,97.98469543457031,99.45853424072266,100.16985321044922,100.43903350830078,100.89598846435547,103.7545166015625,103.24727630615234,103.94710540771484,105.9292221069336,105.68348693847656,105.9292221069336,105.47511291503906,108.37435150146484,102.39628601074219,108.16654205322266,108.5587387084961,106.67708587646484,108.46197509765625,104.47966003417969,110.29052734375,110.6526107788086,106.38138580322266,107.05606079101562,103.24727630615234,103.57605743408203,100.80674743652344,98.48857879638672,94.83142852783203,90.2496566772461,86.97700500488281,86.33075714111328,80.36167907714844,81.32035064697266,76.24303436279297,73.37574768066406,72.12489318847656,68.3520278930664,68.3081283569336,64.8459701538086,62.62587356567383,61.6846809387207,58.30952072143555,58.30952072143555,56.859474182128906,56.79788589477539,54.120235443115234,55.56977462768555,51.61395263671875
0,-35,-95,11,33,99.80982208251953,99.4032211303711,100.08995819091797,103.61949920654297,100.08995819091797,98.23441314697266,98.35140991210938,98.67117309570312,101.2422866821289,102.88343048095703,101.92153930664062,102.61579132080078,105.26158142089844,105.75916290283203,104.56098937988281,106.96260833740234,106.09900665283203,103.94229125976562,103.94229125976562,103.94229125976562,104.92378234863281,107.07940673828125,105.11898040771484,105.72132873535156,108.68302154541016,104.56098937988281,104.78549194335938,104.54663848876953,100.96038818359375,101.2422866821289,98.03060913085938,92.35800170898438,90.13877868652344,88.86506652832031,85.79627227783203,81.93289947509766,77.2528305053711,73.9256362915039,71.17584228515625,71.69379425048828,69.85699462890625,67.23094177246094,65.79513549804688,62.169124603271484,59.61543273925781,57.27128601074219,58.5918083190918,56.82429122924805,57.45433044433594,54.918121337890625,54.4058837890625,53.75872039794922
0,-35,-95,10,37,98.61541748046875,100.12991333007812,101.11874389648438,100.28459167480469,101.98039245605469,99.82484436035156,101.20276641845703,101.41498565673828,101.20276641845703,102.88343048095703,104.12012481689453,104.12012481689453,106.32027435302734,105.6503677368164,104.69479370117188,106.25440979003906,104.35516357421875,104.69479370117188,106.56922912597656,107.20541381835938,105.9480972290039,107.56393432617188,108.15729522705078,106.6255111694336,108.811767578125,105.77334594726562,106.48004150390625,105.75916290283203,104.56098937988281,101.20276641845703,97.73944854736328,94.8946762084961,93.53608703613281,87.69264221191406,87.20664978027344,82.38932037353516,78.23043060302734,77.10382843017578,74.1687240600586,70.25667572021484,68.11754608154297,67.02984619140625,65.19202423095703,62.07253646850586,60.008331298828125,58.0,60.0333251953125,59.07622146606445,57.55866622924805,54.58937454223633,52.39274597167969,51.6623649597168
0,-35,-95,10,37,98.61541748046875,101.71037292480469,102.956298828125,104.69001770019531,103.24727630615234,103.24727630615234,102.39140319824219,103.81233215332031,103.5857162475586,101.92153930664062,104.04806518554688,107.00466918945312,106.60675048828125,110.0636215209961,108.16654205322266,105.6219711303711,108.50345611572266,104.40306854248047,109.93180084228516,109.00458526611328,106.04244232177734,109.00458526611328,105.34230041503906,109.93180084228516,110.72488403320312,109.7861557006836,110.38568878173828,106.90182495117188,107.00466918945312,100.68763732910156,99.92497253417969,96.7729263305664,95.34149169921875,89.8220443725586,88.0738296508789,82.20097351074219,80.0624771118164,78.08969116210938,75.95393371582031,73.97972869873047,67.89698028564453,70.71067810058594,67.89698028564453,64.62971496582031,60.67124557495117,60.20797348022461,58.694122314453125,60.20797348022461,58.03447341918945,57.00876998901367,52.038448333740234,55.578773498535156
0,-35,-95,11,33,95.8018798828125,97.29337310791016,99.63935089111328,101.0,96.69022369384766,97.67292022705078,98.0051040649414,95.88534545898438,97.62171936035156,99.32270812988281,99.50376892089844,100.17984008789062,101.12368774414062,102.04410552978516,104.04325866699219,102.00489807128906,102.01960754394531,99.04544067382812,102.00489807128906,102.00489807128906,101.07917785644531,101.04454803466797,98.04590606689453,104.01922607421875,108.04165649414062,103.0436782836914,102.07839965820312,101.31633758544922,101.31633758544922,95.42536163330078,93.77099609375,93.21480560302734,91.4111557006836,83.9523696899414,83.9523696899414,79.07591247558594,75.31268310546875,71.80529022216797,71.38627624511719,69.42621612548828,65.73431396484375,64.53681182861328,65.51335906982422,60.63827133178711,60.87692642211914,56.32051086425781,57.28001403808594,57.245086669921875,55.71355438232422,52.39274597167969,50.08992004394531,51.4781494140625
0,-35,-95,10,37,99.29753112792969,103.2279052734375,100.70252990722656,104.56098937988281,100.95543670654297,99.64437103271484,100.84642028808594,102.88343048095703,99.76472473144531,102.85912322998047,103.76897430419922,103.78824615478516,107.42439270019531,105.19029998779297,106.51290893554688,104.78549194335938,107.54068756103516,102.45974731445312,111.07205200195312,106.04244232177734,107.54068756103516,109.00458526611328,105.30906677246094,109.93180084228516,107.01869201660156,107.42439270019531,110.92339324951172,104.20172882080078,104.65657806396484,98.97979736328125,99.4786376953125,96.3846435546875,93.49331665039062,89.04492950439453,87.3670425415039,80.15609741210938,79.61155700683594,75.45197296142578,75.21302795410156,71.61005401611328,68.60028839111328,70.0,65.6048812866211,62.00806427001953,61.073726654052734,59.203041076660156,61.61980056762695,55.865909576416016,56.56854248046875,53.75872039794922,53.26349639892578,53.25410842895508
0,-35,-95,11,34,101.13851928710938,103.27632904052734,101.86265563964844,106.07544708251953,102.59142303466797,104.66136169433594,103.3924560546875,100.00499725341797,103.71113586425781,102.00489807128906,104.8093490600586,104.20172882080078,105.9480972290039,108.22661590576172,109.85900115966797,106.01886749267578,107.91200256347656,106.25440979003906,110.13627624511719,107.070068359375,105.9480972290039,109.85900115966797,102.90287017822266,110.98197937011719,107.91200256347656,110.11357879638672,108.811767578125,106.01886749267578,104.01922607421875,100.89598846435547,98.49365234375,97.08243560791016,93.4344711303711,90.52071380615234,88.39117431640625,83.48652648925781,79.90619659423828,74.95331573486328,74.96665954589844,73.53910827636719,65.76473236083984,65.76473236083984,64.38167572021484,66.52819061279297,63.70243453979492,59.46427536010742,58.79625701904297,59.03388977050781,55.803226470947266,54.64430618286133,53.851646423339844,52.32590103149414
0,-35,-95,11,34,102.23991394042969,103.23758697509766,101.40019989013672,106.47064971923828,101.59724426269531,103.81714630126953,105.07616424560547,105.54619598388672,107.35455322265625,103.36827087402344,108.41586303710938,108.24047088623047,107.85638427734375,110.44002532958984,108.93116760253906,109.76793670654297,108.811767578125,110.72488403320312,110.36756896972656,109.4805908203125,108.52188873291016,110.72488403320312,107.2800064086914,111.6646728515625,111.01801300048828,110.44002532958984,108.41586303710938,107.70329284667969,107.20074462890625,104.56098937988281,100.62306213378906,95.35198211669922,95.03683471679688,90.09439849853516,89.67720031738281,83.72574615478516,81.74349975585938,79.6303939819336,76.53103637695312,74.5452880859375,70.45565795898438,69.58448028564453,67.36467742919922,64.38167572021484,62.07253646850586,61.073726654052734,61.073726654052734,59.00847244262695,57.0,56.0,56.22277069091797,53.75872039794922
0,-35,-95,11,33,98.15293884277344,97.32420349121094,98.61541748046875,96.6281509399414,97.41663360595703,96.51942443847656,97.32933807373047,95.08417510986328,98.08159637451172,96.0,99.00505065917969,99.02020263671875,102.17631530761719,103.17460632324219,103.0436782836914,101.17806243896484,102.31324768066406,98.24967956542969,101.59724426269531,103.31021118164062,100.31948852539062,104.30723571777344,101.31633758544922,103.81714630126953,103.31021118164062,102.23991394042969,102.07839965820312,100.0,99.00505065917969,97.00515747070312,93.13430786132812,91.19758605957031,90.19977569580078,82.15229797363281,84.38008880615234,79.22752380371094,75.23961639404297,73.33484649658203,72.44308471679688,69.2603759765625,64.62971496582031,62.513999938964844,62.20128631591797,61.52235412597656,59.53990173339844,56.718605041503906,56.08921432495117,57.723480224609375,55.10898208618164,54.120235443115234,52.88667297363281,49.24428939819336
0,-35,-95,11,34,98.47842407226562,102.39628601074219,103.73042297363281,103.73042297363281,99.6242904663086,100.20977783203125,100.20977783203125,100.60317993164062,102.44998931884766,102.94173431396484,103.3247299194336,108.18965148925781,103.27632904052734,107.48953247070312,108.2081298828125,105.36128234863281,106.79419708251953,107.51744079589844,104.7377700805664,108.30050659179688,106.07544708251953,109.62207794189453,107.48953247070312,109.04127502441406,109.65856170654297,108.93116760253906,108.90362548828125,107.48953247070312,106.07544708251953,103.3924560546875,97.83660125732422,97.30878448486328,94.02127075195312,86.21485137939453,85.6037368774414,84.0238037109375,79.02531433105469,77.0064926147461,72.00694274902344,69.02897644042969,69.40460968017578,66.61080932617188,66.40029907226562,61.032779693603516,62.12889862060547,58.830265045166016,60.20797348022461,56.4358024597168,56.4358024597168,55.009090423583984,55.009090423583984,49.97999572753906
0,-35,-95,11,34,100.46392059326172,102.55242919921875,102.956298828125,104.27847290039062,102.04410552978516,101.96568298339844,101.59724426269531,101.212646484375,105.19029998779297,103.24727630615234,105.47511291503906,106.7801513671875,105.43718719482422,109.04127502441406,108.46658325195312,105.11898040771484,108.00463104248047,105.9480972290039,109.40292358398438,108.60018157958984,106.8316421508789,110.43550109863281,107.41508483886719,110.0,110.0,111.01801300048828,108.22661590576172,108.0462875366211,106.67708587646484,103.44564056396484,101.07422637939453,95.2575454711914,94.81033325195312,90.3382568359375,87.32124328613281,83.25863647460938,80.11241912841797,76.32168579101562,75.23961639404297,74.32361602783203,69.6419448852539,70.00714111328125,67.779052734375,64.8459701538086,62.032249450683594,60.406951904296875,60.406951904296875,59.66573715209961,57.00876998901367,59.90826416015625,53.600372314453125,53.23532485961914
0,-35,-95,10,37,94.5568618774414,96.16651916503906,95.33625030517578,97.98469543457031,94.3663101196289,94.3663101196289,96.31718444824219,96.10411071777344,95.90099334716797,93.90420532226562,97.73944854736328,98.41239929199219,97.41663360595703,100.40418243408203,99.40824890136719,100.40418243408203,103.17460632324219,98.32598876953125,100.07997131347656,99.18164825439453,100.17984008789062,102.31324768066406,99.18164825439453,101.12368774414062,104.30723571777344,102.23991394042969,101.49384307861328,98.99494934082031,99.14131164550781,94.04785919189453,91.98369598388672,92.96235656738281,87.55569458007812,82.9698715209961,82.2800064086914,76.65507507324219,76.65507507324219,70.88018035888672,68.4105224609375,66.48307800292969,65.14598846435547,63.60031509399414,60.728904724121094,61.6846809387207,57.28001403808594,53.48831558227539,55.36244201660156,55.03635025024414,51.429561614990234,50.537113189697266,51.0,49.39635467529297
0,-35,-95,11,33,99.63935089111328,96.04686737060547,100.43903350830078,98.81295776367188,99.29753112792969,99.29753112792969,100.40418243408203,97.41663360595703,98.1121826171875,99.64437103271484,101.3558120727539,102.4743881225586,104.8093490600586,103.353759765625,99.76472473144531,107.78682708740234,104.21611785888672,105.11898040771484,104.69479370117188,105.11898040771484,105.99056243896484,106.0235824584961,104.20172882080078,105.11898040771484,107.78218841552734,106.89247131347656,105.58882141113281,105.19029998779297,99.64437103271484,98.27003479003906,95.41488647460938,92.9139404296875,91.26335144042969,86.02325439453125,83.6002426147461,81.21575927734375,79.64923095703125,73.87828063964844,71.58910369873047,67.47592163085938,68.4105224609375,65.4369888305664,65.19202423095703,63.12685775756836,59.46427536010742,58.694122314453125,55.865909576416016,58.0,56.58621597290039,55.0,53.25410842895508,50.477718353271484
0,-34,-95,10,37,100.24469757080078,100.24469757080078,105.01904296875,101.17806243896484,100.12492370605469,100.00499725341797,102.0,97.00515747070312,101.07917785644531,102.12247467041016,102.17631530761719,104.23531341552734,105.57461547851562,106.79419708251953,102.59142303466797,106.67708587646484,104.93807983398438,105.80170440673828,107.20074462890625,106.9205322265625,105.385009765625,106.79419708251953,104.3886947631836,108.90362548828125,106.79419708251953,108.5587387084961,109.11461639404297,106.07544708251953,102.04410552978516,100.0,96.00521087646484,95.13148498535156,94.2602767944336,88.20430755615234,86.37129211425781,82.38932037353516,81.39410400390625,75.42546081542969,72.3394775390625,69.58448028564453,69.72087097167969,67.60177612304688,65.6201171875,62.64982223510742,61.188232421875,59.03388977050781,57.48912811279297,57.9741325378418,56.920997619628906,57.245086669921875,54.230987548828125,53.23532485961914
0,-35,-95,11,34,102.00489807128906,101.212646484375,103.5857162475586,102.94173431396484,103.5857162475586,101.23734283447266,103.3924560546875,102.59142303466797,104.00480651855469,104.7377700805664,104.7377700805664,105.64563751220703,109.4805908203125,110.7519760131836,107.81465911865234,109.4805908203125,106.40018463134766,108.4066390991211,108.60018157958984,108.4066390991211,108.23123168945312,110.0,105.42295837402344,109.62207794189453,111.21150970458984,111.04053497314453,110.11357879638672,106.30146026611328,103.4794692993164,101.31633758544922,96.17691802978516,95.4620361328125,93.38094329833984,89.80534362792969,87.04596710205078,84.89994049072266,81.46778869628906,77.8331527709961,77.15568542480469,72.91776275634766,68.01470184326172,65.19202423095703,67.94115447998047,63.70243453979492,63.89052963256836,59.03388977050781,60.4400520324707,59.81638717651367,56.859474182128906,56.30275344848633,54.37830352783203,54.12947463989258
0,-35,-95,11,33,99.02020263671875,100.70252990722656,100.43903350830078,102.07839965820312,99.29753112792969,98.18350219726562,98.47334289550781,100.20977783203125,101.0197982788086,100.76705932617188,101.31633758544922,101.86265563964844,104.66136169433594,107.51744079589844,106.8877944946289,105.418212890625,106.79419708251953,103.3247299194336,106.07544708251953,102.64988708496094,102.72779846191406,106.8877944946289,101.91172790527344,107.56393432617188,107.48023223876953,108.2450942993164,105.75916290283203,101.04454803466797,103.23274993896484,97.6166000366211,96.60745239257812,94.04785919189453,91.26883697509766,86.09297180175781,84.2199478149414,78.54934692382812,77.93586730957031,74.625732421875,74.94664764404297,72.20111083984375,64.88451385498047,66.24198150634766,63.631752014160156,62.64982223510742,61.269893646240234,57.27128601074219,57.27128601074219,56.46237564086914,52.92447280883789,53.3104133605957,54.120235443115234,52.17279052734375
0,-35,-95,11,34,104.70912170410156,105.19029998779297,105.0951919555664,108.25894927978516,105.55093383789062,103.31505584716797,103.46980285644531,102.31813049316406,103.81714630126953,106.4048843383789,108.63240814208984,110.38568878173828,108.50345611572266,110.38568878173828,108.46658325195312,111.97321319580078,109.8954086303711,110.44002532958984,112.53887939453125,112.53887939453125,109.8954086303711,110.86027526855469,108.15729522705078,113.05308532714844,112.57886505126953,110.36756896972656,111.3193588256836,110.67971801757812,106.89247131347656,103.81714630126953,101.13357543945312,100.7223892211914,97.57561492919922,90.3382568359375,90.78546142578125,87.23531341552734,82.76472473144531,77.89736938476562,75.66372680664062,74.24284362792969,69.77105712890625,70.23532104492188,68.60028839111328,64.49806213378906,63.1347770690918,61.587337493896484,61.29437255859375,61.29437255859375,59.81638717651367,56.22277069091797,55.865909576416016,55.17245864868164
0,-35,-95,10,38,100.68763732910156,97.1236343383789,102.45974731445312,100.24469757080078,99.36800384521484,98.4327163696289,99.5389404296875,98.23441314697266,101.63660430908203,98.89894104003906,104.69479370117188,102.85912322998047,106.00471496582031,104.70912170410156,104.23531341552734,105.81587982177734,101.71037292480469,104.70912170410156,105.47511291503906,105.67875671386719,103.353759765625,106.67708587646484,103.44564056396484,108.0462875366211,107.04204559326172,106.17438507080078,106.00471496582031,104.21611785888672,101.55294036865234,98.89894104003906,94.70480346679688,93.40770721435547,91.4166259765625,86.03487396240234,84.11896514892578,80.95677947998047,78.44743347167969,73.76313781738281,72.42237091064453,69.6419448852539,68.96376037597656,65.802734375,65.14598846435547,63.06346130371094,61.13100814819336,58.051700592041016,57.87054443359375,56.88584899902344,56.56854248046875,55.44366455078125,51.088157653808594,51.009803771972656
0,-35,-95,11,33,98.0051040649414,97.86725616455078,99.14131164550781,101.27191162109375,96.17691802978516,100.0199966430664,99.68952178955078,97.98469543457031,97.51409912109375,99.32774353027344,99.92997741699219,100.90093994140625,104.40306854248047,104.177734375,105.34230041503906,102.52804565429688,104.177734375,100.90093994140625,106.6208267211914,105.47511291503906,104.75209045410156,104.75209045410156,102.31813049316406,105.30906677246094,105.30906677246094,106.77546691894531,105.6219711303711,101.83319854736328,103.84603881835938,97.71898651123047,97.80081939697266,92.41753387451172,92.41753387451172,85.90692901611328,84.5280990600586,79.42921447753906,78.44743347167969,73.97972869873047,71.38627624511719,71.19690704345703,64.62971496582031,66.0984115600586,63.78871536254883,62.801273345947266,60.406951904296875,56.22277069091797,56.32051086425781,55.226806640625,55.03635025024414,56.00892639160156,51.009803771972656,51.35172653198242
0,-35,-95,10,37,94.82615661621094,95.7078857421875,97.52947998046875,97.52947998046875,97.1287841796875,94.5145492553711,96.25486755371094,96.5660400390625,97.94386291503906,97.08243560791016,99.04544067382812,99.80982208251953,101.82828521728516,102.61579132080078,100.42410278320312,101.67103576660156,100.76705932617188,101.04454803466797,100.00499725341797,100.76705932617188,103.23274993896484,102.94173431396484,98.85848236083984,103.4794692993164,102.8250961303711,102.303466796875,100.42410278320312,101.40019989013672,98.81295776367188,95.60334777832031,92.9139404296875,92.35800170898438,88.32327270507812,84.2199478149414,82.36504364013672,78.03204345703125,76.32168579101562,73.06161499023438,71.02112579345703,66.24198150634766,65.86349487304688,64.49806213378906,64.14047241210938,62.265560150146484,58.5918083190918,54.5618896484375,54.12947463989258,55.54277801513672,53.851646423339844,54.424259185791016,51.244510650634766,49.47726821899414
0,-35,-95,10,37,90.55384826660156,94.76286315917969,96.2081069946289,97.59098052978516,94.75231170654297,95.4620361328125,94.06912231445312,95.52486419677734,97.0,95.13148498535156,97.45255279541016,99.20181274414062,97.80081939697266,99.29753112792969,99.4032211303711,100.43903350830078,101.83319854736328,97.20082092285156,104.00961303710938,99.6242904663086,100.80178833007812,101.0197982788086,99.4032211303711,104.00961303710938,102.07839965820312,98.81295776367188,100.42410278320312,98.23441314697266,97.94896697998047,92.19544219970703,92.02173614501953,91.21951293945312,87.69264221191406,83.54639434814453,79.98124694824219,77.89736938476562,73.53910827636719,72.24956512451172,68.62215423583984,67.35725402832031,63.78087615966797,63.03173828125,62.481998443603516,58.13776779174805,58.2580451965332,53.823787689208984,54.08327102661133,55.4707145690918,51.62363815307617,52.47856521606445,51.4781494140625,48.84669876098633
0,-35,-95,10,38,107.42439270019531,104.92378234863281,106.04244232177734,106.6255111694336,105.9480972290039,105.0047607421875,105.6219711303711,105.36128234863281,106.90182495117188,107.44766235351562,109.4805908203125,107.70329284667969,109.1421127319336,108.90821838378906,108.25894927978516,112.78740692138672,110.64356994628906,111.00450134277344,113.60017395019531,112.61438751220703,111.98660278320312,112.44998931884766,111.00450134277344,111.3058853149414,113.35784149169922,111.00450134277344,112.29425811767578,110.60289001464844,105.26158142089844,105.77334594726562,102.2007827758789,102.45974731445312,96.79875946044922,93.98403930664062,92.4770278930664,86.53900909423828,81.93900299072266,79.7057113647461,73.40980529785156,73.53910827636719,71.11258697509766,70.7742919921875,70.21395874023438,64.8459701538086,63.071388244628906,60.8276252746582,62.17716598510742,59.4810905456543,59.36328887939453,56.035701751708984,56.22277069091797,52.49761962890625
0,-35,-95,10,37,100.62306213378906,102.88343048095703,103.36827087402344,104.21611785888672,100.64790344238281,103.87010955810547,103.46980285644531,103.24727630615234,100.08995819091797,101.19288635253906,103.73042297363281,104.69479370117188,106.60675048828125,105.08092498779297,109.20164489746094,103.84603881835938,107.70329284667969,104.54663848876953,109.1421127319336,106.73799896240234,105.77334594726562,105.26158142089844,103.84603881835938,108.46658325195312,108.41586303710938,107.56393432617188,107.85638427734375,105.3043212890625,103.73042297363281,99.72462463378906,97.30878448486328,97.69339752197266,91.7060546875,88.63971710205078,85.42247772216797,82.85529327392578,78.71467590332031,74.24958038330078,72.89718627929688,72.01388549804688,68.88395690917969,66.64833068847656,64.88451385498047,62.64982223510742,59.53990173339844,58.66856002807617,56.080299377441406,56.30275344848633,56.035701751708984,55.0,51.7397346496582,53.037723541259766
0,-35,-95,11,35,102.61091613769531,106.73331451416016,104.92378234863281,107.07940673828125,102.18121337890625,103.94229125976562,106.7052001953125,104.08650207519531,105.38026428222656,104.47966003417969,111.44953918457031,105.11898040771484,113.0707778930664,109.11461639404297,109.22454071044922,111.16204071044922,108.16654205322266,109.07337188720703,114.1095962524414,109.1650161743164,111.28791809082031,111.16204071044922,108.16654205322266,113.0,112.04016876220703,111.11255645751953,112.64102172851562,106.79419708251953,108.18965148925781,103.09703826904297,101.98039245605469,100.43903350830078,96.7729263305664,91.21403503417969,87.93179321289062,85.37564086914062,83.43260955810547,76.65507507324219,76.40026092529297,74.3303451538086,71.84010314941406,71.47027587890625,66.0984115600586,65.45991516113281,61.6846809387207,61.09828186035156,60.539241790771484,59.50630187988281,56.79788589477539,58.18075180053711,55.90169906616211,52.430908203125
0,-35,-95,10,37,100.60317993164062,103.94710540771484,100.28459167480469,103.09703826904297,100.80674743652344,100.28459167480469,102.61091613769531,103.81233215332031,101.86756134033203,98.49365234375,101.2422866821289,105.36128234863281,105.3043212890625,105.3043212890625,107.51744079589844,105.10946655273438,107.70329284667969,104.40306854248047,106.97663116455078,108.07867431640625,106.04244232177734,109.3846435546875,101.843017578125,108.07867431640625,108.63240814208984,108.84851837158203,107.51744079589844,104.9952392578125,101.83319854736328,98.08159637451172,97.52947998046875,96.7729263305664,94.83142852783203,86.88497924804688,89.49860382080078,83.18653869628906,80.23091888427734,76.94153594970703,73.16419982910156,72.99314880371094,66.91038513183594,66.2872543334961,65.30696868896484,63.78871536254883,60.67124557495117,58.54912567138672,57.42821502685547,58.4208869934082,55.009090423583984,54.00925827026367,51.009803771972656,52.46903991699219
0,-35,-95,10,37,99.4786376953125,98.61541748046875,101.96568298339844,100.7223892211914,98.48857879638672,101.07422637939453,99.74467468261719,100.64790344238281,101.55294036865234,102.15674591064453,102.31813049316406,104.177734375,103.46497344970703,103.46497344970703,105.10946655273438,103.09219360351562,103.74005889892578,100.88111877441406,105.9480972290039,105.6219711303711,103.46497344970703,108.15729522705078,102.52804565429688,106.32027435302734,105.3043212890625,102.45974731445312,104.92378234863281,104.78549194335938,100.22474670410156,96.25486755371094,94.81033325195312,95.7131118774414,88.83692932128906,87.46427917480469,81.6333236694336,81.12335968017578,77.5241928100586,74.625732421875,71.86793518066406,69.1158447265625,67.41661834716797,66.2872543334961,62.12889862060547,60.74536895751953,60.80295944213867,59.203041076660156,54.20331954956055,58.2580451965332,55.226806640625,53.075416564941406,52.345008850097656,51.22499465942383
0,-35,-95,11,34,102.303466796875,104.48445129394531,104.20172882080078,102.61579132080078,102.61579132080078,103.6001968383789,102.90287017822266,104.00961303710938,103.46497344970703,102.21546173095703,105.30906677246094,106.17438507080078,107.04204559326172,106.00471496582031,104.70912170410156,108.30050659179688,107.78682708740234,106.47064971923828,107.78682708740234,108.67382049560547,107.35455322265625,106.00471496582031,106.89247131347656,112.69871520996094,110.01818084716797,110.9414291381836,111.50785064697266,107.70329284667969,104.30723571777344,103.24727630615234,99.04544067382812,98.0051040649414,95.60334777832031,88.23831176757812,88.86506652832031,85.42832946777344,81.68843078613281,73.87828063964844,76.69419860839844,70.29224395751953,68.680419921875,67.47592163085938,66.06814575195312,63.89052963256836,61.55485534667969,59.41380310058594,60.14149856567383,57.28001403808594,55.90169906616211,57.48912811279297,53.00943374633789,52.47856521606445
0,-35,-95,10,37,103.07764434814453,101.39033508300781,104.13932800292969,103.5857162475586,104.92378234863281,102.39140319824219,103.57605743408203,100.12991333007812,102.8250961303711,102.48902130126953,103.5857162475586,106.47064971923828,106.30146026611328,106.23088073730469,105.3043212890625,109.07337188720703,105.0428466796875,108.04165649414062,108.01851654052734,110.01818084716797,105.11898040771484,109.01834869384766,105.07616424560547,108.00463104248047,111.07205200195312,106.169677734375,108.16654205322266,106.38138580322266,104.69001770019531,102.8250961303711,98.15293884277344,94.3663101196289,93.94147491455078,85.32877349853516,86.58522033691406,81.25269317626953,78.33900451660156,76.40026092529297,74.46475982666016,70.60453033447266,71.30918884277344,65.0,65.0,63.60031509399414,62.09669876098633,60.083274841308594,59.46427536010742,55.36244201660156,55.154327392578125,54.230987548828125,54.5618896484375,53.5350341796875
0,-35,-95,10,37,99.5690689086914,100.12492370605469,102.92716217041016,103.24727630615234,99.98500061035156,99.12618255615234,97.75479888916016,100.34440612792969,99.4786376953125,101.55294036865234,102.04410552978516,103.87010955810547,106.4048843383789,104.92378234863281,105.7024154663086,106.23088073730469,108.63240814208984,105.84894561767578,106.04244232177734,104.92378234863281,107.42439270019531,107.93516540527344,104.54663848876953,109.7861557006836,108.2681884765625,107.15409088134766,107.83784484863281,105.99056243896484,101.98039245605469,100.62306213378906,96.7470932006836,98.1121826171875,94.33981323242188,87.98295593261719,86.53323364257812,80.99382781982422,78.23043060302734,76.5506362915039,73.7834701538086,72.11102294921875,66.85057830810547,68.24221801757812,67.67569732666016,62.12889862060547,61.073726654052734,58.79625701904297,58.2580451965332,55.31726837158203,55.226806640625,55.226806640625,54.451812744140625,52.63079071044922
0,-35,-95,10,37,99.48869323730469,94.64142608642578,102.72779846191406,95.01578521728516,100.5683822631836,97.0,98.99494934082031,96.87621307373047,98.35140991210938,101.91172790527344,101.86265563964844,102.8250961303711,102.8250961303711,101.53324890136719,101.53324890136719,107.61505126953125,100.60317993164062,104.20172882080078,101.0197982788086,104.40306854248047,104.8093490600586,104.62313079833984,104.8093490600586,105.43718719482422,103.6001968383789,101.67103576660156,103.85566711425781,104.35037231445312,97.94896697998047,102.068603515625,94.84724426269531,94.06912231445312,89.80534362792969,86.31338500976562,81.32035064697266,81.3449478149414,76.48529052734375,75.1664810180664,69.42621612548828,66.52819061279297,67.26811981201172,64.35060119628906,64.44377136230469,61.717098236083984,58.898216247558594,56.85068130493164,57.628116607666016,57.628116607666016,55.217750549316406,54.918121337890625,53.0,49.658836364746094
0,-35,-95,10,37,96.67471313476562,97.00515747070312,97.41663360595703,97.6166000366211,98.47334289550781,96.83490753173828,97.34988403320312,97.09788513183594,96.5660400390625,97.75479888916016,98.97979736328125,102.4743881225586,99.76472473144531,101.07917785644531,101.07917785644531,104.69479370117188,102.956298828125,102.04410552978516,102.55242919921875,103.46980285644531,101.98039245605469,103.87010955810547,100.7223892211914,105.7024154663086,102.956298828125,103.31505584716797,102.88343048095703,102.88343048095703,99.76472473144531,96.64884948730469,95.01578521728516,91.92388153076172,89.35882568359375,85.75546264648438,81.54139709472656,77.93586730957031,75.7165756225586,71.61005401611328,71.61005401611328,67.42403411865234,65.6048812866211,64.14047241210938,62.12889862060547,59.64059066772461,57.688819885253906,54.81787872314453,56.85068130493164,55.0,53.75872039794922,53.75872039794922,51.62363815307617,49.04079818725586
0,-35,-95,11,34,102.34255981445312,102.62553405761719,101.0197982788086,105.15226745605469,100.4987564086914,102.57679748535156,102.4743881225586,101.53324890136719,104.23531341552734,101.51847076416016,103.31505584716797,106.51290893554688,107.42439270019531,106.77546691894531,106.6208267211914,107.33592224121094,108.2681884765625,102.15674591064453,106.97663116455078,108.84851837158203,106.4048843383789,108.07867431640625,105.84894561767578,109.5627670288086,110.30865478515625,112.00446319580078,108.33743286132812,108.6876220703125,105.55093383789062,100.17984008789062,99.98500061035156,94.8946762084961,92.78469848632812,87.8179931640625,89.87213134765625,83.76156616210938,80.15609741210938,77.10382843017578,73.00685119628906,70.21395874023438,66.85057830810547,68.00735473632812,64.637451171875,64.40496826171875,62.68173599243164,59.03388977050781,57.48912811279297,57.384666442871094,57.982757568359375,57.28001403808594,53.15073013305664,51.400390625
0,-35,-95,11,33,97.62171936035156,99.40824890136719,98.24967956542969,101.49384307861328,97.25225067138672,100.17984008789062,101.04454803466797,98.0,101.07917785644531,99.02020263671875,101.04454803466797,104.12012481689453,103.17460632324219,105.3043212890625,102.23991394042969,104.17293548583984,104.30723571777344,101.07917785644531,104.3886947631836,103.3924560546875,105.23307800292969,105.3043212890625,103.31021118164062,105.57461547851562,105.3043212890625,106.11785888671875,105.0428466796875,102.00489807128906,101.07917785644531,99.00505065917969,95.18928527832031,93.34345245361328,91.4439697265625,84.59314727783203,84.71717834472656,78.77182006835938,77.78174591064453,74.3303451538086,72.83543395996094,72.69112396240234,63.95310592651367,65.11528015136719,62.801273345947266,62.169124603271484,61.814239501953125,56.08921432495117,57.00876998901367,56.920997619628906,55.02726745605469,53.851646423339844,52.801513671875,51.88448715209961
0,-35,-95,10,37,96.15092468261719,93.94147491455078,94.42987060546875,98.48857879638672,97.30878448486328,97.30878448486328,95.07891082763672,96.13532257080078,97.14422607421875,94.9210205078125,98.67117309570312,98.95453643798828,100.16985321044922,99.68952178955078,100.89598846435547,99.68952178955078,101.63660430908203,96.7729263305664,101.0,102.9611587524414,100.43903350830078,100.22474670410156,99.46356201171875,102.18121337890625,103.5857162475586,101.86756134033203,102.88343048095703,99.04039764404297,98.37174224853516,95.50916290283203,91.4166259765625,90.47651672363281,88.39117431640625,83.57032775878906,83.25863647460938,78.0,74.73285675048828,70.7742919921875,70.38465881347656,67.11929321289062,63.976558685302734,61.741397857666016,62.60990524291992,60.373836517333984,56.35601043701172,54.120235443115234,56.82429122924805,53.33854293823242,54.37830352783203,51.400390625,49.81967544555664,48.83646011352539
0,-35,-95,11,34,100.64790344238281,97.94896697998047,104.62313079833984,100.4987564086914,105.81587982177734,100.16985321044922,103.46497344970703,99.6242904663086,102.00489807128906,103.00485229492188,108.00463104248047,104.8093490600586,105.42295837402344,104.35037231445312,104.35037231445312,110.39022064208984,102.59142303466797,109.04127502441406,105.38026428222656,108.2081298828125,105.55093383789062,108.18965148925781,108.30050659179688,110.34491729736328,107.81465911865234,104.23531341552734,104.9952392578125,106.30146026611328,101.67103576660156,107.00466918945312,97.41663360595703,97.41663360595703,93.23089599609375,90.69729614257812,83.76156616210938,85.14693450927734,81.3019027709961,75.29276275634766,71.19690704345703,69.6419448852539,70.1783447265625,64.66065216064453,66.37017059326172,60.0333251953125,62.7694206237793,61.29437255859375,59.03388977050781,58.5918083190918,56.859474182128906,56.30275344848633,53.45091247558594,52.17279052734375
0,-35,-95,11,34,102.2007827758789,104.40306854248047,100.24469757080078,105.6219711303711,103.09219360351562,103.73042297363281,101.0197982788086,101.76934814453125,102.31813049316406,100.64790344238281,104.27847290039062,106.92988586425781,105.11898040771484,107.78682708740234,110.01818084716797,105.19029998779297,110.05907440185547,104.23531341552734,109.2748794555664,106.55046081542969,107.82392883300781,110.05907440185547,103.353759765625,109.77249145507812,109.12836456298828,110.01818084716797,110.49434661865234,103.87010955810547,106.6208267211914,100.08995819091797,98.68130493164062,96.4624252319336,92.34716796875,90.13877868652344,86.12781524658203,80.77747344970703,82.46211242675781,78.10249328613281,72.03471374511719,73.00685119628906,66.94026947021484,68.65857696533203,64.28841400146484,62.585941314697266,60.41522979736328,58.694122314453125,58.694122314453125,59.41380310058594,54.147945404052734,55.081756591796875,54.00925827026367,53.037723541259766
0,-35,-95,11,33,99.16148376464844,101.0197982788086,100.7223892211914,102.45974731445312,97.94386291503906,101.07422637939453,102.0,97.6166000366211,99.84988403320312,98.18350219726562,103.77379608154297,101.2422866821289,101.83319854736328,105.20931243896484,105.20931243896484,105.60302734375,104.20172882080078,102.2007827758789,106.82696533203125,105.26158142089844,105.42295837402344,106.82696533203125,101.212646484375,109.34349822998047,105.60302734375,107.61505126953125,105.60302734375,102.64988708496094,104.29285430908203,98.73702239990234,95.18928527832031,96.3846435546875,92.28217315673828,86.45230102539062,85.47514343261719,81.41252899169922,76.94153594970703,75.13321685791016,72.00694274902344,70.23532104492188,66.18912506103516,66.18912506103516,65.29930877685547,63.50590515136719,61.717098236083984,59.05929183959961,57.697486877441406,56.080299377441406,53.48831558227539,53.45091247558594,53.36665725708008,50.990196228027344
0,-35,-95,10,37,97.86214447021484,97.08243560791016,96.4624252319336,98.03060913085938,99.04039764404297,96.5660400390625,99.46356201171875,97.51409912109375,97.08243560791016,96.54014587402344,99.46356201171875,100.22474670410156,101.98039245605469,99.63935089111328,99.63935089111328,102.8250961303711,101.49384307861328,101.71037292480469,102.48902130126953,101.49384307861328,99.60923767089844,104.58011627197266,101.11874389648438,103.5857162475586,105.07616424560547,101.60708618164062,104.7377700805664,101.20276641845703,98.84330749511719,97.08243560791016,93.40770721435547,94.3716049194336,87.64131164550781,85.38150024414062,82.861328125,80.3243408203125,80.05622863769531,72.23572540283203,69.6419448852539,68.3520278930664,68.3520278930664,64.8459701538086,64.25729370117188,60.16643524169922,59.236812591552734,59.09314727783203,56.36488342285156,54.5618896484375,55.07267761230469,53.5350341796875,53.25410842895508,49.81967544555664
0,-34,-95,11,33,98.61541748046875,98.41239929199219,100.12492370605469,101.40019989013672,101.17806243896484,99.08077239990234,101.0,98.0,101.00495147705078,99.00505065917969,102.07839965820312,103.17460632324219,104.23531341552734,102.31324768066406,103.48429870605469,104.47966003417969,106.67708587646484,102.39628601074219,105.80170440673828,104.08650207519531,103.48429870605469,103.69667053222656,104.69001770019531,108.77959442138672,106.79419708251953,105.385009765625,105.23307800292969,103.07764434814453,102.04410552978516,100.04499053955078,96.08329772949219,96.04686737060547,93.04837799072266,88.09085845947266,83.21658325195312,81.1541748046875,79.22752380371094,75.1664810180664,70.34912872314453,67.47592163085938,68.35934448242188,63.50590515136719,64.49806213378906,62.3939094543457,60.8276252746582,56.718605041503906,58.85575485229492,55.90169906616211,53.851646423339844,53.851646423339844,52.201534271240234,50.15974426269531
0,-34,-95,11,33,101.92153930664062,98.35140991210938,101.95096588134766,100.24469757080078,101.95096588134766,99.02020263671875,103.24727630615234,100.22474670410156,100.7223892211914,101.98039245605469,103.7545166015625,101.51847076416016,104.23531341552734,104.31682586669922,104.8093490600586,107.70329284667969,102.39628601074219,103.94229125976562,104.00961303710938,106.53168487548828,106.67708587646484,107.37783813476562,106.32967376708984,105.11898040771484,109.07795715332031,103.77379608154297,105.67875671386719,106.0660171508789,102.4743881225586,101.07917785644531,95.7078857421875,95.75489807128906,92.70382690429688,88.0227279663086,86.16263580322266,84.15461730957031,78.18567657470703,73.73601531982422,70.83784484863281,67.41661834716797,69.6419448852539,69.07966613769531,64.62197875976562,60.406951904296875,63.5688591003418,58.8217658996582,57.28001403808594,57.723480224609375,55.31726837158203,52.95280838012695,51.35172653198242,50.03998565673828
0,-35,-95,11,33,95.50916290283203,99.32774353027344,100.42410278320312,100.68763732910156,98.23441314697266,100.16985321044922,97.51409912109375,98.27003479003906,96.8813705444336,101.60708618164062,103.09703826904297,104.8093490600586,105.57461547851562,104.58011627197266,103.69667053222656,105.47511291503906,102.31324768066406,101.49384307861328,106.169677734375,106.169677734375,103.23758697509766,104.30723571777344,101.40019989013672,106.23088073730469,104.3886947631836,106.47064971923828,104.8093490600586,103.09703826904297,100.12991333007812,97.86214447021484,97.86214447021484,94.5938720703125,93.86160278320312,86.83317565917969,83.24061584472656,82.2800064086914,75.28611755371094,75.89466094970703,71.16881561279297,71.16881561279297,68.4105224609375,64.19501495361328,64.51356506347656,61.032779693603516,61.6846809387207,58.52349853515625,56.859474182128906,56.36488342285156,54.5618896484375,54.58937454223633,51.107730865478516,50.80354309082031
0,-35,-95,11,33,98.18350219726562,100.24469757080078,101.2422866821289,101.31633758544922,102.48902130126953,98.50888061523438,100.84146118164062,96.7470932006836,100.28459167480469,99.63935089111328,102.59142303466797,105.11898040771484,102.61091613769531,103.07764434814453,101.86756134033203,104.54663848876953,106.73799896240234,106.23088073730469,102.88343048095703,105.6503677368164,103.58088684082031,104.12012481689453,105.26158142089844,105.6503677368164,106.48004150390625,105.01904296875,103.5857162475586,102.39140319824219,99.2471694946289,100.28459167480469,93.64827728271484,94.76286315917969,92.54188537597656,87.20664978027344,83.2946548461914,83.2946548461914,80.09993743896484,74.1687240600586,70.06425476074219,67.02984619140625,69.065185546875,64.1248779296875,66.06814575195312,61.032779693603516,60.008331298828125,60.0,58.03447341918945,57.14017868041992,55.226806640625,54.451812744140625,51.97114562988281,50.447994232177734
0,-35,-95,11,33,99.14131164550781,99.98500061035156,101.20276641845703,100.62306213378906,98.06120300292969,99.68952178955078,98.71676635742188,99.20181274414062,101.13851928710938,99.72462463378906,99.6242904663086,102.78618621826172,101.83319854736328,103.4069595336914,106.25440979003906,103.46497344970703,105.68821716308594,102.14205932617188,105.10946655273438,105.34230041503906,102.78618621826172,106.6255111694336,103.73042297363281,104.75209045410156,107.51744079589844,105.6219711303711,106.04244232177734,103.3247299194336,101.39033508300781,98.48857879638672,95.7078857421875,94.20191192626953,92.07062530517578,85.58621215820312,83.6002426147461,80.62257385253906,78.51751708984375,74.5452880859375,73.24616241455078,69.35416412353516,65.27633666992188,66.06814575195312,65.03076171875,61.032779693603516,59.03388977050781,59.00847244262695,59.00847244262695,57.07889175415039,56.22277069091797,55.3263053894043,51.195701599121094,52.88667297363281
0,-34,-95,11,33,98.03060913085938,97.73944854736328,103.09219360351562,99.6242904663086,101.2422866821289,97.1236343383789,98.49365234375,98.23441314697266,100.16985321044922,102.18121337890625,101.41498565673828,102.25947570800781,102.1077880859375,103.24727630615234,103.24727630615234,106.0660171508789,102.956298828125,105.07616424560547,103.69667053222656,103.94710540771484,102.956298828125,106.0660171508789,103.57605743408203,105.68348693847656,105.22357177734375,105.22357177734375,104.3455810546875,105.99056243896484,101.86756134033203,99.72462463378906,93.68030548095703,92.34716796875,90.13877868652344,88.25531005859375,83.57032775878906,81.3449478149414,78.43468475341797,75.7693862915039,71.86793518066406,67.779052734375,67.5425796508789,64.88451385498047,64.47480010986328,60.373836517333984,60.41522979736328,56.4358024597168,57.30619430541992,57.14017868041992,53.851646423339844,52.69725036621094,52.009613037109375,50.32891845703125
0,-35,-95,11,33,97.51409912109375,99.20181274414062,100.0,103.07764434814453,100.28459167480469,97.41663360595703,97.41663360595703,98.03060913085938,98.35140991210938,99.16148376464844,102.31813049316406,102.04410552978516,106.0235824584961,104.21611785888672,103.78824615478516,105.0951919555664,102.42070007324219,101.51847076416016,105.67875671386719,107.35455322265625,102.85912322998047,106.94390869140625,102.42070007324219,106.55046081542969,106.89247131347656,105.0951919555664,105.11898040771484,105.11898040771484,102.55242919921875,98.0866928100586,97.86214447021484,94.86833190917969,91.7060546875,87.28115844726562,85.4400405883789,81.90848541259766,78.10890197753906,76.24303436279297,70.88018035888672,70.88018035888672,68.680419921875,64.03124237060547,63.60031509399414,63.78871536254883,60.16643524169922,58.694122314453125,58.24946212768555,54.7448616027832,55.3263053894043,51.35172653198242,55.145263671875,50.03998565673828
0,-35,-95,11,34,103.12128448486328,98.35140991210938,102.48902130126953,104.40306854248047,106.04244232177734,101.2422866821289,102.1077880859375,103.3247299194336,103.16007232666016,106.09900665283203,104.3455810546875,106.7052001953125,105.22357177734375,106.53168487548828,105.38026428222656,111.01801300048828,103.5857162475586,107.05606079101562,104.30723571777344,109.55364227294922,105.80170440673828,109.45775604248047,110.02726745605469,110.45361328125,110.02726745605469,107.20074462890625,108.50345611572266,107.68936920166016,102.77159118652344,104.3455810546875,97.52947998046875,96.84007263183594,94.9210205078125,89.8109130859375,87.28115844726562,84.11896514892578,80.99382781982422,75.61084747314453,74.09453582763672,71.7844009399414,70.38465881347656,65.78753662109375,70.00714111328125,60.74536895751953,62.2414665222168,59.61543273925781,59.61543273925781,60.41522979736328,59.05929183959961,53.5350341796875,54.918121337890625,49.67897033691406
0,-35,-95,11,33,99.20181274414062,101.82828521728516,100.76705932617188,100.89598846435547,98.71676635742188,99.2471694946289,99.08582305908203,97.74456787109375,99.03534698486328,98.99494934082031,102.59142303466797,101.98039245605469,103.4794692993164,103.71113586425781,103.5857162475586,104.63746643066406,106.21205139160156,101.53324890136719,106.82696533203125,105.60302734375,104.63746643066406,104.20172882080078,102.44998931884766,107.41508483886719,107.80074310302734,106.04244232177734,103.71113586425781,103.4794692993164,104.89041900634766,98.49365234375,96.8968505859375,94.06912231445312,91.21951293945312,86.31338500976562,84.17243957519531,82.8070068359375,79.98124694824219,74.5184555053711,70.0927963256836,69.35416412353516,65.85590362548828,66.52819061279297,64.44377136230469,61.61980056762695,61.073726654052734,59.03388977050781,58.2580451965332,55.803226470947266,54.37830352783203,53.851646423339844,54.20331954956055,51.429561614990234
0,-35,-95,10,37,98.60020446777344,101.0197982788086,100.42410278320312,102.00489807128906,101.82828521728516,100.42410278320312,100.2646484375,100.12492370605469,101.41498565673828,99.03534698486328,98.99494934082031,103.96633911132812,103.3924560546875,103.96633911132812,103.96633911132812,106.10372161865234,103.3924560546875,103.96633911132812,103.3924560546875,101.98039245605469,106.07544708251953,106.10372161865234,102.64988708496094,105.26158142089844,107.62899017333984,107.56393432617188,106.77546691894531,104.69001770019531,103.3247299194336,100.5683822631836,97.94896697998047,95.13148498535156,92.61749267578125,86.60831451416016,84.62860107421875,81.60882568359375,78.81623840332031,76.6093978881836,72.42237091064453,71.84706115722656,67.95587158203125,68.24221801757812,64.8999252319336,61.587337493896484,60.539241790771484,58.18075180053711,58.18075180053711,57.697486877441406,56.36488342285156,55.03635025024414,55.154327392578125,51.244510650634766
0,-35,-95,11,33,97.41663360595703,98.76234436035156,100.42410278320312,100.96038818359375,99.72462463378906,98.23441314697266,98.71676635742188,100.22474670410156,100.43903350830078,98.31072998046875,103.09703826904297,101.83319854736328,102.8250961303711,102.59142303466797,104.69001770019531,103.31021118164062,101.31633758544922,102.39628601074219,103.07764434814453,105.385009765625,103.5857162475586,106.30146026611328,101.40019989013672,109.1650161743164,105.3043212890625,102.48902130126953,103.69667053222656,103.94710540771484,100.9752426147461,98.99494934082031,96.10411071777344,95.56673431396484,90.70832061767578,86.40023040771484,86.12781524658203,81.74349975585938,78.58753204345703,75.0,71.84010314941406,69.6419448852539,66.7607650756836,64.56005096435547,65.802734375,63.24555206298828,60.083274841308594,58.872745513916016,58.30952072143555,56.46237564086914,54.120235443115234,53.22593307495117,52.47856521606445,50.80354309082031
0,-35,-95,11,33,101.11874389648438,100.60317993164062,102.39628601074219,101.71037292480469,98.32598876953125,98.41239929199219,101.17806243896484,97.08243560791016,99.02020263671875,99.0,102.0,103.07764434814453,103.0436782836914,104.17293548583984,105.07616424560547,104.30723571777344,102.31324768066406,103.31021118164062,104.58011627197266,104.58011627197266,103.48429870605469,106.47064971923828,102.17631530761719,104.47966003417969,106.38138580322266,106.30146026611328,105.11898040771484,102.04410552978516,100.00499725341797,99.0,94.00531768798828,94.13288116455078,93.26306915283203,86.20904541015625,83.48652648925781,80.3056640625,76.41989135742188,74.5452880859375,72.24956512451172,68.35934448242188,67.47592163085938,64.62971496582031,63.28506851196289,61.66035842895508,61.814239501953125,58.051700592041016,57.27128601074219,57.48912811279297,56.04462432861328,52.49761962890625,51.078372955322266,50.990196228027344
0,-35,-95,10,38,104.20172882080078,106.47064971923828,104.8093490600586,108.78418731689453,103.07764434814453,107.18675231933594,103.77379608154297,105.68821716308594,104.9571304321289,105.20931243896484,110.80162811279297,108.57716369628906,110.8873291015625,110.53506469726562,111.04053497314453,109.4805908203125,112.80514526367188,106.4048843383789,111.80339813232422,113.0707778930664,113.5693588256836,112.80514526367188,106.30146026611328,114.58621215820312,111.07205200195312,114.8651351928711,111.6646728515625,110.60289001464844,108.00463104248047,104.01922607421875,104.00961303710938,102.92716217041016,99.12618255615234,91.92388153076172,90.04998779296875,83.76156616210938,82.15229797363281,78.54934692382812,77.17512512207031,74.4311752319336,72.20111083984375,69.83551788330078,69.35416412353516,64.88451385498047,65.7419204711914,61.32699203491211,59.93329620361328,61.09828186035156,56.64803695678711,57.93962478637695,56.30275344848633,53.15073013305664
0,-34,-95,11,33,98.08159637451172,97.30878448486328,100.5683822631836,99.90495300292969,99.15644073486328,99.15644073486328,99.76472473144531,99.72462463378906,100.41912078857422,101.91172790527344,102.64988708496094,102.8250961303711,104.23531341552734,103.5857162475586,102.72779846191406,105.26158142089844,105.26158142089844,101.53324890136719,106.21205139160156,106.04244232177734,104.48445129394531,106.04244232177734,104.48445129394531,109.20164489746094,107.29864501953125,105.75916290283203,104.69001770019531,101.91172790527344,103.24727630615234,97.58073425292969,97.0,96.2081069946289,90.68627166748047,87.32124328613281,85.91275024414062,79.02531433105469,79.2022705078125,72.80110168457031,71.61005401611328,70.0,67.80117797851562,66.61080932617188,63.24555206298828,60.80295944213867,59.64059066772461,57.45433044433594,56.4358024597168,57.30619430541992,55.94640350341797,53.712196350097656,52.92447280883789,49.04079818725586
0,-34,-95,10,37,102.8250961303711,105.64563751220703,103.4794692993164,104.48445129394531,103.23274993896484,102.44998931884766,104.62313079833984,102.41581726074219,106.25440979003906,102.34255981445312,106.53168487548828,107.70329284667969,109.60382843017578,109.17874908447266,107.42439270019531,108.67382049560547,109.123779296875,104.65657806396484,108.22661590576172,111.35977935791016,107.82392883300781,109.56732940673828,107.35455322265625,112.80514526367188,107.78682708740234,111.36426544189453,108.70602416992188,106.67708587646484,108.4066390991211,100.7223892211914,98.79270935058594,98.79270935058594,92.35800170898438,92.0869140625,88.81441497802734,84.40379333496094,80.21221923828125,77.0064926147461,75.21302795410156,73.40980529785156,70.21395874023438,70.21395874023438,69.065185546875,64.81512451171875,62.481998443603516,61.073726654052734,60.95900344848633,58.13776779174805,57.982757568359375,57.28001403808594,53.26349639892578,55.217750549316406
0,-34,-95,10,37,97.34988403320312,94.57801055908203,98.0051040649414,97.41663360595703,101.0197982788086,97.41663360595703,95.42536163330078,95.2680435180664,97.45255279541016,97.18538665771484,98.41239929199219,101.91172790527344,99.82484436035156,100.41912078857422,101.13851928710938,100.44898986816406,100.44898986816406,101.86265563964844,101.13851928710938,101.13851928710938,101.82337951660156,104.66136169433594,98.99494934082031,104.69001770019531,106.77546691894531,101.17806243896484,102.64988708496094,101.53324890136719,98.85848236083984,98.71676635742188,91.40021514892578,89.62700653076172,90.69729614257812,82.92768096923828,85.98255920410156,78.49203491210938,76.32168579101562,71.86793518066406,70.1783447265625,68.09552001953125,65.86349487304688,66.5732650756836,63.1347770690918,61.773780822753906,59.05929183959961,55.46169662475586,55.03635025024414,55.94640350341797,53.851646423339844,54.424259185791016,50.0,49.81967544555664
0,-35,-95,10,37,101.41498565673828,102.1077880859375,101.39033508300781,101.6513671875,100.0,102.2007827758789,102.78618621826172,101.51354217529297,100.6578369140625,100.46392059326172,106.23088073730469,104.27847290039062,105.7024154663086,103.7545166015625,105.11898040771484,104.20172882080078,106.89247131347656,103.7545166015625,107.82392883300781,107.82392883300781,105.54619598388672,106.0660171508789,104.65657806396484,108.4066390991211,107.33126068115234,106.89247131347656,105.99056243896484,104.27847290039062,103.78824615478516,99.00505065917969,99.16148376464844,97.14422607421875,90.82400512695312,88.54377746582031,83.81526947021484,81.27114868164062,80.0062484741211,75.69015502929688,72.42237091064453,70.21395874023438,68.00735473632812,67.35725402832031,65.14598846435547,64.56005096435547,62.09669876098633,60.01666259765625,60.20797348022461,57.27128601074219,56.4358024597168,56.56854248046875,55.03635025024414,51.03919982910156
0,-35,-95,10,37,102.23991394042969,101.31633758544922,102.12247467041016,103.31021118164062,103.12128448486328,102.07839965820312,102.0,102.0,100.00499725341797,99.18164825439453,105.23307800292969,103.3924560546875,105.47511291503906,105.68348693847656,103.5857162475586,105.07616424560547,105.9292221069336,104.08650207519531,107.20074462890625,107.05606079101562,107.05606079101562,110.16805267333984,109.03668975830078,107.87029266357422,109.4897232055664,108.77959442138672,109.77249145507812,106.23088073730469,104.23531341552734,103.23758697509766,99.04544067382812,97.02061462402344,94.00531768798828,87.02298736572266,87.05171203613281,84.05355072021484,80.02499389648438,77.05841827392578,74.1080322265625,70.00714111328125,70.06425476074219,66.06814575195312,66.06814575195312,63.071388244628906,62.20128631591797,59.53990173339844,59.21148681640625,58.85575485229492,56.718605041503906,56.29387283325195,51.92301940917969,50.695167541503906
0,-35,-95,11,34,101.78899383544922,99.29753112792969,105.11898040771484,102.90287017822266,105.43718719482422,101.25709533691406,102.61579132080078,101.04454803466797,101.82828521728516,105.64563751220703,105.26158142089844,105.55093383789062,108.18965148925781,106.21675872802734,106.10372161865234,110.34491729736328,106.77546691894531,106.79419708251953,106.07544708251953,108.89444732666016,107.48023223876953,108.89444732666016,108.2081298828125,111.73181915283203,109.62207794189453,107.51744079589844,106.30146026611328,107.81465911865234,103.71113586425781,104.01922607421875,96.60745239257812,97.08243560791016,92.6498794555664,90.69729614257812,87.8179931640625,84.05950164794922,81.3019027709961,77.02597045898438,74.94664764404297,71.58910369873047,72.06941223144531,66.73080444335938,66.37017059326172,62.64982223510742,63.06346130371094,62.169124603271484,59.50630187988281,58.30952072143555,58.52349853515625,57.567352294921875,55.36244201660156,53.600372314453125
0,-35,-95,11,34,103.73042297363281,104.62313079833984,102.62553405761719,103.46497344970703,103.24727630615234,101.0197982788086,100.84642028808594,104.44615936279297,102.57679748535156,104.65180206298828,105.0951919555664,107.01869201660156,109.00458526611328,108.07867431640625,107.15409088134766,108.84851837158203,108.50345611572266,106.04244232177734,108.50345611572266,109.44404602050781,108.84851837158203,112.00892639160156,106.77546691894531,110.0636215209961,111.62885284423828,108.84851837158203,110.13627624511719,109.77249145507812,107.93516540527344,102.04410552978516,98.84330749511719,97.94896697998047,94.41397857666016,90.82400512695312,89.55445098876953,83.72574615478516,80.13114166259766,76.5375747680664,73.82411193847656,70.23532104492188,70.23532104492188,67.60177612304688,67.23094177246094,65.86349487304688,61.91122817993164,60.74536895751953,62.12889862060547,56.61272048950195,57.20139694213867,57.00876998901367,54.451812744140625,53.15073013305664
0,-35,-95,10,37,95.34149169921875,96.66436767578125,96.93296813964844,100.6578369140625,96.2081069946289,97.14422607421875,95.18928527832031,97.08243560791016,96.4624252319336,97.80081939697266,97.26766967773438,97.74456787109375,97.08243560791016,100.43903350830078,100.66280364990234,99.68952178955078,102.18121337890625,99.04039764404297,102.77159118652344,101.0,99.04039764404297,101.98039245605469,99.82484436035156,102.25947570800781,103.94229125976562,101.98039245605469,101.13851928710938,100.68763732910156,99.04039764404297,94.5568618774414,94.5568618774414,90.82400512695312,87.09190368652344,84.8646011352539,81.02468872070312,78.54934692382812,75.7693862915039,73.00685119628906,69.46221923828125,68.02940368652344,65.7419204711914,65.30696868896484,61.32699203491211,59.93329620361328,56.35601043701172,55.07267761230469,55.07267761230469,53.0,52.15361785888672,52.430908203125,51.855567932128906,47.381431579589844
0,-35,-95,10,37,100.0,101.92153930664062,100.42410278320312,101.39033508300781,99.92497253417969,102.83968353271484,100.43903350830078,99.82484436035156,101.20276641845703,100.12991333007812,103.24727630615234,103.81714630126953,103.69667053222656,104.47966003417969,104.3886947631836,105.385009765625,106.30146026611328,102.31324768066406,105.07616424560547,106.11785888671875,105.23307800292969,105.1712875366211,103.23758697509766,109.11461639404297,108.29589080810547,106.38138580322266,106.56922912597656,103.69667053222656,103.94710540771484,97.73944854736328,96.8813705444336,94.9210205078125,92.19544219970703,89.26925659179688,85.61541748046875,81.25269317626953,79.8122787475586,75.69015502929688,75.18643188476562,71.56814575195312,67.91170501708984,66.7607650756836,65.52098846435547,63.5688591003418,62.62587356567383,60.083274841308594,57.245086669921875,58.30952072143555,55.54277801513672,54.12947463989258,53.33854293823242,52.69725036621094
0,-35,-95,11,33,99.16148376464844,100.08995819091797,98.23441314697266,100.31948852539062,100.7223892211914,99.4032211303711,99.80982208251953,98.41239929199219,101.53324890136719,101.53324890136719,102.956298828125,101.212646484375,103.94229125976562,102.21546173095703,103.46497344970703,102.90287017822266,102.07839965820312,101.51354217529297,104.86181640625,106.01886749267578,104.86181640625,103.81233215332031,101.83319854736328,108.811767578125,107.61505126953125,103.73042297363281,104.8475112915039,101.3558120727539,101.212646484375,97.52947998046875,94.41397857666016,94.82615661621094,91.67878723144531,85.42832946777344,83.25863647460938,81.1541748046875,78.39005279541016,74.46475982666016,69.46221923828125,66.85057830810547,66.85057830810547,66.48307800292969,64.62197875976562,63.694583892822266,57.584720611572266,57.584720611572266,58.18934631347656,53.45091247558594,53.851646423339844,56.08921432495117,50.48762130737305,51.15662384033203
0,-35,-95,10,37,100.7223892211914,102.0,101.212646484375,106.67708587646484,103.24727630615234,101.54801940917969,100.4987564086914,100.12492370605469,103.17460632324219,100.80178833007812,105.42295837402344,106.4048843383789,107.1680908203125,107.62899017333984,106.52699279785156,108.37435150146484,108.30050659179688,103.3924560546875,109.71326446533203,109.71326446533203,107.1680908203125,109.04127502441406,105.55093383789062,110.34491729736328,113.17243194580078,109.04127502441406,108.57716369628906,107.44766235351562,106.66770935058594,101.40019989013672,99.6242904663086,96.51942443847656,95.18928527832031,92.43917083740234,87.46427917480469,80.70935821533203,80.70935821533203,77.93586730957031,74.4311752319336,73.06161499023438,68.26419067382812,69.6419448852539,67.11929321289062,65.86349487304688,63.52952194213867,58.18075180053711,60.373836517333984,59.61543273925781,60.008331298828125,55.54277801513672,54.424259185791016,52.63079071044922
0,-34,-95,11,33,100.5683822631836,99.08582305908203,98.99494934082031,103.24727630615234,100.41912078857422,99.72462463378906,101.31633758544922,100.5683822631836,100.5683822631836,101.41498565673828,103.3924560546875,103.4794692993164,102.94173431396484,102.61579132080078,102.61579132080078,105.20931243896484,106.01886749267578,102.2007827758789,105.11898040771484,104.29285430908203,104.62313079833984,104.62313079833984,103.81233215332031,106.01886749267578,107.61505126953125,106.21205139160156,104.63746643066406,102.72779846191406,100.6578369140625,98.35140991210938,96.16651916503906,92.6336898803711,90.5096664428711,87.04596710205078,84.95881652832031,82.134033203125,79.5110092163086,73.87828063964844,73.24616241455078,70.29224395751953,67.35725402832031,68.4105224609375,65.29930877685547,62.62587356567383,60.605281829833984,57.20139694213867,57.688819885253906,55.4707145690918,54.58937454223633,55.009090423583984,51.4781494140625,49.39635467529297
0,-35,-95,10,37,100.12492370605469,102.12247467041016,104.23531341552734,104.30723571777344,102.23991394042969,100.17984008789062,101.83319854736328,101.71037292480469,102.956298828125,104.93807983398438,106.21205139160156,104.92378234863281,107.2800064086914,103.16007232666016,105.5367202758789,108.66921997070312,106.32027435302734,105.99056243896484,106.73799896240234,106.73799896240234,106.23088073730469,107.96759033203125,104.04806518554688,109.20164489746094,107.44766235351562,109.1421127319336,108.25894927978516,106.09900665283203,102.59142303466797,102.59142303466797,99.60923767089844,99.60923767089844,96.51942443847656,88.20430755615234,87.20664978027344,82.2192153930664,82.02438354492188,76.00657653808594,75.05997467041016,73.00685119628906,72.11102294921875,66.06814575195312,68.02940368652344,65.03076171875,63.03173828125,59.00847244262695,59.07622146606445,58.00862121582031,56.56854248046875,56.56854248046875,53.36665725708008,52.49761962890625
0,-35,-95,10,38,101.6513671875,106.04244232177734,105.99056243896484,108.17115783691406,103.36827087402344,105.32331085205078,104.56098937988281,104.56098937988281,105.72132873535156,104.08650207519531,108.0462875366211,109.77249145507812,110.36756896972656,107.37783813476562,111.44953918457031,111.28791809082031,112.07140350341797,107.1680908203125,112.04016876220703,110.04090118408203,110.16351318359375,112.04016876220703,109.22454071044922,114.01753997802734,112.28534698486328,112.21853637695312,112.44554138183594,108.18965148925781,108.0462875366211,104.08650207519531,102.42070007324219,101.43470764160156,94.5938720703125,92.41753387451172,89.49860382080078,84.64632415771484,84.40379333496094,77.88452911376953,76.92203521728516,76.40026092529297,70.0927963256836,70.88018035888672,67.44627380371094,65.802734375,63.60031509399414,61.35144805908203,59.80802536010742,58.30952072143555,57.697486877441406,59.53990173339844,51.97114562988281,52.430908203125
0,-35,-95,10,37,98.0051040649414,98.88377380371094,99.98500061035156,102.21546173095703,102.92716217041016,94.33981323242188,99.02020263671875,99.86490631103516,101.25709533691406,100.0,103.00485229492188,103.23274993896484,101.67103576660156,105.8914566040039,100.76705932617188,104.89041900634766,102.64988708496094,105.64563751220703,101.91172790527344,104.80458068847656,104.80458068847656,106.15083312988281,104.23531341552734,108.97705841064453,107.05606079101562,103.5857162475586,107.1680908203125,104.20172882080078,100.2646484375,102.2007827758789,95.69221496582031,95.44107818603516,90.97252655029297,91.26883697509766,82.68010711669922,81.83519744873047,78.892333984375,76.32168579101562,69.97142028808594,68.96376037597656,67.23094177246094,68.26419067382812,64.0078125,62.60990524291992,61.29437255859375,57.706153869628906,57.697486877441406,57.245086669921875,57.93962478637695,56.920997619628906,51.92301940917969,50.80354309082031
0,-35,-95,10,37,95.38343811035156,91.92388153076172,99.5690689086914,94.87360382080078,98.73702239990234,92.9139404296875,96.60745239257812,96.21330261230469,96.40020751953125,100.2646484375,98.08159637451172,100.00499725341797,100.6578369140625,99.08582305908203,99.03534698486328,102.59142303466797,96.87621307373047,102.59142303466797,99.76472473144531,103.24727630615234,100.44898986816406,103.94710540771484,103.24727630615234,104.69001770019531,101.82337951660156,102.53292083740234,103.3247299194336,103.3924560546875,96.42613983154297,99.15644073486328,90.60353088378906,91.83136749267578,88.81441497802734,83.48652648925781,79.88116455078125,78.49203491210938,77.10382843017578,71.28113555908203,69.3397445678711,67.67569732666016,69.3397445678711,63.24555206298828,66.0302963256836,56.603885650634766,58.52349853515625,55.07267761230469,54.20331954956055,52.77309799194336,54.120235443115234,53.3104133605957,50.59644317626953,50.0
0,-35,-95,10,37,99.72462463378906,99.03534698486328,99.82484436035156,105.38026428222656,103.3924560546875,102.64988708496094,99.03534698486328,99.35794067382812,102.8250961303711,99.63935089111328,105.26158142089844,105.60302734375,105.68348693847656,104.04325866699219,106.25440979003906,104.86181640625,105.9480972290039,104.29285430908203,108.75660705566406,108.72441864013672,109.28861236572266,106.50821685791016,106.01886749267578,110.13627624511719,109.0,109.85900115966797,105.60302734375,105.26158142089844,105.11898040771484,102.94173431396484,99.82484436035156,97.58073425292969,93.34880828857422,90.52071380615234,87.04596710205078,84.2199478149414,82.07313537597656,77.23341369628906,74.5184555053711,72.24956512451172,68.01470184326172,67.94115447998047,65.19202423095703,63.78087615966797,61.073726654052734,60.605281829833984,56.859474182128906,59.64059066772461,57.80138397216797,55.94640350341797,55.90169906616211,54.7813835144043
0,-35,-95,10,37,100.40418243408203,102.34255981445312,99.64437103271484,107.070068359375,96.3846435546875,106.32967376708984,98.97979736328125,98.41239929199219,100.23971557617188,98.83824920654297,102.04410552978516,103.46980285644531,104.3886947631836,105.47511291503906,107.93516540527344,100.46392059326172,106.4048843383789,100.08995819091797,108.16654205322266,105.47511291503906,105.30906677246094,105.84894561767578,101.0197982788086,107.56393432617188,107.70329284667969,108.07867431640625,107.83784484863281,100.64790344238281,106.8877944946289,95.77056121826172,97.6166000366211,96.04165649414062,92.6498794555664,88.5098876953125,84.31488800048828,78.23681640625,80.15609741210938,76.02631378173828,73.7834701538086,72.67048645019531,66.61080932617188,66.85057830810547,62.20128631591797,65.0,63.411354064941406,59.54829788208008,58.2580451965332,57.384666442871094,53.740116119384766,55.17245864868164,52.49761962890625,53.25410842895508
0,-35,-95,11,34,101.41498565673828,102.39140319824219,101.41498565673828,104.3455810546875,102.35721588134766,102.35721588134766,103.09219360351562,103.4069595336914,100.30453491210938,101.95096588134766,105.10946655273438,105.7024154663086,105.7024154663086,107.15409088134766,105.11898040771484,105.0951919555664,106.47064971923828,104.65180206298828,107.91200256347656,108.4066390991211,107.04204559326172,108.30050659179688,105.58882141113281,110.53506469726562,107.42439270019531,109.12836456298828,106.89247131347656,106.89247131347656,106.92988586425781,99.80982208251953,98.61541748046875,94.70480346679688,95.85405731201172,90.47651672363281,86.72946166992188,82.54090118408203,81.93289947509766,74.63243103027344,73.08214569091797,70.51950073242188,69.57010650634766,68.94925689697266,66.40782928466797,64.51356506347656,60.728904724121094,59.77457809448242,60.16643524169922,58.24087905883789,55.10898208618164,56.4358024597168,53.23532485961914,52.009613037109375
0,-35,-95,10,37,103.81233215332031,102.41581726074219,103.85566711425781,101.40019989013672,103.07764434814453,103.07764434814453,99.90495300292969,102.068603515625,101.91172790527344,101.17806243896484,106.79419708251953,104.66136169433594,108.18965148925781,108.2450942993164,108.18965148925781,108.37435150146484,107.29864501953125,106.30146026611328,107.61505126953125,109.34349822998047,109.123779296875,108.57716369628906,106.8877944946289,110.8873291015625,109.7861557006836,108.97705841064453,109.04127502441406,108.90362548828125,104.66136169433594,102.53292083740234,98.41239929199219,97.74456787109375,95.90099334716797,90.90654754638672,86.05230712890625,81.83519744873047,80.43009185791016,76.843994140625,75.60423278808594,72.62230682373047,70.0,69.02897644042969,68.4105224609375,64.40496826171875,61.61168670654297,60.20797348022461,59.90826416015625,56.4358024597168,59.05929183959961,56.46237564086914,54.625999450683594,53.48831558227539
0,-35,-95,11,34,101.07917785644531,101.07422637939453,103.83159637451172,102.42070007324219,102.4743881225586,101.59724426269531,101.71037292480469,101.87246704101562,102.72779846191406,101.54801940917969,104.29285430908203,105.43718719482422,106.60675048828125,107.41508483886719,104.62313079833984,108.00463104248047,107.61505126953125,104.01922607421875,108.23123168945312,109.80892181396484,104.8093490600586,108.00463104248047,106.40018463134766,108.85311126708984,110.80162811279297,110.0,107.070068359375,104.30723571777344,103.46497344970703,100.4987564086914,99.29753112792969,97.06183624267578,93.52005004882812,89.05054473876953,86.00581359863281,83.77350616455078,80.11241912841797,75.23961639404297,73.00685119628906,70.57620239257812,69.6419448852539,69.46221923828125,66.73080444335938,64.51356506347656,61.032779693603516,58.8217658996582,59.4810905456543,57.9741325378418,54.5710563659668,55.73149871826172,54.451812744140625,53.0848388671875
0,-35,-95,11,34,104.92378234863281,100.08995819091797,106.25440979003906,103.12128448486328,104.06248474121094,104.35516357421875,103.09219360351562,103.44564056396484,104.8093490600586,103.58088684082031,102.88343048095703,104.56098937988281,107.20074462890625,107.2800064086914,105.5367202758789,110.64356994628906,107.20074462890625,107.87029266357422,107.20074462890625,108.67382049560547,107.87029266357422,108.50345611572266,107.68936920166016,110.3177261352539,111.40017700195312,108.06016540527344,108.66921997070312,107.93516540527344,103.58088684082031,106.04244232177734,98.35140991210938,98.68130493164062,94.57801055908203,89.69392395019531,88.0227279663086,86.00581359863281,83.38465118408203,77.47257232666016,73.00685119628906,72.01388549804688,70.26378631591797,68.15423583984375,68.02940368652344,63.95310592651367,63.95310592651367,59.9416389465332,61.773780822753906,59.16925048828125,57.982757568359375,55.803226470947266,54.20331954956055,53.75872039794922
0,-35,-95,11,33,99.76472473144531,96.33275604248047,100.6578369140625,100.5683822631836,102.17631530761719,98.59513092041016,100.76705932617188,100.2646484375,100.60317993164062,99.4032211303711,103.6001968383789,102.07839965820312,105.11898040771484,106.53168487548828,101.78899383544922,105.47511291503906,100.84642028808594,104.8475112915039,103.83159637451172,106.67708587646484,104.8475112915039,107.70329284667969,103.46497344970703,108.4066390991211,109.60382843017578,107.070068359375,105.68348693847656,107.64757537841797,100.80178833007812,103.6001968383789,96.67471313476562,97.30878448486328,93.4344711303711,87.72685241699219,85.58621215820312,82.75868225097656,80.62257385253906,75.07329559326172,73.59347534179688,69.3108901977539,68.59300231933594,65.76473236083984,66.4680404663086,62.93647766113281,60.8276252746582,60.20797348022461,58.898216247558594,58.898216247558594,56.035701751708984,55.4707145690918,51.865211486816406,51.429561614990234
0,-35,-95,10,38,101.07917785644531,100.17984008789062,103.94229125976562,102.4743881225586,102.956298828125,102.57679748535156,101.87246704101562,100.70252990722656,104.62313079833984,103.73042297363281,104.62313079833984,106.60675048828125,106.60675048828125,107.00466918945312,104.20172882080078,109.63575744628906,107.1680908203125,108.85311126708984,106.4048843383789,107.81465911865234,105.8914566040039,109.7861557006836,107.29864501953125,110.7519760131836,110.8873291015625,109.63575744628906,109.20164489746094,109.62207794189453,104.29285430908203,103.17460632324219,97.09788513183594,97.41663360595703,94.02127075195312,88.6848373413086,88.1192398071289,87.23531341552734,80.52949523925781,77.41446685791016,73.79024505615234,72.01388549804688,70.21395874023438,66.18912506103516,69.35416412353516,61.269893646240234,63.976558685302734,60.16643524169922,60.16643524169922,58.8217658996582,57.87054443359375,57.723480224609375,55.54277801513672,52.46903991699219
0,-35,-95,11,34,102.42070007324219,103.24727630615234,102.9611587524414,105.72132873535156,103.16007232666016,101.41498565673828,104.13932800292969,102.1077880859375,103.58088684082031,100.5683822631836,105.9480972290039,104.177734375,106.77546691894531,106.6208267211914,106.04244232177734,107.33592224121094,108.33743286132812,105.30906677246094,109.65856170654297,105.84894561767578,107.70329284667969,108.63240814208984,102.69371795654297,110.46266174316406,109.1650161743164,110.07270050048828,109.3846435546875,107.56393432617188,104.67568969726562,99.6242904663086,100.96038818359375,97.52947998046875,95.8018798828125,89.49860382080078,86.88497924804688,82.46211242675781,82.71033477783203,76.40026092529297,72.7804946899414,70.61161041259766,68.24954223632812,67.46851348876953,66.70832061767578,65.30696868896484,65.30696868896484,59.41380310058594,61.400325775146484,58.215118408203125,55.145263671875,57.03507614135742,54.00925827026367,54.08327102661133
0,-35,-95,11,34,103.3247299194336,102.72779846191406,104.35037231445312,104.13932800292969,103.07764434814453,103.07764434814453,103.07764434814453,101.53324890136719,104.01922607421875,106.60675048828125,106.8316421508789,108.46658325195312,107.89810180664062,106.7801513671875,107.89810180664062,108.5587387084961,105.68821716308594,106.23088073730469,109.41663360595703,109.07795715332031,109.29318237304688,109.07795715332031,107.61505126953125,110.27692413330078,111.22050476074219,107.61505126953125,110.80162811279297,105.80170440673828,105.42295837402344,102.61579132080078,98.59513092041016,98.49365234375,95.58765411376953,91.24143981933594,89.09545135498047,82.73451232910156,80.61017608642578,75.74298858642578,74.24958038330078,73.66138458251953,68.7677230834961,69.42621612548828,68.01470184326172,64.53681182861328,62.62587356567383,62.00806427001953,61.032779693603516,60.464866638183594,57.982757568359375,54.20331954956055,56.79788589477539,52.92447280883789
0,-35,-95,11,34,105.22357177734375,101.96568298339844,105.9056167602539,106.3672866821289,102.9611587524414,103.57605743408203,105.32331085205078,102.39140319824219,104.04806518554688,106.04244232177734,107.00466918945312,107.20541381835938,109.41663360595703,107.51744079589844,108.46658325195312,109.7861557006836,107.91200256347656,109.73149108886719,106.97663116455078,110.72488403320312,109.41663360595703,109.44404602050781,109.11003875732422,111.78997802734375,112.00892639160156,109.41663360595703,107.2800064086914,110.16351318359375,106.73799896240234,105.99056243896484,100.22474670410156,99.63935089111328,95.35198211669922,91.92388153076172,87.57283020019531,84.01190185546875,81.3019027709961,78.31346893310547,76.41989135742188,74.24284362792969,70.34912872314453,69.2603759765625,70.11418914794922,65.27633666992188,63.071388244628906,59.03388977050781,61.0,59.00847244262695,58.07753372192383,58.30952072143555,54.451812744140625,52.17279052734375
0,-35,-95,11,34,102.45974731445312,103.78824615478516,101.23734283447266,107.93516540527344,104.54663848876953,108.07867431640625,103.81714630126953,103.12128448486328,105.0047607421875,103.74005889892578,106.32027435302734,105.77334594726562,109.1421127319336,109.3846435546875,109.8954086303711,106.96260833740234,113.78048706054688,105.26158142089844,112.17842864990234,109.88175201416016,107.48953247070312,111.1980209350586,106.09900665283203,111.80339813232422,114.14026641845703,111.98660278320312,113.50770568847656,107.00466918945312,109.4805908203125,101.2422866821289,102.78618621826172,99.6242904663086,96.79875946044922,90.82400512695312,88.76936340332031,82.63776397705078,81.54139709472656,78.54934692382812,75.7693862915039,72.61542510986328,69.7782211303711,70.7742919921875,66.30987548828125,66.30987548828125,63.071388244628906,60.8276252746582,60.373836517333984,60.539241790771484,58.30952072143555,56.30275344848633,55.803226470947266,53.15073013305664
0,-35,-95,10,38,106.38138580322266,104.93807983398438,107.20074462890625,106.9205322265625,104.56098937988281,105.38026428222656,103.57605743408203,104.3455810546875,106.8877944946289,107.20074462890625,110.35397338867188,109.20164489746094,110.16351318359375,110.36756896972656,110.44002532958984,113.60017395019531,112.27198791503906,107.85638427734375,111.42710876464844,111.3283462524414,114.84336853027344,114.17967987060547,107.51744079589844,113.54734802246094,113.21660614013672,111.3193588256836,111.12605285644531,110.11357879638672,109.1421127319336,105.99056243896484,101.78899383544922,101.60708618164062,98.85848236083984,93.05912017822266,89.67720031738281,86.5794448852539,82.60750579833984,77.5241928100586,77.23341369628906,76.41989135742188,71.34423828125,71.25306701660156,68.35934448242188,68.18357849121094,66.18912506103516,59.03388977050781,64.03124237060547,63.0,58.07753372192383,56.22277069091797,56.32051086425781,53.93514633178711
0,-35,-95,10,37,99.4786376953125,100.7223892211914,98.79270935058594,102.08329772949219,101.54801940917969,100.40418243408203,102.07839965820312,99.86490631103516,100.80178833007812,102.00489807128906,104.63746643066406,103.71113586425781,104.9952392578125,107.81465911865234,104.23531341552734,106.8316421508789,106.10372161865234,107.62899017333984,107.48953247070312,106.8316421508789,105.64563751220703,110.39022064208984,104.06248474121094,110.3177261352539,108.30050659179688,107.51744079589844,110.63453674316406,103.71113586425781,102.61579132080078,101.40019989013672,99.4032211303711,97.34988403320312,94.03190612792969,89.35882568359375,86.8216552734375,83.21658325195312,79.92496490478516,76.32168579101562,74.94664764404297,72.20111083984375,67.60177612304688,68.26419067382812,64.49806213378906,62.64982223510742,58.13776779174805,59.93329620361328,58.694122314453125,59.09314727783203,55.36244201660156,55.02726745605469,52.201534271240234,52.17279052734375
0,-35,-95,11,33,98.49365234375,102.64988708496094,98.2903823852539,104.66136169433594,100.41912078857422,102.53292083740234,101.17806243896484,100.4987564086914,100.6578369140625,99.35794067382812,102.72779846191406,103.71113586425781,103.85566711425781,103.4069595336914,105.26158142089844,102.80078125,105.43718719482422,102.41581726074219,107.41508483886719,105.60302734375,104.8093490600586,105.43718719482422,100.42410278320312,106.8316421508789,107.80074310302734,107.44766235351562,106.52699279785156,103.4794692993164,105.55093383789062,97.0,96.87621307373047,96.2081069946289,91.28527069091797,89.27485656738281,84.38601684570312,78.10249328613281,79.64923095703125,75.43209075927734,74.81310272216797,74.02702331542969,66.21932983398438,69.81404113769531,63.60031509399414,64.40496826171875,63.0079345703125,57.14017868041992,57.45433044433594,58.30952072143555,55.4707145690918,56.36488342285156,52.92447280883789,52.49761962890625
0,-34,-95,10,37,94.9210205078125,94.3716049194336,96.31718444824219,95.56673431396484,93.39164733886719,95.34149169921875,95.7078857421875,95.18928527832031,96.02603912353516,96.02603912353516,97.01546478271484,100.31948852539062,99.32270812988281,99.18164825439453,100.31948852539062,100.07997131347656,102.01960754394531,100.07997131347656,101.0197982788086,99.00505065917969,101.04454803466797,100.0,100.0199966430664,102.00489807128906,103.01941680908203,102.07839965820312,104.12012481689453,101.31633758544922,100.24469757080078,95.42536163330078,91.78779602050781,90.93404388427734,87.4757080078125,84.5280990600586,82.37718200683594,79.42921447753906,75.50496673583984,70.61161041259766,69.85699462890625,68.44705963134766,63.348243713378906,64.13267517089844,62.36986541748047,61.61168670654297,57.48912811279297,56.04462432861328,56.75385284423828,54.4058837890625,55.154327392578125,53.712196350097656,48.754486083984375,50.6063232421875
0,-35,-95,11,33,100.9752426147461,101.27191162109375,99.40824890136719,102.59142303466797,101.40019989013672,101.49384307861328,102.31324768066406,100.60317993164062,101.2422866821289,100.07997131347656,105.0,102.04410552978516,104.07689666748047,103.12128448486328,104.04325866699219,105.1712875366211,105.3043212890625,103.0436782836914,106.30146026611328,106.04244232177734,105.0047607421875,106.11785888671875,104.04325866699219,110.54862976074219,109.1650161743164,108.11567687988281,108.0,103.0436782836914,103.0436782836914,101.12368774414062,98.24967956542969,95.52486419677734,91.54779815673828,87.29833984375,84.01190185546875,82.03657531738281,81.04936981201172,75.80237579345703,74.96665954589844,69.05070495605469,66.91038513183594,66.0984115600586,66.4906005859375,63.348243713378906,62.817195892333984,59.90826416015625,58.24087905883789,57.87054443359375,58.52349853515625,57.584720611572266,50.990196228027344,53.712196350097656
0,-35,-95,11,34,102.48902130126953,103.17460632324219,102.59142303466797,106.38138580322266,99.50376892089844,104.8093490600586,101.83319854736328,102.59142303466797,100.80674743652344,101.63660430908203,104.56098937988281,105.26158142089844,106.73799896240234,105.6503677368164,107.56393432617188,104.9952392578125,107.20541381835938,104.04325866699219,109.20164489746094,108.50345611572266,107.51744079589844,107.56393432617188,103.4069595336914,108.07867431640625,107.91200256347656,110.67971801757812,109.11003875732422,105.36128234863281,107.56393432617188,100.96038818359375,97.26766967773438,96.31718444824219,93.74433135986328,91.59148406982422,87.132080078125,82.37718200683594,82.20097351074219,75.80237579345703,75.13321685791016,75.13321685791016,68.73136138916016,70.40596771240234,66.2872543334961,64.62971496582031,62.64982223510742,59.21148681640625,59.304298400878906,57.21887969970703,57.03507614135742,55.0,55.009090423583984,52.46903991699219
0,-35,-95,11,34,98.47842407226562,101.78899383544922,103.6001968383789,106.8316421508789,101.40019989013672,102.00489807128906,104.01922607421875,100.89598846435547,103.07764434814453,104.35037231445312,104.23531341552734,104.13932800292969,104.7377700805664,107.48953247070312,107.48953247070312,108.90362548828125,106.8316421508789,106.79419708251953,106.96260833740234,108.30050659179688,107.48953247070312,108.30050659179688,108.18965148925781,109.7861557006836,111.7586669921875,109.60382843017578,109.62207794189453,106.10372161865234,106.10372161865234,102.72779846191406,98.85848236083984,98.08159637451172,97.80081939697266,91.60785675048828,89.62700653076172,85.21150207519531,79.88116455078125,77.38862609863281,74.06078338623047,71.84706115722656,69.89277648925781,67.95587158203125,67.11929321289062,66.0378646850586,61.587337493896484,61.91122817993164,59.9416389465332,59.9416389465332,58.694122314453125,57.775428771972656,53.75872039794922,54.81787872314453
0,-34,-95,11,34,102.39628601074219,103.46497344970703,105.11898040771484,103.73042297363281,106.25440979003906,102.90287017822266,101.83319854736328,102.2007827758789,104.48445129394531,104.48445129394531,107.29864501953125,104.89041900634766,107.56393432617188,108.30050659179688,104.06248474121094,107.48953247070312,108.2081298828125,108.2450942993164,108.90362548828125,108.90362548828125,107.48953247070312,109.62207794189453,108.18965148925781,111.73181915283203,109.60382843017578,109.62207794189453,109.71326446533203,107.71257781982422,103.4794692993164,102.94173431396484,101.04454803466797,97.80081939697266,96.02082824707031,89.05054473876953,87.66413116455078,84.05950164794922,82.09750366210938,77.38862609863281,75.7165756225586,73.7834701538086,69.3397445678711,67.11929321289062,69.3397445678711,65.0,64.0078125,60.41522979736328,61.717098236083984,61.269893646240234,56.080299377441406,58.52349853515625,51.865211486816406,54.81787872314453
0,-34,-95,11,34,104.20172882080078,101.98039245605469,104.27847290039062,102.88343048095703,105.7024154663086,103.87010955810547,102.31813049316406,103.81714630126953,103.81714630126953,102.45974731445312,108.78418731689453,107.20541381835938,107.56393432617188,106.32027435302734,107.85638427734375,109.20164489746094,107.44766235351562,106.32027435302734,109.20164489746094,110.16351318359375,108.24047088623047,110.16351318359375,107.00466918945312,113.50770568847656,109.76793670654297,110.86027526855469,109.73149108886719,106.97663116455078,105.68821716308594,104.92378234863281,98.48857879638672,97.98979187011719,96.60745239257812,91.24143981933594,90.3548583984375,86.76981353759766,81.4923324584961,76.66159057617188,75.29276275634766,75.29276275634766,72.20111083984375,68.09552001953125,68.79679870605469,64.637451171875,64.637451171875,59.07622146606445,61.032779693603516,58.600341796875,58.051700592041016,58.13776779174805,55.17245864868164,52.49761962890625
0,-35,-95,10,37,101.95096588134766,103.24727630615234,101.0197982788086,102.69371795654297,104.92378234863281,100.31948852539062,102.45974731445312,101.07917785644531,105.55093383789062,103.76897430419922,105.11898040771484,105.81587982177734,106.0660171508789,105.67875671386719,105.67875671386719,107.37783813476562,105.68348693847656,106.0,106.50821685791016,108.75660705566406,109.60382843017578,110.13627624511719,106.0,113.71894836425781,111.22050476074219,109.93180084228516,111.01801300048828,107.78218841552734,105.99056243896484,104.21611785888672,99.4032211303711,98.61541748046875,94.33981323242188,90.2496566772461,87.92041778564453,87.31552124023438,81.3449478149414,77.16217041015625,73.38937377929688,74.0,69.92138671875,68.62215423583984,68.680419921875,65.96968841552734,61.84658432006836,58.694122314453125,61.392181396484375,60.01666259765625,60.530982971191406,58.4208869934082,57.07889175415039,52.0
0,-35,-95,10,37,98.1121826171875,99.4786376953125,99.12618255615234,100.70252990722656,98.27003479003906,98.79270935058594,100.12492370605469,100.68763732910156,97.08243560791016,99.02020263671875,100.0,102.303466796875,103.5857162475586,101.41498565673828,103.07764434814453,104.23531341552734,102.72779846191406,100.2646484375,103.3247299194336,106.15083312988281,101.98039245605469,104.80458068847656,101.31633758544922,106.79419708251953,108.37435150146484,105.64563751220703,105.75916290283203,102.80078125,102.61579132080078,97.20082092285156,94.57801055908203,93.49331665039062,90.55384826660156,87.98295593261719,84.2199478149414,78.892333984375,78.03204345703125,75.29276275634766,68.96376037597656,70.71067810058594,65.29930877685547,65.29930877685547,65.29930877685547,62.17716598510742,59.93329620361328,59.09314727783203,57.27128601074219,55.71355438232422,55.36244201660156,55.02726745605469,53.600372314453125,50.0099983215332
0,-35,-95,11,34,99.90495300292969,99.08582305908203,100.40916442871094,97.59098052978516,104.65180206298828,98.31072998046875,100.6578369140625,98.49365234375,101.41498565673828,101.67103576660156,101.53324890136719,101.82828521728516,104.8093490600586,103.85566711425781,99.6242904663086,106.01886749267578,103.73042297363281,104.62313079833984,104.00961303710938,106.25440979003906,103.73042297363281,106.25440979003906,104.62313079833984,106.7801513671875,108.22661590576172,107.41508483886719,106.40018463134766,106.66770935058594,101.67103576660156,100.89598846435547,94.17536926269531,94.17536926269531,94.76286315917969,89.09545135498047,88.39117431640625,81.32035064697266,76.38062286376953,75.74298858642578,72.86288452148438,69.35416412353516,67.26811981201172,65.0691909790039,67.35725402832031,60.4400520324707,60.20797348022461,56.7274169921875,57.00876998901367,58.00862121582031,56.30275344848633,56.4358024597168,53.23532485961914,52.92447280883789
0,-35,-95,11,33,97.45255279541016,97.45255279541016,101.0197982788086,100.0,99.4032211303711,97.41663360595703,100.40418243408203,98.73702239990234,97.41663360595703,102.39628601074219,102.62553405761719,101.71037292480469,102.956298828125,103.353759765625,102.88343048095703,106.45186614990234,101.07917785644531,104.65180206298828,103.36827087402344,105.19029998779297,103.7545166015625,103.87010955810547,102.85912322998047,106.45186614990234,103.31021118164062,107.33126068115234,106.00471496582031,105.19029998779297,99.76472473144531,100.34440612792969,95.18928527832031,94.57801055908203,91.80958557128906,87.92041778564453,84.62860107421875,82.00609588623047,79.02531433105469,73.87828063964844,71.21797180175781,70.60453033447266,67.42403411865234,64.03124237060547,64.03124237060547,61.22091293334961,60.605281829833984,57.48912811279297,57.48912811279297,55.90169906616211,57.28001403808594,56.080299377441406,50.6063232421875,50.477718353271484
0,-35,-95,11,34,95.8018798828125,101.63660430908203,100.62306213378906,102.18121337890625,98.84330749511719,100.62306213378906,101.27191162109375,98.99494934082031,101.96568298339844,98.61541748046875,103.5857162475586,103.48429870605469,103.3924560546875,105.23307800292969,105.1712875366211,104.07689666748047,103.07764434814453,103.07764434814453,106.04244232177734,105.0428466796875,103.0436782836914,106.07544708251953,104.17293548583984,104.07689666748047,106.30146026611328,107.1680908203125,106.47064971923828,105.9292221069336,101.49384307861328,99.29753112792969,94.72592163085938,95.7078857421875,92.96235656738281,87.32124328613281,85.16454315185547,83.6779556274414,79.55501556396484,73.37574768066406,73.37574768066406,69.92138671875,69.92138671875,65.52098846435547,64.19501495361328,61.98386764526367,62.297672271728516,58.30952072143555,57.697486877441406,59.50630187988281,55.90169906616211,56.4358024597168,52.15361785888672,52.201534271240234
0,-34,-95,10,37,100.28459167480469,103.16007232666016,99.29753112792969,105.3043212890625,102.45974731445312,102.45974731445312,99.6242904663086,101.0197982788086,102.31813049316406,102.04410552978516,104.78549194335938,103.7545166015625,105.99056243896484,105.0951919555664,106.45186614990234,106.00471496582031,109.12836456298828,101.96568298339844,108.70602416992188,106.47064971923828,106.43777465820312,106.47064971923828,104.23531341552734,107.42439270019531,108.67382049560547,109.12836456298828,110.49434661865234,104.3886947631836,105.30906677246094,101.39033508300781,99.6242904663086,93.6375961303711,92.34716796875,88.8875732421875,86.12781524658203,83.24061584472656,80.08120727539062,76.65507507324219,72.53275299072266,72.80110168457031,66.70832061767578,67.26811981201172,65.51335906982422,64.76110076904297,61.188232421875,58.051700592041016,59.6824951171875,59.41380310058594,56.22277069091797,54.08327102661133,56.0,51.15662384033203
0,-35,-95,10,37,99.92497253417969,99.45853424072266,101.53324890136719,100.96038818359375,102.48902130126953,99.92997741699219,99.6242904663086,99.72462463378906,101.0197982788086,101.76934814453125,105.30906677246094,103.46980285644531,103.36827087402344,105.11898040771484,103.31505584716797,105.58882141113281,105.19029998779297,103.76897430419922,102.956298828125,107.42439270019531,105.58882141113281,105.58882141113281,103.76897430419922,109.2748794555664,109.59014892578125,106.89247131347656,105.99056243896484,105.19029998779297,104.78549194335938,99.92497253417969,97.30878448486328,93.40770721435547,91.4166259765625,87.92041778564453,84.77027893066406,84.11896514892578,80.65357971191406,76.24303436279297,73.08214569091797,70.88018035888672,66.7607650756836,66.0984115600586,67.72000885009766,64.03124237060547,61.84658432006836,59.43904495239258,58.051700592041016,61.0,57.42821502685547,56.4358024597168,51.03919982910156,50.0
0,-35,-95,11,34,104.62313079833984,103.94229125976562,107.91200256347656,107.04204559326172,105.11898040771484,106.0660171508789,105.11898040771484,104.27847290039062,104.27847290039062,105.30906677246094,110.30865478515625,110.49434661865234,109.20164489746094,108.84851837158203,108.50345611572266,111.62885284423828,110.0636215209961,108.46658325195312,109.76793670654297,113.60017395019531,109.41663360595703,110.44002532958984,111.01801300048828,114.56002807617188,111.3193588256836,111.01801300048828,113.54734802246094,112.72089385986328,108.63240814208984,106.4048843383789,101.13357543945312,102.04410552978516,97.50897216796875,92.57429504394531,90.82400512695312,85.42247772216797,84.59905242919922,81.12335968017578,78.77182006835938,74.70609283447266,72.94518280029297,69.83551788330078,70.71067810058594,64.49806213378906,66.24198150634766,62.12889862060547,61.587337493896484,59.90826416015625,58.600341796875,57.384666442871094,57.28001403808594,55.17245864868164
0,-35,-95,10,37,100.00499725341797,101.0,104.12012481689453,101.04454803466797,100.07997131347656,101.07917785644531,99.18164825439453,101.31633758544922,101.40019989013672,102.8250961303711,103.81714630126953,106.7052001953125,104.7377700805664,105.11898040771484,105.9056167602539,105.32331085205078,104.56098937988281,102.9611587524414,106.48004150390625,107.48953247070312,105.11898040771484,106.51290893554688,104.78549194335938,108.24047088623047,108.41586303710938,106.73331451416016,108.46658325195312,104.56098937988281,106.21205139160156,99.84988403320312,98.50888061523438,97.41663360595703,95.18928527832031,86.28441619873047,85.0058822631836,84.05355072021484,79.10120391845703,76.02631378173828,73.06161499023438,72.06246948242188,67.00746154785156,67.0,65.0076904296875,64.0078125,62.00806427001953,60.13318634033203,59.13543701171875,60.29925537109375,57.42821502685547,55.44366455078125,55.31726837158203,53.851646423339844
0,-35,-95,10,37,93.74433135986328,96.02603912353516,97.51409912109375,100.84146118164062,96.7470932006836,97.62171936035156,97.32933807373047,96.25486755371094,96.18731689453125,97.04637908935547,100.07997131347656,100.0,100.0,101.04454803466797,101.04454803466797,99.18164825439453,101.12368774414062,100.04499053955078,103.23758697509766,104.30723571777344,99.12618255615234,101.49384307861328,100.17984008789062,104.47966003417969,106.07544708251953,103.12128448486328,102.01960754394531,99.02020263671875,101.00495147705078,95.00526428222656,95.08417510986328,93.02149963378906,90.3548583984375,83.38465118408203,81.39410400390625,80.39900207519531,77.5241928100586,73.43704986572266,72.44308471679688,67.26811981201172,66.37017059326172,64.28063201904297,61.66035842895508,61.66035842895508,58.694122314453125,56.88584899902344,59.03388977050781,57.27128601074219,57.00876998901367,53.851646423339844,52.0,50.537113189697266
0,-35,-95,11,33,96.04165649414062,97.09788513183594,96.83490753173828,98.18350219726562,96.26006317138672,92.35800170898438,95.0,94.81033325195312,98.23441314697266,97.6166000366211,97.30878448486328,98.41239929199219,99.15644073486328,100.4987564086914,99.76472473144531,104.66136169433594,98.99494934082031,100.41912078857422,100.44898986816406,99.82484436035156,99.72462463378906,104.69001770019531,101.82337951660156,104.06248474121094,101.17806243896484,103.94710540771484,101.13851928710938,101.23734283447266,97.0,98.59513092041016,94.4933853149414,89.64373779296875,88.72992706298828,85.6037368774414,81.02468872070312,79.6303939819336,75.21302795410156,72.67048645019531,69.63475799560547,67.67569732666016,63.82006072998047,63.0079345703125,63.0079345703125,59.07622146606445,56.603885650634766,54.918121337890625,55.94640350341797,55.07267761230469,55.009090423583984,53.22593307495117,51.26402282714844,48.383880615234375
0,-35,-95,10,37,96.54014587402344,97.08243560791016,97.59098052978516,99.82484436035156,97.67292022705078,98.35140991210938,94.79451751708984,96.87621307373047,98.2903823852539,95.67131042480469,99.2471694946289,100.42410278320312,102.17631530761719,99.80982208251953,102.94173431396484,100.60317993164062,101.40019989013672,101.04454803466797,102.00489807128906,101.82828521728516,101.53324890136719,104.20172882080078,99.63935089111328,104.40306854248047,104.01922607421875,104.01922607421875,102.8250961303711,101.23734283447266,99.82484436035156,96.8968505859375,94.04785919189453,92.69843292236328,90.60904693603516,85.04116821289062,82.46211242675781,80.15609741210938,77.23341369628906,72.4706802368164,72.4706802368164,70.60453033447266,64.66065216064453,65.4369888305664,64.66065216064453,60.0,57.688819885253906,56.30275344848633,54.37830352783203,57.80138397216797,54.708316802978516,53.66563034057617,49.648765563964844,49.39635467529297
0,-35,-95,10,37,93.6375961303711,95.5196304321289,97.1236343383789,98.68130493164062,97.40636444091797,94.5568618774414,98.23441314697266,95.60334777832031,96.3016128540039,98.48857879638672,96.7729263305664,98.65596771240234,100.80674743652344,99.29753112792969,99.29753112792969,98.85848236083984,98.73196411132812,97.16481018066406,99.50376892089844,101.71037292480469,98.99494934082031,101.11874389648438,99.98500061035156,101.59724426269531,104.08650207519531,103.24727630615234,101.60708618164062,99.82484436035156,97.86214447021484,94.3663101196289,93.40770721435547,89.9888916015625,89.1852035522461,83.16850280761719,82.54090118408203,78.43468475341797,76.5506362915039,70.57620239257812,68.94925689697266,65.45991516113281,63.324562072753906,63.694583892822266,62.96824645996094,59.236812591552734,59.80802536010742,55.03635025024414,55.03635025024414,56.35601043701172,53.851646423339844,50.774009704589844,50.21951675415039,49.20365905761719
0,-35,-95,11,34,101.98039245605469,104.3455810546875,103.57605743408203,104.7377700805664,103.57605743408203,103.4069595336914,102.1077880859375,102.59142303466797,104.8093490600586,105.47511291503906,106.169677734375,107.07473754882812,105.0428466796875,106.04244232177734,105.07616424560547,110.01818084716797,107.0,105.0,105.0428466796875,107.00466918945312,106.01886749267578,110.01818084716797,107.0,109.07337188720703,112.01785278320312,109.00458526611328,109.01834869384766,107.07473754882812,104.07689666748047,104.23531341552734,98.61541748046875,98.15293884277344,95.03683471679688,90.25519561767578,88.6453628540039,84.34452819824219,80.7527084350586,77.27871704101562,76.79192352294922,72.18032836914062,70.40596771240234,69.23149871826172,67.91170501708984,64.76110076904297,62.817195892333984,60.4400520324707,61.13100814819336,60.74536895751953,57.93962478637695,56.64803695678711,56.859474182128906,52.839378356933594
0,-35,-95,10,37,99.04544067382812,100.07997131347656,99.32270812988281,100.17984008789062,102.39628601074219,99.18164825439453,97.73944854736328,101.83319854736328,101.96568298339844,102.18121337890625,105.72132873535156,102.18121337890625,104.78549194335938,106.23088073730469,102.83968353271484,105.75916290283203,105.08092498779297,102.61579132080078,104.8093490600586,106.32027435302734,105.77334594726562,106.73799896240234,104.54663848876953,109.41663360595703,106.73799896240234,108.41586303710938,108.46658325195312,106.51290893554688,104.3455810546875,102.59142303466797,98.0051040649414,96.02603912353516,94.64142608642578,88.56636047363281,87.3670425415039,82.38932037353516,80.15609741210938,75.1664810180664,76.32168579101562,72.17340087890625,70.1783447265625,66.06814575195312,65.12296295166016,63.071388244628906,59.07622146606445,60.0,59.03388977050781,58.00862121582031,55.081756591796875,55.3263053894043,51.4781494140625,50.21951675415039
0,-35,-95,10,37,99.98500061035156,103.94229125976562,97.94386291503906,104.8093490600586,97.94386291503906,102.92716217041016,102.90287017822266,103.2279052734375,102.41581726074219,99.48869323730469,103.85566711425781,104.89041900634766,107.56393432617188,105.55093383789062,108.37435150146484,104.80458068847656,108.2081298828125,101.17806243896484,108.89444732666016,105.418212890625,106.79419708251953,108.90362548828125,101.86265563964844,110.34491729736328,108.89444732666016,108.89444732666016,109.71326446533203,104.9952392578125,104.23531341552734,99.48869323730469,101.82828521728516,96.60745239257812,93.23089599609375,90.13877868652344,88.20430755615234,82.6619644165039,81.27114868164062,76.5506362915039,75.7165756225586,72.67048645019531,68.79679870605469,70.72481536865234,64.8999252319336,63.28506851196289,62.265560150146484,57.80138397216797,59.53990173339844,58.13776779174805,55.03635025024414,55.03635025024414,54.424259185791016,56.04462432861328
0,-35,-95,11,33,100.0,100.68763732910156,102.78618621826172,103.09219360351562,102.14205932617188,98.97979736328125,99.6242904663086,101.0197982788086,102.15674591064453,99.92497253417969,104.3886947631836,102.88343048095703,105.11898040771484,105.0951919555664,104.20172882080078,104.65657806396484,104.23531341552734,105.0951919555664,106.67708587646484,107.42439270019531,105.54619598388672,107.42439270019531,105.11898040771484,110.63905334472656,108.30050659179688,107.78218841552734,108.25894927978516,104.27847290039062,104.3886947631836,101.23734283447266,96.2081069946289,98.68130493164062,95.50916290283203,90.8019790649414,86.02325439453125,84.11896514892578,79.4040298461914,75.96051788330078,74.46475982666016,71.56814575195312,66.4906005859375,67.91170501708984,65.0,64.53681182861328,58.694122314453125,59.228370666503906,58.694122314453125,58.54912567138672,56.22277069091797,54.230987548828125,56.00892639160156,50.08992004394531
0,-35,-95,10,37,95.35198211669922,98.48857879638672,100.43903350830078,99.2471694946289,97.51409912109375,97.26766967773438,98.76234436035156,99.04039764404297,99.04039764404297,97.41663360595703,102.14205932617188,102.52804565429688,103.81714630126953,104.177734375,101.95096588134766,104.92378234863281,102.956298828125,102.55242919921875,103.36827087402344,105.7024154663086,104.3886947631836,105.7024154663086,101.23734283447266,105.60302734375,106.23088073730469,104.54663848876953,105.34230041503906,102.45974731445312,101.19288635253906,96.76776123046875,95.33625030517578,94.11163330078125,92.6498794555664,86.58522033691406,83.9523696899414,81.21575927734375,78.44743347167969,76.11833190917969,73.34848022460938,69.42621612548828,65.76473236083984,64.13267517089844,62.96824645996094,61.400325775146484,57.706153869628906,59.304298400878906,57.21887969970703,58.07753372192383,56.00892639160156,51.009803771972656,50.0099983215332,51.62363815307617
0,-35,-95,10,37,96.42095184326172,96.7470932006836,95.88534545898438,99.60923767089844,95.03683471679688,95.18928527832031,97.08243560791016,94.3663101196289,97.98469543457031,99.20181274414062,100.43903350830078,102.35721588134766,101.6513671875,101.92153930664062,101.6513671875,101.51354217529297,101.843017578125,99.6242904663086,101.51354217529297,101.0197982788086,101.51354217529297,104.40306854248047,100.24469757080078,102.45974731445312,102.78618621826172,102.78618621826172,104.69479370117188,100.42410278320312,100.89598846435547,96.31718444824219,95.90099334716797,93.62158203125,89.26925659179688,85.5102310180664,84.01190185546875,78.26238250732422,78.4091796875,72.56031799316406,72.44308471679688,68.4689712524414,63.19810104370117,65.4904556274414,63.3876953125,58.215118408203125,60.29925537109375,57.21887969970703,57.14017868041992,54.00925827026367,54.0,54.037025451660156,52.345008850097656,51.195701599121094
0,-35,-95,11,33,96.7729263305664,97.26766967773438,98.08159637451172,97.80081939697266,99.32774353027344,98.97979736328125,98.35140991210938,97.14422607421875,100.46392059326172,102.15674591064453,103.46980285644531,101.63660430908203,103.87010955810547,102.41581726074219,102.04410552978516,103.76897430419922,102.956298828125,102.85912322998047,102.956298828125,103.83159637451172,103.76897430419922,106.0660171508789,104.65657806396484,105.81587982177734,106.89247131347656,105.11898040771484,104.65180206298828,102.45974731445312,99.80982208251953,100.7223892211914,94.33981323242188,92.69843292236328,88.54377746582031,86.64871978759766,83.52245330810547,81.59656524658203,77.49193572998047,76.92203521728516,71.16881561279297,66.7607650756836,66.40782928466797,65.14598846435547,64.56005096435547,61.13100814819336,59.77457809448242,58.694122314453125,58.24946212768555,56.29387283325195,54.33230972290039,54.451812744140625,50.15974426269531,49.0
0,-35,-95,11,33,95.2680435180664,94.81033325195312,99.4032211303711,94.81033325195312,96.60745239257812,94.62557983398438,97.34988403320312,97.34988403320312,97.34988403320312,99.64437103271484,99.64437103271484,100.7223892211914,101.53324890136719,97.06183624267578,97.06183624267578,104.65180206298828,102.15674591064453,101.98039245605469,98.48857879638672,102.04410552978516,102.45974731445312,105.19029998779297,103.78824615478516,104.3886947631836,103.36827087402344,100.62306213378906,103.31021118164062,104.65657806396484,95.77056121826172,98.48857879638672,92.28217315673828,92.11405944824219,89.8888168334961,86.53323364257812,80.70935821533203,80.70935821533203,76.27581787109375,71.02816009521484,68.00735473632812,66.0302963256836,65.45991516113281,63.0079345703125,63.411354064941406,58.00862121582031,60.0,57.48912811279297,56.85068130493164,56.7274169921875,58.0,54.451812744140625,51.088157653808594,48.60041046142578
0,-35,-95,10,37,101.53324890136719,102.2007827758789,100.16985321044922,102.88343048095703,100.0,99.68952178955078,100.89598846435547,101.63660430908203,101.98039245605469,101.11874389648438,104.08650207519531,102.70345306396484,105.57461547851562,106.30146026611328,106.56922912597656,108.11567687988281,104.17293548583984,105.3043212890625,108.11567687988281,105.11898040771484,106.30146026611328,105.1712875366211,104.12012481689453,110.01818084716797,111.07205200195312,110.16351318359375,108.29589080810547,104.3886947631836,105.57461547851562,102.8250961303711,97.86725616455078,97.32420349121094,93.17188262939453,86.58522033691406,86.88497924804688,84.92938232421875,79.62411499023438,74.52516174316406,70.8307876586914,70.40596771240234,68.44705963134766,67.91170501708984,63.56099319458008,63.56099319458008,62.09669876098633,60.083274841308594,59.77457809448242,57.87054443359375,52.0,53.851646423339844,54.5618896484375,51.88448715209961
0,-35,-95,11,33,97.94896697998047,102.85912322998047,99.80982208251953,102.956298828125,99.31767272949219,103.87010955810547,99.4032211303711,99.72462463378906,102.31813049316406,99.92997741699219,104.9952392578125,103.16007232666016,103.84603881835938,104.8093490600586,106.32027435302734,104.12012481689453,105.99056243896484,100.68763732910156,106.48004150390625,105.01904296875,105.77334594726562,107.00466918945312,102.35721588134766,106.73331451416016,105.51303100585938,107.00466918945312,108.24047088623047,103.73042297363281,102.45974731445312,99.02020263671875,99.92497253417969,98.0866928100586,92.61209106445312,88.10221099853516,87.23531341552734,80.52949523925781,79.62411499023438,75.58438873291016,73.79024505615234,71.11962127685547,67.5351791381836,68.87670135498047,66.64833068847656,65.3681869506836,60.0333251953125,58.30952072143555,59.90826416015625,58.00862121582031,56.859474182128906,53.600372314453125,53.26349639892578,53.075416564941406
0,-35,-95,10,36,95.07891082763672,97.98469543457031,97.86214447021484,98.48857879638672,96.31718444824219,97.08243560791016,98.06120300292969,96.17691802978516,98.99494934082031,95.75489807128906,102.25947570800781,101.59724426269531,102.48902130126953,102.48902130126953,103.3924560546875,101.12368774414062,103.0436782836914,100.07997131347656,106.0,106.01886749267578,101.04454803466797,103.01941680908203,101.12368774414062,106.00471496582031,106.23088073730469,103.31021118164062,102.31324768066406,102.59142303466797,102.70345306396484,96.87621307373047,94.3663101196289,93.21480560302734,89.44271850585938,85.90692901611328,84.72307586669922,77.87811279296875,78.33900451660156,71.30918884277344,70.0927963256836,69.63475799560547,65.73431396484375,65.0,63.324562072753906,62.09669876098633,59.203041076660156,59.13543701171875,56.920997619628906,57.245086669921875,54.12947463989258,53.66563034057617,52.47856521606445,50.2493782043457
0,-35,-95,10,38,102.956298828125,102.88343048095703,106.00471496582031,103.83159637451172,105.58882141113281,104.70912170410156,104.31682586669922,104.10091400146484,106.0,104.56098937988281,106.7801513671875,109.62207794189453,110.20889282226562,111.21150970458984,109.40292358398438,111.82575988769531,110.2587890625,108.4066390991211,108.57716369628906,108.23123168945312,110.8873291015625,111.6646728515625,109.20164489746094,113.35784149169922,113.85077667236328,110.2587890625,110.80162811279297,110.43550109863281,107.41508483886719,107.07473754882812,102.39628601074219,101.87246704101562,94.8946762084961,92.28217315673828,91.7060546875,87.23531341552734,83.6480712890625,76.48529052734375,74.24958038330078,72.89718627929688,72.00694274902344,69.77105712890625,68.88395690917969,67.11929321289062,63.158531188964844,59.236812591552734,59.236812591552734,59.46427536010742,57.87054443359375,59.4810905456543,54.12947463989258,54.58937454223633
0,-35,-95,10,37,101.07917785644531,99.76472473144531,98.1121826171875,102.4743881225586,100.7223892211914,103.44564056396484,101.71037292480469,100.70252990722656,102.62553405761719,100.95543670654297,104.86181640625,105.43718719482422,105.60302734375,105.0,103.07764434814453,104.48445129394531,107.1680908203125,103.07764434814453,109.123779296875,106.4048843383789,104.9952392578125,107.05606079101562,103.07764434814453,109.71326446533203,107.29864501953125,107.29864501953125,106.04244232177734,105.42295837402344,103.6001968383789,100.43903350830078,100.12492370605469,96.51942443847656,93.49331665039062,87.8179931640625,86.60831451416016,79.92496490478516,80.62257385253906,74.30342864990234,73.57308959960938,72.56031799316406,69.83551788330078,66.64833068847656,66.24198150634766,62.169124603271484,62.17716598510742,58.13776779174805,60.835845947265625,59.50630187988281,55.54277801513672,54.424259185791016,52.49761962890625,50.990196228027344
0,-35,-95,10,37,101.51354217529297,99.6242904663086,101.95096588134766,106.6255111694336,101.95096588134766,101.63660430908203,102.55242919921875,100.64790344238281,102.41581726074219,101.98039245605469,106.43777465820312,105.67875671386719,108.5587387084961,108.0462875366211,105.47511291503906,106.0,105.9480972290039,107.070068359375,108.16654205322266,110.11357879638672,107.070068359375,108.72441864013672,104.29285430908203,110.60289001464844,110.9414291381836,109.55364227294922,108.45275115966797,107.18675231933594,104.9571304321289,100.7223892211914,98.41239929199219,99.29753112792969,93.94147491455078,89.89994812011719,86.8158950805664,84.09518432617188,81.39410400390625,76.05918884277344,75.23961639404297,70.68238830566406,70.26378631591797,67.11929321289062,65.79513549804688,65.0,63.694583892822266,60.008331298828125,55.71355438232422,60.16643524169922,58.8217658996582,57.28001403808594,54.918121337890625,51.35172653198242
0,-35,-95,10,37,100.04499053955078,100.04499053955078,103.23758697509766,101.07917785644531,101.31633758544922,99.50376892089844,102.70345306396484,99.72462463378906,102.70345306396484,101.27191162109375,104.92378234863281,104.3455810546875,107.93516540527344,107.96759033203125,105.99056243896484,106.73799896240234,107.00466918945312,105.77334594726562,105.6503677368164,106.60675048828125,105.51303100585938,107.2800064086914,106.32027435302734,108.16654205322266,108.52188873291016,107.56393432617188,107.96759033203125,109.3846435546875,103.81233215332031,101.63660430908203,98.27003479003906,99.29753112792969,96.02603912353516,88.56636047363281,88.36288452148438,84.71717834472656,80.7527084350586,76.53103637695312,75.42546081542969,70.71067810058594,69.46221923828125,66.75328063964844,65.4904556274414,62.64982223510742,62.12889862060547,58.13776779174805,61.073726654052734,59.00847244262695,58.00862121582031,58.0,54.037025451660156,50.80354309082031
0,-35,-95,10,37,100.96038818359375,98.76234436035156,102.83968353271484,100.16985321044922,100.16985321044922,97.08243560791016,98.27003479003906,97.08243560791016,100.22474670410156,101.83319854736328,102.70345306396484,103.69667053222656,103.69667053222656,104.3886947631836,101.71037292480469,104.30723571777344,101.2422866821289,104.47966003417969,103.12128448486328,102.31324768066406,103.69667053222656,106.47064971923828,104.3886947631836,105.1712875366211,108.29589080810547,102.59142303466797,106.7052001953125,103.57605743408203,101.98039245605469,99.82484436035156,94.5938720703125,94.5938720703125,92.34716796875,88.8875732421875,85.09406280517578,83.48652648925781,79.12016296386719,73.68174743652344,71.16881561279297,68.94925689697266,69.28924560546875,64.62197875976562,67.41661834716797,62.032249450683594,60.16643524169922,59.09314727783203,57.27128601074219,57.706153869628906,54.120235443115234,54.20331954956055,52.15361785888672,50.6063232421875
0,-35,-95,11,34,101.6513671875,101.53324890136719,100.90093994140625,104.04325866699219,100.30453491210938,103.81714630126953,100.84642028808594,101.63660430908203,106.10372161865234,105.11898040771484,106.92988586425781,107.78682708740234,105.0951919555664,106.00471496582031,110.05907440185547,111.89280700683594,109.41663360595703,104.44615936279297,109.07795715332031,109.93180084228516,107.18675231933594,109.60382843017578,107.54068756103516,113.87712860107422,112.7696762084961,109.2748794555664,108.4066390991211,106.89247131347656,105.55093383789062,102.88343048095703,100.31948852539062,101.23734283447266,94.5409927368164,90.47651672363281,87.92041778564453,84.50444030761719,83.81526947021484,78.10890197753906,76.5375747680664,71.7844009399414,69.57010650634766,67.35725402832031,66.40782928466797,63.60031509399414,63.89052963256836,59.203041076660156,59.66573715209961,58.94064712524414,57.48912811279297,54.58937454223633,54.08327102661133,52.0
0,-35,-95,11,33,96.83490753173828,93.81364440917969,97.09788513183594,99.5690689086914,98.27003479003906,96.5660400390625,95.88013458251953,98.97979736328125,99.4786376953125,100.62306213378906,102.45974731445312,102.41581726074219,101.13357543945312,104.0,104.0,105.10946655273438,103.81714630126953,103.61949920654297,101.19288635253906,106.04244232177734,105.30906677246094,105.10946655273438,103.24727630615234,107.22406768798828,106.4048843383789,101.39033508300781,105.84894561767578,105.7024154663086,100.64790344238281,97.94386291503906,92.59049987792969,93.1504135131836,89.55445098876953,86.95401000976562,85.58621215820312,79.92496490478516,77.69813537597656,73.24616241455078,71.86793518066406,68.26419067382812,67.95587158203125,64.66065216064453,63.812225341796875,59.90826416015625,58.830265045166016,56.30275344848633,55.4707145690918,55.60575485229492,54.5618896484375,52.345008850097656,52.345008850097656,50.32891845703125
0,-35,-95,10,37,92.59049987792969,93.53608703613281,94.15412902832031,97.6166000366211,94.66783905029297,94.66783905029297,93.74433135986328,95.69221496582031,96.83490753173828,95.60334777832031,98.81295776367188,98.40731811523438,98.85848236083984,99.48869323730469,100.76705932617188,99.35794067382812,101.23734283447266,97.18538665771484,101.91172790527344,101.17806243896484,100.5683822631836,100.44898986816406,98.41239929199219,103.96633911132812,104.13932800292969,102.068603515625,101.53324890136719,99.63935089111328,98.40731811523438,94.20191192626953,94.86833190917969,89.30845642089844,87.3670425415039,83.21658325195312,81.3019027709961,76.00657653808594,75.80237579345703,71.34423828125,71.02112579345703,68.47627258300781,64.0078125,63.28506851196289,61.29437255859375,58.66856002807617,56.93856430053711,55.46169662475586,53.66563034057617,53.22593307495117,52.201534271240234,51.54609680175781,48.08325958251953,50.0099983215332
0,-35,-95,11,33,99.50376892089844,95.13148498535156,100.07997131347656,100.07997131347656,100.07997131347656,95.00526428222656,100.0,97.0,100.04499053955078,102.17631530761719,102.07839965820312,103.17460632324219,104.23531341552734,103.5857162475586,100.4987564086914,106.0660171508789,103.81714630126953,103.69667053222656,102.25947570800781,103.81714630126953,102.59142303466797,103.81714630126953,103.48429870605469,104.23531341552734,105.68348693847656,105.47511291503906,103.23758697509766,105.23307800292969,101.07917785644531,101.00495147705078,95.0,92.00543212890625,93.04837799072266,85.14693450927734,84.2911605834961,81.22191619873047,76.2364730834961,75.32595825195312,70.45565795898438,66.27216339111328,66.37017059326172,63.3876953125,63.28506851196289,61.400325775146484,59.41380310058594,58.85575485229492,57.070133209228516,56.51548385620117,56.51548385620117,54.08327102661133,53.851646423339844,49.24428939819336
0,-34,-95,10,37,99.4786376953125,100.34440612792969,100.95543670654297,104.8475112915039,101.78899383544922,101.78899383544922,103.2279052734375,101.40019989013672,103.00485229492188,101.67103576660156,104.63746643066406,104.13932800292969,106.30146026611328,104.89041900634766,106.4048843383789,107.56393432617188,106.8316421508789,104.80458068847656,110.34491729736328,106.8316421508789,106.8316421508789,110.34491729736328,107.48953247070312,108.90362548828125,108.2081298828125,109.71326446533203,106.4048843383789,104.48445129394531,105.26158142089844,102.00489807128906,98.81295776367188,99.6242904663086,93.49331665039062,89.8888168334961,86.60831451416016,81.3019027709961,81.3019027709961,75.80237579345703,72.20111083984375,70.8307876586914,67.5351791381836,68.47627258300781,66.73080444335938,64.88451385498047,63.06346130371094,59.93329620361328,58.13776779174805,56.859474182128906,55.154327392578125,54.7813835144043,54.08327102661133,51.195701599121094
0,-35,-95,11,34,102.62553405761719,102.62553405761719,103.77379608154297,104.10091400146484,102.21546173095703,101.87246704101562,104.31682586669922,102.4743881225586,104.70912170410156,104.69479370117188,104.21611785888672,103.87010955810547,107.54068756103516,107.70329284667969,108.07867431640625,106.97663116455078,107.91200256347656,105.9480972290039,110.38568878173828,108.50345611572266,109.00458526611328,109.20164489746094,107.33592224121094,110.38568878173828,110.13627624511719,109.93180084228516,109.93180084228516,107.01869201660156,105.11898040771484,101.55294036865234,101.59724426269531,97.94896697998047,93.05912017822266,91.4166259765625,87.132080078125,84.05950164794922,80.77747344970703,76.5506362915039,74.09453582763672,72.20111083984375,71.34423828125,68.79679870605469,67.95587158203125,63.812225341796875,61.85466766357422,57.20139694213867,59.64059066772461,59.03388977050781,55.44366455078125,55.90169906616211,55.90169906616211,53.413482666015625
0,-35,-95,10,38,97.29337310791016,101.78899383544922,103.7545166015625,103.7545166015625,101.27191162109375,101.96568298339844,104.47966003417969,101.2422866821289,101.17806243896484,104.12012481689453,104.17293548583984,105.0428466796875,106.00471496582031,106.00471496582031,107.00466918945312,106.04244232177734,107.04204559326172,104.01922607421875,105.07616424560547,109.11461639404297,105.0428466796875,106.169677734375,105.0428466796875,109.07337188720703,110.04090118408203,109.07337188720703,107.00466918945312,106.01886749267578,104.04325866699219,100.17984008789062,101.31633758544922,95.33625030517578,94.33981323242188,90.55384826660156,83.72574615478516,81.74349975585938,82.20097351074219,77.10382843017578,74.14849853515625,69.87130737304688,67.26811981201172,68.24954223632812,66.61080932617188,63.95310592651367,61.814239501953125,58.051700592041016,57.723480224609375,58.24087905883789,55.081756591796875,53.45091247558594,54.7813835144043,50.537113189697266
0,-35,-95,10,37,100.90093994140625,102.78618621826172,101.95096588134766,102.52804565429688,103.61949920654297,101.76934814453125,103.07764434814453,100.7223892211914,103.46980285644531,101.98039245605469,108.22661590576172,105.54619598388672,107.35455322265625,106.55046081542969,106.0660171508789,105.67875671386719,107.18675231933594,107.54068756103516,109.41663360595703,109.41663360595703,106.0660171508789,109.41663360595703,105.19029998779297,108.90821838378906,111.89280700683594,107.35455322265625,108.22661590576172,107.35455322265625,105.60302734375,101.63660430908203,97.86214447021484,97.14422607421875,92.69843292236328,89.53770446777344,86.64871978759766,82.861328125,81.60882568359375,76.40026092529297,75.96051788330078,72.12489318847656,67.91170501708984,66.48307800292969,66.0984115600586,63.78871536254883,61.61168670654297,59.43904495239258,59.6824951171875,58.54912567138672,57.314918518066406,56.14267349243164,55.081756591796875,49.01020431518555
0,-35,-95,11,33,98.61541748046875,97.69339752197266,99.74467468261719,96.60745239257812,99.74467468261719,96.15092468261719,97.6166000366211,97.75479888916016,99.4786376953125,99.02020263671875,100.70252990722656,100.95543670654297,101.78899383544922,103.00485229492188,104.20172882080078,104.8093490600586,100.60317993164062,103.00485229492188,102.303466796875,104.35037231445312,105.11898040771484,104.9952392578125,103.23274993896484,105.26158142089844,105.60302734375,104.01922607421875,102.44998931884766,106.01886749267578,100.43903350830078,99.04544067382812,92.96235656738281,94.03190612792969,91.92388153076172,86.09297180175781,84.2199478149414,81.12335968017578,76.32168579101562,75.1797866821289,70.66116333007812,68.47627258300781,68.47627258300781,64.41273498535156,64.8459701538086,59.53990173339844,59.05929183959961,55.46169662475586,55.4707145690918,55.90169906616211,54.424259185791016,52.49761962890625,52.88667297363281,49.030601501464844
0,-35,-95,11,33,98.83824920654297,101.96568298339844,100.7223892211914,100.22474670410156,98.48857879638672,98.48857879638672,101.39033508300781,99.16148376464844,101.59232330322266,100.90093994140625,102.14205932617188,103.09219360351562,105.6503677368164,104.54663848876953,103.44564056396484,104.8093490600586,105.5367202758789,103.58088684082031,104.78549194335938,105.01904296875,104.54663848876953,106.23088073730469,103.84603881835938,107.93516540527344,105.51303100585938,105.77334594726562,104.69479370117188,100.57833099365234,103.73042297363281,98.68130493164062,97.30878448486328,95.85405731201172,92.19544219970703,87.23531341552734,86.33075714111328,81.39410400390625,81.43709564208984,72.91776275634766,72.89718627929688,69.31810760498047,67.08203887939453,66.64083099365234,64.41273498535156,64.41273498535156,59.16925048828125,57.80138397216797,57.45433044433594,56.859474182128906,55.4707145690918,53.413482666015625,51.088157653808594,53.037723541259766
0,-35,-95,11,33,95.42536163330078,95.88534545898438,99.98500061035156,95.88534545898438,99.98500061035156,97.32420349121094,100.80674743652344,95.7078857421875,100.43903350830078,102.61091613769531,101.86756134033203,101.13851928710938,101.6513671875,103.58088684082031,101.6513671875,103.09219360351562,101.83319854736328,104.04325866699219,102.45974731445312,107.51744079589844,102.78618621826172,104.35516357421875,104.12012481689453,106.25440979003906,105.36128234863281,104.8093490600586,104.04806518554688,102.61091613769531,100.66280364990234,98.06120300292969,94.3663101196289,95.75489807128906,92.54188537597656,87.57283020019531,82.2982406616211,82.2982406616211,79.22752380371094,74.1687240600586,73.17103576660156,67.06713104248047,65.0691909790039,64.1248779296875,65.03076171875,61.032779693603516,58.00862121582031,58.03447341918945,55.009090423583984,55.03635025024414,56.22277069091797,55.44366455078125,49.497474670410156,49.47726821899414
0,-35,-95,11,34,103.01941680908203,103.0,106.169677734375,106.01886749267578,104.07689666748047,103.12128448486328,106.23088073730469,104.58011627197266,105.47511291503906,106.21205139160156,108.0462875366211,106.7052001953125,107.87029266357422,108.85311126708984,111.46299743652344,108.25894927978516,111.98660278320312,106.8877944946289,107.20074462890625,109.44404602050781,109.23827362060547,115.31695556640625,108.06016540527344,112.05802154541016,113.1591796875,111.00450134277344,112.14722442626953,109.55364227294922,107.56393432617188,103.48429870605469,101.12368774414062,101.07917785644531,97.00515747070312,92.00543212890625,89.05054473876953,85.02352905273438,82.02438354492188,79.00633239746094,77.05841827392578,73.10950469970703,70.1783447265625,69.065185546875,66.12110137939453,64.1248779296875,64.19501495361328,62.513999938964844,61.400325775146484,59.84145736694336,59.66573715209961,57.723480224609375,56.04462432861328,55.36244201660156
0,-35,-95,10,37,98.23441314697266,98.48857879638672,98.38699340820312,102.04410552978516,101.55294036865234,100.64790344238281,97.94896697998047,97.49359130859375,98.88377380371094,101.212646484375,100.84642028808594,104.00961303710938,104.00961303710938,104.00961303710938,104.56098937988281,102.90287017822266,105.68348693847656,102.08329772949219,105.20931243896484,103.81233215332031,102.07839965820312,107.61505126953125,104.29285430908203,106.40018463134766,107.64757537841797,105.39450073242188,102.21546173095703,100.7223892211914,103.44564056396484,94.81033325195312,94.3716049194336,93.03762817382812,90.47099304199219,84.69356536865234,84.8646011352539,80.99382781982422,78.43468475341797,74.46475982666016,71.86793518066406,69.6419448852539,65.78753662109375,64.25729370117188,63.5688591003418,61.6846809387207,60.16643524169922,56.75385284423828,55.785301208496094,56.75385284423828,56.08921432495117,51.62363815307617,51.244510650634766,50.0099983215332
0,-35,-95,11,33,100.43903350830078,100.22474670410156,104.29285430908203,103.07764434814453,103.07764434814453,100.28459167480469,104.12012481689453,100.28459167480469,99.6242904663086,104.75209045410156,105.34230041503906,107.15409088134766,106.23088073730469,106.10372161865234,107.15409088134766,109.1650161743164,103.78824615478516,106.10372161865234,107.78218841552734,107.78682708740234,108.7474136352539,107.78682708740234,106.0235824584961,108.22661590576172,110.07270050048828,108.25894927978516,107.15409088134766,107.33592224121094,103.81714630126953,102.45974731445312,97.71898651123047,97.1236343383789,94.9210205078125,88.76936340332031,84.64632415771484,84.89994049072266,80.28075408935547,76.15773010253906,74.46475982666016,73.16419982910156,70.3420181274414,66.94026947021484,65.73431396484375,62.817195892333984,62.169124603271484,58.85575485229492,57.87054443359375,57.42821502685547,58.215118408203125,56.080299377441406,54.08327102661133,52.15361785888672
0,-34,-95,10,37,96.33794403076172,98.84330749511719,97.73944854736328,101.96568298339844,96.7470932006836,99.98500061035156,98.61541748046875,98.12747192382812,97.18538665771484,100.0199966430664,103.01941680908203,102.01960754394531,104.00480651855469,103.0436782836914,106.00471496582031,104.01922607421875,108.04165649414062,102.07839965820312,106.169677734375,108.04165649414062,105.07616424560547,109.04127502441406,102.04410552978516,110.22250366210938,109.11461639404297,108.11567687988281,109.00458526611328,102.12247467041016,106.11785888671875,98.12747192382812,97.41663360595703,96.6281509399414,91.66242218017578,87.96590423583984,86.31338500976562,81.21575927734375,78.64476776123047,77.10382843017578,74.3303451538086,73.34848022460938,65.96968841552734,65.51335906982422,64.32728576660156,62.169124603271484,62.36986541748047,56.75385284423828,58.94064712524414,59.46427536010742,55.02726745605469,54.424259185791016,55.94640350341797,51.4781494140625
0,-35,-95,10,37,98.99494934082031,97.32420349121094,100.9752426147461,100.9752426147461,103.81714630126953,98.61541748046875,101.31633758544922,101.2422866821289,100.24469757080078,103.00485229492188,100.0199966430664,104.01922607421875,105.0428466796875,105.07616424560547,104.01922607421875,106.01886749267578,103.0436782836914,106.07544708251953,108.29589080810547,109.29318237304688,105.1712875366211,108.22661590576172,105.1712875366211,110.45361328125,110.16351318359375,105.11898040771484,105.0428466796875,106.00471496582031,104.04325866699219,101.07917785644531,96.25486755371094,95.2575454711914,92.43917083740234,90.55384826660156,84.85281372070312,84.85281372070312,78.77182006835938,75.66372680664062,73.97972869873047,67.74215698242188,67.89698028564453,64.77654266357422,65.92420196533203,60.8276252746582,61.0,59.03388977050781,58.46366500854492,58.46366500854492,56.32051086425781,52.201534271240234,55.154327392578125,52.77309799194336
0,-35,-95,11,33,100.00499725341797,97.94896697998047,98.41239929199219,101.98039245605469,102.59142303466797,98.35140991210938,100.44898986816406,98.2903823852539,100.44898986816406,102.068603515625,103.5857162475586,103.71113586425781,103.85566711425781,103.4069595336914,105.26158142089844,104.86181640625,106.60675048828125,104.40306854248047,105.43718719482422,105.80170440673828,105.60302734375,107.20074462890625,104.8093490600586,108.72441864013672,108.811767578125,105.60302734375,105.11898040771484,104.48445129394531,102.8250961303711,100.5683822631836,95.48298645019531,93.33809661865234,92.6552734375,86.31338500976562,84.95881652832031,82.07313537597656,79.93122100830078,73.59347534179688,71.4212875366211,70.76722717285156,66.52819061279297,65.11528015136719,67.20863342285156,63.12685775756836,58.898216247558594,58.41232681274414,58.00862121582031,56.859474182128906,55.217750549316406,53.851646423339844,51.107730865478516,51.429561614990234
0,-35,-95,10,37,97.59098052978516,100.41912078857422,98.2903823852539,103.94710540771484,101.17806243896484,99.76472473144531,101.98039245605469,103.3924560546875,100.6578369140625,100.76705932617188,104.20172882080078,103.4069595336914,106.40018463134766,105.43718719482422,105.0,106.50821685791016,104.86181640625,105.43718719482422,105.68348693847656,110.43550109863281,106.40018463134766,108.811767578125,102.80078125,108.72441864013672,107.07473754882812,109.40292358398438,109.63575744628906,104.48445129394531,103.5857162475586,99.90495300292969,97.67292022705078,96.87621307373047,92.69843292236328,88.61715698242188,85.04116821289062,83.54639434814453,80.72174072265625,75.1664810180664,74.5184555053711,71.84010314941406,64.81512451171875,66.70832061767578,65.29930877685547,61.84658432006836,61.61168670654297,59.203041076660156,56.035701751708984,56.603885650634766,53.33854293823242,52.77309799194336,51.0,51.078372955322266
0,-35,-95,11,34,101.67103576660156,103.07764434814453,101.25709533691406,105.20931243896484,99.86490631103516,104.56098937988281,104.56098937988281,103.24727630615234,102.39628601074219,103.07764434814453,105.30906677246094,106.0660171508789,105.67875671386719,107.35455322265625,105.58882141113281,105.99056243896484,108.6876220703125,106.00471496582031,108.25894927978516,109.56732940673828,107.82392883300781,107.78682708740234,109.59014892578125,110.49434661865234,110.90987396240234,110.9414291381836,108.78418731689453,105.47511291503906,105.15226745605469,103.77379608154297,99.86490631103516,98.22932434082031,93.60021209716797,89.8109130859375,87.32124328613281,82.46211242675781,81.21575927734375,76.69419860839844,72.34638977050781,71.70076751708984,68.24954223632812,69.52696990966797,67.35725402832031,65.29930877685547,60.87692642211914,61.61980056762695,58.694122314453125,58.0,56.63920974731445,55.44366455078125,54.20331954956055,51.312767028808594
0,-35,-95,10,37,97.62171936035156,95.75489807128906,99.82484436035156,97.67292022705078,99.68952178955078,96.8813705444336,100.16985321044922,99.20181274414062,100.68763732910156,101.53324890136719,102.61579132080078,102.78618621826172,103.73042297363281,103.46497344970703,101.843017578125,106.4048843383789,103.24727630615234,103.46497344970703,105.30906677246094,105.30906677246094,105.10946655273438,105.84894561767578,101.95096588134766,107.01869201660156,106.04244232177734,103.09219360351562,103.73042297363281,104.40306854248047,99.04039764404297,100.16985321044922,95.56673431396484,94.3663101196289,93.17188262939453,86.4927749633789,83.18653869628906,78.08969116210938,79.07591247558594,74.4311752319336,72.44308471679688,65.76473236083984,67.47592163085938,64.62971496582031,65.37583923339844,60.406951904296875,58.54912567138672,58.30952072143555,57.14017868041992,55.145263671875,56.00892639160156,55.081756591796875,51.244510650634766,49.497474670410156
0,-35,-95,10,37,92.89241027832031,95.60334777832031,97.41663360595703,95.50916290283203,94.86833190917969,94.86833190917969,97.08243560791016,93.6375961303711,99.02020263671875,96.60745239257812,97.69339752197266,99.31767272949219,101.96568298339844,100.62306213378906,97.94386291503906,103.31021118164062,97.52947998046875,101.96568298339844,101.212646484375,102.4743881225586,101.51847076416016,102.42070007324219,98.0051040649414,104.8093490600586,103.76897430419922,103.76897430419922,102.04410552978516,101.63660430908203,99.92497253417969,95.85405731201172,92.69843292236328,90.13877868652344,88.23265075683594,83.81526947021484,81.32035064697266,79.4040298461914,76.24303436279297,71.56814575195312,67.72000885009766,66.48307800292969,65.0,62.93647766113281,63.89052963256836,58.94064712524414,57.723480224609375,56.08921432495117,54.918121337890625,53.15073013305664,51.4781494140625,51.244510650634766,49.09175109863281,50.0099983215332
0,-35,-95,10,37,97.75479888916016,96.5660400390625,100.12492370605469,99.5690689086914,99.29753112792969,96.51942443847656,99.86490631103516,98.81295776367188,99.80982208251953,99.80982208251953,101.04454803466797,102.8250961303711,102.64988708496094,105.418212890625,102.72779846191406,106.77546691894531,104.66136169433594,103.96633911132812,102.53292083740234,105.36128234863281,105.418212890625,104.66136169433594,105.418212890625,108.2450942993164,105.36128234863281,103.96633911132812,104.13932800292969,103.4794692993164,101.41498565673828,100.12492370605469,95.60334777832031,93.00537872314453,91.52595520019531,86.8216552734375,85.98255920410156,80.70935821533203,76.27581787109375,72.94518280029297,69.89277648925781,67.95587158203125,66.5732650756836,64.8999252319336,64.14047241210938,60.539241790771484,57.45433044433594,57.30619430541992,56.35601043701172,55.94640350341797,53.66563034057617,51.4781494140625,52.201534271240234,50.0
0,-35,-95,10,37,93.53608703613281,96.25486755371094,94.81033325195312,94.3663101196289,95.2732925415039,94.84724426269531,93.10746765136719,95.5196304321289,96.93296813964844,95.5196304321289,98.35140991210938,98.97979736328125,100.57833099365234,99.72462463378906,99.04039764404297,99.92497253417969,99.92497253417969,98.23441314697266,102.61091613769531,102.83968353271484,101.13851928710938,102.1077880859375,97.26766967773438,103.16007232666016,103.07764434814453,102.61579132080078,100.42410278320312,100.0,100.88111877441406,96.76776123046875,91.4166259765625,91.18113708496094,87.8464584350586,83.77350616455078,80.23091888427734,76.55716705322266,73.00685119628906,70.7742919921875,67.97793579101562,66.21178436279297,64.40496826171875,62.60990524291992,60.41522979736328,56.79788589477539,56.79788589477539,54.20331954956055,55.009090423583984,51.107730865478516,51.107730865478516,51.61395263671875,50.80354309082031,49.51767349243164
0,-35,-95,10,37,98.35140991210938,98.37174224853516,100.28459167480469,98.49365234375,99.45853424072266,98.76234436035156,100.16985321044922,100.43903350830078,101.20276641845703,102.77159118652344,102.9611587524414,103.94229125976562,105.07616424560547,104.93807983398438,105.9292221069336,106.67708587646484,103.5857162475586,102.70345306396484,106.38138580322266,105.68348693847656,103.81714630126953,105.68348693847656,106.0660171508789,109.55364227294922,110.02726745605469,106.0660171508789,101.98039245605469,104.7377700805664,100.0199966430664,99.92497253417969,97.26766967773438,97.80081939697266,91.0933609008789,87.28115844726562,84.11896514892578,81.27114868164062,79.05693817138672,71.86793518066406,71.51223754882812,68.3520278930664,67.06713104248047,65.19202423095703,65.19202423095703,61.84658432006836,59.236812591552734,56.36488342285156,56.79788589477539,54.5618896484375,55.07267761230469,53.5350341796875,52.430908203125,48.41487503051758
0,-35,-95,11,33,98.61541748046875,97.86214447021484,98.48857879638672,99.5389404296875,100.64790344238281,95.75489807128906,96.15092468261719,96.15092468261719,98.0051040649414,99.98500061035156,104.9571304321289,102.62553405761719,102.62553405761719,103.46497344970703,101.78899383544922,103.46980285644531,101.83319854736328,102.90287017822266,102.2007827758789,103.00485229492188,104.29285430908203,104.04325866699219,102.90287017822266,106.60675048828125,106.50821685791016,102.07839965820312,103.46497344970703,100.84642028808594,99.84988403320312,98.48857879638672,95.7131118774414,93.91485595703125,90.8019790649414,85.23497009277344,81.3449478149414,80.62257385253906,76.15773010253906,75.3923110961914,69.07966613769531,69.6419448852539,68.00735473632812,63.5688591003418,62.96824645996094,59.46427536010742,57.87054443359375,55.02726745605469,52.88667297363281,53.36665725708008,55.31726837158203,51.97114562988281,51.35172653198242,48.093658447265625
0,-35,-95,11,33,98.22932434082031,96.60745239257812,101.04454803466797,97.80081939697266,100.12492370605469,97.94896697998047,99.35794067382812,99.08582305908203,99.90495300292969,101.13851928710938,101.86265563964844,103.23758697509766,103.94710540771484,107.51744079589844,105.418212890625,106.8877944946289,104.89041900634766,106.30146026611328,104.35037231445312,104.35037231445312,104.06248474121094,109.04127502441406,106.15083312988281,107.81465911865234,108.97705841064453,105.55093383789062,104.69001770019531,106.07544708251953,100.41912078857422,100.4987564086914,95.7757797241211,95.13148498535156,89.64373779296875,85.6037368774414,85.0,82.80096435546875,79.2022705078125,72.42237091064453,72.42237091064453,69.63475799560547,69.40460968017578,65.0,67.42403411865234,58.24946212768555,58.52349853515625,55.75840759277344,56.93856430053711,57.80138397216797,55.94640350341797,54.58937454223633,50.695167541503906,51.26402282714844
0,-35,-95,11,34,101.23734283447266,98.2903823852539,99.7045669555664,103.23758697509766,100.44898986816406,99.7045669555664,99.15644073486328,102.94173431396484,101.31633758544922,101.212646484375,104.48445129394531,103.4069595336914,104.8093490600586,107.20074462890625,107.80074310302734,106.60675048828125,107.64757537841797,103.4069595336914,106.8316421508789,107.64757537841797,106.40018463134766,108.60018157958984,106.01886749267578,108.72441864013672,109.20164489746094,109.80892181396484,109.22454071044922,105.47511291503906,105.47511291503906,100.44898986816406,99.00505065917969,96.8968505859375,92.8493423461914,89.3756103515625,84.50444030761719,80.91971588134766,77.33692169189453,74.81310272216797,72.00694274902344,70.60453033447266,67.20118713378906,67.20118713378906,64.20280456542969,62.68173599243164,59.07622146606445,56.859474182128906,58.52349853515625,56.93856430053711,54.708316802978516,51.89412307739258,51.4781494140625,50.32891845703125
0,-35,-95,10,37,97.52947998046875,93.86160278320312,96.8813705444336,96.54014587402344,99.63935089111328,95.7078857421875,96.02603912353516,95.88534545898438,95.75489807128906,98.41239929199219,99.72462463378906,98.61541748046875,99.40824890136719,101.49384307861328,98.24967956542969,104.17293548583984,101.04454803466797,101.17806243896484,100.07997131347656,104.12012481689453,99.2471694946289,102.07839965820312,101.2422866821289,104.17293548583984,103.31021118164062,103.3924560546875,101.59724426269531,102.8250961303711,97.86725616455078,97.16481018066406,92.96235656738281,93.17188262939453,87.80091094970703,85.16454315185547,81.32035064697266,79.12016296386719,76.24303436279297,70.21395874023438,66.73080444335938,64.8459701538086,66.73080444335938,61.6846809387207,63.5688591003418,58.18934631347656,58.872745513916016,53.851646423339844,55.94640350341797,55.03635025024414,55.009090423583984,52.35456085205078,49.92995071411133,49.40647888183594
0,-35,-95,10,38,100.43903350830078,99.68952178955078,103.58088684082031,103.07764434814453,100.96038818359375,101.92153930664062,104.69479370117188,101.83319854736328,104.35516357421875,101.95096588134766,107.15409088134766,107.93516540527344,106.92988586425781,107.35455322265625,108.33743286132812,108.85311126708984,110.90987396240234,108.6876220703125,109.12836456298828,107.35455322265625,109.56732940673828,110.46266174316406,106.89247131347656,109.2748794555664,112.7696762084961,109.56732940673828,109.1650161743164,107.54068756103516,106.10372161865234,101.23734283447266,100.24469757080078,98.68130493164062,94.86833190917969,89.8109130859375,84.20214080810547,83.48652648925781,81.04319763183594,75.18643188476562,72.12489318847656,71.16881561279297,67.18630981445312,67.44627380371094,64.56005096435547,60.87692642211914,60.16643524169922,58.46366500854492,56.88584899902344,56.88584899902344,56.56854248046875,53.33854293823242,52.239830017089844,51.0
0,-35,-95,10,37,96.83490753173828,99.20181274414062,99.48869323730469,99.48869323730469,100.12492370605469,98.71676635742188,99.15644073486328,101.17806243896484,99.03534698486328,98.99494934082031,100.44898986816406,103.23758697509766,103.96633911132812,104.13932800292969,106.15083312988281,103.5857162475586,104.48445129394531,101.41498565673828,105.11898040771484,106.04244232177734,104.13932800292969,105.26158142089844,102.17631530761719,105.8914566040039,107.62899017333984,106.8877944946289,106.8316421508789,103.3247299194336,102.72779846191406,102.53292083740234,98.41239929199219,94.17536926269531,90.78546142578125,87.1148681640625,87.32124328613281,79.8122787475586,79.64923095703125,73.00685119628906,72.00694274902344,67.80117797851562,66.21932983398438,66.84310150146484,61.22091293334961,61.400325775146484,60.0,57.42821502685547,54.37830352783203,55.75840759277344,54.708316802978516,51.4781494140625,53.22593307495117,48.84669876098633
0,-35,-95,11,33,97.86725616455078,97.73944854736328,98.32598876953125,101.31633758544922,100.17984008789062,96.33275604248047,101.12368774414062,99.0,99.0,100.0199966430664,103.0436782836914,102.17631530761719,105.1712875366211,105.23307800292969,105.23307800292969,104.3886947631836,106.56922912597656,103.3924560546875,105.57461547851562,106.47064971923828,103.23758697509766,108.5587387084961,104.3886947631836,109.65856170654297,106.47064971923828,109.37092590332031,104.12012481689453,105.01904296875,103.01941680908203,99.0,98.04590606689453,96.18731689453125,93.19334411621094,87.46427917480469,83.48652648925781,79.5110092163086,79.22752380371094,74.4311752319336,72.24956512451172,68.59300231933594,66.61080932617188,65.27633666992188,62.3939094543457,61.52235412597656,60.67124557495117,56.718605041503906,57.87054443359375,56.08921432495117,55.31726837158203,55.31726837158203,50.28916549682617,49.24428939819336
0,-35,-95,10,37,92.6552734375,91.7060546875,93.98403930664062,95.5196304321289,92.4770278930664,90.47099304199219,93.10746765136719,93.94147491455078,95.29428100585938,96.60227966308594,95.7131118774414,96.7470932006836,99.84988403320312,99.98500061035156,97.41663360595703,100.70252990722656,99.85990142822266,98.79270935058594,100.12492370605469,100.40418243408203,100.70252990722656,103.17460632324219,102.08329772949219,100.40418243408203,104.00961303710938,100.4987564086914,99.98500061035156,99.84988403320312,94.8946762084961,94.81033325195312,91.23595428466797,89.05054473876953,90.47099304199219,84.30895233154297,80.77747344970703,78.54934692382812,74.3303451538086,69.89277648925781,69.28924560546875,63.90618133544922,63.90618133544922,60.74536895751953,62.62587356567383,55.71355438232422,56.920997619628906,55.02726745605469,52.63079071044922,52.63079071044922,52.39274597167969,47.51841735839844,49.36598205566406,47.095645904541016
0,-35,-95,11,33,97.30878448486328,97.94896697998047,99.80982208251953,101.67103576660156,98.60020446777344,99.4032211303711,99.6242904663086,99.04544067382812,99.29753112792969,102.08329772949219,101.71037292480469,102.4743881225586,102.88343048095703,104.65180206298828,102.4743881225586,105.54619598388672,106.8877944946289,104.23531341552734,106.92988586425781,107.78218841552734,105.54619598388672,106.89247131347656,104.65180206298828,107.01869201660156,107.78682708740234,106.43777465820312,105.58882141113281,105.19029998779297,101.3558120727539,101.54801940917969,95.41488647460938,96.02082824707031,92.20086669921875,88.23831176757812,84.20214080810547,83.00602722167969,77.42092895507812,73.60027313232422,70.80254364013672,69.81404113769531,64.81512451171875,63.60031509399414,65.4369888305664,59.66573715209961,58.2580451965332,58.728187561035156,57.384666442871094,57.28001403808594,56.58621597290039,54.451812744140625,48.91830062866211,50.6063232421875
0,-35,-95,10,38,96.8968505859375,100.44898986816406,96.87621307373047,98.99494934082031,98.2903823852539,97.59098052978516,98.2903823852539,97.62171936035156,99.08582305908203,98.59513092041016,101.212646484375,103.6001968383789,103.00485229492188,104.62313079833984,106.40018463134766,103.6001968383789,105.20931243896484,100.60317993164062,105.80170440673828,106.40018463134766,105.42295837402344,107.00466918945312,100.60317993164062,109.28861236572266,107.41508483886719,106.40018463134766,106.4048843383789,103.3924560546875,104.06248474121094,96.17691802978516,96.17691802978516,92.69843292236328,89.3756103515625,86.83317565917969,83.24061584472656,81.05553436279297,77.33692169189453,73.59347534179688,71.84010314941406,69.02897644042969,65.0,65.802734375,63.25345993041992,61.400325775146484,60.464866638183594,56.30275344848633,54.918121337890625,57.80138397216797,51.97114562988281,53.23532485961914,50.08992004394531,49.39635467529297
0,-35,-95,10,37,97.16481018066406,93.38094329833984,97.08243560791016,95.90099334716797,98.71676635742188,92.6498794555664,96.3016128540039,92.97311401367188,97.80081939697266,96.76776123046875,98.08159637451172,99.6242904663086,99.29753112792969,101.0197982788086,100.46392059326172,103.07764434814453,100.84642028808594,100.46392059326172,100.31948852539062,102.04410552978516,102.15674591064453,104.78549194335938,101.23734283447266,103.46980285644531,104.0,102.31813049316406,104.177734375,103.74005889892578,97.41663360595703,97.52947998046875,91.48223876953125,89.49860382080078,88.0738296508789,85.90692901611328,82.37718200683594,79.24645233154297,74.81310272216797,70.71067810058594,68.59300231933594,65.6201171875,63.639610290527344,62.64982223510742,62.64982223510742,58.4208869934082,56.4358024597168,55.3263053894043,54.33230972290039,55.081756591796875,51.088157653808594,49.0,48.093658447265625,47.381431579589844
0,-35,-95,10,38,99.29753112792969,99.76472473144531,104.9571304321289,100.4987564086914,103.46497344970703,97.6370849609375,101.78899383544922,100.20977783203125,101.25709533691406,102.80078125,105.42295837402344,105.11898040771484,106.30146026611328,105.64563751220703,104.9952392578125,108.97705841064453,105.55093383789062,109.04127502441406,106.10372161865234,111.1980209350586,106.4048843383789,107.05606079101562,107.93516540527344,111.0360336303711,109.65856170654297,107.05606079101562,109.01834869384766,109.80892181396484,102.00489807128906,104.62313079833984,97.08243560791016,97.94386291503906,92.96235656738281,90.04998779296875,87.32124328613281,84.59905242919922,80.26206970214844,75.29276275634766,71.19690704345703,68.09552001953125,69.35416412353516,64.88451385498047,66.73080444335938,60.90156173706055,60.8276252746582,58.600341796875,57.775428771972656,56.46237564086914,55.36244201660156,53.75872039794922,51.865211486816406,48.27007293701172
0,-35,-95,10,37,94.3716049194336,91.7060546875,94.15412902832031,95.34149169921875,94.5409927368164,95.07891082763672,92.4770278930664,93.30059051513672,92.97311401367188,96.13532257080078,99.32774353027344,99.6242904663086,100.42410278320312,99.45853424072266,98.76234436035156,101.13851928710938,100.66280364990234,98.95453643798828,102.61091613769531,103.07764434814453,100.68763732910156,101.39033508300781,98.49365234375,105.01904296875,101.6513671875,102.88343048095703,102.14205932617188,98.68130493164062,98.79270935058594,95.4620361328125,92.19544219970703,91.28527069091797,88.10221099853516,83.18653869628906,82.36504364013672,76.05918884277344,74.79304504394531,70.8307876586914,68.09552001953125,66.37017059326172,60.20797348022461,62.265560150146484,60.20797348022461,58.830265045166016,56.30275344848633,54.08327102661133,53.823787689208984,51.400390625,51.088157653808594,51.7397346496582,48.83646011352539,48.91830062866211
0,-35,-95,10,37,90.02777099609375,94.84724426269531,93.7229995727539,97.94896697998047,93.7229995727539,94.3663101196289,94.02127075195312,95.60334777832031,95.8018798828125,96.51942443847656,97.94386291503906,99.85990142822266,99.98500061035156,101.3558120727539,99.85990142822266,98.79270935058594,103.94229125976562,96.8968505859375,102.4743881225586,102.92716217041016,100.40418243408203,105.47511291503906,99.12618255615234,102.4743881225586,101.71037292480469,102.92716217041016,102.41581726074219,99.4032211303711,100.60317993164062,93.23625946044922,92.09777069091797,89.27485656738281,88.41380310058594,82.73451232910156,82.02438354492188,77.077880859375,77.077880859375,70.72481536865234,68.59300231933594,67.17886352539062,64.44377136230469,64.35060119628906,59.41380310058594,57.384666442871094,58.13776779174805,55.0,52.63079071044922,52.201534271240234,48.82622146606445,50.21951675415039,48.25971221923828,48.30113983154297
0,-35,-95,10,38,103.4069595336914,102.2007827758789,103.58088684082031,103.58088684082031,101.63660430908203,101.41498565673828,101.60708618164062,102.59142303466797,102.42070007324219,104.08650207519531,107.78682708740234,109.55364227294922,106.79419708251953,109.45775604248047,109.55364227294922,112.28534698486328,109.22454071044922,111.22050476074219,110.11357879638672,110.22250366210938,111.16204071044922,111.22050476074219,109.29318237304688,110.07270050048828,111.28791809082031,111.36426544189453,109.45775604248047,109.77249145507812,107.05606079101562,105.07616424560547,96.10411071777344,99.04039764404297,95.12622833251953,90.47099304199219,85.61541748046875,83.93450164794922,81.04319763183594,78.16009521484375,72.80110168457031,71.84010314941406,71.84010314941406,66.48307800292969,66.0984115600586,60.728904724121094,61.6846809387207,58.52349853515625,57.87054443359375,56.30275344848633,57.384666442871094,51.4781494140625,52.839378356933594,51.865211486816406
0,-35,-95,11,33,98.76234436035156,100.57833099365234,101.19288635253906,98.67117309570312,99.6242904663086,97.08243560791016,98.23441314697266,99.92497253417969,102.15674591064453,97.04637908935547,102.41581726074219,104.20172882080078,104.65657806396484,106.0660171508789,106.43777465820312,106.47064971923828,105.67875671386719,102.4743881225586,107.54068756103516,105.81587982177734,105.11898040771484,107.82392883300781,105.58882141113281,107.70329284667969,106.94390869140625,104.65657806396484,105.99056243896484,106.10372161865234,102.956298828125,99.00505065917969,94.33981323242188,91.76055908203125,92.02716827392578,87.28115844726562,84.11896514892578,81.32035064697266,75.69015502929688,73.08214569091797,71.30918884277344,70.60453033447266,66.4906005859375,64.03124237060547,62.09669876098633,60.87692642211914,60.41522979736328,57.27128601074219,56.08921432495117,56.56854248046875,54.58937454223633,52.611785888671875,50.08992004394531,50.0099983215332
0,-35,-95,10,37,100.00499725341797,98.49365234375,98.41239929199219,101.86265563964844,97.58073425292969,103.23758697509766,97.59098052978516,101.98039245605469,101.23734283447266,99.35794067382812,103.71113586425781,104.8093490600586,105.0,105.43718719482422,105.0,106.01886749267578,111.01801300048828,102.2007827758789,110.67971801757812,109.28861236572266,107.80074310302734,107.80074310302734,104.8093490600586,109.0,109.85900115966797,108.22661590576172,108.85311126708984,103.5857162475586,108.30050659179688,99.82484436035156,100.41912078857422,96.16651916503906,92.02173614501953,87.78382873535156,87.04596710205078,80.72174072265625,79.98124694824219,75.1664810180664,73.0,68.7677230834961,67.80117797851562,65.19202423095703,63.89052963256836,61.717098236083984,59.03388977050781,54.64430618286133,54.4058837890625,55.75840759277344,54.08327102661133,51.62363815307617,51.97114562988281,49.658836364746094
0,-35,-95,10,37,100.84146118164062,95.88534545898438,99.40824890136719,97.41663360595703,103.31021118164062,98.18350219726562,100.12492370605469,100.12492370605469,100.0199966430664,103.00485229492188,104.00480651855469,105.07616424560547,104.07689666748047,104.3886947631836,102.12247467041016,108.29589080810547,102.48902130126953,106.23088073730469,104.58011627197266,109.37092590332031,105.3043212890625,108.5587387084961,105.23307800292969,108.46197509765625,106.30146026611328,106.23088073730469,106.169677734375,106.00471496582031,101.0,101.0,94.13288116455078,96.18731689453125,94.2602767944336,87.46427917480469,84.38008880615234,84.85281372070312,79.6303939819336,74.5452880859375,70.34912872314453,66.48307800292969,68.4689712524414,63.3876953125,66.61080932617188,58.54912567138672,59.6824951171875,57.87054443359375,56.08921432495117,55.10898208618164,56.51548385620117,52.201534271240234,48.383880615234375,47.92702865600586
0,-35,-95,11,33,92.9139404296875,90.93404388427734,93.53608703613281,90.44888305664062,92.43917083740234,90.19977569580078,93.19334411621094,91.0878677368164,95.08417510986328,95.00526428222656,94.13288116455078,98.24967956542969,98.18350219726562,96.42095184326172,96.18731689453125,99.60923767089844,97.41663360595703,97.32933807373047,97.62171936035156,99.60923767089844,99.32270812988281,99.2471694946289,99.40824890136719,102.1077880859375,101.71037292480469,100.24469757080078,99.12618255615234,98.04590606689453,95.00526428222656,95.02104949951172,91.0494384765625,88.09085845947266,87.09190368652344,82.2982406616211,78.51751708984375,75.23961639404297,70.25667572021484,67.18630981445312,66.12110137939453,64.28063201904297,61.400325775146484,59.304298400878906,59.304298400878906,56.22277069091797,52.345008850097656,52.611785888671875,50.635955810546875,50.990196228027344,49.24428939819336,46.3249397277832,46.57252502441406,45.221675872802734
0,-35,-95,10,38,98.0204086303711,94.00531768798828,100.0199966430664,97.00515747070312,100.04499053955078,94.00531768798828,99.12618255615234,98.18350219726562,99.32270812988281,100.60317993164062,101.59724426269531,101.96568298339844,104.56098937988281,104.39348602294922,100.28459167480469,105.72132873535156,103.16007232666016,104.56098937988281,102.77159118652344,106.8877944946289,105.22357177734375,106.8877944946289,104.39348602294922,107.87029266357422,106.53168487548828,105.38026428222656,103.5857162475586,104.30723571777344,102.17631530761719,101.17806243896484,93.02149963378906,95.0,92.0,87.05171203613281,86.09297180175781,80.15609741210938,79.05693817138672,74.1687240600586,73.24616241455078,66.18912506103516,66.27216339111328,65.12296295166016,64.28063201904297,59.304298400878906,57.42821502685547,56.4358024597168,56.718605041503906,54.7448616027832,53.15073013305664,52.88667297363281,49.04079818725586,48.10405349731445
0,-35,-95,11,33,97.06183624267578,94.82615661621094,102.4743881225586,98.41239929199219,99.84988403320312,96.7470932006836,100.70252990722656,97.94386291503906,99.5690689086914,103.2279052734375,102.64988708496094,102.80078125,103.4069595336914,102.61579132080078,102.44998931884766,108.07405090332031,105.64563751220703,106.66770935058594,104.89041900634766,106.8877944946289,106.04244232177734,107.81465911865234,106.04244232177734,107.62899017333984,107.81465911865234,103.71113586425781,105.42295837402344,106.01886749267578,100.68763732910156,101.83319854736328,93.49331665039062,93.49331665039062,90.55384826660156,87.8179931640625,85.08818817138672,83.72574615478516,78.77182006835938,73.06161499023438,70.23532104492188,69.35416412353516,67.08203887939453,61.773780822753906,64.41273498535156,59.93329620361328,58.13776779174805,56.79788589477539,55.90169906616211,56.36488342285156,54.230987548828125,51.62363815307617,50.96076965332031,48.27007293701172
0,-35,-95,10,37,96.7729263305664,96.7729263305664,97.32420349121094,98.06120300292969,96.69022369384766,99.84988403320312,97.73944854736328,96.33275604248047,98.50888061523438,98.24967956542969,101.31633758544922,102.17631530761719,105.0428466796875,103.0436782836914,105.0428466796875,105.0047607421875,105.0047607421875,100.00499725341797,104.0,108.0,103.0,105.01904296875,102.00489807128906,106.00471496582031,106.01886749267578,105.0428466796875,104.12012481689453,103.07764434814453,100.31948852539062,98.50888061523438,97.01546478271484,94.3663101196289,93.38094329833984,87.09764862060547,82.22530364990234,77.66595458984375,76.68767547607422,71.58910369873047,73.54590606689453,67.6830825805664,64.03124237060547,63.348243713378906,62.585941314697266,59.90826416015625,57.723480224609375,56.75385284423828,55.36244201660156,55.02726745605469,53.851646423339844,51.4781494140625,50.15974426269531,48.87739944458008
0,-35,-95,10,38,100.00499725341797,99.00505065917969,102.00489807128906,103.0436782836914,103.07764434814453,101.2422866821289,102.48902130126953,102.48902130126953,102.956298828125,104.23531341552734,104.23531341552734,106.7052001953125,105.9056167602539,108.46658325195312,107.87029266357422,108.46658325195312,109.88175201416016,106.8877944946289,109.3846435546875,108.90821838378906,107.93516540527344,109.1421127319336,106.96260833740234,110.35397338867188,111.1980209350586,107.07940673828125,108.67382049560547,107.35455322265625,104.08650207519531,102.956298828125,101.40019989013672,98.24967956542969,91.13726043701172,90.04998779296875,87.02298736572266,85.0,78.00640869140625,75.00666809082031,75.00666809082031,68.0,70.0,67.00746154785156,65.0076904296875,63.0,61.00819778442383,55.03635025024414,57.14017868041992,55.03635025024414,56.22277069091797,54.451812744140625,52.95280838012695,48.764739990234375
0,-35,-95,10,37,96.0,97.00515747070312,98.0204086303711,97.08243560791016,97.18538665771484,97.1287841796875,97.32933807373047,97.62171936035156,98.50888061523438,98.85848236083984,102.25947570800781,102.59142303466797,102.9611587524414,99.63935089111328,102.59142303466797,102.61091613769531,105.32331085205078,101.20276641845703,106.73331451416016,106.30146026611328,106.53168487548828,103.94229125976562,101.27191162109375,106.09900665283203,106.7052001953125,104.92378234863281,105.80170440673828,100.4987564086914,102.31324768066406,97.1287841796875,98.04590606689453,95.02104949951172,88.0,85.09406280517578,83.05419921875,79.02531433105469,75.1664810180664,74.1080322265625,69.18092346191406,68.18357849121094,63.28506851196289,64.1248779296875,61.13100814819336,59.53990173339844,58.30952072143555,54.7448616027832,54.7448616027832,55.90169906616211,51.97114562988281,52.17279052734375,49.04079818725586,50.15974426269531
0,-35,-95,11,33,99.6242904663086,99.04544067382812,102.80078125,99.4032211303711,99.20181274414062,96.04686737060547,98.59513092041016,98.49365234375,100.00499725341797,100.44898986816406,101.86265563964844,103.3247299194336,102.59142303466797,106.10372161865234,103.96633911132812,108.18965148925781,103.3924560546875,104.69001770019531,104.06248474121094,106.15083312988281,106.8316421508789,109.65856170654297,106.79419708251953,108.2450942993164,109.62207794189453,106.77546691894531,108.2450942993164,103.3247299194336,102.8250961303711,100.12492370605469,96.21330261230469,93.00537872314453,90.69729614257812,88.48163604736328,86.28441619873047,80.70935821533203,77.66595458984375,72.71863555908203,71.56116485595703,69.1158447265625,66.73080444335938,65.0,64.66065216064453,58.30952072143555,59.53990173339844,55.90169906616211,56.4358024597168,54.5618896484375,53.3104133605957,54.230987548828125,49.76947021484375,48.764739990234375
0,-35,-95,10,37,92.04889678955078,94.9210205078125,92.89241027832031,99.20181274414062,93.62158203125,95.34149169921875,94.14881896972656,93.38094329833984,94.3663101196289,95.52486419677734,97.62171936035156,99.40824890136719,97.25225067138672,99.2471694946289,101.12368774414062,99.02020263671875,102.04410552978516,98.08159637451172,101.04454803466797,101.00495147705078,101.00495147705078,103.00485229492188,98.04590606689453,104.0,103.12128448486328,102.07839965820312,101.17806243896484,97.32933807373047,98.41239929199219,95.52486419677734,91.92388153076172,89.26925659179688,87.132080078125,81.58431243896484,80.41144561767578,76.29547882080078,73.34848022460938,70.61161041259766,66.4906005859375,66.4906005859375,62.169124603271484,61.98386764526367,60.20797348022461,58.24946212768555,54.7448616027832,51.6623649597168,52.88667297363281,52.201534271240234,48.08325958251953,48.84669876098633,47.92702865600586,47.41307830810547
0,-35,-95,11,34,99.6242904663086,99.32774353027344,102.35721588134766,103.58088684082031,101.63660430908203,100.66280364990234,100.44898986816406,99.63935089111328,103.24727630615234,101.83319854736328,104.93807983398438,106.56922912597656,105.3043212890625,105.3043212890625,109.29318237304688,106.11785888671875,106.04244232177734,104.23531341552734,107.04204559326172,109.04127502441406,109.04127502441406,111.00450134277344,104.12012481689453,111.04053497314453,110.22250366210938,109.1650161743164,110.29052734375,105.385009765625,101.83319854736328,102.1077880859375,98.65596771240234,99.04039764404297,92.76313781738281,89.44271850585938,86.88497924804688,83.19855499267578,78.84795379638672,75.69015502929688,71.16881561279297,67.91170501708984,69.12307739257812,66.94026947021484,64.28841400146484,63.60031509399414,58.94064712524414,56.32051086425781,57.567352294921875,55.973209381103516,54.08327102661133,52.92447280883789,51.429561614990234,51.62363815307617
0,-35,-95,10,37,91.78779602050781,93.53608703613281,93.29522705078125,92.78469848632812,93.64827728271484,93.81364440917969,94.03190612792969,93.81364440917969,97.41663360595703,92.80086517333984,98.85848236083984,99.48869323730469,97.94896697998047,99.2471694946289,100.00499725341797,99.82484436035156,98.35140991210938,98.41239929199219,101.86265563964844,102.64988708496094,101.31633758544922,101.23734283447266,98.41239929199219,104.66136169433594,103.3247299194336,103.4794692993164,103.5857162475586,98.08159637451172,98.40731811523438,94.64142608642578,94.04785919189453,91.52595520019531,89.8888168334961,83.86298370361328,78.892333984375,76.66159057617188,74.94664764404297,71.11962127685547,68.47627258300781,65.86349487304688,59.6824951171875,59.53990173339844,57.30619430541992,56.93856430053711,55.07267761230469,53.22593307495117,52.77309799194336,50.08992004394531,50.15974426269531,47.75981521606445,47.75981521606445,46.097721099853516
0,-35,-95,11,33,97.08243560791016,96.33275604248047,97.83660125732422,100.2646484375,97.45255279541016,96.82975006103516,98.0051040649414,98.60020446777344,100.43903350830078,100.40418243408203,98.79270935058594,102.21546173095703,101.71037292480469,106.0660171508789,103.83159637451172,106.47064971923828,103.31021118164062,104.70912170410156,103.31505584716797,103.76897430419922,100.7223892211914,109.12836456298828,106.0660171508789,108.22661590576172,106.47064971923828,106.55046081542969,104.9571304321289,103.24727630615234,100.70252990722656,99.5690689086914,94.40338897705078,94.20191192626953,91.21403503417969,86.55634307861328,84.2911605834961,81.68843078613281,77.33692169189453,73.66138458251953,70.0927963256836,70.29224395751953,65.94694519042969,63.78087615966797,59.81638717651367,58.79625701904297,57.28001403808594,55.154327392578125,55.154327392578125,55.226806640625,53.075416564941406,49.57822036743164,49.20365905761719,49.39635467529297
0,-35,-95,10,37,98.23441314697266,95.07891082763672,101.55294036865234,99.4032211303711,97.08243560791016,95.2732925415039,100.62306213378906,95.7131118774414,97.52947998046875,100.4987564086914,99.98500061035156,103.17460632324219,104.00961303710938,102.07839965820312,99.85990142822266,104.40306854248047,99.20181274414062,104.40306854248047,104.20172882080078,106.40018463134766,104.04325866699219,105.20931243896484,104.04325866699219,106.40018463134766,106.60675048828125,104.29285430908203,103.77379608154297,102.08329772949219,98.79270935058594,102.21546173095703,96.17691802978516,94.82615661621094,91.67878723144531,86.8158950805664,83.00602722167969,80.62257385253906,78.92401123046875,72.61542510986328,67.62396240234375,65.92420196533203,67.23094177246094,64.07807922363281,64.47480010986328,60.008331298828125,56.46237564086914,58.52349853515625,52.201534271240234,54.4058837890625,52.63079071044922,51.6623649597168,47.67599105834961,48.3735466003418
0,-35,-95,11,33,96.04686737060547,101.0197982788086,98.0051040649414,100.0,98.0051040649414,99.04544067382812,96.02082824707031,100.17984008789062,100.07997131347656,98.73196411132812,101.71037292480469,102.59142303466797,103.7545166015625,104.56098937988281,105.22357177734375,106.21205139160156,106.8877944946289,102.25947570800781,105.11898040771484,105.9056167602539,105.54619598388672,105.54619598388672,102.59142303466797,110.85575866699219,106.7052001953125,106.8877944946289,108.90362548828125,104.47966003417969,104.23531341552734,97.18538665771484,97.1287841796875,96.00521087646484,93.08598327636719,88.0227279663086,84.09518432617188,80.02499389648438,79.10120391845703,74.1080322265625,74.1080322265625,68.11754608154297,64.49806213378906,66.37017059326172,63.071388244628906,60.13318634033203,58.30952072143555,55.73149871826172,55.3263053894043,52.95280838012695,52.17279052734375,53.36665725708008,50.695167541503906,51.26402282714844
0,-35,-95,11,33,98.49365234375,98.37174224853516,98.35140991210938,99.6242904663086,97.73944854736328,99.02020263671875,100.6578369140625,98.79270935058594,101.23734283447266,99.31767272949219,104.27847290039062,103.31021118164062,103.7545166015625,104.70912170410156,104.70912170410156,104.31682586669922,106.94390869140625,104.70912170410156,105.67875671386719,105.19029998779297,106.00471496582031,109.2748794555664,101.53324890136719,108.90821838378906,106.47064971923828,105.54619598388672,108.67382049560547,101.55294036865234,104.78549194335938,102.69371795654297,97.40636444091797,95.5196304321289,92.34716796875,86.97700500488281,83.81526947021484,78.84795379638672,79.8122787475586,74.72616577148438,70.60453033447266,69.37578582763672,66.94026947021484,62.09669876098633,63.06346130371094,60.87692642211914,60.41522979736328,55.10898208618164,55.90169906616211,54.918121337890625,52.46903991699219,54.58937454223633,49.162994384765625,48.041648864746094
0,-35,-95,11,33,98.18350219726562,96.25486755371094,97.6166000366211,98.61541748046875,97.6166000366211,95.77056121826172,96.60227966308594,97.49359130859375,95.7078857421875,99.80982208251953,100.7223892211914,101.63660430908203,104.0,102.31813049316406,102.31813049316406,106.04244232177734,103.81714630126953,102.69371795654297,104.54663848876953,105.47511291503906,103.46980285644531,106.23088073730469,101.76934814453125,106.4048843383789,106.10372161865234,104.3886947631836,105.99056243896484,104.65657806396484,103.83159637451172,96.3846435546875,93.81364440917969,93.74433135986328,90.97252655029297,85.21150207519531,83.40863037109375,78.60025787353516,74.81310272216797,74.20242309570312,71.40028381347656,66.06814575195312,64.53681182861328,63.25345993041992,64.03124237060547,57.48912811279297,58.0,54.488529205322266,53.037723541259766,55.865909576416016,53.037723541259766,50.32891845703125,49.81967544555664,47.434165954589844
0,-35,-95,11,33,98.48857879638672,99.46356201171875,97.32420349121094,99.29753112792969,99.72462463378906,99.98500061035156,99.60923767089844,98.50888061523438,98.61541748046875,100.07997131347656,102.07839965820312,105.07616424560547,105.01904296875,104.0,103.00485229492188,105.01904296875,106.04244232177734,102.04410552978516,106.169677734375,105.0428466796875,105.01904296875,105.0047607421875,104.0,108.07405090332031,108.04165649414062,106.00471496582031,106.00471496582031,105.1712875366211,102.17631530761719,97.18538665771484,96.6281509399414,95.52486419677734,88.81441497802734,86.97700500488281,83.86298370361328,82.87339782714844,77.92945861816406,75.50496673583984,72.99314880371094,70.03570556640625,65.30696868896484,65.30696868896484,64.93843078613281,60.20797348022461,58.85575485229492,58.24946212768555,56.75385284423828,55.54277801513672,53.45091247558594,51.62363815307617,50.32891845703125,50.990196228027344
0,-35,-95,10,37,93.29522705078125,98.79270935058594,92.0869140625,98.73702239990234,93.23089599609375,98.40731811523438,92.80086517333984,95.2680435180664,93.86160278320312,93.4344711303711,100.6578369140625,99.03534698486328,101.91172790527344,101.17806243896484,104.66136169433594,99.03534698486328,105.36128234863281,94.79451751708984,105.418212890625,101.13851928710938,100.44898986816406,98.99494934082031,97.67292022705078,102.53292083740234,104.69001770019531,104.69001770019531,103.4794692993164,96.67471313476562,102.00489807128906,93.40770721435547,92.0869140625,92.0869140625,88.20430755615234,83.21658325195312,79.61155700683594,74.4311752319336,75.29276275634766,72.56031799316406,66.64833068847656,66.73080444335938,61.29437255859375,63.95310592651367,57.30619430541992,58.66856002807617,57.697486877441406,52.32590103149414,52.77309799194336,51.078372955322266,47.53945541381836,48.383880615234375,46.57252502441406,48.27007293701172
0,-35,-95,10,37,97.49359130859375,93.91485595703125,99.92497253417969,94.42987060546875,100.7223892211914,94.02127075195312,97.30878448486328,96.93296813964844,99.95999145507812,100.24469757080078,100.24469757080078,100.88111877441406,103.74005889892578,105.26158142089844,103.84603881835938,106.23088073730469,102.1077880859375,102.35721588134766,104.04806518554688,104.04806518554688,103.84603881835938,108.41586303710938,102.88343048095703,105.01904296875,107.00466918945312,105.36128234863281,107.51744079589844,104.04325866699219,100.6578369140625,101.95096588134766,91.78779602050781,92.13577270507812,91.23595428466797,86.76981353759766,83.6480712890625,78.29431915283203,77.02597045898438,73.06161499023438,72.20111083984375,66.64833068847656,67.11929321289062,64.49806213378906,63.631752014160156,60.0333251953125,56.4358024597168,54.918121337890625,56.30275344848633,53.25410842895508,52.009613037109375,49.81967544555664,49.67897033691406,48.27007293701172
0,-35,-95,11,33,96.5660400390625,94.57801055908203,96.51942443847656,98.47334289550781,96.02082824707031,96.02082824707031,95.42536163330078,95.42536163330078,96.54014587402344,94.84724426269531,99.15644073486328,100.44898986816406,100.4987564086914,102.59142303466797,100.41912078857422,101.86265563964844,101.86265563964844,102.53292083740234,103.96633911132812,102.59142303466797,103.23758697509766,103.96633911132812,101.86265563964844,106.79419708251953,103.96633911132812,106.0660171508789,104.80458068847656,102.068603515625,102.303466796875,97.94896697998047,94.20191192626953,94.40338897705078,89.62700653076172,82.09750366210938,79.88116455078125,76.00657653808594,75.7165756225586,71.86793518066406,68.09552001953125,67.41661834716797,60.539241790771484,63.1347770690918,58.66856002807617,58.66856002807617,56.93856430053711,53.851646423339844,55.009090423583984,52.77309799194336,51.429561614990234,51.26402282714844,49.33558654785156,46.840152740478516
0,-35,-95,11,33,96.4624252319336,95.85926818847656,97.86214447021484,97.86214447021484,97.69339752197266,94.15412902832031,96.66436767578125,94.81033325195312,97.49359130859375,96.64884948730469,101.212646484375,99.4786376953125,103.46497344970703,102.39628601074219,102.39628601074219,103.73042297363281,102.07839965820312,100.70252990722656,104.62313079833984,108.16654205322266,104.8475112915039,107.91200256347656,103.73042297363281,104.62313079833984,105.11898040771484,104.8475112915039,103.44564056396484,102.4743881225586,102.0,98.41239929199219,95.7078857421875,92.61209106445312,91.38927459716797,86.16263580322266,83.00602722167969,79.47956085205078,77.8331527709961,71.16881561279297,71.30918884277344,68.94925689697266,64.8459701538086,63.5688591003418,63.5688591003418,59.80802536010742,54.4058837890625,54.120235443115234,53.600372314453125,53.15073013305664,52.39274597167969,50.0099983215332,47.381431579589844,46.173583984375
0,-35,-95,10,37,94.79451751708984,94.79451751708984,97.83660125732422,97.0,95.52486419677734,95.01578521728516,95.90099334716797,94.81033325195312,96.21330261230469,97.20082092285156,97.20082092285156,100.12492370605469,100.68763732910156,99.5690689086914,99.02020263671875,103.44564056396484,99.98500061035156,102.62553405761719,100.84642028808594,104.8093490600586,101.2422866821289,103.77379608154297,103.46497344970703,105.47511291503906,102.92716217041016,103.17460632324219,103.17460632324219,102.34255981445312,96.02082824707031,99.02020263671875,91.83136749267578,93.08598327636719,90.60904693603516,84.95881652832031,81.39410400390625,79.24645233154297,74.96665954589844,70.03570556640625,67.20863342285156,65.79513549804688,65.79513549804688,63.65532302856445,62.93647766113281,59.396968841552734,54.451812744140625,56.58621597290039,53.075416564941406,53.75872039794922,52.801513671875,51.03919982910156,48.010414123535156,46.647613525390625
0,-35,-95,11,33,98.61541748046875,95.4620361328125,99.02020263671875,98.08159637451172,98.35140991210938,96.4624252319336,99.04039764404297,98.49365234375,100.0,100.89598846435547,100.43903350830078,101.78899383544922,103.7545166015625,103.57605743408203,99.82484436035156,105.54619598388672,103.09703826904297,104.56098937988281,104.93807983398438,103.94229125976562,103.7545166015625,105.54619598388672,104.92378234863281,105.68348693847656,106.7052001953125,105.9056167602539,103.81233215332031,105.26158142089844,100.68763732910156,100.0,93.6375961303711,95.5196304321289,91.18113708496094,85.61541748046875,82.3468246459961,80.23091888427734,76.15773010253906,73.34848022460938,70.26378631591797,65.79513549804688,65.7419204711914,62.60990524291992,65.29930877685547,58.13776779174805,56.35601043701172,55.94640350341797,53.851646423339844,53.0,52.430908203125,50.80354309082031,49.20365905761719,47.50789260864258
0,-35,-95,11,33,101.71037292480469,101.49384307861328,100.07997131347656,100.31948852539062,99.04544067382812,97.1287841796875,99.08077239990234,98.04590606689453,98.04590606689453,101.07917785644531,100.17984008789062,103.3924560546875,104.47966003417969,105.47511291503906,106.23088073730469,106.38138580322266,105.68348693847656,103.3924560546875,108.5587387084961,109.29318237304688,103.23758697509766,108.5587387084961,102.48902130126953,108.90362548828125,108.77959442138672,109.37092590332031,108.04165649414062,106.04244232177734,102.00489807128906,98.0051040649414,97.25225067138672,96.33275604248047,93.64827728271484,88.45903015136719,85.0,78.91767883300781,77.3175277709961,74.5452880859375,70.71067810058594,70.85901641845703,66.75328063964844,63.50590515136719,62.801273345947266,59.84145736694336,59.43904495239258,57.723480224609375,57.00876998901367,57.00876998901367,54.4058837890625,53.16013717651367,51.62363815307617,50.56678771972656
0,-35,-95,10,37,94.3663101196289,94.3663101196289,95.33625030517578,98.95453643798828,93.86160278320312,95.88013458251953,95.21029663085938,94.25497436523438,94.86833190917969,95.85926818847656,99.72462463378906,99.92497253417969,98.61541748046875,99.4032211303711,101.63660430908203,101.55294036865234,101.07917785644531,99.80982208251953,103.31505584716797,101.07917785644531,100.7223892211914,103.78824615478516,100.31948852539062,104.20172882080078,102.956298828125,102.69371795654297,101.39033508300781,99.16148376464844,97.08243560791016,95.18928527832031,97.1236343383789,89.28605651855469,88.32327270507812,85.14693450927734,79.62411499023438,76.11833190917969,74.3303451538086,70.03570556640625,66.4906005859375,66.4906005859375,62.96824645996094,60.20797348022461,60.01666259765625,56.56854248046875,56.718605041503906,54.58937454223633,52.46903991699219,51.15662384033203,51.088157653808594,48.0,48.041648864746094,46.27094268798828
0,-35,-95,10,36,95.2680435180664,95.2680435180664,97.18538665771484,99.2471694946289,94.9210205078125,95.58765411376953,97.0,93.34880828857422,97.62171936035156,94.11163330078125,99.08582305908203,101.41498565673828,100.2646484375,103.4069595336914,101.82828521728516,101.67103576660156,104.20172882080078,100.42410278320312,103.00485229492188,104.20172882080078,103.23274993896484,104.63746643066406,99.63935089111328,105.20931243896484,104.01922607421875,105.26158142089844,104.89041900634766,99.08582305908203,102.64988708496094,96.16651916503906,94.04785919189453,91.28527069091797,90.60904693603516,85.70297241210938,81.83519744873047,76.05918884277344,74.5184555053711,71.70076751708984,69.65629577636719,66.84310150146484,64.03124237060547,63.411354064941406,60.0,58.00862121582031,57.42821502685547,54.64430618286133,53.5350341796875,52.15361785888672,49.73931884765625,48.764739990234375,47.85394287109375,47.16990661621094
0,-35,-95,10,37,100.0199966430664,97.67292022705078,100.9752426147461,98.31072998046875,99.72462463378906,97.73944854736328,99.40824890136719,99.2471694946289,101.0197982788086,103.07764434814453,104.12012481689453,104.00480651855469,106.00471496582031,106.0,104.00480651855469,108.11567687988281,106.11785888671875,108.11567687988281,104.23531341552734,111.22050476074219,105.11898040771484,110.29052734375,105.07616424560547,110.36756896972656,109.04127502441406,106.07544708251953,105.0047607421875,105.01904296875,102.04410552978516,103.0436782836914,96.25486755371094,96.42095184326172,94.33981323242188,88.36288452148438,83.72574615478516,81.04936981201172,79.07591247558594,75.80237579345703,70.57620239257812,67.08203887939453,65.92420196533203,64.77654266357422,65.92420196533203,61.0,60.01666259765625,58.85575485229492,56.51548385620117,55.54277801513672,53.36665725708008,51.244510650634766,51.62363815307617,49.24428939819336
0,-35,-95,10,37,100.0199966430664,99.02020263671875,98.08159637451172,98.12747192382812,99.18164825439453,96.25486755371094,98.85848236083984,99.14131164550781,98.0051040649414,98.06120300292969,99.82484436035156,102.61091613769531,102.61091613769531,101.86756134033203,104.04806518554688,104.8093490600586,103.84603881835938,104.29285430908203,105.9480972290039,106.60675048828125,104.54663848876953,106.60675048828125,103.84603881835938,106.32027435302734,105.77334594726562,103.58088684082031,104.54663848876953,104.3455810546875,99.14131164550781,99.63935089111328,96.17691802978516,94.64142608642578,91.66242218017578,84.85281372070312,83.2946548461914,80.39900207519531,76.16429901123047,72.11102294921875,72.06246948242188,66.12110137939453,64.0078125,63.03173828125,61.13100814819336,59.00847244262695,59.07622146606445,58.0,55.03635025024414,54.0,54.08327102661133,50.08992004394531,48.50773239135742,47.07440948486328
0,-35,-95,10,37,98.03060913085938,92.69843292236328,97.69339752197266,93.98403930664062,98.61541748046875,93.10746765136719,94.81033325195312,93.02149963378906,97.49359130859375,98.0051040649414,99.36296844482422,97.75479888916016,101.3558120727539,99.64437103271484,100.70252990722656,103.73042297363281,101.83319854736328,100.40418243408203,100.43903350830078,102.07839965820312,101.2422866821289,102.90287017822266,100.95543670654297,104.04325866699219,103.46497344970703,103.46497344970703,101.71037292480469,102.88343048095703,99.36296844482422,96.25486755371094,91.7060546875,91.7060546875,89.96110534667969,83.77350616455078,82.07923126220703,79.84986114501953,74.09453582763672,69.6419448852539,68.94925689697266,65.92420196533203,63.90618133544922,60.74536895751953,62.032249450683594,57.93962478637695,55.02726745605469,54.08327102661133,52.49761962890625,51.92301940917969,51.195701599121094,50.990196228027344,48.66210174560547,47.16990661621094
0,-35,-95,11,33,91.4166259765625,92.78469848632812,94.3663101196289,93.91485595703125,93.471923828125,92.57429504394531,92.13577270507812,92.30926513671875,93.62158203125,92.02716827392578,93.30059051513672,96.4624252319336,97.41663360595703,97.52947998046875,99.32774353027344,102.35721588134766,99.20181274414062,95.50916290283203,98.95453643798828,100.42410278320312,98.08159637451172,101.92153930664062,96.5660400390625,99.68952178955078,101.92153930664062,100.0,101.51354217529297,96.4624252319336,96.2081069946289,93.23089599609375,90.47099304199219,89.05054473876953,85.86617279052734,81.43709564208984,78.29431915283203,74.6860122680664,71.5541763305664,67.5351791381836,67.11929321289062,66.24198150634766,62.17716598510742,59.53990173339844,60.0333251953125,55.07267761230469,54.37830352783203,51.62363815307617,51.312767028808594,51.312767028808594,48.82622146606445,49.20365905761719,46.86149978637695,45.96738052368164
0,-35,-95,10,37,95.33625030517578,96.04686737060547,96.31718444824219,98.71676635742188,97.51409912109375,96.10411071777344,94.3663101196289,95.7078857421875,96.17691802978516,94.64142608642578,97.51409912109375,99.32270812988281,102.39628601074219,103.23758697509766,102.48902130126953,101.31633758544922,103.17460632324219,98.32598876953125,101.12368774414062,104.23531341552734,101.71037292480469,103.3924560546875,99.40824890136719,103.23758697509766,105.47511291503906,105.47511291503906,105.22357177734375,100.0199966430664,100.0199966430664,96.31718444824219,94.3716049194336,94.3716049194336,89.4930191040039,81.93289947509766,81.93289947509766,77.16217041015625,74.09453582763672,70.22820281982422,69.28924560546875,67.779052734375,63.694583892822266,61.84658432006836,62.2414665222168,57.93962478637695,55.46169662475586,53.66563034057617,52.35456085205078,54.120235443115234,49.92995071411133,50.774009704589844,48.54894256591797,47.801673889160156
0,-35,-95,10,37,96.40020751953125,98.23441314697266,97.94896697998047,101.82828521728516,97.08243560791016,98.49365234375,99.08582305908203,98.2903823852539,96.87621307373047,96.87621307373047,103.24727630615234,100.00499725341797,104.35037231445312,102.17631530761719,104.48445129394531,103.85566711425781,106.82696533203125,102.44998931884766,109.01834869384766,109.01834869384766,104.48445129394531,105.0,101.53324890136719,107.80074310302734,107.44766235351562,107.29864501953125,105.64563751220703,100.6578369140625,106.79419708251953,99.03534698486328,97.59098052978516,94.84724426269531,89.27485656738281,86.37129211425781,81.68843078613281,79.5110092163086,78.10249328613281,71.84010314941406,69.02897644042969,67.47592163085938,67.35725402832031,66.60330200195312,61.717098236083984,59.81638717651367,57.42821502685547,54.20331954956055,55.4707145690918,52.69725036621094,51.03919982910156,51.107730865478516,51.0,48.46648406982422
0,-35,-95,10,37,96.40020751953125,98.81295776367188,96.26006317138672,100.12492370605469,99.29753112792969,96.25486755371094,98.18350219726562,96.8968505859375,97.41663360595703,99.29753112792969,102.41581726074219,103.46980285644531,104.3886947631836,104.0,103.36827087402344,104.92378234863281,106.6208267211914,103.61949920654297,105.68821716308594,107.93516540527344,103.87010955810547,105.84894561767578,102.31813049316406,110.38568878173828,105.84894561767578,106.10372161865234,106.45186614990234,105.11898040771484,103.7545166015625,98.83824920654297,96.64884948730469,96.3846435546875,94.33981323242188,87.3670425415039,84.05355072021484,79.61155700683594,76.5506362915039,73.49829864501953,71.28113555908203,67.11929321289062,66.2872543334961,62.12889862060547,59.90826416015625,60.605281829833984,59.81638717651367,53.413482666015625,54.037025451660156,54.037025451660156,51.7397346496582,50.990196228027344,49.51767349243164,49.04079818725586
0,-35,-95,10,37,98.0051040649414,101.12368774414062,96.33275604248047,100.17984008789062,98.50888061523438,99.50376892089844,98.73196411132812,97.32420349121094,100.12991333007812,101.20276641845703,101.78899383544922,103.36827087402344,102.61091613769531,104.29285430908203,104.78549194335938,106.23088073730469,107.44766235351562,103.3247299194336,106.90182495117188,105.36128234863281,105.08092498779297,107.2800064086914,102.61579132080078,108.24047088623047,108.41586303710938,107.20074462890625,107.93516540527344,104.92378234863281,103.57605743408203,98.31072998046875,98.73196411132812,95.63471984863281,91.3509750366211,87.14356231689453,85.09406280517578,79.22752380371094,76.05918884277344,76.0,73.02738952636719,70.028564453125,64.0,67.00746154785156,64.07027435302734,59.00847244262695,59.00847244262695,55.081756591796875,57.00876998901367,55.081756591796875,52.239830017089844,50.48762130737305,47.67599105834961,50.0099983215332
0,-35,-95,10,37,96.31718444824219,97.98469543457031,97.80081939697266,101.6513671875,98.49365234375,95.60334777832031,100.57833099365234,94.33981323242188,98.67117309570312,99.16148376464844,103.07764434814453,104.27847290039062,104.20172882080078,102.88343048095703,103.87010955810547,103.31505584716797,105.54619598388672,101.13357543945312,107.78218841552734,108.22661590576172,104.21611785888672,106.43777465820312,101.07917785644531,107.35455322265625,105.99056243896484,106.43777465820312,104.92378234863281,102.69371795654297,104.67568969726562,97.73944854736328,100.24469757080078,95.88013458251953,89.9888916015625,85.61541748046875,83.43260955810547,79.07591247558594,78.64476776123047,73.54590606689453,69.42621612548828,68.44705963134766,64.13267517089844,63.348243713378906,62.96824645996094,59.53990173339844,57.55866622924805,55.578773498535156,56.4358024597168,52.239830017089844,49.162994384765625,51.03919982910156,50.0099983215332,47.16990661621094
0,-35,-95,11,33,99.76472473144531,101.17806243896484,101.23734283447266,100.5683822631836,102.94173431396484,100.12492370605469,101.82828521728516,100.42410278320312,100.20977783203125,100.43903350830078,103.17460632324219,104.8475112915039,106.32967376708984,105.81587982177734,106.0,107.82392883300781,107.42439270019531,106.67708587646484,105.19029998779297,106.67708587646484,108.0462875366211,107.54068756103516,105.81587982177734,107.82392883300781,108.4066390991211,111.3058853149414,106.50821685791016,107.07473754882812,102.34255981445312,100.0,96.82975006103516,96.54014587402344,92.8493423461914,87.04596710205078,86.37129211425781,82.07313537597656,78.64476776123047,72.91776275634766,72.91776275634766,69.35416412353516,65.76473236083984,65.19202423095703,62.93647766113281,61.52235412597656,59.41380310058594,56.63920974731445,56.080299377441406,54.5618896484375,54.037025451660156,51.400390625,51.03919982910156,49.73931884765625
0,-35,-95,10,37,96.2081069946289,100.6578369140625,96.76776123046875,102.14205932617188,98.03060913085938,97.71898651123047,98.49365234375,97.26766967773438,97.98469543457031,99.04039764404297,101.0,100.84146118164062,101.60708618164062,102.8250961303711,104.93807983398438,103.5857162475586,105.47511291503906,101.71037292480469,106.38138580322266,104.58011627197266,104.8093490600586,105.80170440673828,102.956298828125,105.23307800292969,106.67708587646484,107.05606079101562,106.53168487548828,103.7545166015625,102.61091613769531,100.0199966430664,96.3016128540039,94.11163330078125,91.48223876953125,85.070556640625,83.16850280761719,80.0062484741211,78.10890197753906,73.38937377929688,69.28924560546875,67.67569732666016,65.45991516113281,66.48307800292969,60.74536895751953,58.872745513916016,56.46237564086914,54.625999450683594,55.94640350341797,52.39274597167969,53.66563034057617,50.6063232421875,48.54894256591797,47.70744323730469
0,-35,-95,10,36,93.77099609375,92.22798156738281,96.50906372070312,91.4111557006836,94.72592163085938,92.76313781738281,92.41753387451172,91.4439697265625,93.86160278320312,95.21029663085938,95.88013458251953,97.08243560791016,98.67117309570312,99.02020263671875,95.5196304321289,99.02020263671875,95.85926818847656,99.95999145507812,99.72462463378906,101.51354217529297,99.29753112792969,99.6242904663086,99.6242904663086,101.0197982788086,102.45974731445312,99.92997741699219,99.45853424072266,97.01546478271484,96.7729263305664,95.90099334716797,90.25519561767578,91.24143981933594,87.69264221191406,82.38932037353516,79.4040298461914,75.66372680664062,74.4311752319336,72.3394775390625,66.18912506103516,64.1248779296875,62.12889862060547,58.13776779174805,61.073726654052734,55.009090423583984,56.035701751708984,52.0,54.0,51.03919982910156,49.09175109863281,48.093658447265625,46.389652252197266,45.89117431640625
0,-35,-95,10,37,99.18164825439453,97.04637908935547,98.04590606689453,100.0,97.02061462402344,97.08243560791016,96.33275604248047,96.42095184326172,97.62171936035156,100.84146118164062,99.72462463378906,103.94710540771484,101.27191162109375,103.7545166015625,103.24727630615234,104.3455810546875,105.75916290283203,103.94229125976562,103.81233215332031,105.01904296875,106.51290893554688,105.75916290283203,102.18121337890625,108.68302154541016,107.51744079589844,106.09900665283203,104.08650207519531,106.0660171508789,102.70345306396484,99.60923767089844,95.2575454711914,92.34716796875,92.04889678955078,87.09190368652344,84.09518432617188,79.00633239746094,74.00675964355469,73.06161499023438,70.06425476074219,68.0,66.00757598876953,66.0,62.00806427001953,60.0333251953125,58.00862121582031,56.14267349243164,55.145263671875,55.226806640625,51.62363815307617,51.195701599121094,49.47726821899414,47.12748718261719
0,-35,-95,11,33,100.84642028808594,95.85405731201172,101.19288635253906,101.0197982788086,101.843017578125,97.40636444091797,99.32774353027344,96.84007263183594,100.42410278320312,102.35721588134766,102.1077880859375,102.18121337890625,104.56098937988281,104.13932800292969,102.59142303466797,106.21205139160156,104.56098937988281,104.23531341552734,105.07616424560547,106.0660171508789,104.7377700805664,105.54619598388672,105.9056167602539,109.83624267578125,106.8877944946289,106.51290893554688,105.26158142089844,103.81233215332031,101.39033508300781,104.12012481689453,95.81753540039062,96.13532257080078,92.4770278930664,86.72946166992188,83.00602722167969,83.77350616455078,79.47956085205078,74.84651184082031,70.26378631591797,67.97793579101562,64.47480010986328,63.158531188964844,64.07807922363281,59.93329620361328,56.35601043701172,55.94640350341797,53.851646423339844,52.839378356933594,53.33854293823242,51.865211486816406,50.6063232421875,48.27007293701172
0,-35,-95,10,37,94.79451751708984,99.03534698486328,95.4620361328125,96.8968505859375,94.84724426269531,96.33275604248047,95.90099334716797,94.02127075195312,99.02020263671875,96.60745239257812,97.20082092285156,98.73702239990234,100.40418243408203,101.2422866821289,103.77379608154297,102.21546173095703,101.71037292480469,98.27003479003906,104.31682586669922,103.44564056396484,100.84642028808594,105.67875671386719,99.12618255615234,105.19029998779297,104.9571304321289,106.53168487548828,104.8475112915039,99.86490631103516,101.83319854736328,94.40338897705078,94.02127075195312,91.83136749267578,90.02777099609375,84.2199478149414,82.97589874267578,79.24645233154297,74.3303451538086,70.00714111328125,69.42621612548828,67.94115447998047,63.03173828125,64.38167572021484,62.2414665222168,59.41380310058594,56.58621597290039,53.740116119384766,54.451812744140625,54.488529205322266,51.22499465942383,53.413482666015625,48.25971221923828,46.3249397277832
0,-35,-95,10,37,94.4933853149414,95.67131042480469,91.9673843383789,96.2081069946289,92.6336898803711,96.16651916503906,94.11163330078125,94.3663101196289,95.67131042480469,95.90099334716797,97.18538665771484,96.40020751953125,97.80081939697266,98.60020446777344,100.60317993164062,99.86490631103516,104.29285430908203,98.22932434082031,102.90287017822266,101.51354217529297,99.86490631103516,102.07839965820312,98.0051040649414,105.11898040771484,104.40306854248047,103.2279052734375,102.2007827758789,98.08159637451172,102.303466796875,95.2680435180664,94.11163330078125,90.60904693603516,89.09545135498047,82.73451232910156,80.62257385253906,75.74298858642578,73.0,70.0927963256836,67.35725402832031,68.01470184326172,58.898216247558594,62.28964614868164,60.20797348022461,58.0,54.5618896484375,51.7397346496582,52.63079071044922,50.80354309082031,49.40647888183594,48.87739944458008,47.16990661621094,45.617977142333984
0,-35,-95,11,33,96.3016128540039,96.54014587402344,97.29337310791016,98.06120300292969,95.90099334716797,97.86214447021484,95.03683471679688,95.63471984863281,97.41663360595703,96.25486755371094,99.50376892089844,101.2422866821289,100.07997131347656,101.07917785644531,101.04454803466797,103.00485229492188,100.00499725341797,100.00499725341797,104.00480651855469,102.00489807128906,102.00489807128906,105.0,102.00489807128906,105.01904296875,104.01922607421875,103.01941680908203,104.07689666748047,101.12368774414062,100.24469757080078,96.33275604248047,93.64827728271484,91.4439697265625,87.132080078125,86.14522552490234,81.04936981201172,78.44743347167969,75.50496673583984,70.61161041259766,69.63475799560547,66.4906005859375,64.53681182861328,62.36986541748047,62.585941314697266,60.20797348022461,57.27128601074219,56.51548385620117,53.16013717651367,53.16013717651367,52.201534271240234,50.695167541503906,48.84669876098633,46.957427978515625
0,-35,-95,10,37,97.69339752197266,98.23441314697266,101.13357543945312,101.13357543945312,99.31767272949219,97.04637908935547,101.53324890136719,97.52947998046875,98.61541748046875,98.1121826171875,101.71037292480469,101.3558120727539,103.46497344970703,102.90287017822266,103.46980285644531,104.62313079833984,103.81233215332031,105.68348693847656,105.60302734375,106.8316421508789,106.25440979003906,106.60675048828125,103.17460632324219,108.72441864013672,107.070068359375,107.37783813476562,107.18675231933594,106.32967376708984,101.71037292480469,98.88377380371094,94.81033325195312,94.84724426269531,89.55445098876953,84.69356536865234,83.38465118408203,81.3449478149414,77.8331527709961,74.3303451538086,71.16881561279297,67.06713104248047,64.8459701538086,63.5688591003418,64.25729370117188,61.6846809387207,58.18934631347656,57.00876998901367,52.88667297363281,54.120235443115234,50.635955810546875,49.497474670410156,49.36598205566406,47.16990661621094
0,-35,-95,10,37,92.59049987792969,94.8946762084961,94.82615661621094,98.0051040649414,93.91485595703125,93.91485595703125,95.2732925415039,94.02127075195312,94.02127075195312,93.98403930664062,96.79875946044922,98.67117309570312,100.96038818359375,101.2422866821289,101.92153930664062,100.68763732910156,101.39033508300781,99.72462463378906,101.86756134033203,102.88343048095703,102.88343048095703,103.3247299194336,99.45853424072266,103.3247299194336,104.8093490600586,101.92153930664062,103.4069595336914,99.6242904663086,99.95999145507812,96.2081069946289,95.75489807128906,93.03762817382812,86.76404571533203,84.9705810546875,81.88406372070312,78.29431915283203,72.89718627929688,69.35416412353516,67.08203887939453,64.49806213378906,62.64982223510742,61.29437255859375,59.53990173339844,57.80138397216797,55.226806640625,53.0,53.0,51.61395263671875,51.61395263671875,50.21951675415039,48.83646011352539,45.96738052368164
0,-35,-95,10,37,99.18164825439453,97.08243560791016,100.60317993164062,100.31948852539062,99.60923767089844,100.60317993164062,99.29753112792969,98.31072998046875,100.62306213378906,102.61091613769531,103.36827087402344,102.88343048095703,105.51303100585938,105.08092498779297,102.35721588134766,107.85638427734375,103.44564056396484,106.32027435302734,104.9952392578125,107.20541381835938,106.32027435302734,108.52188873291016,105.36128234863281,109.11003875732422,107.2800064086914,105.51303100585938,106.48004150390625,105.75916290283203,102.18121337890625,102.77159118652344,98.31072998046875,98.0051040649414,91.78779602050781,88.56636047363281,84.59314727783203,82.2982406616211,78.23043060302734,74.06078338623047,70.11418914794922,70.1783447265625,66.06814575195312,62.12889862060547,64.1248779296875,60.0333251953125,58.00862121582031,57.00876998901367,56.00892639160156,55.009090423583984,55.145263671875,51.244510650634766,50.48762130737305,46.69047164916992
0,-35,-95,10,37,95.7131118774414,94.41397857666016,98.41239929199219,95.77056121826172,95.88013458251953,89.69392395019531,95.18928527832031,94.33981323242188,95.69221496582031,96.60745239257812,98.60020446777344,100.2646484375,100.76705932617188,100.76705932617188,99.02020263671875,103.4794692993164,101.23734283447266,103.07764434814453,100.4987564086914,102.8250961303711,100.12492370605469,102.72779846191406,101.41498565673828,105.38026428222656,103.4794692993164,102.17631530761719,102.44998931884766,102.2007827758789,97.00515747070312,96.60745239257812,92.11405944824219,90.21086120605469,89.06739044189453,82.36504364013672,83.72574615478516,77.5241928100586,74.79304504394531,70.23532104492188,68.88395690917969,65.7419204711914,64.0078125,61.29437255859375,62.169124603271484,56.79788589477539,54.5618896484375,52.39274597167969,52.801513671875,50.695167541503906,51.26402282714844,49.33558654785156,47.29693603515625,45.12205505371094
0,-35,-95,10,36,93.92018127441406,94.2443618774414,95.21029663085938,94.5568618774414,93.14505004882812,93.40770721435547,94.11163330078125,92.41753387451172,96.10411071777344,94.3663101196289,98.47842407226562,97.16481018066406,97.62171936035156,97.73944854736328,98.85848236083984,99.60923767089844,96.7470932006836,97.73944854736328,99.60923767089844,99.98500061035156,99.29753112792969,98.85848236083984,98.99494934082031,101.40019989013672,103.09703826904297,102.1077880859375,99.82484436035156,99.04039764404297,97.51409912109375,96.04686737060547,92.72000885009766,90.13877868652344,87.92041778564453,83.16850280761719,80.3243408203125,78.18567657470703,73.38937377929688,70.00714111328125,67.62396240234375,63.158531188964844,62.7694206237793,59.236812591552734,59.236812591552734,57.27128601074219,57.27128601074219,54.12947463989258,52.35456085205078,51.4781494140625,51.107730865478516,48.25971221923828,46.87216567993164,46.22769546508789
0,-35,-95,10,37,97.86214447021484,98.31072998046875,100.22474670410156,100.89598846435547,98.27003479003906,97.26766967773438,99.45853424072266,97.41663360595703,98.03060913085938,101.59232330322266,100.90093994140625,102.55242919921875,103.07764434814453,104.78549194335938,102.15674591064453,109.59014892578125,104.20172882080078,106.92988586425781,104.20172882080078,105.11898040771484,105.60302734375,109.123779296875,104.21611785888672,109.12836456298828,106.45186614990234,105.19029998779297,106.10372161865234,106.6208267211914,100.46392059326172,99.72462463378906,96.79875946044922,95.21029663085938,90.44335174560547,87.36132049560547,83.93450164794922,78.84795379638672,80.52328491210938,73.54590606689453,69.37578582763672,66.94026947021484,66.94026947021484,61.84658432006836,64.76110076904297,60.87692642211914,57.723480224609375,57.070133209228516,55.73149871826172,54.7448616027832,50.2493782043457,50.35871505737305,50.03998565673828,47.01063537597656
0,-35,-95,10,36,92.72000885009766,94.64142608642578,91.4166259765625,95.18928527832031,91.7060546875,93.04837799072266,92.11405944824219,94.42987060546875,95.4620361328125,93.471923828125,94.3716049194336,96.25486755371094,96.7470932006836,98.61541748046875,101.59724426269531,98.1121826171875,100.7223892211914,95.77056121826172,101.87246704101562,99.12618255615234,100.34440612792969,100.7223892211914,95.01578521728516,101.54801940917969,101.3558120727539,99.84988403320312,102.88343048095703,97.57561492919922,99.80982208251953,91.38927459716797,92.4770278930664,90.13877868652344,88.54377746582031,82.56512451171875,81.04319763183594,74.3303451538086,70.88018035888672,68.96376037597656,67.72000885009766,67.44627380371094,60.63827133178711,58.694122314453125,57.00876998901367,57.48912811279297,55.54277801513672,52.39274597167969,54.12947463989258,49.497474670410156,48.50773239135742,48.3735466003418,48.041648864746094,47.01063537597656
0,-35,-95,11,33,93.68030548095703,92.02716827392578,93.40770721435547,93.96276092529297,93.96276092529297,90.9560317993164,93.14505004882812,94.3663101196289,93.62158203125,92.76313781738281,95.35198211669922,97.01546478271484,97.62171936035156,96.7470932006836,98.99494934082031,97.51409912109375,100.4987564086914,97.41663360595703,100.4987564086914,99.60923767089844,98.99494934082031,99.72462463378906,97.86725616455078,103.3924560546875,101.83319854736328,100.9752426147461,101.20276641845703,98.06120300292969,98.27003479003906,94.14881896972656,89.5600357055664,90.13877868652344,85.38150024414062,82.54090118408203,80.05622863769531,74.46475982666016,72.80110168457031,67.779052734375,67.779052734375,62.3939094543457,60.74536895751953,62.7694206237793,58.30952072143555,55.94640350341797,54.5618896484375,53.23532485961914,52.839378356933594,51.0,50.2493782043457,48.25971221923828,46.40043258666992,45.0
0,-35,-95,11,33,98.79270935058594,99.16148376464844,98.61541748046875,97.30878448486328,101.0197982788086,94.84724426269531,97.49359130859375,95.77056121826172,100.23971557617188,100.84642028808594,98.27003479003906,101.78899383544922,103.17460632324219,105.11898040771484,102.34255981445312,106.8316421508789,104.04325866699219,102.34255981445312,103.4069595336914,106.8316421508789,103.2279052734375,106.8316421508789,104.86181640625,106.40018463134766,109.28861236572266,103.73042297363281,107.37783813476562,102.39628601074219,99.4786376953125,98.48857879638672,94.82615661621094,94.3716049194336,90.3382568359375,86.33075714111328,83.38465118408203,81.1541748046875,77.6208724975586,72.61542510986328,71.69379425048828,66.85057830810547,66.85057830810547,64.07807922363281,61.84658432006836,58.18934631347656,58.30952072143555,55.36244201660156,53.141319274902344,53.16013717651367,51.92301940917969,51.41984176635742,46.87216567993164,45.54119110107422
0,-35,-95,10,37,95.60334777832031,99.48869323730469,95.13148498535156,99.63935089111328,92.19544219970703,95.67131042480469,94.79451751708984,94.75231170654297,97.58073425292969,95.52486419677734,98.35140991210938,100.89598846435547,102.303466796875,101.67103576660156,104.48445129394531,100.42410278320312,105.0,99.80982208251953,101.83319854736328,105.0,102.2007827758789,103.81233215332031,100.60317993164062,104.62313079833984,104.8093490600586,104.8093490600586,105.11898040771484,99.90495300292969,102.72779846191406,97.0,94.06912231445312,91.93476104736328,90.55384826660156,84.2199478149414,83.54639434814453,77.33692169189453,76.05918884277344,73.66138458251953,68.11754608154297,69.65629577636719,63.03173828125,60.95900344848633,61.073726654052734,58.898216247558594,58.2580451965332,52.801513671875,53.600372314453125,52.430908203125,49.648765563964844,49.92995071411133,48.764739990234375,48.30113983154297
0,-35,-95,11,32,97.01546478271484,97.01546478271484,95.12622833251953,99.46356201171875,95.12622833251953,95.56673431396484,96.31718444824219,96.3016128540039,96.04686737060547,93.60555267333984,99.95999145507812,99.16148376464844,100.46392059326172,101.23734283447266,101.39033508300781,102.15674591064453,104.3886947631836,98.61541748046875,107.01869201660156,103.61949920654297,104.177734375,105.84894561767578,100.08995819091797,105.55093383789062,105.19029998779297,106.23088073730469,104.67568969726562,98.97979736328125,101.19288635253906,95.21029663085938,96.54014587402344,93.62158203125,89.26925659179688,84.72307586669922,81.88406372070312,78.44743347167969,77.66595458984375,70.03570556640625,69.23149871826172,69.05070495605469,63.95310592651367,64.77654266357422,60.67124557495117,59.6824951171875,59.41380310058594,56.32051086425781,55.145263671875,51.088157653808594,48.010414123535156,51.009803771972656,49.01020431518555,48.166378021240234
0,-35,-95,11,33,99.92997741699219,100.24469757080078,98.68130493164062,102.14205932617188,100.08995819091797,97.30878448486328,100.7223892211914,97.08243560791016,99.74467468261719,101.07422637939453,101.07917785644531,103.7545166015625,104.8093490600586,105.67875671386719,105.19029998779297,104.30723571777344,105.47511291503906,105.81587982177734,106.53168487548828,107.070068359375,103.94229125976562,108.45275115966797,105.19029998779297,107.37783813476562,108.5587387084961,109.41663360595703,106.89247131347656,104.23531341552734,104.20172882080078,99.31767272949219,96.93296813964844,94.93682098388672,91.38927459716797,85.79627227783203,83.81526947021484,81.27114868164062,77.79460144042969,72.42237091064453,71.47027587890625,67.67569732666016,65.45991516113281,64.19501495361328,62.297672271728516,60.16643524169922,57.723480224609375,53.600372314453125,53.15073013305664,53.15073013305664,51.62363815307617,50.635955810546875,48.166378021240234,49.01020431518555
0,-35,-95,10,36,95.56673431396484,97.29337310791016,95.90099334716797,97.67292022705078,96.17691802978516,96.17691802978516,94.42987060546875,95.33625030517578,94.2602767944336,97.18538665771484,99.12618255615234,98.04590606689453,101.00495147705078,101.00495147705078,103.0,103.01941680908203,103.0436782836914,99.0,104.17293548583984,104.12012481689453,102.04410552978516,102.12247467041016,101.04454803466797,106.11785888671875,107.01869201660156,103.00485229492188,106.00471496582031,101.12368774414062,100.17984008789062,96.25486755371094,93.77099609375,91.78779602050781,90.79647827148438,84.85281372070312,82.03657531738281,77.92945861816406,76.11833190917969,69.42621612548828,69.63475799560547,65.51335906982422,63.78871536254883,63.150611877441406,59.03388977050781,57.723480224609375,56.08921432495117,53.36665725708008,52.63079071044922,52.88667297363281,50.28916549682617,49.04079818725586,49.76947021484375,45.617977142333984
0,-35,-95,10,37,99.20181274414062,97.01546478271484,99.82484436035156,100.80674743652344,100.22474670410156,96.33794403076172,98.99494934082031,98.50888061523438,98.50888061523438,101.40019989013672,102.31324768066406,103.17460632324219,104.04325866699219,104.01922607421875,103.23758697509766,109.00458526611328,102.01960754394531,105.0047607421875,104.0,106.00471496582031,108.01851654052734,108.00463104248047,104.04325866699219,109.01834869384766,106.00471496582031,105.0428466796875,105.1712875366211,105.3043212890625,103.31021118164062,102.39628601074219,94.76286315917969,97.01546478271484,92.07062530517578,88.28363037109375,83.54639434814453,80.60397338867188,79.42921447753906,72.2772445678711,71.58910369873047,64.76110076904297,65.51335906982422,61.84658432006836,64.76110076904297,61.61168670654297,59.203041076660156,53.851646423339844,54.4058837890625,54.120235443115234,53.712196350097656,49.76947021484375,48.84669876098633,48.87739944458008
0,-35,-95,10,37,98.32598876953125,96.6281509399414,97.86725616455078,98.61541748046875,97.01546478271484,97.01546478271484,96.8813705444336,95.34149169921875,95.56673431396484,97.52947998046875,99.45853424072266,100.68763732910156,103.16007232666016,102.2007827758789,102.48902130126953,101.843017578125,100.88111877441406,100.88111877441406,102.78618621826172,103.74005889892578,105.6503677368164,104.9952392578125,103.16007232666016,103.09219360351562,103.74005889892578,104.40306854248047,103.3247299194336,102.39140319824219,101.20276641845703,97.67292022705078,95.03683471679688,93.90420532226562,90.44888305664062,84.38008880615234,81.3019027709961,80.3056640625,75.23961639404297,74.1687240600586,70.06425476074219,67.02984619140625,64.0078125,61.13100814819336,62.00806427001953,59.0,59.0,55.009090423583984,54.037025451660156,54.147945404052734,52.08646774291992,49.497474670410156,46.69047164916992,46.3249397277832
0,-35,-95,10,37,93.34880828857422,92.6552734375,94.06912231445312,92.6552734375,94.76286315917969,92.69843292236328,94.17536926269531,94.3663101196289,94.3663101196289,93.60021209716797,95.8018798828125,96.26006317138672,98.47334289550781,98.47334289550781,97.6524429321289,99.86490631103516,99.02020263671875,98.18350219726562,99.5690689086914,99.85990142822266,98.47334289550781,101.25709533691406,97.90811920166016,101.78899383544922,102.62553405761719,99.5690689086914,100.60317993164062,99.48869323730469,97.18538665771484,95.01578521728516,89.8276138305664,89.09545135498047,88.41380310058594,80.62257385253906,79.39773559570312,75.74298858642578,70.76722717285156,70.93659210205078,66.70832061767578,65.19202423095703,62.36986541748047,60.4400520324707,60.30754470825195,54.81787872314453,55.60575485229492,50.80354309082031,53.600372314453125,52.69725036621094,49.92995071411133,47.50789260864258,46.52956008911133,45.694637298583984
0,-35,-95,10,36,95.56673431396484,94.72592163085938,96.33794403076172,96.69022369384766,95.18928527832031,91.08238220214844,92.54188537597656,92.34716796875,94.33981323242188,95.18928527832031,96.13011932373047,97.1287841796875,98.08159637451172,100.00499725341797,98.0,101.04454803466797,100.0199966430664,100.0199966430664,98.08159637451172,101.0197982788086,101.00495147705078,103.01941680908203,100.0,102.00489807128906,102.00489807128906,100.04499053955078,101.12368774414062,99.18164825439453,96.25486755371094,97.41663360595703,90.93404388427734,90.93404388427734,88.1192398071289,84.92938232421875,82.76472473144531,78.26238250732422,73.75635528564453,67.91170501708984,69.37578582763672,63.78871536254883,63.324562072753906,60.41522979736328,62.09669876098633,56.75385284423828,55.081756591796875,52.201534271240234,53.45091247558594,51.54609680175781,50.9215087890625,48.46648406982422,47.85394287109375,45.79301071166992
0,-35,-95,10,37,98.59513092041016,99.2471694946289,103.24727630615234,98.35140991210938,99.72462463378906,97.58073425292969,102.53292083740234,97.67292022705078,99.15644073486328,100.00499725341797,102.303466796875,104.01922607421875,104.20172882080078,105.60302734375,104.20172882080078,107.41508483886719,104.62313079833984,104.04325866699219,105.9480972290039,109.55364227294922,105.80170440673828,106.25440979003906,105.20931243896484,107.64757537841797,107.41508483886719,104.62313079833984,105.26158142089844,105.11898040771484,103.5857162475586,99.2471694946289,94.76286315917969,94.76286315917969,94.11163330078125,86.45230102539062,83.48652648925781,81.3449478149414,77.23341369628906,73.75635528564453,72.24956512451172,67.26811981201172,66.52819061279297,63.03173828125,63.78087615966797,60.20797348022461,58.2580451965332,55.0,55.803226470947266,53.00943374633789,53.5350341796875,51.107730865478516,48.764739990234375,46.097721099853516
0,-35,-95,11,33,97.41663360595703,96.42095184326172,99.72462463378906,96.51942443847656,96.02603912353516,92.9139404296875,96.33794403076172,94.72592163085938,96.10411071777344,96.5660400390625,98.23441314697266,100.28459167480469,99.92997741699219,101.19288635253906,100.57833099365234,104.04325866699219,101.51354217529297,103.09219360351562,102.31813049316406,101.51354217529297,100.28459167480469,103.09219360351562,98.97979736328125,102.78618621826172,104.04325866699219,101.53324890136719,101.6513671875,102.1077880859375,97.01546478271484,98.06120300292969,91.7823486328125,91.24143981933594,88.81441497802734,84.59314727783203,81.39410400390625,80.62257385253906,75.42546081542969,70.45565795898438,68.35934448242188,66.12110137939453,64.07027435302734,62.12889862060547,61.073726654052734,57.14017868041992,57.03507614135742,52.038448333740234,52.0,51.03919982910156,51.088157653808594,50.08992004394531,47.26520919799805,47.07440948486328
0,-35,-95,10,36,96.18731689453125,95.2575454711914,95.33625030517578,93.53608703613281,94.64142608642578,91.78779602050781,93.05912017822266,93.17188262939453,92.96235656738281,94.14881896972656,96.8813705444336,97.51409912109375,98.95453643798828,99.20181274414062,97.26766967773438,101.39033508300781,98.76234436035156,100.68763732910156,98.76234436035156,100.0,99.45853424072266,101.2422866821289,98.49365234375,102.88343048095703,102.1077880859375,99.72462463378906,99.2471694946289,101.78899383544922,95.35198211669922,95.88534545898438,91.66242218017578,91.4439697265625,88.45903015136719,84.2911605834961,80.22468566894531,78.05767059326172,72.00694274902344,71.00704193115234,65.0076904296875,64.0078125,64.0078125,59.00847244262695,60.0,58.00862121582031,55.145263671875,53.15073013305664,53.0848388671875,51.15662384033203,50.35871505737305,50.635955810546875,47.07440948486328,45.221675872802734
0,-35,-95,10,37,95.8018798828125,94.64142608642578,98.08159637451172,97.08243560791016,96.13532257080078,95.18928527832031,97.73944854736328,94.15412902832031,94.93682098388672,95.85405731201172,100.7223892211914,97.94386291503906,99.74467468261719,98.88377380371094,101.96568298339844,104.31682586669922,100.7223892211914,99.76472473144531,103.83159637451172,102.4743881225586,101.07422637939453,102.4743881225586,100.17984008789062,103.353759765625,102.85912322998047,103.7545166015625,102.956298828125,100.7223892211914,99.5389404296875,96.93296813964844,95.81753540039062,91.39474487304688,89.1852035522461,85.86617279052734,80.52328491210938,78.58753204345703,77.36924743652344,68.65857696533203,66.70832061767578,65.51335906982422,64.53681182861328,62.817195892333984,62.96824645996094,60.20797348022461,56.88584899902344,54.58937454223633,54.58937454223633,51.244510650634766,50.15974426269531,49.04079818725586,48.010414123535156,46.27094268798828
0,-35,-95,10,37,94.5409927368164,95.34149169921875,97.04637908935547,95.2732925415039,94.81033325195312,93.02149963378906,93.53608703613281,95.01578521728516,95.52486419677734,95.41488647460938,98.79270935058594,98.73702239990234,101.0197982788086,102.41581726074219,100.0,102.61579132080078,98.85848236083984,101.212646484375,100.76705932617188,101.82828521728516,101.67103576660156,103.07764434814453,101.40019989013672,104.01922607421875,104.01922607421875,101.60708618164062,102.64988708496094,99.5690689086914,98.18350219726562,94.66783905029297,93.29522705078125,91.30169677734375,89.47066497802734,82.76472473144531,80.95059967041016,78.71467590332031,72.49827575683594,71.17584228515625,67.5425796508789,66.70832061767578,62.2414665222168,61.741397857666016,61.09828186035156,55.94640350341797,54.230987548828125,53.851646423339844,51.62363815307617,51.26402282714844,50.28916549682617,48.50773239135742,49.030601501464844,46.389652252197266
