timestamp,rssi,noise_floor,agc_gain,fft_gain,subcarrier_0,subcarrier_1,subcarrier_2,subcarrier_3,subcarrier_4,subcarrier_5,subcarrier_6,subcarrier_7,subcarrier_8,subcarrier_9,subcarrier_10,subcarrier_11,subcarrier_12,subcarrier_13,subcarrier_14,subcarrier_15,subcarrier_16,subcarrier_17,subcarrier_18,subcarrier_19,subcarrier_20,subcarrier_21,subcarrier_22,subcarrier_23,subcarrier_24,subcarrier_25,subcarrier_26,subcarrier_27,subcarrier_28,subcarrier_29,subcarrier_30,subcarrier_31,subcarrier_32,subcarrier_33,subcarrier_34,subcarrier_35,subcarrier_36,subcarrier_37,subcarrier_38,subcarrier_39,subcarrier_40,subcarrier_41,subcarrier_42,subcarrier_43,subcarrier_44,subcarrier_45,subcarrier_46,subcarrier_47,subcarrier_48,subcarrier_49,subcarrier_50,subcarrier_51
0,-42.0,-96,16,15,71.84010314941406,70.60453033447266,69.37578582763672,66.7607650756836,63.60031509399414,61.032779693603516,58.52349853515625,55.36244201660156,53.45091247558594,51.92301940917969,50.59644317626953,49.04079818725586,46.840152740478516,44.643028259277344,43.17406463623047,41.9761848449707,40.79215621948242,38.832977294921875,38.63935852050781,37.336307525634766,36.49657440185547,35.35533905029297,34.525352478027344,34.2344856262207,33.37664031982422,32.38827133178711,32.38827133178711,29.42787742614746,29.27456283569336,28.44292449951172,26.476404190063477,26.476404190063477,24.515300750732422,23.53720474243164,22.803508758544922,22.135944366455078,21.189620971679688,19.313207626342773,18.384777069091797,17.0880069732666,16.155494689941406,14.317821502685547,13.416407585144043,11.661903381347656,11.180339813232422,10.29563045501709,9.433980941772461,9.433980941772461,8.602325439453125,5.830951690673828,6.7082037925720215,5.830951690673828
0,-42.0,-96,16,15,73.06161499023438,70.49113464355469,67.23094177246094,65.51335906982422,62.96824645996094,60.20797348022461,58.52349853515625,56.30275344848633,53.5350341796875,50.2493782043457,50.2493782043457,48.3735466003418,46.52956008911133,44.29446792602539,44.29446792602539,41.59326934814453,41.146080017089844,39.357337951660156,39.39543151855469,37.161808013916016,36.67424011230469,34.928497314453125,34.928497314453125,33.241539001464844,32.69556427001953,32.69556427001953,31.78049659729004,29.546573638916016,28.635643005371094,28.23118782043457,26.4007568359375,26.832815170288086,25.05992889404297,24.1867733001709,23.323806762695312,21.095022201538086,20.248456954956055,19.416488647460938,18.601076126098633,17.20465087890625,16.401220321655273,15.81138801574707,14.21267032623291,12.806248664855957,12.041594505310059,11.313708305358887,10.0,7.8102498054504395,7.071067810058594,7.071067810058594,6.4031243324279785,5.656854152679443
0,-42.0,-96,16,14,70.1783447265625,66.70832061767578,66.60330200195312,63.25345993041992,61.84658432006836,58.41232681274414,57.00876998901367,53.413482666015625,52.63079071044922,50.6063232421875,49.20365905761719,46.86149978637695,45.45327377319336,43.27817153930664,40.45985794067383,40.360870361328125,39.623226165771484,38.94868469238281,36.769554138183594,36.769554138183594,35.35533905029297,34.65544509887695,33.941123962402344,33.241539001464844,31.827661514282227,30.4138126373291,29.698484420776367,29.698484420776367,27.58622932434082,27.58622932434082,26.248809814453125,24.83948516845703,24.20743751525879,23.600847244262695,23.021728515625,21.63330841064453,19.416488647460938,18.357559204101562,17.492855072021484,15.65247631072998,15.65247631072998,13.892443656921387,13.416407585144043,12.083045959472656,10.770329475402832,9.848857879638672,9.486832618713379,8.246211051940918,7.280109882354736,6.324555397033691,6.324555397033691,5.385164737701416
0,-42.0,-96,16,14,68.44705963134766,67.11929321289062,63.56099319458008,62.7694206237793,60.008331298828125,57.384666442871094,54.7813835144043,51.62363815307617,51.62363815307617,48.332183837890625,47.423622131347656,46.51881408691406,43.8292121887207,42.48529052734375,40.70626449584961,40.31128692626953,38.94868469238281,36.715118408203125,36.359317779541016,35.84689712524414,33.61547088623047,34.13209533691406,30.528675079345703,32.202484130859375,31.62277603149414,31.064449310302734,30.232433319091797,28.301942825317383,27.784887313842773,27.459060668945312,26.07680892944336,24.1867733001709,23.706539154052734,22.360679626464844,21.02379608154297,20.124610900878906,19.697715759277344,17.464248657226562,17.464248657226562,17.0880069732666,14.560219764709473,14.560219764709473,12.649110794067383,12.369317054748535,11.180339813232422,9.219544410705566,9.219544410705566,8.062257766723633,7.280109882354736,7.071067810058594,5.099019527435303,5.099019527435303
0,-42.0,-96,15,19,72.06246948242188,69.065185546875,68.02940368652344,66.0302963256836,62.032249450683594,60.0,58.0,56.0,53.0,51.009803771972656,49.01020431518555,48.041648864746094,46.04345703125,44.10215377807617,42.04759216308594,42.04759216308594,40.112342834472656,38.11823654174805,38.327537536621094,37.336307525634766,36.22154235839844,34.36568069458008,33.241539001464844,34.36568069458008,32.38827133178711,32.38827133178711,29.154760360717773,29.154760360717773,28.160255432128906,27.073972702026367,26.019224166870117,26.07680892944336,24.0,23.0,22.0,21.0,21.0,18.027755737304688,18.11077117919922,16.031219482421875,15.132745742797852,14.317821502685547,13.152946472167969,12.165525436401367,11.180339813232422,9.219544410705566,8.246211051940918,8.246211051940918,6.082762718200684,5.385164737701416,5.099019527435303,5.385164737701416
0,-42.0,-96,16,14,72.06246948242188,67.02984619140625,65.03076171875,64.0,62.0,58.0,56.0,55.0,53.0,50.0,49.01020431518555,47.04253387451172,46.04345703125,43.046485900878906,41.04875183105469,41.19466018676758,39.20458984375,38.20994567871094,36.22154235839844,36.22154235839844,34.2344856262207,34.2344856262207,33.241539001464844,33.37664031982422,31.400636672973633,31.400636672973633,30.265491485595703,29.27456283569336,28.160255432128906,27.166154861450195,26.07680892944336,25.01999282836914,24.0,23.0,23.0,21.0,20.0,19.0,17.0,16.124515533447266,15.033296585083008,14.142135620117188,12.165525436401367,12.165525436401367,11.180339813232422,10.198039054870605,9.219544410705566,9.219544410705566,7.280109882354736,7.280109882354736,5.099019527435303,4.0
0,-42.0,-96,16,14,68.18357849121094,65.12296295166016,65.12296295166016,61.032779693603516,60.074954986572266,56.035701751708984,55.03635025024414,52.038448333740234,51.03919982910156,50.03998565673828,48.041648864746094,46.097721099853516,44.10215377807617,42.19004440307617,40.199501037597656,40.4474983215332,38.470767974853516,36.49657440185547,35.693138122558594,36.49657440185547,33.541019439697266,33.734256744384766,32.557640075683594,31.78049659729004,31.575305938720703,30.5941162109375,29.42787742614746,29.42787742614746,27.294687271118164,27.459060668945312,24.1867733001709,25.179357528686523,24.083189010620117,23.0867919921875,22.022714614868164,21.02379608154297,19.0,18.0,17.0,16.0,16.031219482421875,14.0,13.03840446472168,11.0,11.045360565185547,9.05538558959961,9.05538558959961,8.062257766723633,8.062257766723633,7.071067810058594,5.099019527435303,4.0
0,-42.0,-96,16,14,68.88395690917969,65.76473236083984,65.76473236083984,62.265560150146484,61.400325775146484,55.56977462768555,55.56977462768555,52.839378356933594,50.6063232421875,49.24428939819336,47.88528060913086,46.06517028808594,43.382022857666016,42.48529052734375,40.71854782104492,39.81205749511719,38.4837646484375,37.57658767700195,35.46829605102539,35.84689712524414,33.241539001464844,34.1760139465332,33.241539001464844,32.280025482177734,31.62277603149414,30.675724029541016,29.73213768005371,27.513633728027344,26.925823211669922,26.925823211669922,26.0,23.76972770690918,24.166091918945312,22.825424194335938,21.470911026000977,21.470911026000977,19.72308349609375,18.357559204101562,16.6433162689209,15.81138801574707,15.0,13.601470947265625,12.806248664855957,12.041594505310059,9.899495124816895,9.899495124816895,9.899495124816895,7.8102498054504395,7.8102498054504395,6.4031243324279785,5.656854152679443,5.656854152679443
0,-42.0,-96,16,14,68.87670135498047,64.8459701538086,64.8459701538086,62.17716598510742,59.9416389465332,56.35601043701172,55.009090423583984,51.88448715209961,50.08992004394531,47.85394287109375,46.957427978515625,45.617977142333984,44.283180236816406,41.62931823730469,40.31128692626953,39.924930572509766,38.62641525268555,36.400550842285156,36.055511474609375,35.11410140991211,33.83784866333008,34.48188018798828,32.893768310546875,32.280025482177734,31.320919036865234,30.364452362060547,28.160255432128906,29.120439529418945,27.513633728027344,25.961509704589844,25.63201141357422,25.63201141357422,23.76972770690918,21.931713104248047,21.02379608154297,20.615528106689453,19.235383987426758,18.357559204101562,17.492855072021484,15.65247631072998,13.892443656921387,13.892443656921387,13.03840446472168,11.401754379272461,10.0,9.219544410705566,8.062257766723633,8.062257766723633,7.211102485656738,6.4031243324279785,5.0,4.4721360206604
0,-42.0,-96,16,14,68.62215423583984,67.26811981201172,66.60330200195312,63.78087615966797,60.95900344848633,59.03388977050781,56.85068130493164,53.26349639892578,51.088157653808594,49.57822036743164,48.166378021240234,46.010868072509766,45.27692413330078,43.84062194824219,41.01219177246094,40.31128692626953,38.94868469238281,37.53664779663086,37.013511657714844,35.46829605102539,35.38361358642578,33.42155075073242,32.649654388427734,32.202484130859375,30.610456466674805,30.610456466674805,29.20616340637207,28.600698471069336,27.658634185791016,26.4007568359375,25.495098114013672,26.172504425048828,24.75883674621582,22.627416610717773,21.931713104248047,20.51828384399414,19.10497283935547,18.439088821411133,17.69180679321289,16.401220321655273,15.0,14.422204971313477,12.206555366516113,11.401754379272461,10.816654205322266,8.602325439453125,8.062257766723633,8.062257766723633,8.062257766723633,6.7082037925720215,5.385164737701416,4.4721360206604
0,-42.0,-96,16,14,69.37578582763672,66.94026947021484,66.94026947021484,63.56099319458008,60.63827133178711,59.228370666503906,56.29387283325195,54.12947463989258,51.195701599121094,49.24428939819336,48.27007293701172,46.3249397277832,44.643028259277344,42.72002029418945,42.44997024536133,39.84971618652344,37.947330474853516,37.64305877685547,37.336307525634766,36.055511474609375,35.11410140991211,34.1760139465332,32.893768310546875,33.241539001464844,32.31098937988281,31.016124725341797,29.4108829498291,28.792360305786133,28.460498809814453,26.248809814453125,25.0,25.0,24.73863410949707,22.803508758544922,21.3775577545166,20.39607810974121,19.235383987426758,19.10497283935547,16.124515533447266,16.031219482421875,15.0,14.03566837310791,12.041594505310059,12.0,11.0,10.0,9.0,8.0,7.0,6.0,5.0,4.0
0,-42.0,-96,16,14,70.0,69.0,66.0,65.0076904296875,61.0,59.03388977050781,57.0,54.0,53.0,49.0,48.010414123535156,47.0,45.0,44.0113639831543,42.04759216308594,40.04996871948242,40.04996871948242,37.05401611328125,37.2155876159668,36.22154235839844,35.22782897949219,34.36568069458008,32.24903106689453,33.37664031982422,31.256999969482422,31.256999969482422,29.27456283569336,29.068883895874023,28.160255432128906,26.172504425048828,26.019224166870117,25.079872131347656,24.0,23.021728515625,21.0,20.0,19.02629852294922,19.02629852294922,16.031219482421875,16.031219482421875,14.142135620117188,14.142135620117188,12.165525436401367,11.180339813232422,11.180339813232422,9.219544410705566,9.219544410705566,7.280109882354736,6.324555397033691,6.082762718200684,5.385164737701416,5.385164737701416
0,-42.0,-96,15,19,72.3394775390625,69.46221923828125,67.36467742919922,65.4904556274414,62.513999938964844,59.6824951171875,57.55866622924805,56.718605041503906,53.75872039794922,50.48762130737305,49.497474670410156,48.25971221923828,46.27094268798828,44.18144226074219,43.185646057128906,42.19004440307617,40.04996871948242,38.11823654174805,37.05401611328125,37.013511657714844,35.0142822265625,35.0142822265625,33.0151481628418,34.0,32.0,32.0,31.016124725341797,29.017236709594727,29.068883895874023,26.07680892944336,27.073972702026367,26.07680892944336,24.331050872802734,23.194826126098633,21.3775577545166,21.587032318115234,19.416488647460938,18.681541442871094,16.76305389404297,16.76305389404297,15.81138801574707,13.928388595581055,12.083045959472656,11.180339813232422,11.180339813232422,9.848857879638672,8.9442720413208,8.062257766723633,5.830951690673828,5.385164737701416,5.830951690673828,5.385164737701416
0,-42.0,-96,16,15,71.7844009399414,69.89277648925781,67.35725402832031,65.55150604248047,62.62587356567383,60.539241790771484,57.584720611572266,55.36244201660156,53.141319274902344,51.26402282714844,49.97999572753906,47.75981521606445,44.92215347290039,43.680660247802734,41.761226654052734,41.231056213378906,40.26164245605469,39.293766021728516,37.656341552734375,37.656341552734375,35.902645111083984,34.525352478027344,33.734256744384766,33.37664031982422,32.38827133178711,31.400636672973633,30.4138126373291,29.42787742614746,28.44292449951172,27.459060668945312,26.476404190063477,25.70992088317871,24.515300750732422,23.76972770690918,21.840330123901367,20.880613327026367,19.92485809326172,19.313207626342773,17.0880069732666,15.81138801574707,14.317821502685547,13.928388595581055,12.529964447021484,11.180339813232422,10.29563045501709,9.433980941772461,8.9442720413208,7.211102485656738,7.211102485656738,5.830951690673828,5.385164737701416,4.4721360206604
0,-42.0,-96,16,14,67.11929321289062,65.39112854003906,64.07807922363281,62.3939094543457,58.872745513916016,56.080299377441406,54.7813835144043,52.0,49.97999572753906,47.92702865600586,47.16990661621094,45.694637298583984,43.08131790161133,41.231056213378906,39.39543151855469,38.4837646484375,37.57658767700195,35.34119415283203,34.885528564453125,34.885528564453125,34.0,33.12099075317383,32.24903106689453,31.38471031188965,30.01666259765625,30.01666259765625,28.65309715270996,27.294687271118164,26.832815170288086,25.942243576049805,24.166091918945312,23.25940704345703,22.847318649291992,21.540658950805664,21.540658950805664,20.248456954956055,18.681541442871094,16.492422103881836,16.492422103881836,15.524174690246582,14.142135620117188,14.142135620117188,12.165525436401367,12.165525436401367,10.0,9.0,8.062257766723633,8.0,7.0,7.0,5.0,4.0
0,-42.0,-96,16,14,70.43436431884766,66.84310150146484,66.70832061767578,63.12685775756836,62.36986541748047,57.384666442871094,56.080299377441406,53.81449508666992,50.990196228027344,49.67897033691406,48.166378021240234,46.75468063354492,44.68780517578125,42.63801193237305,40.607879638671875,41.400482177734375,38.01315689086914,37.44329071044922,36.055511474609375,34.66987228393555,34.66987228393555,34.66987228393555,33.0151481628418,31.38471031188965,31.62277603149414,30.528675079345703,28.844409942626953,28.844409942626953,27.459060668945312,26.62705421447754,25.0,23.600847244262695,23.600847244262695,22.022714614868164,21.260292053222656,20.51828384399414,19.10497283935547,17.69180679321289,16.278820037841797,15.620499610900879,14.21267032623291,14.21267032623291,12.206555366516113,10.816654205322266,10.0,8.602325439453125,8.062257766723633,7.211102485656738,8.062257766723633,5.385164737701416,5.385164737701416,4.4721360206604
0,-42.0,-96,15,18,69.31810760498047,67.5425796508789,65.30696868896484,63.158531188964844,60.008331298828125,58.30952072143555,56.080299377441406,53.3104133605957,52.0,50.15974426269531,48.332183837890625,47.423622131347656,45.617977142333984,42.48529052734375,41.146080017089844,40.70626449584961,38.07886505126953,37.58989334106445,36.359317779541016,35.84689712524414,33.61547088623047,33.61547088623047,32.24903106689453,31.064449310302734,30.528675079345703,30.528675079345703,28.301942825317383,27.784887313842773,27.784887313842773,26.925823211669922,25.05992889404297,23.706539154052734,23.25940704345703,22.847318649291992,21.540658950805664,20.248456954956055,20.248456954956055,17.464248657226562,16.76305389404297,16.492422103881836,15.29705810546875,13.34166431427002,13.152946472167969,12.165525436401367,11.180339813232422,9.219544410705566,9.0,9.0,7.0,7.0,5.0,4.0
0,-42.0,-96,15,19,71.86793518066406,70.57620239257812,67.41661834716797,66.73080444335938,61.35144805908203,60.083274841308594,55.973209381103516,55.973209381103516,52.81098556518555,50.9215087890625,49.648765563964844,48.10405349731445,45.880279541015625,43.46262741088867,42.154476165771484,40.71854782104492,41.146080017089844,37.57658767700195,38.01315689086914,35.7770881652832,35.7770881652832,34.885528564453125,33.12099075317383,33.12099075317383,33.12099075317383,31.764760971069336,29.529645919799805,29.068883895874023,29.068883895874023,26.832815170288086,26.0,26.0,24.698177337646484,22.472204208374023,22.472204208374023,20.248456954956055,19.92485809326172,18.681541442871094,17.464248657226562,16.492422103881836,15.132745742797852,14.142135620117188,13.152946472167969,12.165525436401367,10.049875259399414,10.0,8.0,9.0,7.0,7.0,6.0,5.0
0,-42.0,-96,16,14,68.47627258300781,67.5351791381836,63.52952194213867,64.8459701538086,59.93329620361328,59.03388977050781,55.03635025024414,54.12947463989258,51.4781494140625,48.30113983154297,48.764739990234375,46.52956008911133,45.27692413330078,41.67733383178711,41.67733383178711,39.11521530151367,39.11521530151367,36.359317779541016,37.44329071044922,35.22782897949219,34.66987228393555,33.83784866333008,32.4499626159668,32.015621185302734,31.400636672973633,30.805843353271484,29.4108829498291,28.017850875854492,28.017850875854492,25.806976318359375,25.238859176635742,25.238859176635742,24.1867733001709,21.954498291015625,21.470911026000977,20.124610900878906,19.235383987426758,17.8885440826416,17.464248657226562,16.155494689941406,14.866068840026855,14.560219764709473,12.649110794067383,12.649110794067383,10.198039054870605,9.219544410705566,8.0,8.246211051940918,7.071067810058594,6.324555397033691,4.0,4.123105525970459
0,-42.0,-96,16,14,67.26811981201172,67.36467742919922,64.28063201904297,63.3876953125,58.54912567138672,57.42821502685547,54.33230972290039,52.46903991699219,50.35871505737305,48.25971221923828,46.389652252197266,45.09988784790039,45.17742919921875,42.10700607299805,41.1096076965332,38.01315689086914,38.0,36.0,36.0,36.0,33.0,33.0,31.0,31.016124725341797,31.016124725341797,30.01666259765625,29.017236709594727,28.0,27.0,26.019224166870117,25.0,24.020824432373047,23.021728515625,22.090721130371094,21.095022201538086,19.10497283935547,19.10497283935547,17.11724281311035,16.278820037841797,16.278820037841797,14.317821502685547,14.317821502685547,13.601470947265625,11.704699516296387,10.440306663513184,8.5440034866333,8.246211051940918,7.280109882354736,7.6157732009887695,5.385164737701416,4.4721360206604,4.4721360206604
0,-42.0,-96,16,14,69.87130737304688,68.06614685058594,65.92420196533203,65.11528015136719,61.188232421875,58.24946212768555,56.29387283325195,54.12947463989258,52.17279052734375,49.81967544555664,48.83646011352539,46.87216567993164,45.7055778503418,43.5660400390625,41.59326934814453,40.31128692626953,39.20458984375,38.20994567871094,36.12478256225586,36.12478256225586,35.12833786010742,34.13209533691406,33.060550689697266,33.060550689697266,32.140316009521484,31.064449310302734,30.066593170166016,29.068883895874023,27.166154861450195,26.172504425048828,25.179357528686523,24.331050872802734,24.331050872802734,23.34523582458496,21.3775577545166,20.615528106689453,18.681541442871094,17.72004508972168,17.0880069732666,15.231546401977539,15.231546401977539,13.0,13.0,10.29563045501709,9.848857879638672,8.9442720413208,8.062257766723633,8.062257766723633,8.062257766723633,5.830951690673828,5.0,4.4721360206604
0,-42.0,-96,15,18,70.1783447265625,67.74215698242188,67.41661834716797,63.631752014160156,62.7694206237793,57.80138397216797,55.94640350341797,54.20331954956055,52.839378356933594,50.2493782043457,48.87739944458008,47.16990661621094,45.486263275146484,43.26661682128906,40.49691390991211,40.224369049072266,38.01315689086914,38.01315689086914,37.013511657714844,35.80502700805664,35.80502700805664,34.20526123046875,33.42155075073242,33.30165100097656,31.240999221801758,30.610456466674805,29.20616340637207,29.20616340637207,26.4007568359375,26.4007568359375,25.806976318359375,25.238859176635742,24.413110733032227,22.472204208374023,21.954498291015625,20.124610900878906,20.124610900878906,17.8885440826416,17.464248657226562,15.65247631072998,15.231546401977539,13.601470947265625,12.649110794067383,11.704699516296387,11.180339813232422,9.219544410705566,8.246211051940918,8.246211051940918,7.280109882354736,7.280109882354736,6.082762718200684,4.0
0,-42.0,-96,16,13,68.11754608154297,66.06814575195312,64.1248779296875,63.03173828125,59.03388977050781,57.00876998901367,55.03635025024414,52.038448333740234,51.03919982910156,48.041648864746094,48.041648864746094,44.10215377807617,44.04542922973633,41.1096076965332,40.112342834472656,39.20458984375,37.2155876159668,36.22154235839844,35.35533905029297,35.510562896728516,33.37664031982422,32.557640075683594,31.575305938720703,31.78049659729004,30.4138126373291,30.5941162109375,28.635643005371094,27.294687271118164,26.305892944335938,26.305892944335938,25.179357528686523,24.1867733001709,23.0867919921875,22.022714614868164,21.0,19.0,19.0,17.0,17.0,16.0,15.132745742797852,13.03840446472168,13.152946472167969,11.180339813232422,11.180339813232422,9.219544410705566,8.246211051940918,8.246211051940918,6.324555397033691,6.324555397033691,5.385164737701416,4.123105525970459
0,-42.0,-96,16,14,69.3397445678711,68.79679870605469,67.11929321289062,64.14047241210938,61.91122817993164,58.30952072143555,55.56977462768555,53.851646423339844,52.839378356933594,50.2493782043457,47.50789260864258,47.50789260864258,45.79301071166992,43.5660400390625,42.72002029418945,40.49691390991211,38.832977294921875,37.44329071044922,37.202152252197266,35.80502700805664,35.22782897949219,35.80502700805664,32.202484130859375,32.80244064331055,32.202484130859375,31.400636672973633,29.4108829498291,28.844409942626953,28.301942825317383,27.459060668945312,25.553865432739258,25.05992889404297,23.706539154052734,22.825424194335938,21.02379608154297,21.02379608154297,19.313207626342773,18.384777069091797,17.0880069732666,16.492422103881836,15.524174690246582,14.560219764709473,14.317821502685547,12.165525436401367,11.180339813232422,10.049875259399414,9.05538558959961,9.0,7.0,7.071067810058594,6.0,5.0
0,-42.0,-96,16,14,68.3081283569336,66.0984115600586,63.24555206298828,62.64183807373047,59.77457809448242,57.00876998901367,55.081756591796875,51.92301940917969,50.96076965332031,49.33558654785156,48.08325958251953,44.92215347290039,44.271888732910156,43.32435989379883,40.49691390991211,39.560081481933594,38.62641525268555,35.46829605102539,35.34119415283203,36.24913787841797,34.01470184326172,34.01470184326172,31.78049659729004,32.202484130859375,31.30495262145996,30.870698928833008,28.635643005371094,28.635643005371094,28.635643005371094,26.0,25.079872131347656,24.698177337646484,23.409399032592773,22.135944366455078,21.587032318115234,19.646883010864258,19.416488647460938,17.464248657226562,16.492422103881836,16.124515533447266,15.132745742797852,14.142135620117188,13.152946472167969,12.0,11.0,9.0,9.0,9.0,8.0,7.0,6.0,6.0
0,-42.0,-96,16,14,72.0,68.0,67.00746154785156,65.0,63.0,59.00847244262695,56.035701751708984,54.037025451660156,53.0,50.0,48.0,48.0,46.0,44.0113639831543,43.011627197265625,41.04875183105469,40.112342834472656,38.05259704589844,36.22154235839844,36.22154235839844,35.22782897949219,35.22782897949219,33.241539001464844,33.541019439697266,32.38827133178711,31.256999969482422,30.265491485595703,29.27456283569336,28.284271240234375,27.166154861450195,26.07680892944336,25.079872131347656,24.020824432373047,24.0,22.0,21.0,20.0,19.0,18.0,16.0,15.132745742797852,14.03566837310791,14.03566837310791,12.165525436401367,12.165525436401367,10.198039054870605,9.219544410705566,9.219544410705566,7.280109882354736,7.280109882354736,7.280109882354736,5.385164737701416
0,-42.0,-96,16,14,70.71067810058594,69.58448028564453,65.6201171875,65.37583923339844,60.406951904296875,60.29925537109375,55.3263053894043,53.33854293823242,53.23532485961914,49.497474670410156,48.3735466003418,46.52956008911133,46.52956008911133,42.7551155090332,43.5660400390625,41.9761848449707,38.832977294921875,36.878177642822266,37.10795211791992,36.13862228393555,34.20526123046875,34.20526123046875,32.98484420776367,32.893768310546875,32.280025482177734,31.320919036865234,30.364452362060547,29.120439529418945,28.861740112304688,26.925823211669922,26.68332862854004,25.961509704589844,24.331050872802734,24.331050872802734,22.360679626464844,21.21320343017578,19.10497283935547,19.10497283935547,18.027755737304688,16.0,15.0,14.0,13.0,12.0,12.0,10.0,9.05538558959961,8.062257766723633,7.0,7.0,7.0,6.082762718200684
0,-42.0,-96,16,14,71.11258697509766,67.5425796508789,66.64083099365234,63.50590515136719,62.60990524291992,59.9416389465332,56.35601043701172,54.58937454223633,51.88448715209961,51.0,48.764739990234375,46.957427978515625,45.617977142333984,42.95346450805664,41.62931823730469,41.231056213378906,39.0,38.62641525268555,37.6961555480957,36.055511474609375,35.11410140991211,35.11410140991211,33.241539001464844,32.572994232177734,31.95309066772461,32.31098937988281,29.73213768005371,29.73213768005371,27.85677719116211,26.570659637451172,26.0,26.0,23.706539154052734,21.931713104248047,21.470911026000977,21.470911026000977,18.867961883544922,18.357559204101562,18.027755737304688,16.6433162689209,15.0,15.0,14.21267032623291,12.727922439575195,11.313708305358887,10.630146026611328,9.899495124816895,7.8102498054504395,7.071067810058594,6.4031243324279785,5.656854152679443,5.656854152679443
0,-42.0,-96,15,18,71.50524139404297,69.42621612548828,65.19202423095703,65.29930877685547,62.36986541748047,59.66573715209961,56.080299377441406,54.5618896484375,52.63079071044922,50.32891845703125,49.67897033691406,47.50789260864258,46.010868072509766,43.185646057128906,42.44997024536133,41.72529220581055,40.31128692626953,37.48332977294922,37.48332977294922,36.12478256225586,35.38361358642578,34.71310806274414,33.970577239990234,32.649654388427734,31.890438079833984,31.890438079833984,30.479501724243164,29.0,28.319604873657227,27.58622932434082,26.172504425048828,26.172504425048828,23.34523582458496,23.34523582458496,23.430749893188477,21.260292053222656,20.0,18.027755737304688,16.6433162689209,16.6433162689209,15.264337539672852,13.892443656921387,13.892443656921387,12.083045959472656,11.180339813232422,9.848857879638672,9.486832618713379,8.5440034866333,7.280109882354736,7.280109882354736,5.385164737701416,5.385164737701416
0,-42.0,-96,16,14,71.58910369873047,68.680419921875,66.60330200195312,64.38167572021484,62.96824645996094,59.41380310058594,56.58621597290039,55.226806640625,52.345008850097656,51.6623649597168,48.83646011352539,48.166378021240234,45.45327377319336,43.27817153930664,41.86884307861328,42.01190185546875,39.20458984375,38.60051727294922,36.619667053222656,35.80502700805664,35.80502700805664,34.66987228393555,33.83784866333008,33.2866325378418,32.4499626159668,31.62277603149414,30.232433319091797,28.844409942626953,28.017850875854492,27.20294189453125,25.612497329711914,24.20743751525879,24.20743751525879,23.430749893188477,21.931713104248047,21.21320343017578,19.79899024963379,17.69180679321289,17.69180679321289,15.620499610900879,15.620499610900879,14.21267032623291,14.21267032623291,12.206555366516113,11.401754379272461,10.816654205322266,9.433980941772461,8.062257766723633,8.062257766723633,6.7082037925720215,5.830951690673828,5.830951690673828
0,-42.0,-96,16,14,71.58910369873047,68.44705963134766,65.51335906982422,65.92420196533203,60.8276252746582,58.85575485229492,56.88584899902344,54.918121337890625,52.95280838012695,50.0099983215332,48.83646011352539,47.07440948486328,45.89117431640625,44.14748001098633,43.17406463623047,39.560081481933594,39.84971618652344,37.36308288574219,37.947330474853516,37.0,35.735137939453125,35.11410140991211,32.893768310546875,32.893768310546875,32.893768310546875,31.95309066772461,30.675724029541016,29.4108829498291,28.460498809814453,27.513633728027344,25.961509704589844,25.0,24.73863410949707,22.56102752685547,21.3775577545166,21.3775577545166,20.2237491607666,19.10497283935547,18.11077117919922,16.124515533447266,15.033296585083008,15.033296585083008,13.03840446472168,12.0,12.0,10.0,9.0,9.0,7.071067810058594,7.0,6.0,5.0
0,-42.0,-96,16,14,70.21395874023438,66.0984115600586,66.0984115600586,64.32728576660156,61.61168670654297,57.48912811279297,56.29387283325195,54.34151077270508,51.195701599121094,51.41984176635742,48.27007293701172,46.097721099853516,45.89117431640625,42.7551155090332,41.59326934814453,40.31128692626953,38.20994567871094,38.20994567871094,37.2155876159668,36.12478256225586,34.2344856262207,34.13209533691406,33.13608169555664,33.060550689697266,31.064449310302734,31.064449310302734,29.068883895874023,29.068883895874023,28.07133674621582,27.073972702026367,25.317977905273438,24.331050872802734,24.331050872802734,22.360679626464844,21.3775577545166,20.615528106689453,19.416488647460938,18.681541442871094,16.76305389404297,14.866068840026855,14.866068840026855,13.601470947265625,13.0,11.180339813232422,10.29563045501709,9.433980941772461,8.062257766723633,8.062257766723633,7.211102485656738,6.4031243324279785,4.4721360206604,3.605551242828369
0,-42.0,-96,16,14,70.03570556640625,70.00714111328125,65.76473236083984,65.76473236083984,60.81118392944336,58.0,55.226806640625,53.075416564941406,51.6623649597168,50.91168975830078,48.10405349731445,46.69047164916992,45.27692413330078,43.931766510009766,42.44997024536133,38.94868469238281,39.69886779785156,37.64305877685547,37.64305877685547,36.878177642822266,34.71310806274414,34.71310806274414,32.649654388427734,32.202484130859375,32.202484130859375,30.610456466674805,30.610456466674805,29.068883895874023,29.832868576049805,25.495098114013672,26.172504425048828,24.75883674621582,23.34523582458496,23.34523582458496,21.260292053222656,21.260292053222656,19.209373474121094,18.439088821411133,18.439088821411133,16.401220321655273,14.422204971313477,14.422204971313477,13.03840446472168,12.206555366516113,10.29563045501709,8.062257766723633,8.9442720413208,8.062257766723633,6.7082037925720215,6.7082037925720215,5.385164737701416,4.4721360206604
0,-42.0,-96,16,13,64.49806213378906,59.53990173339844,61.400325775146484,57.55866622924805,56.56854248046875,52.611785888671875,50.635955810546875,48.66210174560547,47.381431579589844,46.27094268798828,44.40720748901367,43.185646057128906,41.19466018676758,40.04996871948242,37.121421813964844,37.013511657714844,35.0,35.0,33.0,33.0,32.0,32.0,30.01666259765625,30.066593170166016,29.017236709594727,28.07133674621582,27.018512725830078,26.019224166870117,25.0,25.0,23.0,24.0,22.022714614868164,21.02379608154297,21.02379608154297,19.0,18.11077117919922,16.124515533447266,16.124515533447266,15.132745742797852,14.142135620117188,12.165525436401367,12.369317054748535,10.198039054870605,10.198039054870605,8.246211051940918,8.246211051940918,8.246211051940918,6.324555397033691,6.324555397033691,5.099019527435303,4.123105525970459
0,-42.0,-96,16,14,68.11754608154297,65.94694519042969,65.29930877685547,61.61980056762695,59.46427536010742,55.90169906616211,54.5618896484375,52.345008850097656,50.32891845703125,48.166378021240234,46.75468063354492,43.931766510009766,43.27817153930664,41.231056213378906,39.20458984375,38.832977294921875,37.44329071044922,37.44329071044922,34.66987228393555,34.13209533691406,33.83784866333008,32.24903106689453,32.4499626159668,30.528675079345703,30.528675079345703,28.844409942626953,28.301942825317383,27.784887313842773,25.553865432739258,26.07680892944336,24.413110733032227,23.853721618652344,23.021728515625,20.615528106689453,20.0,20.0,18.439088821411133,16.970561981201172,16.278820037841797,14.142135620117188,13.45362377166748,12.727922439575195,12.041594505310059,10.630146026611328,9.219544410705566,9.219544410705566,8.062257766723633,7.211102485656738,7.211102485656738,5.830951690673828,4.4721360206604,4.4721360206604
0,-42.0,-96,15,19,74.24958038330078,71.5541763305664,68.87670135498047,66.64833068847656,63.06346130371094,60.41522979736328,58.5918083190918,56.35601043701172,54.58937454223633,52.77309799194336,51.0,49.648765563964844,46.51881408691406,45.18849563598633,43.863426208496094,41.231056213378906,41.231056213378906,39.0,38.27531814575195,36.400550842285156,36.400550842285156,36.055511474609375,35.11410140991211,33.52610778808594,32.572994232177734,31.95309066772461,30.675724029541016,29.73213768005371,28.792360305786133,27.85677719116211,26.0,26.0,25.079872131347656,23.25940704345703,22.360679626464844,21.470911026000977,20.59126091003418,19.72308349609375,17.492855072021484,16.6433162689209,15.81138801574707,14.422204971313477,14.422204971313477,12.806248664855957,12.041594505310059,10.630146026611328,10.0,7.8102498054504395,7.8102498054504395,7.071067810058594,7.071067810058594,6.4031243324279785
0,-42.0,-96,15,18,69.85699462890625,67.18630981445312,65.96968841552734,63.324562072753906,60.16643524169922,58.52349853515625,56.61272048950195,53.75872039794922,51.54609680175781,50.0,48.50773239135742,47.29693603515625,44.14748001098633,41.9761848449707,41.0,40.607879638671875,38.63935852050781,37.48332977294922,36.22154235839844,36.34556198120117,35.22782897949219,33.241539001464844,32.24903106689453,33.060550689697266,32.06243896484375,30.149627685546875,29.154760360717773,28.07133674621582,27.166154861450195,26.172504425048828,25.317977905273438,24.331050872802734,24.73863410949707,21.3775577545166,21.587032318115234,20.615528106689453,19.416488647460938,17.464248657226562,16.492422103881836,14.866068840026855,14.560219764709473,13.601470947265625,13.0,10.29563045501709,9.848857879638672,8.9442720413208,8.9442720413208,6.7082037925720215,5.830951690673828,5.830951690673828,5.0,4.4721360206604
0,-42.0,-96,16,14,70.22820281982422,68.3081283569336,65.45991516113281,63.90618133544922,61.6846809387207,57.00876998901367,57.00876998901367,53.48831558227539,51.62363815307617,49.76947021484375,47.53945541381836,45.880279541015625,44.271888732910156,42.379241943359375,39.84971618652344,39.560081481933594,37.36308288574219,37.36308288574219,36.13862228393555,35.902645111083984,34.20526123046875,32.75667953491211,32.280025482177734,31.78049659729004,31.78049659729004,29.832868576049805,28.861740112304688,28.861740112304688,26.68332862854004,26.925823211669922,24.041629791259766,24.041629791259766,23.0867919921875,21.540658950805664,20.615528106689453,21.02379608154297,17.8885440826416,17.8885440826416,15.65247631072998,15.65247631072998,13.892443656921387,13.892443656921387,13.03840446472168,10.816654205322266,9.433980941772461,9.219544410705566,7.8102498054504395,7.071067810058594,5.656854152679443,5.656854152679443,5.0,4.242640495300293
0,-42.0,-96,16,14,69.23149871826172,68.44705963134766,66.4906005859375,64.53681182861328,60.63827133178711,57.723480224609375,55.785301208496094,52.63079071044922,51.6623649597168,49.24428939819336,48.50773239135742,47.07440948486328,44.9110221862793,42.57933807373047,41.773197174072266,39.623226165771484,38.470767974853516,36.49657440185547,36.22154235839844,35.22782897949219,34.2344856262207,33.13608169555664,32.24903106689453,33.060550689697266,31.14482307434082,31.14482307434082,29.154760360717773,27.073972702026367,28.284271240234375,26.305892944335938,25.317977905273438,24.331050872802734,24.331050872802734,21.3775577545166,20.880613327026367,19.646883010864258,19.646883010864258,17.72004508972168,15.81138801574707,14.866068840026855,14.764822959899902,13.0,12.649110794067383,11.180339813232422,9.848857879638672,8.9442720413208,8.9442720413208,7.211102485656738,6.4031243324279785,5.0,5.0,4.4721360206604
0,-42.0,-96,16,15,71.70076751708984,71.21797180175781,67.62396240234375,66.40029907226562,61.400325775146484,60.605281829833984,57.20139694213867,55.803226470947266,52.201534271240234,51.22499465942383,49.67897033691406,46.75468063354492,46.010868072509766,44.55333709716797,42.52058410644531,41.72529220581055,40.31128692626953,36.769554138183594,36.79673767089844,36.06937789916992,34.65544509887695,34.65544509887695,31.890438079833984,33.42155075073242,32.015621185302734,31.890438079833984,29.832868576049805,28.319604873657227,28.319604873657227,26.90724754333496,26.172504425048828,24.75883674621582,24.083189010620117,22.671567916870117,22.022714614868164,20.615528106689453,19.84943389892578,17.69180679321289,16.401220321655273,16.401220321655273,14.422204971313477,14.422204971313477,12.206555366516113,11.180339813232422,10.29563045501709,10.29563045501709,8.9442720413208,7.280109882354736,6.324555397033691,5.385164737701416,4.4721360206604,4.4721360206604
0,-42.0,-96,15,18,69.28924560546875,68.70953369140625,67.41661834716797,63.5688591003418,60.406951904296875,57.87054443359375,55.6596794128418,54.08327102661133,52.49761962890625,48.703182220458984,47.75981521606445,46.2385139465332,44.0113639831543,43.08131790161133,41.231056213378906,40.31128692626953,38.07886505126953,36.24913787841797,35.7770881652832,34.885528564453125,34.01470184326172,33.541019439697266,32.202484130859375,31.764760971069336,31.30495262145996,30.4138126373291,29.068883895874023,28.17800521850586,26.832815170288086,26.4007568359375,23.76972770690918,23.76972770690918,23.76972770690918,22.135944366455078,22.135944366455078,19.646883010864258,19.646883010864258,17.464248657226562,16.278820037841797,14.560219764709473,14.142135620117188,14.142135620117188,12.165525436401367,11.045360565185547,10.049875259399414,9.0,9.0,7.0,7.0,7.0,5.0,4.0
0,-42.0,-96,16,14,69.46221923828125,68.94200134277344,65.39112854003906,65.30696868896484,60.835845947265625,59.03388977050781,56.36488342285156,53.22593307495117,51.429561614990234,48.754486083984375,47.85394287109375,47.01063537597656,45.18849563598633,44.384681701660156,41.62931823730469,38.62641525268555,38.62641525268555,37.336307525634766,37.0,36.055511474609375,35.11410140991211,35.11410140991211,31.62277603149414,32.280025482177734,31.62277603149414,30.364452362060547,29.4108829498291,27.513633728027344,27.85677719116211,25.63201141357422,26.0,24.698177337646484,23.25940704345703,22.847318649291992,21.470911026000977,20.59126091003418,18.357559204101562,17.492855072021484,16.6433162689209,15.81138801574707,14.21267032623291,14.21267032623291,12.727922439575195,11.401754379272461,10.630146026611328,9.219544410705566,9.219544410705566,7.8102498054504395,6.4031243324279785,5.656854152679443,5.0,4.4721360206604
0,-42.0,-96,16,14,72.06941223144531,68.47627258300781,66.24198150634766,64.8459701538086,62.17716598510742,59.03388977050781,55.90169906616211,54.120235443115234,52.77309799194336,51.0,49.24428939819336,47.01063537597656,45.27692413330078,43.5660400390625,41.67733383178711,40.49691390991211,38.832977294921875,37.44329071044922,37.202152252197266,35.80502700805664,35.22782897949219,35.0,32.80244064331055,32.80244064331055,31.400636672973633,30.610456466674805,29.20616340637207,28.600698471069336,27.20294189453125,26.4007568359375,25.806976318359375,25.238859176635742,23.853721618652344,22.472204208374023,21.954498291015625,21.095022201538086,19.235383987426758,18.357559204101562,17.464248657226562,16.552946090698242,15.231546401977539,13.928388595581055,13.601470947265625,11.704699516296387,9.848857879638672,9.486832618713379,9.219544410705566,8.246211051940918,7.280109882354736,7.280109882354736,6.324555397033691,5.099019527435303
0,-42.0,-96,16,15,71.58910369873047,68.44705963134766,67.26811981201172,65.96968841552734,62.585941314697266,60.87692642211914,58.46366500854492,55.54277801513672,53.600372314453125,51.41984176635742,49.47726821899414,47.07440948486328,46.097721099853516,43.931766510009766,42.7551155090332,40.4474983215332,40.4474983215332,38.327537536621094,38.327537536621094,37.2155876159668,35.35533905029297,35.22782897949219,33.241539001464844,33.13608169555664,32.140316009521484,31.14482307434082,29.068883895874023,29.27456283569336,29.27456283569336,26.172504425048828,26.476404190063477,25.179357528686523,24.515300750732422,22.56102752685547,21.587032318115234,21.587032318115234,18.681541442871094,18.973665237426758,17.0880069732666,17.0880069732666,15.231546401977539,14.317821502685547,13.0,11.180339813232422,11.180339813232422,9.433980941772461,8.602325439453125,8.602325439453125,7.211102485656738,6.4031243324279785,5.0,4.242640495300293
0,-42.0,-96,16,15,72.4706802368164,71.0633544921875,69.65629577636719,68.7677230834961,63.78087615966797,61.61980056762695,59.54829788208008,55.973209381103516,53.81449508666992,52.49761962890625,51.7397346496582,48.27007293701172,47.6340217590332,46.22769546508789,43.416587829589844,42.8018684387207,41.617305755615234,39.408119201660156,38.832977294921875,38.01315689086914,36.619667053222656,34.66987228393555,34.13209533691406,34.13209533691406,33.2866325378418,32.4499626159668,30.528675079345703,30.232433319091797,29.681644439697266,27.20294189453125,27.20294189453125,26.4007568359375,24.83948516845703,24.083189010620117,22.022714614868164,21.260292053222656,20.51828384399414,19.10497283935547,17.69180679321289,16.278820037841797,15.620499610900879,14.21267032623291,14.21267032623291,12.806248664855957,11.661903381347656,9.433980941772461,9.433980941772461,8.9442720413208,8.062257766723633,6.324555397033691,5.385164737701416,5.385164737701416
0,-42.0,-96,16,14,71.84706115722656,70.85901641845703,67.60177612304688,65.92420196533203,60.8276252746582,61.188232421875,58.85575485229492,54.7448616027832,52.95280838012695,49.81967544555664,50.0099983215332,48.83646011352539,46.52956008911133,44.55333709716797,43.416587829589844,40.199501037597656,41.19466018676758,38.20994567871094,38.11823654174805,37.05401611328125,36.055511474609375,34.058773040771484,33.060550689697266,33.0151481628418,32.06243896484375,32.06243896484375,30.066593170166016,29.068883895874023,29.068883895874023,26.07680892944336,27.166154861450195,25.317977905273438,25.317977905273438,23.34523582458496,21.3775577545166,19.646883010864258,20.615528106689453,18.681541442871094,17.464248657226562,17.0880069732666,15.231546401977539,15.231546401977539,12.649110794067383,12.083045959472656,11.180339813232422,9.848857879638672,8.9442720413208,7.6157732009887695,7.211102485656738,6.4031243324279785,5.0,5.0
0,-42.0,-96,15,18,71.56814575195312,67.60177612304688,67.47592163085938,63.639610290527344,62.801273345947266,58.85575485229492,56.718605041503906,54.918121337890625,52.77309799194336,50.80354309082031,48.83646011352539,46.69047164916992,44.40720748901367,43.416587829589844,42.296573638916016,41.19466018676758,39.20458984375,38.20994567871094,37.05401611328125,36.055511474609375,35.05709457397461,34.01470184326172,33.060550689697266,33.0151481628418,32.015621185302734,31.064449310302734,30.066593170166016,29.068883895874023,28.07133674621582,27.073972702026367,26.07680892944336,25.179357528686523,24.331050872802734,23.34523582458496,22.360679626464844,20.615528106689453,19.416488647460938,18.681541442871094,16.76305389404297,15.81138801574707,14.866068840026855,14.317821502685547,13.0,11.180339813232422,10.29563045501709,10.29563045501709,9.433980941772461,8.062257766723633,7.211102485656738,7.211102485656738,5.0,5.0
0,-42.0,-96,16,15,73.55270385742188,70.03570556640625,67.20863342285156,66.4680404663086,63.639610290527344,60.10823440551758,58.0,55.865909576416016,55.17245864868164,51.62363815307617,49.497474670410156,48.10405349731445,47.423622131347656,44.59820556640625,43.185646057128906,43.185646057128906,41.1096076965332,38.28837966918945,38.41874694824219,36.2353401184082,36.2353401184082,34.828147888183594,33.42155075073242,33.0151481628418,32.80244064331055,32.80244064331055,30.610456466674805,29.832868576049805,28.42534065246582,27.658634185791016,26.248809814453125,24.083189010620117,24.75883674621582,24.041629791259766,23.34523582458496,21.260292053222656,19.79899024963379,19.209373474121094,17.20465087890625,16.401220321655273,15.81138801574707,14.422204971313477,13.601470947265625,11.661903381347656,11.180339813232422,10.29563045501709,9.848857879638672,8.5440034866333,7.280109882354736,6.324555397033691,5.385164737701416,4.4721360206604
0,-42.0,-96,16,15,72.83543395996094,70.72481536865234,68.62215423583984,67.17886352539062,63.639610290527344,60.10823440551758,58.0,55.90169906616211,53.75872039794922,51.62363815307617,50.20956039428711,48.08325958251953,45.96738052368164,43.863426208496094,43.185646057128906,42.52058410644531,40.45985794067383,39.69886779785156,38.41874694824219,37.64305877685547,36.878177642822266,35.608985900878906,34.058773040771484,34.20526123046875,32.202484130859375,33.42155075073242,30.0,30.0,28.42534065246582,27.658634185791016,26.248809814453125,25.495098114013672,24.083189010620117,23.34523582458496,22.627416610717773,21.931713104248047,20.51828384399414,19.209373474121094,18.439088821411133,16.401220321655273,16.401220321655273,14.422204971313477,13.601470947265625,12.206555366516113,11.180339813232422,10.29563045501709,8.9442720413208,8.5440034866333,6.7082037925720215,7.280109882354736,6.7082037925720215,5.385164737701416
0,-42.0,-96,16,14,71.69379425048828,68.47627258300781,65.3681869506836,65.29930877685547,62.17716598510742,59.4810905456543,55.90169906616211,54.5618896484375,52.32590103149414,49.648765563964844,49.24428939819336,47.01063537597656,44.29446792602539,43.416587829589844,41.67733383178711,39.96248245239258,39.66106414794922,36.8917350769043,37.44329071044922,36.619667053222656,34.66987228393555,34.66987228393555,32.202484130859375,32.80244064331055,32.202484130859375,31.400636672973633,29.4108829498291,28.844409942626953,28.844409942626953,27.20294189453125,25.238859176635742,24.698177337646484,24.1867733001709,22.825424194335938,21.470911026000977,20.124610900878906,20.124610900878906,17.464248657226562,17.464248657226562,15.81138801574707,14.866068840026855,13.601470947265625,12.649110794067383,12.369317054748535,10.198039054870605,9.219544410705566,9.219544410705566,8.062257766723633,7.071067810058594,7.071067810058594,6.324555397033691,5.099019527435303
0,-42.0,-96,16,14,70.00714111328125,69.6419448852539,65.19202423095703,66.40782928466797,60.406951904296875,60.406951904296875,55.973209381103516,53.48831558227539,52.49761962890625,49.04079818725586,49.04079818725586,46.615447998046875,46.2385139465332,43.46262741088867,43.46262741088867,39.39543151855469,40.31128692626953,35.84689712524414,37.121421813964844,34.885528564453125,34.885528564453125,34.885528564453125,33.12099075317383,32.24903106689453,33.12099075317383,31.764760971069336,30.01666259765625,29.068883895874023,28.635643005371094,25.942243576049805,26.832815170288086,25.495098114013672,24.698177337646484,22.847318649291992,22.135944366455078,20.248456954956055,19.92485809326172,17.72004508972168,16.492422103881836,16.76305389404297,14.317821502685547,14.317821502685547,12.369317054748535,12.165525436401367,12.041594505310059,10.049875259399414,9.0,9.0,7.071067810058594,7.0,6.082762718200684,5.0
0,-42.0,-96,16,15,73.05477142333984,69.2603759765625,69.2603759765625,65.52098846435547,63.60031509399414,59.203041076660156,57.9741325378418,56.75385284423828,53.851646423339844,52.201534271240234,50.0,48.08325958251953,46.173583984375,44.94440841674805,42.379241943359375,41.78516387939453,39.924930572509766,38.62641525268555,37.161808013916016,36.769554138183594,35.46829605102539,35.34119415283203,34.539833068847656,32.649654388427734,32.202484130859375,31.78049659729004,30.870698928833008,29.96664810180664,28.635643005371094,27.312999725341797,26.0,25.63201141357422,24.698177337646484,23.0867919921875,22.135944366455078,21.587032318115234,20.615528106689453,18.681541442871094,18.248287200927734,16.278820037841797,15.132745742797852,14.142135620117188,13.152946472167969,12.041594505310059,11.0,10.0,10.0,9.0,8.0,6.0,6.0,5.0
0,-42.0,-96,16,15,70.3420181274414,68.4105224609375,66.48307800292969,63.89052963256836,61.6846809387207,58.8217658996582,55.6596794128418,54.4058837890625,52.49761962890625,50.0,48.50773239135742,46.3249397277832,46.3249397277832,42.95346450805664,41.9761848449707,40.79215621948242,39.623226165771484,37.48332977294922,37.336307525634766,35.35533905029297,34.36568069458008,34.2344856262207,32.24903106689453,33.060550689697266,32.06243896484375,32.140316009521484,29.154760360717773,29.27456283569336,28.160255432128906,26.07680892944336,26.305892944335938,24.331050872802734,24.515300750732422,22.360679626464844,21.587032318115234,20.615528106689453,18.681541442871094,18.681541442871094,16.76305389404297,16.76305389404297,13.928388595581055,13.928388595581055,13.928388595581055,12.083045959472656,9.848857879638672,8.9442720413208,8.5440034866333,7.6157732009887695,6.324555397033691,6.7082037925720215,5.385164737701416,4.4721360206604
0,-42.0,-96,16,14,71.16881561279297,68.3081283569336,66.40782928466797,64.51356506347656,61.6846809387207,57.245086669921875,56.64803695678711,53.48831558227539,52.201534271240234,49.648765563964844,48.08325958251953,47.801673889160156,45.607017517089844,44.384681701660156,41.48493576049805,40.024993896484375,38.63935852050781,37.85498809814453,36.49657440185547,35.693138122558594,35.693138122558594,34.525352478027344,33.37664031982422,33.241539001464844,31.256999969482422,31.14482307434082,29.27456283569336,29.27456283569336,27.294687271118164,26.305892944335938,25.317977905273438,24.331050872802734,24.515300750732422,22.803508758544922,21.587032318115234,20.615528106689453,19.416488647460938,18.681541442871094,16.76305389404297,16.155494689941406,14.866068840026855,13.928388595581055,13.0,11.180339813232422,9.848857879638672,8.9442720413208,8.9442720413208,8.062257766723633,7.6157732009887695,5.385164737701416,4.4721360206604,4.4721360206604
0,-42.0,-96,16,14,71.0633544921875,68.24954223632812,66.06814575195312,63.12685775756836,61.61980056762695,58.051700592041016,55.90169906616211,53.81449508666992,52.40229034423828,49.67897033691406,47.50789260864258,45.45327377319336,45.607017517089844,42.8018684387207,42.01190185546875,40.224369049072266,38.01315689086914,37.202152252197266,36.8917350769043,35.22782897949219,35.22782897949219,34.66987228393555,33.0151481628418,32.75667953491211,31.906112670898438,30.528675079345703,29.681644439697266,28.301942825317383,28.017850875854492,26.62705421447754,25.806976318359375,25.0,23.600847244262695,22.022714614868164,21.931713104248047,21.260292053222656,19.10497283935547,17.69180679321289,16.970561981201172,15.620499610900879,14.21267032623291,14.21267032623291,12.041594505310059,11.401754379272461,10.816654205322266,8.602325439453125,8.062257766723633,7.211102485656738,7.211102485656738,5.0,4.4721360206604,4.4721360206604
0,-42.0,-96,16,15,71.16881561279297,69.28924560546875,66.73080444335938,64.19501495361328,61.6846809387207,59.203041076660156,56.61272048950195,53.75872039794922,52.49761962890625,50.28916549682617,49.04079818725586,47.12748718261719,44.92215347290039,44.271888732910156,41.43669891357422,39.924930572509766,40.31128692626953,36.769554138183594,37.161808013916016,35.7770881652832,34.928497314453125,34.0,31.78049659729004,32.202484130859375,32.202484130859375,31.78049659729004,29.96664810180664,27.73084831237793,27.312999725341797,26.4007568359375,25.63201141357422,24.351591110229492,23.409399032592773,22.135944366455078,21.840330123901367,20.615528106689453,18.439088821411133,17.262676239013672,16.124515533447266,16.124515533447266,15.132745742797852,13.152946472167969,13.0,11.0,10.0,9.0,9.0,8.0,7.071067810058594,7.0,5.0,5.0
0,-42.0,-96,16,14,72.40165710449219,68.26419067382812,69.6419448852539,64.66065216064453,63.28506851196289,58.30952072143555,57.45433044433594,55.226806640625,53.0,52.47856521606445,49.73931884765625,48.02082824707031,45.486263275146484,43.8292121887207,43.26661682128906,40.804412841796875,39.20458984375,38.60051727294922,37.64305877685547,37.64305877685547,35.608985900878906,34.828147888183594,33.42155075073242,33.30165100097656,33.30165100097656,30.610456466674805,29.832868576049805,29.832868576049805,28.319604873657227,27.018512725830078,26.4007568359375,25.806976318359375,24.413110733032227,23.021728515625,21.63330841064453,21.954498291015625,18.867961883544922,18.357559204101562,17.0,15.65247631072998,15.231546401977539,13.416407585144043,13.416407585144043,10.770329475402832,9.486832618713379,9.486832618713379,9.219544410705566,7.280109882354736,7.280109882354736,6.324555397033691,4.123105525970459,4.123105525970459
0,-42.0,-96,16,14,69.7782211303711,67.5425796508789,65.7419204711914,63.56099319458008,60.41522979736328,58.18075180053711,57.27128601074219,52.39274597167969,50.56678771972656,48.754486083984375,48.332183837890625,47.423622131347656,46.06517028808594,42.94182205200195,42.54409408569336,39.824615478515625,38.07886505126953,35.84689712524414,38.27531814575195,36.055511474609375,34.66987228393555,33.83784866333008,31.62277603149414,32.202484130859375,31.62277603149414,31.064449310302734,28.017850875854492,27.459060668945312,27.459060668945312,26.07680892944336,25.238859176635742,24.698177337646484,24.1867733001709,21.954498291015625,21.470911026000977,20.124610900878906,18.788293838500977,17.464248657226562,17.0880069732666,15.81138801574707,13.601470947265625,13.601470947265625,12.649110794067383,11.401754379272461,10.198039054870605,9.219544410705566,9.219544410705566,7.280109882354736,7.280109882354736,6.082762718200684,5.0,4.123105525970459
0,-42.0,-96,16,14,70.26378631591797,67.11929321289062,66.21178436279297,63.158531188964844,62.7694206237793,57.00876998901367,55.71355438232422,53.48831558227539,52.55473327636719,49.39635467529297,48.84669876098633,46.615447998046875,45.18849563598633,43.863426208496094,42.04759216308594,41.59326934814453,38.01315689086914,37.121421813964844,37.2155876159668,36.2353401184082,34.885528564453125,34.48188018798828,31.764760971069336,33.61547088623047,31.38471031188965,30.886890411376953,29.529645919799805,27.784887313842773,27.294687271118164,26.832815170288086,25.942243576049805,25.495098114013672,23.76972770690918,22.847318649291992,22.135944366455078,20.248456954956055,19.92485809326172,17.72004508972168,16.492422103881836,15.524174690246582,15.29705810546875,14.317821502685547,12.165525436401367,12.165525436401367,11.045360565185547,9.0,9.0,8.0,7.0,7.0,6.0,5.0
0,-42.0,-96,16,13,66.48307800292969,63.694583892822266,61.09828186035156,60.926185607910156,56.46237564086914,54.625999450683594,52.801513671875,50.990196228027344,47.92702865600586,47.53945541381836,45.31004333496094,44.384681701660156,41.78516387939453,41.1096076965332,39.217342376708984,37.336307525634766,36.68787384033203,35.44009017944336,34.48188018798828,33.95585250854492,31.320919036865234,32.015621185302734,31.048349380493164,30.5941162109375,29.832868576049805,28.861740112304688,27.892650604248047,26.925823211669922,25.961509704589844,25.298221588134766,24.351591110229492,23.409399032592773,22.472204208374023,20.615528106689453,20.615528106689453,19.697715759277344,17.8885440826416,17.0,14.764822959899902,14.764822959899902,13.03840446472168,13.03840446472168,11.661903381347656,10.0,10.0,8.485280990600586,8.602325439453125,7.071067810058594,6.4031243324279785,5.0,5.656854152679443,3.605551242828369
0,-42.0,-96,16,14,70.00714111328125,68.00735473632812,65.0,64.0,61.0,58.00862121582031,56.00892639160156,54.0,52.009613037109375,50.0,48.0,46.0,44.04542922973633,43.046485900878906,42.04759216308594,41.04875183105469,39.051246643066406,36.055511474609375,36.22154235839844,35.22782897949219,35.22782897949219,33.241539001464844,32.24903106689453,31.400636672973633,31.256999969482422,31.256999969482422,29.27456283569336,29.27456283569336,27.294687271118164,26.172504425048828,25.079872131347656,25.079872131347656,24.020824432373047,22.0,21.0,20.0,19.0,19.0,16.0,15.0,14.03566837310791,13.152946472167969,12.041594505310059,12.165525436401367,10.198039054870605,9.219544410705566,8.246211051940918,7.280109882354736,6.324555397033691,5.385164737701416,4.123105525970459,4.123105525970459
0,-42.0,-96,16,14,70.21395874023438,67.20118713378906,65.802734375,62.801273345947266,60.605281829833984,57.80138397216797,54.20331954956055,53.413482666015625,52.009613037109375,50.21951675415039,48.60041046142578,46.615447998046875,44.65422821044922,43.26661682128906,41.04875183105469,39.11521530151367,38.587562561035156,36.359317779541016,35.35533905029297,34.98571014404297,33.61547088623047,33.12099075317383,32.649654388427734,32.202484130859375,30.870698928833008,30.4138126373291,29.529645919799805,27.294687271118164,27.294687271118164,27.294687271118164,24.698177337646484,24.1867733001709,22.472204208374023,21.63330841064453,21.63330841064453,20.0,18.601076126098633,17.20465087890625,16.278820037841797,15.0,14.142135620117188,12.727922439575195,12.727922439575195,11.401754379272461,9.899495124816895,8.602325439453125,7.211102485656738,6.4031243324279785,6.4031243324279785,5.0,5.0,5.0
0,-42.0,-96,16,15,72.03471374511719,68.88395690917969,67.91170501708984,65.30696868896484,62.36986541748047,59.03388977050781,56.88584899902344,54.7448616027832,53.75872039794922,51.97114562988281,49.24428939819336,47.29693603515625,46.3249397277832,43.96589660644531,42.44997024536133,41.48493576049805,39.293766021728516,38.327537536621094,37.336307525634766,36.68787384033203,35.735137939453125,34.78505325317383,33.83784866333008,33.61547088623047,31.78049659729004,31.016124725341797,30.675724029541016,29.73213768005371,27.513633728027344,27.20294189453125,25.298221588134766,25.0,24.515300750732422,23.53720474243164,21.587032318115234,21.21320343017578,19.416488647460938,18.11077117919922,17.11724281311035,16.124515533447266,15.033296585083008,13.0,13.0,11.0,10.0,10.0,8.0,8.0,7.0,6.0,5.0,5.0
0,-42.0,-96,16,14,67.44627380371094,64.03124237060547,65.0,61.61168670654297,59.66573715209961,54.34151077270508,54.5710563659668,51.41984176635742,51.41984176635742,49.47726821899414,46.57252502441406,44.643028259277344,42.72002029418945,41.761226654052734,39.84971618652344,39.217342376708984,36.400550842285156,36.400550842285156,34.01470184326172,34.539833068847656,33.61547088623047,31.78049659729004,31.78049659729004,30.463092803955078,30.463092803955078,28.635643005371094,27.73084831237793,27.73084831237793,26.0,26.0,23.76972770690918,23.409399032592773,22.472204208374023,21.189620971679688,20.248456954956055,19.646883010864258,17.72004508972168,16.492422103881836,16.278820037841797,14.142135620117188,14.142135620117188,13.152946472167969,12.041594505310059,11.045360565185547,10.0,9.0,9.0,7.0,7.0,6.0,4.0,4.0
0,-42.0,-96,16,15,71.70076751708984,69.72087097167969,67.74215698242188,65.37583923339844,61.29437255859375,59.21148681640625,57.314918518066406,56.32051086425781,53.23532485961914,50.2493782043457,49.36598205566406,47.381431579589844,45.27692413330078,44.40720748901367,42.42640686035156,40.607879638671875,40.79215621948242,37.656341552734375,37.85498809814453,35.902645111083984,34.71310806274414,34.928497314453125,32.98484420776367,32.98484420776367,32.75667953491211,31.048349380493164,30.08321762084961,29.614185333251953,27.459060668945312,26.476404190063477,25.179357528686523,26.172504425048828,24.083189010620117,23.0867919921875,21.02379608154297,20.02498435974121,19.02629852294922,18.0,17.0,16.0,16.031219482421875,14.03566837310791,13.03840446472168,12.041594505310059,10.198039054870605,9.219544410705566,8.062257766723633,8.246211051940918,7.071067810058594,6.324555397033691,5.099019527435303,5.099019527435303
0,-42.0,-96,16,14,69.18092346191406,66.27216339111328,65.12296295166016,64.49806213378906,61.400325775146484,58.4208869934082,55.44366455078125,53.46026611328125,52.345008850097656,50.2493782043457,47.381431579589844,46.173583984375,44.18144226074219,43.104522705078125,41.1096076965332,41.0,38.0,37.013511657714844,36.0,36.0,34.0,33.0,33.0,33.0,31.0,31.0,29.0,29.0,27.0,27.0,26.019224166870117,24.083189010620117,24.083189010620117,22.090721130371094,21.095022201538086,21.21320343017578,18.11077117919922,18.439088821411133,16.278820037841797,14.560219764709473,14.560219764709473,13.601470947265625,12.649110794067383,10.770329475402832,9.486832618713379,8.5440034866333,8.9442720413208,7.6157732009887695,6.7082037925720215,6.7082037925720215,4.4721360206604,4.4721360206604
0,-42.0,-96,16,14,70.028564453125,67.06713104248047,65.0691909790039,63.12685775756836,60.13318634033203,57.21887969970703,55.145263671875,53.15073013305664,51.15662384033203,49.25444030761719,48.166378021240234,46.097721099853516,45.09988784790039,43.046485900878906,41.01219177246094,40.0,38.0,36.0,36.055511474609375,36.0,35.0,34.058773040771484,33.0151481628418,31.064449310302734,31.016124725341797,31.064449310302734,29.017236709594727,28.017850875854492,26.019224166870117,26.019224166870117,26.0,25.0,24.0,22.0,21.02379608154297,20.099750518798828,18.11077117919922,17.262676239013672,16.124515533447266,15.29705810546875,14.317821502685547,13.152946472167969,12.369317054748535,11.401754379272461,9.486832618713379,9.486832618713379,7.6157732009887695,7.280109882354736,7.280109882354736,6.324555397033691,4.4721360206604,4.4721360206604
0,-42.0,-96,16,14,69.6419448852539,67.41661834716797,65.55150604248047,64.51356506347656,60.406951904296875,58.18934631347656,55.36244201660156,52.81098556518555,50.28916549682617,49.648765563964844,47.75981521606445,46.2385139465332,44.384681701660156,42.95346450805664,41.62931823730469,40.31128692626953,38.4837646484375,36.24913787841797,35.7770881652832,35.7770881652832,34.885528564453125,33.541019439697266,32.649654388427734,32.24903106689453,32.24903106689453,29.529645919799805,29.529645919799805,29.529645919799805,26.832815170288086,26.832815170288086,25.079872131347656,24.166091918945312,23.76972770690918,21.540658950805664,21.189620971679688,20.248456954956055,18.973665237426758,17.72004508972168,16.492422103881836,15.524174690246582,14.142135620117188,13.34166431427002,12.165525436401367,11.180339813232422,10.049875259399414,9.05538558959961,9.0,7.0,6.082762718200684,6.0,4.0,4.0
0,-42.0,-96,16,13,65.45991516113281,64.8459701538086,63.24555206298828,62.032249450683594,57.93962478637695,55.154327392578125,51.62363815307617,50.32891845703125,49.39635467529297,47.16990661621094,45.880279541015625,43.32435989379883,43.011627197265625,41.1096076965332,39.217342376708984,37.64305877685547,37.36308288574219,34.78505325317383,36.13862228393555,33.95585250854492,32.98484420776367,32.015621185302734,31.048349380493164,30.805843353271484,30.805843353271484,28.635643005371094,27.892650604248047,26.925823211669922,26.925823211669922,24.73863410949707,25.298221588134766,23.409399032592773,22.472204208374023,21.540658950805664,20.615528106689453,18.788293838500977,17.464248657226562,16.552946090698242,17.0,15.264337539672852,13.892443656921387,13.03840446472168,12.206555366516113,10.0,9.219544410705566,7.8102498054504395,8.485280990600586,6.4031243324279785,5.656854152679443,5.656854152679443,5.656854152679443,4.242640495300293
0,-42.0,-96,15,19,72.18032836914062,68.01470184326172,68.680419921875,63.78087615966797,64.53681182861328,57.48912811279297,58.2580451965332,55.44366455078125,53.413482666015625,51.7397346496582,48.91830062866211,47.423622131347656,46.69047164916992,44.55333709716797,41.72529220581055,41.01219177246094,38.897300720214844,39.623226165771484,36.12478256225586,37.48332977294922,35.38361358642578,34.71310806274414,34.058773040771484,33.42155075073242,33.42155075073242,31.240999221801758,29.832868576049805,30.479501724243164,27.658634185791016,27.658634185791016,26.172504425048828,25.45584487915039,25.45584487915039,23.34523582458496,21.931713104248047,21.260292053222656,19.84943389892578,18.439088821411133,16.401220321655273,16.401220321655273,15.264337539672852,13.601470947265625,12.806248664855957,11.661903381347656,10.29563045501709,8.9442720413208,9.433980941772461,7.6157732009887695,6.7082037925720215,5.830951690673828,5.385164737701416,5.385164737701416
0,-42.0,-96,16,15,72.23572540283203,68.70953369140625,69.07966613769531,64.8459701538086,63.90618133544922,59.46427536010742,59.13543701171875,55.02726745605469,53.75872039794922,51.26402282714844,50.32891845703125,48.46648406982422,46.615447998046875,43.863426208496094,43.08131790161133,42.154476165771484,39.39543151855469,38.4837646484375,38.470767974853516,37.57658767700195,35.34119415283203,35.7770881652832,34.0,34.0,33.12099075317383,31.30495262145996,30.4138126373291,29.068883895874023,28.635643005371094,28.635643005371094,26.0,26.0,24.351591110229492,23.409399032592773,21.840330123901367,22.135944366455078,19.92485809326172,18.681541442871094,17.464248657226562,16.278820037841797,16.124515533447266,14.142135620117188,13.152946472167969,13.0,11.0,10.0,10.0,8.0,7.0,6.0,6.0,5.0
0,-42.0,-96,16,14,69.42621612548828,66.4906005859375,64.13267517089844,61.814239501953125,60.01666259765625,55.73149871826172,53.75872039794922,52.77309799194336,50.635955810546875,48.66210174560547,47.67599105834961,44.9110221862793,43.73785400390625,41.9761848449707,40.024993896484375,41.0,38.07886505126953,37.10795211791992,34.20526123046875,34.78505325317383,34.20526123046875,33.241539001464844,32.280025482177734,31.62277603149414,30.364452362060547,30.364452362060547,29.4108829498291,30.08321762084961,26.925823211669922,25.961509704589844,24.515300750732422,24.73863410949707,23.34523582458496,21.3775577545166,21.3775577545166,20.099750518798828,19.10497283935547,19.10497283935547,17.029386520385742,16.031219482421875,14.0,13.0,12.0,11.0,10.0,9.0,9.0,8.0,7.0,6.0,5.0,5.0
0,-42.0,-96,16,14,70.1783447265625,67.11929321289062,67.26811981201172,64.07027435302734,62.07253646850586,58.0,56.035701751708984,54.00925827026367,52.009613037109375,50.03998565673828,48.010414123535156,46.04345703125,45.0444221496582,43.046485900878906,42.19004440307617,41.1096076965332,39.20458984375,38.20994567871094,36.22154235839844,36.22154235839844,35.22782897949219,34.2344856262207,33.241539001464844,33.37664031982422,31.256999969482422,31.256999969482422,30.149627685546875,29.154760360717773,28.07133674621582,27.073972702026367,25.01999282836914,26.07680892944336,24.0,23.0,22.0,21.02379608154297,19.02629852294922,18.11077117919922,17.11724281311035,16.124515533447266,15.132745742797852,14.142135620117188,13.152946472167969,12.369317054748535,11.180339813232422,9.219544410705566,9.219544410705566,7.280109882354736,7.280109882354736,6.324555397033691,5.385164737701416,5.385164737701416
0,-42.0,-96,16,15,72.80110168457031,70.00714111328125,67.41661834716797,64.47480010986328,63.694583892822266,59.09314727783203,58.18075180053711,54.625999450683594,53.712196350097656,52.39274597167969,48.84669876098633,48.46648406982422,45.31004333496094,44.94440841674805,42.72002029418945,41.78516387939453,40.16217041015625,38.27531814575195,37.64305877685547,36.400550842285156,35.44009017944336,34.48188018798828,34.48188018798828,34.928497314453125,32.98484420776367,31.320919036865234,30.08321762084961,29.4108829498291,28.460498809814453,27.513633728027344,26.570659637451172,25.63201141357422,25.079872131347656,22.847318649291992,23.25940704345703,20.59126091003418,19.72308349609375,19.235383987426758,18.357559204101562,16.6433162689209,15.264337539672852,13.601470947265625,12.806248664855957,12.041594505310059,12.041594505310059,10.630146026611328,10.0,7.8102498054504395,7.071067810058594,7.071067810058594,6.4031243324279785,6.4031243324279785
0,-42.0,-96,16,14,70.72481536865234,67.88224792480469,66.48307800292969,62.96824645996094,60.81118392944336,59.41380310058594,56.58621597290039,54.451812744140625,52.345008850097656,49.497474670410156,49.497474670410156,45.96738052368164,45.27692413330078,43.185646057128906,42.44997024536133,40.360870361328125,38.94868469238281,38.28837966918945,37.64305877685547,36.2353401184082,34.71310806274414,33.42155075073242,33.42155075073242,32.80244064331055,31.400636672973633,30.610456466674805,30.610456466674805,29.068883895874023,27.658634185791016,26.90724754333496,25.495098114013672,25.45584487915039,23.34523582458496,22.627416610717773,21.260292053222656,21.260292053222656,19.84943389892578,18.439088821411133,17.804492950439453,16.6433162689209,15.264337539672852,13.892443656921387,13.03840446472168,11.661903381347656,10.816654205322266,9.848857879638672,8.9442720413208,7.6157732009887695,7.6157732009887695,6.324555397033691,5.385164737701416,4.4721360206604
0,-42.0,-96,16,14,70.76722717285156,68.59300231933594,65.76473236083984,64.35060119628906,61.52235412597656,58.051700592041016,55.90169906616211,54.488529205322266,52.40229034423828,50.20956039428711,48.08325958251953,46.69047164916992,45.27692413330078,43.931766510009766,41.03656768798828,40.360870361328125,39.69886779785156,37.64305877685547,36.2353401184082,36.2353401184082,35.46829605102539,34.058773040771484,32.80244064331055,32.4499626159668,32.202484130859375,31.400636672973633,29.20616340637207,27.80287742614746,28.42534065246582,27.018512725830078,25.495098114013672,25.495098114013672,24.041629791259766,22.627416610717773,21.260292053222656,20.51828384399414,19.79899024963379,18.439088821411133,18.439088821411133,16.401220321655273,15.0,14.422204971313477,13.03840446472168,11.401754379272461,10.816654205322266,10.29563045501709,8.9442720413208,8.062257766723633,6.7082037925720215,5.830951690673828,6.7082037925720215,4.4721360206604
0,-42.0,-96,16,14,70.00714111328125,69.3108901977539,65.05382537841797,65.0691909790039,61.52235412597656,59.41380310058594,56.58621597290039,55.17245864868164,52.345008850097656,50.20956039428711,48.79549026489258,46.66904830932617,45.27692413330078,43.863426208496094,41.773197174072266,41.773197174072266,39.69886779785156,36.878177642822266,37.013511657714844,36.878177642822266,34.058773040771484,33.42155075073242,32.80244064331055,32.202484130859375,31.400636672973633,30.610456466674805,30.610456466674805,28.42534065246582,28.42534065246582,27.018512725830078,26.248809814453125,25.495098114013672,24.083189010620117,22.627416610717773,22.627416610717773,20.51828384399414,19.79899024963379,18.439088821411133,18.439088821411133,15.81138801574707,15.0,15.0,12.206555366516113,12.206555366516113,10.816654205322266,10.29563045501709,9.848857879638672,8.9442720413208,7.6157732009887695,5.830951690673828,5.830951690673828,5.0
0,-42.0,-96,16,14,70.1783447265625,65.73431396484375,66.2872543334961,61.61168670654297,61.032779693603516,56.61272048950195,55.803226470947266,53.00943374633789,50.80354309082031,50.21951675415039,48.25971221923828,46.04345703125,45.486263275146484,42.72002029418945,40.49691390991211,40.31128692626953,38.07886505126953,38.07886505126953,34.885528564453125,35.35533905029297,33.12099075317383,34.0,32.649654388427734,32.202484130859375,31.30495262145996,29.529645919799805,29.529645919799805,29.529645919799805,27.294687271118164,26.925823211669922,24.698177337646484,24.698177337646484,23.853721618652344,23.021728515625,21.40093421936035,20.615528106689453,19.209373474121094,18.439088821411133,16.278820037841797,16.278820037841797,14.866068840026855,12.727922439575195,12.806248664855957,10.630146026611328,10.630146026611328,9.219544410705566,8.062257766723633,7.211102485656738,7.211102485656738,7.211102485656738,5.830951690673828,4.4721360206604
0,-42.0,-96,16,13,65.25334930419922,64.28841400146484,60.728904724121094,60.728904724121094,56.61272048950195,55.6596794128418,52.81098556518555,50.59644317626953,48.383880615234375,46.48655700683594,45.880279541015625,43.96589660644531,42.72002029418945,41.48493576049805,39.560081481933594,37.85498809814453,37.85498809814453,34.928497314453125,35.693138122558594,33.541019439697266,33.734256744384766,32.557640075683594,31.575305938720703,31.400636672973633,30.265491485595703,29.27456283569336,28.284271240234375,26.476404190063477,26.68332862854004,24.515300750732422,24.73863410949707,23.76972770690918,22.803508758544922,21.840330123901367,19.92485809326172,19.92485809326172,18.384777069091797,18.384777069091797,16.155494689941406,15.231546401977539,14.317821502685547,12.529964447021484,11.180339813232422,10.816654205322266,9.433980941772461,8.062257766723633,8.062257766723633,7.211102485656738,7.211102485656738,5.830951690673828,4.4721360206604,4.4721360206604
0,-42.0,-96,16,14,69.07966613769531,64.62197875976562,65.55150604248047,62.7694206237793,60.926185607910156,57.27128601074219,55.54277801513672,53.712196350097656,50.56678771972656,50.15974426269531,47.92702865600586,45.694637298583984,44.384681701660156,42.154476165771484,39.560081481933594,40.49691390991211,37.947330474853516,37.947330474853516,35.44009017944336,35.44009017944336,34.20526123046875,33.241539001464844,32.280025482177734,32.015621185302734,31.320919036865234,30.364452362060547,28.460498809814453,27.20294189453125,26.248809814453125,26.570659637451172,25.63201141357422,24.698177337646484,22.847318649291992,21.02379608154297,21.02379608154297,21.02379608154297,18.357559204101562,18.357559204101562,16.124515533447266,14.422204971313477,13.892443656921387,13.03840446472168,11.401754379272461,10.630146026611328,9.219544410705566,9.219544410705566,7.8102498054504395,6.4031243324279785,5.656854152679443,5.656854152679443,5.0,4.242640495300293
0,-42.0,-96,16,14,67.35725402832031,67.47592163085938,63.12685775756836,64.66065216064453,59.66573715209961,58.41232681274414,54.81787872314453,52.63079071044922,49.81967544555664,47.6340217590332,47.6340217590332,45.45327377319336,44.68780517578125,42.52058410644531,41.773197174072266,38.897300720214844,38.20994567871094,36.769554138183594,36.06937789916992,35.38361358642578,33.970577239990234,33.241539001464844,30.4138126373291,31.890438079833984,31.14482307434082,29.73213768005371,29.068883895874023,28.319604873657227,28.319604873657227,26.172504425048828,26.172504425048828,26.172504425048828,23.34523582458496,21.260292053222656,21.260292053222656,20.0,17.804492950439453,17.20465087890625,16.6433162689209,16.6433162689209,13.892443656921387,13.892443656921387,12.206555366516113,11.661903381347656,9.848857879638672,8.9442720413208,7.6157732009887695,8.062257766723633,6.324555397033691,5.385164737701416,4.4721360206604,4.4721360206604
0,-42.0,-96,16,14,70.1783447265625,67.47592163085938,65.94694519042969,62.62587356567383,61.22091293334961,57.00876998901367,54.20331954956055,53.413482666015625,51.400390625,49.81967544555664,48.41487503051758,46.22769546508789,43.931766510009766,43.185646057128906,41.1096076965332,39.623226165771484,38.18376541137695,36.769554138183594,35.38361358642578,36.06937789916992,34.65544509887695,34.65544509887695,32.557640075683594,32.649654388427734,31.890438079833984,29.73213768005371,28.319604873657227,29.698484420776367,26.870058059692383,26.870058059692383,25.45584487915039,24.041629791259766,24.083189010620117,22.671567916870117,22.022714614868164,20.0,19.209373474121094,17.20465087890625,17.20465087890625,15.81138801574707,14.764822959899902,13.892443656921387,12.206555366516113,10.29563045501709,10.29563045501709,9.848857879638672,8.9442720413208,8.062257766723633,6.7082037925720215,5.0,4.4721360206604,4.4721360206604
0,-42.0,-96,16,11,62.2414665222168,55.54277801513672,55.90169906616211,59.09314727783203,54.120235443115234,50.695167541503906,48.332183837890625,46.615447998046875,45.694637298583984,44.777225494384766,43.08131790161133,41.231056213378906,40.71854782104492,38.4837646484375,36.67424011230469,36.24913787841797,34.885528564453125,33.541019439697266,32.24903106689453,32.202484130859375,30.4138126373291,30.4138126373291,27.73084831237793,28.65309715270996,29.068883895874023,27.294687271118164,26.4007568359375,26.4007568359375,24.59674835205078,24.166091918945312,23.409399032592773,22.472204208374023,21.189620971679688,20.880613327026367,18.681541442871094,18.681541442871094,17.464248657226562,16.278820037841797,15.132745742797852,14.03566837310791,14.03566837310791,12.041594505310059,12.041594505310059,10.0,9.0,8.0,7.0,7.0,6.0,5.0,5.0,4.0
0,-42.0,-96,16,15,70.57620239257812,69.35416412353516,66.37017059326172,65.19202423095703,61.29437255859375,60.13318634033203,56.22277069091797,54.147945404052734,53.15073013305664,50.2493782043457,50.2493782043457,47.26520919799805,45.39823913574219,42.42640686035156,42.57933807373047,40.607879638671875,39.81205749511719,37.656341552734375,36.878177642822266,34.928497314453125,34.928497314453125,34.928497314453125,32.98484420776367,33.52610778808594,33.52610778808594,31.048349380493164,30.08321762084961,29.120439529418945,27.892650604248047,26.68332862854004,25.495098114013672,24.515300750732422,24.331050872802734,23.194826126098633,22.090721130371094,21.095022201538086,19.10497283935547,18.11077117919922,17.11724281311035,16.031219482421875,14.0,13.0,13.0,11.0,11.0,9.0,9.0,8.0,6.0,5.0,5.0,5.0
0,-42.0,-96,16,14,70.00714111328125,67.06713104248047,66.48307800292969,63.5688591003418,59.46427536010742,56.920997619628906,55.973209381103516,52.81098556518555,50.59644317626953,49.76947021484375,47.16990661621094,45.31004333496094,44.777225494384766,42.95346450805664,41.62931823730469,39.81205749511719,38.4837646484375,36.67424011230469,35.84689712524414,34.885528564453125,34.0,33.12099075317383,32.24903106689453,31.906112670898438,31.906112670898438,30.528675079345703,29.154760360717773,28.65309715270996,27.784887313842773,26.419689178466797,25.942243576049805,25.05992889404297,23.25940704345703,22.847318649291992,20.615528106689453,20.615528106689453,18.384777069091797,18.384777069091797,17.0880069732666,15.81138801574707,14.317821502685547,13.601470947265625,12.649110794067383,10.198039054870605,9.219544410705566,9.219544410705566,8.246211051940918,8.062257766723633,6.324555397033691,5.099019527435303,5.385164737701416,4.0
0,-42.0,-96,16,14,68.09552001953125,63.1347770690918,64.49806213378906,61.91122817993164,59.36328887939453,56.080299377441406,53.851646423339844,51.107730865478516,49.73931884765625,49.39635467529297,47.16990661621094,44.94440841674805,43.416587829589844,41.18252182006836,38.94868469238281,39.81205749511719,36.67424011230469,36.67424011230469,35.84689712524414,34.539833068847656,33.61547088623047,33.241539001464844,32.31098937988281,32.31098937988281,31.38471031188965,29.154760360717773,27.85677719116211,28.23118782043457,26.0,26.4007568359375,25.495098114013672,23.706539154052734,23.25940704345703,22.825424194335938,20.59126091003418,19.72308349609375,18.867961883544922,16.6433162689209,16.6433162689209,15.81138801574707,14.422204971313477,13.03840446472168,12.806248664855957,11.401754379272461,10.0,8.602325439453125,7.8102498054504395,7.211102485656738,6.4031243324279785,6.4031243324279785,5.656854152679443,4.242640495300293
0,-42.0,-96,16,14,68.88395690917969,67.11929321289062,64.41273498535156,63.1347770690918,59.53990173339844,58.30952072143555,56.080299377441406,53.851646423339844,50.2493782043457,48.87739944458008,46.52956008911133,46.06517028808594,43.8292121887207,42.04759216308594,40.70626449584961,39.39543151855469,38.4837646484375,35.84689712524414,35.84689712524414,34.928497314453125,33.241539001464844,33.241539001464844,33.241539001464844,31.320919036865234,31.62277603149414,30.675724029541016,28.23118782043457,27.85677719116211,27.85677719116211,26.0,24.698177337646484,24.166091918945312,23.25940704345703,21.470911026000977,21.470911026000977,21.02379608154297,18.357559204101562,17.492855072021484,16.6433162689209,15.81138801574707,15.0,12.806248664855957,12.041594505310059,10.630146026611328,9.899495124816895,9.899495124816895,7.8102498054504395,7.8102498054504395,6.4031243324279785,5.656854152679443,5.0,5.0
0,-42.0,-96,15,19,70.83784484863281,68.7677230834961,66.70832061767578,65.4369888305664,61.84658432006836,59.81638717651367,58.2580451965332,54.037025451660156,51.855567932128906,49.81967544555664,49.20365905761719,47.01063537597656,44.68780517578125,43.27817153930664,41.231056213378906,41.03656768798828,39.623226165771484,37.48332977294922,37.48332977294922,35.35533905029297,35.35533905029297,33.241539001464844,33.241539001464844,33.241539001464844,31.827661514282227,30.4138126373291,29.698484420776367,29.0,28.319604873657227,26.90724754333496,26.248809814453125,24.75883674621582,24.083189010620117,22.203603744506836,21.40093421936035,21.40093421936035,19.72308349609375,18.867961883544922,17.492855072021484,15.65247631072998,14.317821502685547,14.317821502685547,13.0,11.704699516296387,10.770329475402832,8.5440034866333,8.246211051940918,8.246211051940918,7.280109882354736,6.0,5.099019527435303,4.123105525970459
0,-42.0,-96,16,14,66.30987548828125,64.62197875976562,62.7694206237793,60.74536895751953,57.584720611572266,55.36244201660156,53.141319274902344,50.9215087890625,49.648765563964844,47.75981521606445,45.880279541015625,44.0113639831543,43.08131790161133,40.31128692626953,38.62641525268555,38.07886505126953,36.24913787841797,35.34119415283203,34.885528564453125,34.01470184326172,33.105892181396484,32.202484130859375,31.30495262145996,30.01666259765625,29.529645919799805,29.529645919799805,27.73084831237793,27.73084831237793,26.4007568359375,26.4007568359375,22.847318649291992,22.472204208374023,22.472204208374023,22.135944366455078,20.880613327026367,19.92485809326172,18.681541442871094,16.492422103881836,16.124515533447266,14.142135620117188,14.142135620117188,12.165525436401367,12.0,11.045360565185547,10.0,9.0,8.0,7.0,7.0,6.0,5.0,4.0
0,-42.0,-96,16,15,71.0,69.0,68.0,65.0,63.0079345703125,59.03388977050781,57.00876998901367,54.00925827026367,53.00943374633789,51.009803771972656,49.01020431518555,48.010414123535156,45.0,44.0,42.01190185546875,41.0,40.04996871948242,37.013511657714844,37.121421813964844,36.12478256225586,35.05709457397461,34.2344856262207,33.13608169555664,32.24903106689453,32.140316009521484,31.14482307434082,30.066593170166016,29.068883895874023,28.07133674621582,27.073972702026367,26.0,25.01999282836914,24.0,23.0,22.0,22.022714614868164,19.02629852294922,19.10497283935547,17.11724281311035,16.124515533447266,15.132745742797852,13.34166431427002,12.165525436401367,11.180339813232422,10.198039054870605,9.219544410705566,8.246211051940918,8.246211051940918,7.280109882354736,5.099019527435303,5.099019527435303,5.099019527435303
0,-42.0,-96,16,15,71.16881561279297,67.05221557617188,68.3081283569336,64.51356506347656,62.62587356567383,58.52349853515625,57.245086669921875,54.08327102661133,51.865211486816406,50.9215087890625,48.703182220458984,46.48655700683594,44.92215347290039,43.96589660644531,41.761226654052734,41.231056213378906,39.051246643066406,38.07886505126953,36.878177642822266,35.902645111083984,35.902645111083984,34.928497314453125,32.557640075683594,32.38827133178711,32.557640075683594,30.4138126373291,29.42787742614746,29.614185333251953,27.658634185791016,26.68332862854004,25.70992088317871,25.0,24.041629791259766,23.409399032592773,22.472204208374023,20.248456954956055,19.697715759277344,18.384777069091797,17.8885440826416,16.124515533447266,14.764822959899902,13.892443656921387,13.892443656921387,11.661903381347656,10.29563045501709,9.433980941772461,9.219544410705566,7.8102498054504395,7.211102485656738,6.4031243324279785,5.830951690673828,3.605551242828369
0,-42.0,-96,16,13,67.80117797851562,70.21395874023438,62.68173599243164,56.22277069091797,58.24946212768555,54.20331954956055,50.80354309082031,49.20365905761719,49.20365905761719,46.40043258666992,44.204071044921875,43.600460052490234,42.20189666748047,40.224369049072266,38.832977294921875,36.619667053222656,36.055511474609375,34.66987228393555,34.13209533691406,32.75667953491211,32.4499626159668,31.906112670898438,29.681644439697266,30.01666259765625,30.01666259765625,28.301942825317383,28.301942825317383,26.62705421447754,25.806976318359375,25.0,24.20743751525879,23.430749893188477,22.671567916870117,21.931713104248047,20.51828384399414,19.79899024963379,18.384777069091797,17.029386520385742,16.401220321655273,15.0,13.601470947265625,13.03840446472168,12.529964447021484,10.29563045501709,8.9442720413208,8.9442720413208,8.9442720413208,8.062257766723633,6.324555397033691,6.324555397033691,5.099019527435303,5.385164737701416
0,-42.0,-96,16,14,68.87670135498047,67.5425796508789,65.7419204711914,63.56099319458008,60.008331298828125,57.775428771972656,54.625999450683594,52.801513671875,50.56678771972656,50.15974426269531,47.92702865600586,45.18849563598633,44.283180236816406,42.48529052734375,42.48529052734375,39.357337951660156,38.470767974853516,34.885528564453125,36.8917350769043,35.84689712524414,33.61547088623047,34.13209533691406,31.38471031188965,31.906112670898438,31.38471031188965,30.528675079345703,29.154760360717773,28.65309715270996,27.784887313842773,27.294687271118164,25.942243576049805,24.1867733001709,23.25940704345703,22.847318649291992,22.472204208374023,20.248456954956055,19.92485809326172,18.027755737304688,16.492422103881836,15.524174690246582,14.317821502685547,14.142135620117188,13.152946472167969,12.165525436401367,10.198039054870605,9.05538558959961,9.0,9.05538558959961,7.0,7.0,6.0,5.0
0,-42.0,-96,16,14,69.05070495605469,68.06614685058594,66.0984115600586,63.639610290527344,60.67124557495117,58.54912567138672,55.44366455078125,53.46026611328125,51.4781494140625,49.497474670410156,48.25971221923828,46.389652252197266,45.54119110107422,42.57933807373047,41.59326934814453,39.81205749511719,38.832977294921875,36.67424011230469,37.10795211791992,36.13862228393555,34.20526123046875,34.20526123046875,31.78049659729004,32.280025482177734,31.78049659729004,31.78049659729004,29.832868576049805,28.861740112304688,28.635643005371094,26.476404190063477,26.305892944335938,25.317977905273438,24.331050872802734,22.090721130371094,22.090721130371094,21.02379608154297,20.0,19.0,17.0,16.0,15.0,14.142135620117188,12.041594505310059,13.152946472167969,11.045360565185547,9.05538558959961,9.05538558959961,9.219544410705566,8.246211051940918,7.071067810058594,6.082762718200684,6.082762718200684
0,-42.0,-96,15,18,69.57010650634766,68.94925689697266,64.51356506347656,63.90618133544922,59.80802536010742,59.236812591552734,56.080299377441406,53.851646423339844,51.62363815307617,48.703182220458984,49.04079818725586,46.81879806518555,45.54119110107422,43.011627197265625,41.1096076965332,39.84971618652344,39.84971618652344,37.64305877685547,37.10795211791992,36.13862228393555,34.20526123046875,33.95585250854492,32.280025482177734,31.78049659729004,31.78049659729004,31.048349380493164,29.832868576049805,28.861740112304688,29.832868576049805,26.925823211669922,26.570659637451172,25.298221588134766,25.298221588134766,22.847318649291992,22.847318649291992,21.02379608154297,19.697715759277344,17.8885440826416,17.8885440826416,16.124515533447266,14.422204971313477,14.422204971313477,13.03840446472168,12.206555366516113,11.401754379272461,10.816654205322266,9.219544410705566,7.8102498054504395,7.071067810058594,6.4031243324279785,5.656854152679443,5.0
0,-42.0,-96,16,14,69.81404113769531,67.80117797851562,64.40496826171875,63.60031509399414,60.216278076171875,58.00862121582031,55.4707145690918,53.823787689208984,52.430908203125,49.40647888183594,47.801673889160156,46.22769546508789,44.68780517578125,42.63801193237305,41.231056213378906,39.824615478515625,38.94868469238281,36.878177642822266,36.06937789916992,35.38361358642578,34.71310806274414,33.970577239990234,33.241539001464844,31.827661514282227,32.526912689208984,31.827661514282227,29.698484420776367,28.319604873657227,29.0,27.658634185791016,25.612497329711914,24.20743751525879,23.600847244262695,23.600847244262695,21.63330841064453,21.63330841064453,19.416488647460938,18.357559204101562,17.492855072021484,16.124515533447266,15.65247631072998,14.764822959899902,13.416407585144043,12.083045959472656,10.770329475402832,9.848857879638672,9.848857879638672,7.6157732009887695,7.6157732009887695,6.7082037925720215,5.385164737701416,5.385164737701416
0,-42.0,-96,16,15,72.2772445678711,66.94026947021484,69.12307739257812,63.56099319458008,64.32728576660156,57.48912811279297,57.27128601074219,54.5710563659668,53.15073013305664,52.63079071044922,49.72926712036133,47.801673889160156,46.840152740478516,43.680660247802734,41.761226654052734,42.05948257446289,39.217342376708984,39.217342376708984,36.400550842285156,37.336307525634766,35.46829605102539,35.11410140991211,34.539833068847656,33.61547088623047,32.69556427001953,31.78049659729004,30.08321762084961,30.675724029541016,28.792360305786133,28.792360305786133,25.298221588134766,26.248809814453125,25.0,23.76972770690918,22.56102752685547,21.587032318115234,19.646883010864258,18.439088821411133,18.248287200927734,16.124515533447266,16.031219482421875,15.132745742797852,14.0,11.045360565185547,11.0,10.0,10.0,9.0,8.0,8.0,6.082762718200684,5.099019527435303
0,-42.0,-96,16,14,68.3081283569336,66.40782928466797,65.45991516113281,62.62587356567383,59.80802536010742,57.00876998901367,53.48831558227539,53.141319274902344,51.26402282714844,48.703182220458984,46.48655700683594,44.92215347290039,44.92215347290039,43.011627197265625,40.804412841796875,39.293766021728516,38.07886505126953,37.10795211791992,35.693138122558594,33.95585250854492,33.734256744384766,33.734256744384766,31.78049659729004,31.400636672973633,31.575305938720703,30.265491485595703,29.42787742614746,28.861740112304688,27.892650604248047,26.68332862854004,25.961509704589844,25.0,22.803508758544922,22.135944366455078,21.189620971679688,20.248456954956055,18.027755737304688,18.384777069091797,16.552946090698242,16.552946090698242,14.764822959899902,13.892443656921387,12.529964447021484,11.661903381347656,9.433980941772461,8.9442720413208,8.602325439453125,8.062257766723633,7.211102485656738,6.4031243324279785,5.0,4.4721360206604
0,-42.0,-96,16,15,72.44308471679688,68.35934448242188,67.47592163085938,64.49806213378906,62.513999938964844,57.55866622924805,56.718605041503906,54.7448616027832,53.46026611328125,51.4781494140625,49.36598205566406,47.26520919799805,46.27094268798828,44.10215377807617,41.19466018676758,41.04875183105469,39.0128173828125,38.01315689086914,37.0,37.0,36.0,35.0,34.0,34.058773040771484,33.0151481628418,31.0,31.0,30.01666259765625,29.0,29.0,26.0,26.0,24.083189010620117,24.083189010620117,23.0867919921875,21.095022201538086,20.099750518798828,18.11077117919922,18.248287200927734,16.278820037841797,16.124515533447266,13.152946472167969,13.152946472167969,11.180339813232422,10.198039054870605,10.198039054870605,8.246211051940918,8.246211051940918,8.246211051940918,7.280109882354736,5.0,5.0
0,-42.0,-96,16,14,69.3108901977539,66.48307800292969,66.48307800292969,62.96824645996094,61.52235412597656,56.58621597290039,55.865909576416016,52.345008850097656,50.20956039428711,49.497474670410156,46.66904830932617,46.66904830932617,43.84062194824219,42.44997024536133,38.94868469238281,40.45985794067383,37.64305877685547,36.878177642822266,37.013511657714844,35.608985900878906,33.42155075073242,33.42155075073242,32.202484130859375,32.202484130859375,31.400636672973633,30.0,27.80287742614746,28.42534065246582,27.018512725830078,27.658634185791016,25.495098114013672,24.083189010620117,24.041629791259766,21.931713104248047,20.51828384399414,20.51828384399414,19.10497283935547,18.439088821411133,17.029386520385742,16.401220321655273,13.892443656921387,13.03840446472168,13.03840446472168,11.661903381347656,10.29563045501709,8.9442720413208,7.6157732009887695,8.062257766723633,6.7082037925720215,5.656854152679443,4.4721360206604,4.4721360206604
0,-42.0,-96,16,14,69.63475799560547,65.73431396484375,64.8999252319336,61.587337493896484,60.20797348022461,55.226806640625,55.226806640625,52.47856521606445,50.2493782043457,49.09175109863281,47.16990661621094,46.04345703125,43.8292121887207,42.20189666748047,40.224369049072266,39.408119201660156,38.01315689086914,36.400550842285156,35.46829605102539,35.608985900878906,33.42155075073242,33.42155075073242,32.649654388427734,31.890438079833984,31.890438079833984,29.068883895874023,29.068883895874023,28.42534065246582,27.018512725830078,26.4007568359375,24.413110733032227,24.413110733032227,24.413110733032227,22.472204208374023,21.095022201538086,19.72308349609375,18.357559204101562,17.8885440826416,16.552946090698242,15.65247631072998,13.928388595581055,13.0,12.649110794067383,11.704699516296387,9.486832618713379,9.219544410705566,8.246211051940918,7.280109882354736,6.324555397033691,5.385164737701416,5.385164737701416,4.123105525970459
0,-42.0,-96,16,14,69.46221923828125,68.15423583984375,64.07807922363281,64.25729370117188,59.61543273925781,57.93962478637695,53.851646423339844,52.92447280883789,51.62363815307617,48.84669876098633,48.84669876098633,46.097721099853516,45.18849563598633,43.382022857666016,42.48529052734375,39.824615478515625,38.94868469238281,36.2353401184082,36.359317779541016,35.510562896728516,33.61547088623047,34.13209533691406,31.38471031188965,32.4499626159668,31.064449310302734,31.064449310302734,29.681644439697266,27.784887313842773,27.784887313842773,26.07680892944336,25.05992889404297,24.1867733001709,24.1867733001709,23.706539154052734,21.931713104248047,21.02379608154297,19.697715759277344,18.384777069091797,16.76305389404297,16.155494689941406,15.81138801574707,14.560219764709473,12.649110794067383,12.649110794067383,11.180339813232422,9.219544410705566,8.246211051940918,9.219544410705566,7.071067810058594,7.071067810058594,6.324555397033691,5.385164737701416
0,-42.0,-96,16,14,68.50547790527344,66.0302963256836,64.637451171875,62.20128631591797,60.0,57.20139694213867,54.81787872314453,52.63079071044922,50.6063232421875,48.60041046142578,46.615447998046875,45.221675872802734,44.10215377807617,42.72002029418945,41.88078308105469,38.587562561035156,38.07886505126953,35.84689712524414,35.7770881652832,35.84689712524414,33.61547088623047,33.12099075317383,31.30495262145996,32.202484130859375,30.4138126373291,30.4138126373291,29.068883895874023,28.65309715270996,27.294687271118164,25.942243576049805,26.925823211669922,25.238859176635742,24.413110733032227,23.021728515625,20.615528106689453,20.0,20.0,17.804492950439453,17.029386520385742,16.278820037841797,14.142135620117188,12.727922439575195,12.727922439575195,11.401754379272461,10.630146026611328,9.219544410705566,8.602325439453125,7.211102485656738,6.4031243324279785,6.4031243324279785,4.4721360206604,5.0
0,-42.0,-96,16,15,70.93659210205078,67.23094177246094,66.48307800292969,63.694583892822266,60.926185607910156,58.18075180053711,55.154327392578125,54.230987548828125,52.39274597167969,49.76947021484375,47.92702865600586,46.2385139465332,44.94440841674805,42.72002029418945,40.16217041015625,42.05948257446289,38.60051727294922,38.60051727294922,35.902645111083984,34.928497314453125,33.95585250854492,34.928497314453125,33.95585250854492,32.75667953491211,30.805843353271484,31.048349380493164,29.832868576049805,29.614185333251953,26.925823211669922,26.925823211669922,25.961509704589844,25.0,24.351591110229492,22.472204208374023,22.472204208374023,20.615528106689453,19.697715759277344,18.384777069091797,17.0,15.65247631072998,14.764822959899902,12.529964447021484,12.529964447021484,11.661903381347656,10.29563045501709,9.433980941772461,9.433980941772461,7.071067810058594,5.830951690673828,5.830951690673828,5.385164737701416,5.385164737701416
0,-42.0,-96,16,14,69.46221923828125,67.11929321289062,64.49806213378906,61.773780822753906,60.41522979736328,57.245086669921875,55.90169906616211,53.22593307495117,51.429561614990234,49.19349670410156,48.764739990234375,46.52956008911133,44.29446792602539,41.67733383178711,39.824615478515625,39.66106414794922,38.27531814575195,37.44329071044922,36.619667053222656,35.22782897949219,34.66987228393555,33.0151481628418,33.0151481628418,32.80244064331055,32.202484130859375,30.805843353271484,30.232433319091797,28.844409942626953,26.62705421447754,26.62705421447754,25.238859176635742,25.942243576049805,24.1867733001709,22.825424194335938,21.931713104248047,21.02379608154297,20.124610900878906,18.384777069091797,17.464248657226562,15.81138801574707,14.866068840026855,13.928388595581055,12.369317054748535,12.649110794067383,10.198039054870605,10.198039054870605,9.219544410705566,9.219544410705566,7.071067810058594,7.071067810058594,5.385164737701416,5.385164737701416
0,-42.0,-96,16,14,68.35934448242188,67.36467742919922,64.38167572021484,63.12685775756836,59.13543701171875,58.07753372192383,55.145263671875,53.037723541259766,50.15974426269531,48.093658447265625,47.04253387451172,45.17742919921875,43.185646057128906,41.19466018676758,41.19466018676758,38.327537536621094,38.470767974853516,36.22154235839844,36.67424011230469,34.71310806274414,34.71310806274414,33.734256744384766,31.400636672973633,31.78049659729004,30.805843353271484,30.5941162109375,29.42787742614746,27.459060668945312,28.44292449951172,26.305892944335938,26.305892944335938,25.179357528686523,23.194826126098633,22.090721130371094,21.02379608154297,20.02498435974121,19.0,18.0,16.0,16.0,14.0,14.0,12.041594505310059,12.165525436401367,10.049875259399414,9.05538558959961,8.062257766723633,7.0,7.0,6.0,4.123105525970459,4.123105525970459
0,-42.0,-96,16,15,70.3420181274414,68.88395690917969,65.96968841552734,65.30696868896484,60.41522979736328,60.01666259765625,55.90169906616211,54.7448616027832,52.77309799194336,49.030601501464844,48.05205535888672,46.3249397277832,45.12205505371094,43.416587829589844,41.231056213378906,40.804412841796875,40.804412841796875,37.36308288574219,36.68787384033203,35.44009017944336,35.44009017944336,34.48188018798828,32.572994232177734,32.893768310546875,31.62277603149414,31.62277603149414,30.675724029541016,28.460498809814453,28.460498809814453,27.20294189453125,26.925823211669922,25.70992088317871,24.515300750732422,24.1867733001709,22.203603744506836,21.095022201538086,19.10497283935547,18.027755737304688,18.11077117919922,16.031219482421875,16.031219482421875,14.0,12.0,12.0,10.0,10.0,8.0,8.062257766723633,7.071067810058594,7.071067810058594,5.099019527435303,5.0
0,-42.0,-96,16,15,70.45565795898438,69.63475799560547,64.637451171875,65.45991516113281,61.29437255859375,60.20797348022461,55.75840759277344,53.5350341796875,51.97114562988281,48.82622146606445,48.25971221923828,46.615447998046875,45.80392837524414,43.600460052490234,42.8018684387207,40.0,39.824615478515625,36.878177642822266,37.64305877685547,36.878177642822266,34.71310806274414,35.38361358642578,31.890438079833984,33.941123962402344,31.890438079833984,31.14482307434082,31.14482307434082,28.319604873657227,29.20616340637207,26.248809814453125,26.4007568359375,25.806976318359375,24.413110733032227,23.021728515625,21.63330841064453,20.59126091003418,18.867961883544922,18.357559204101562,17.492855072021484,17.0,14.317821502685547,13.928388595581055,13.0,12.083045959472656,10.770329475402832,10.198039054870605,9.219544410705566,8.246211051940918,8.246211051940918,7.280109882354736,6.082762718200684,5.099019527435303
0,-42.0,-96,16,15,68.00735473632812,65.19202423095703,64.25729370117188,63.324562072753906,58.694122314453125,57.00876998901367,55.154327392578125,52.0,50.695167541503906,48.46648406982422,46.2385139465332,44.59820556640625,43.011627197265625,42.05948257446289,40.16217041015625,38.60051727294922,38.327537536621094,37.36308288574219,35.902645111083984,34.20526123046875,33.241539001464844,32.98484420776367,32.75667953491211,31.575305938720703,31.575305938720703,29.614185333251953,28.861740112304688,26.925823211669922,26.925823211669922,26.68332862854004,25.298221588134766,24.041629791259766,24.351591110229492,22.472204208374023,21.540658950805664,19.313207626342773,19.313207626342773,18.384777069091797,15.65247631072998,15.65247631072998,14.764822959899902,13.892443656921387,12.206555366516113,11.661903381347656,9.433980941772461,9.433980941772461,8.602325439453125,8.602325439453125,6.4031243324279785,6.4031243324279785,5.0,4.4721360206604
0,-42.0,-96,16,14,68.00735473632812,66.0,65.0076904296875,63.071388244628906,59.07622146606445,55.081756591796875,55.03635025024414,53.037723541259766,51.088157653808594,48.041648864746094,46.04345703125,45.0111083984375,43.011627197265625,42.0,41.0,39.0,38.01315689086914,37.013511657714844,35.05709457397461,34.058773040771484,33.060550689697266,33.060550689697266,32.06243896484375,31.14482307434082,31.064449310302734,30.066593170166016,29.068883895874023,28.017850875854492,27.073972702026367,27.018512725830078,26.0,24.0,24.0,22.022714614868164,21.02379608154297,20.02498435974121,19.10497283935547,17.11724281311035,16.124515533447266,15.132745742797852,14.317821502685547,13.34166431427002,12.165525436401367,10.198039054870605,10.440306663513184,9.219544410705566,8.246211051940918,8.246211051940918,6.324555397033691,6.324555397033691,4.123105525970459,4.123105525970459
0,-42.0,-96,16,15,70.0927963256836,68.62215423583984,65.79513549804688,65.0691909790039,62.2414665222168,58.694122314453125,55.865909576416016,53.75872039794922,52.32590103149414,50.2493782043457,47.381431579589844,46.010868072509766,44.68780517578125,44.04542922973633,42.52058410644531,39.824615478515625,38.41874694824219,37.013511657714844,37.202152252197266,35.80502700805664,35.0,35.80502700805664,31.62277603149414,32.75667953491211,31.906112670898438,31.064449310302734,30.528675079345703,29.4108829498291,28.844409942626953,26.4007568359375,26.4007568359375,25.612497329711914,24.83948516845703,24.083189010620117,21.931713104248047,21.260292053222656,19.10497283935547,18.384777069091797,17.69180679321289,16.401220321655273,15.620499610900879,13.601470947265625,12.806248664855957,12.806248664855957,11.401754379272461,9.433980941772461,9.433980941772461,8.602325439453125,6.7082037925720215,6.4031243324279785,5.385164737701416,5.0
0,-42.0,-96,16,15,68.11754608154297,65.0691909790039,64.07027435302734,64.03124237060547,60.008331298828125,57.0,54.0,53.00943374633789,51.0,48.041648864746094,47.0,45.0111083984375,44.04542922973633,42.04759216308594,40.04996871948242,39.11521530151367,38.11823654174805,37.121421813964844,35.35533905029297,35.35533905029297,33.37664031982422,34.36568069458008,32.38827133178711,32.38827133178711,31.400636672973633,30.4138126373291,29.27456283569336,28.160255432128906,28.07133674621582,26.07680892944336,26.07680892944336,26.019224166870117,24.020824432373047,23.0,22.0,21.0,19.02629852294922,18.027755737304688,17.11724281311035,16.124515533447266,14.142135620117188,13.152946472167969,13.152946472167969,12.165525436401367,10.198039054870605,10.198039054870605,9.219544410705566,8.246211051940918,7.071067810058594,6.082762718200684,5.099019527435303,5.385164737701416
0,-42.0,-96,16,15,72.00694274902344,69.23149871826172,67.08203887939453,64.32728576660156,61.61168670654297,58.46366500854492,56.51548385620117,54.12947463989258,52.17279052734375,50.80354309082031,49.030601501464844,46.69047164916992,45.54119110107422,43.416587829589844,42.42640686035156,41.43669891357422,40.31128692626953,37.336307525634766,37.05401611328125,36.055511474609375,35.05709457397461,35.05709457397461,34.058773040771484,33.060550689697266,32.06243896484375,31.064449310302734,31.14482307434082,30.066593170166016,29.154760360717773,28.160255432128906,26.305892944335938,26.305892944335938,24.1867733001709,23.53720474243164,22.56102752685547,21.587032318115234,19.646883010864258,18.681541442871094,17.72004508972168,17.0880069732666,14.866068840026855,13.928388595581055,13.0,12.083045959472656,11.180339813232422,10.29563045501709,9.848857879638672,8.602325439453125,8.5440034866333,6.7082037925720215,6.7082037925720215,5.385164737701416
0,-42.0,-96,16,14,69.3397445678711,66.2872543334961,64.07027435302734,61.61168670654297,61.032779693603516,57.80138397216797,55.217750549316406,53.00943374633789,51.61395263671875,49.40647888183594,47.801673889160156,45.221675872802734,43.8292121887207,43.26661682128906,40.8166618347168,39.96248245239258,38.07886505126953,37.2155876159668,36.2353401184082,34.885528564453125,34.0,34.438350677490234,33.12099075317383,32.202484130859375,31.30495262145996,31.764760971069336,29.529645919799805,28.65309715270996,27.294687271118164,27.784887313842773,25.553865432739258,24.698177337646484,24.698177337646484,22.472204208374023,21.63330841064453,20.0,20.615528106689453,19.10497283935547,18.439088821411133,16.970561981201172,14.866068840026855,13.45362377166748,12.727922439575195,12.727922439575195,10.630146026611328,9.899495124816895,9.899495124816895,8.485280990600586,6.4031243324279785,6.4031243324279785,6.4031243324279785,5.656854152679443
0,-42.0,-96,16,14,70.21395874023438,66.85057830810547,65.21502685546875,61.032779693603516,59.07622146606445,56.30275344848633,54.64430618286133,52.69725036621094,51.865211486816406,49.09175109863281,46.87216567993164,46.04345703125,44.40720748901367,41.400482177734375,40.0,40.45985794067383,37.64305877685547,36.12478256225586,35.38361358642578,34.71310806274414,34.71310806274414,33.30165100097656,33.241539001464844,32.557640075683594,31.14482307434082,31.14482307434082,29.698484420776367,28.319604873657227,27.58622932434082,28.319604873657227,24.83948516845703,24.20743751525879,23.600847244262695,23.600847244262695,21.40093421936035,20.808652877807617,19.416488647460938,18.357559204101562,17.0,16.124515533447266,14.764822959899902,13.892443656921387,13.416407585144043,10.770329475402832,9.848857879638672,9.848857879638672,9.848857879638672,8.5440034866333,7.6157732009887695,7.280109882354736,5.385164737701416,5.385164737701416
0,-42.0,-96,15,18,69.31810760498047,67.5351791381836,64.8459701538086,62.64982223510742,59.05929183959961,56.82429122924805,54.58937454223633,52.35456085205078,51.0,47.88528060913086,47.01063537597656,44.29446792602539,44.72135925292969,42.48529052734375,40.71854782104492,39.39543151855469,39.0,35.84689712524414,36.400550842285156,35.46829605102539,34.1760139465332,35.11410140991211,33.241539001464844,32.893768310546875,32.31098937988281,31.016124725341797,31.38471031188965,28.23118782043457,27.85677719116211,26.925823211669922,25.495098114013672,25.495098114013672,23.706539154052734,23.706539154052734,21.470911026000977,20.59126091003418,19.72308349609375,18.027755737304688,17.20465087890625,15.81138801574707,15.0,14.422204971313477,12.041594505310059,12.041594505310059,10.630146026611328,9.219544410705566,9.219544410705566,8.062257766723633,6.4031243324279785,5.656854152679443,5.656854152679443,5.0
0,-42.0,-96,16,15,69.065185546875,67.02984619140625,66.0302963256836,63.0,60.0,57.0,55.0,53.00943374633789,51.0,49.0,48.0,46.0,45.0111083984375,42.01190185546875,40.01249694824219,40.112342834472656,37.121421813964844,37.121421813964844,36.22154235839844,35.12833786010742,34.058773040771484,34.13209533691406,32.140316009521484,32.38827133178711,31.256999969482422,30.149627685546875,29.154760360717773,29.068883895874023,28.07133674621582,26.07680892944336,26.0,25.0,24.0,23.0,22.0,21.02379608154297,20.0,19.10497283935547,17.11724281311035,16.124515533447266,15.132745742797852,14.142135620117188,13.152946472167969,11.180339813232422,10.198039054870605,10.198039054870605,8.246211051940918,8.246211051940918,8.246211051940918,7.071067810058594,6.0,5.0
0,-42.0,-96,16,14,68.47627258300781,66.24198150634766,64.0078125,63.06346130371094,58.5918083190918,56.35601043701172,53.66563034057617,51.88448715209961,50.08992004394531,48.3735466003418,46.06517028808594,45.17742919921875,43.90899658203125,41.67733383178711,40.8166618347168,38.587562561035156,37.735923767089844,35.510562896728516,35.80502700805664,34.4093017578125,33.60059356689453,32.202484130859375,32.202484130859375,31.400636672973633,31.400636672973633,30.0,29.20616340637207,28.017850875854492,28.017850875854492,25.238859176635742,24.698177337646484,24.698177337646484,23.021728515625,21.954498291015625,21.470911026000977,20.124610900878906,20.124610900878906,17.464248657226562,16.552946090698242,15.65247631072998,14.560219764709473,13.601470947265625,12.649110794067383,10.440306663513184,10.198039054870605,9.219544410705566,9.219544410705566,7.280109882354736,7.280109882354736,6.324555397033691,6.082762718200684,4.123105525970459
0,-42.0,-96,16,14,68.88395690917969,65.6201171875,64.62971496582031,62.513999938964844,59.41380310058594,55.226806640625,55.3263053894043,51.15662384033203,50.2493782043457,48.3735466003418,46.27094268798828,45.54119110107422,43.5660400390625,41.59326934814453,39.623226165771484,38.63935852050781,36.878177642822266,36.67424011230469,35.1710090637207,34.20526123046875,33.95585250854492,32.280025482177734,32.015621185302734,32.572994232177734,31.320919036865234,30.08321762084961,28.861740112304688,28.861740112304688,26.925823211669922,26.925823211669922,24.73863410949707,24.515300750732422,24.331050872802734,22.360679626464844,21.21320343017578,20.099750518798828,19.10497283935547,18.027755737304688,16.124515533447266,15.0,15.0,13.0,12.0,12.0,10.0,9.05538558959961,8.0,8.0,7.0,5.0,6.0,4.0
0,-42.0,-96,16,14,68.15423583984375,66.40782928466797,57.245086669921875,58.18934631347656,58.872745513916016,55.94640350341797,55.154327392578125,50.56678771972656,49.76947021484375,47.92702865600586,45.18849563598633,44.384681701660156,42.154476165771484,40.49691390991211,38.62641525268555,37.947330474853516,36.055511474609375,35.11410140991211,33.83784866333008,33.52610778808594,32.893768310546875,32.572994232177734,31.320919036865234,30.364452362060547,30.364452362060547,29.73213768005371,28.792360305786133,27.513633728027344,25.63201141357422,26.4007568359375,24.166091918945312,23.25940704345703,22.360679626464844,21.470911026000977,20.808652877807617,18.867961883544922,18.027755737304688,17.20465087890625,15.620499610900879,14.21267032623291,14.21267032623291,12.806248664855957,12.041594505310059,10.630146026611328,9.899495124816895,8.602325439453125,7.8102498054504395,5.656854152679443,5.656854152679443,5.656854152679443,5.0,5.656854152679443
0,-42.0,-96,16,14,64.49806213378906,63.1347770690918,61.400325775146484,58.830265045166016,56.30275344848633,53.25410842895508,52.69725036621094,50.477718353271484,48.25971221923828,44.94440841674805,44.94440841674805,42.19004440307617,41.67733383178711,38.07886505126953,38.07886505126953,37.58989334106445,35.7770881652832,34.885528564453125,34.01470184326172,32.202484130859375,32.202484130859375,32.202484130859375,30.870698928833008,30.463092803955078,28.635643005371094,28.635643005371094,27.73084831237793,26.4007568359375,25.942243576049805,24.1867733001709,24.1867733001709,22.472204208374023,22.472204208374023,20.808652877807617,20.808652877807617,19.416488647460938,17.804492950439453,16.401220321655273,15.620499610900879,14.21267032623291,13.45362377166748,12.727922439575195,12.727922439575195,10.630146026611328,9.899495124816895,9.219544410705566,8.602325439453125,6.4031243324279785,5.656854152679443,5.656854152679443,5.0,4.242640495300293
0,-42.0,-96,16,14,67.17886352539062,67.17886352539062,62.22539520263672,62.96824645996094,58.051700592041016,57.384666442871094,53.81449508666992,50.990196228027344,50.32891845703125,46.010868072509766,46.010868072509766,45.27692413330078,43.13930892944336,41.01219177246094,41.01219177246094,38.94868469238281,37.53664779663086,35.38361358642578,34.71310806274414,34.058773040771484,33.30165100097656,32.649654388427734,31.890438079833984,30.610456466674805,30.610456466674805,30.610456466674805,29.832868576049805,27.018512725830078,27.658634185791016,25.495098114013672,25.45584487915039,24.041629791259766,22.627416610717773,21.260292053222656,21.260292053222656,19.209373474121094,19.209373474121094,17.20465087890625,15.81138801574707,15.264337539672852,14.764822959899902,13.03840446472168,12.529964447021484,11.180339813232422,9.848857879638672,8.9442720413208,7.6157732009887695,7.6157732009887695,6.324555397033691,6.324555397033691,4.4721360206604,4.4721360206604
0,-42.0,-96,16,16,72.7804946899414,69.42621612548828,67.46851348876953,65.11528015136719,62.96824645996094,59.84145736694336,57.87054443359375,55.73149871826172,53.600372314453125,50.80354309082031,49.81967544555664,48.27007293701172,46.097721099853516,44.14748001098633,42.20189666748047,41.48493576049805,39.560081481933594,38.60051727294922,37.64305877685547,36.68787384033203,36.400550842285156,34.78505325317383,33.52610778808594,34.1760139465332,32.572994232177734,31.62277603149414,30.675724029541016,30.08321762084961,30.08321762084961,28.160255432128906,26.476404190063477,26.476404190063477,24.515300750732422,23.34523582458496,22.090721130371094,21.095022201538086,20.099750518798828,19.02629852294922,18.0,17.029386520385742,15.0,14.0,13.0,12.0,11.0,10.049875259399414,9.05538558959961,8.0,7.071067810058594,7.0,5.0,5.0
0,-42.0,-96,16,15,70.61161041259766,66.2872543334961,66.2872543334961,62.817195892333984,61.84658432006836,57.9741325378418,55.54277801513672,52.63079071044922,51.41984176635742,50.447994232177734,48.27007293701172,46.097721099853516,43.931766510009766,42.95346450805664,40.607879638671875,40.4474983215332,37.336307525634766,37.336307525634766,37.336307525634766,36.22154235839844,34.13209533691406,34.13209533691406,33.13608169555664,32.140316009521484,32.140316009521484,30.066593170166016,29.068883895874023,29.154760360717773,28.284271240234375,26.305892944335938,25.495098114013672,25.317977905273438,24.515300750732422,22.56102752685547,21.587032318115234,20.615528106689453,19.646883010864258,18.973665237426758,16.76305389404297,15.81138801574707,13.928388595581055,13.928388595581055,13.416407585144043,11.180339813232422,11.180339813232422,9.433980941772461,8.062257766723633,8.062257766723633,7.6157732009887695,6.7082037925720215,4.4721360206604,4.4721360206604
0,-42.0,-96,16,15,67.35725402832031,64.51356506347656,64.8459701538086,61.46543884277344,60.539241790771484,55.71355438232422,54.7813835144043,52.201534271240234,50.695167541503906,48.46648406982422,47.16990661621094,44.94440841674805,43.65776062011719,42.05948257446289,40.16217041015625,39.560081481933594,37.10795211791992,36.400550842285156,34.928497314453125,34.928497314453125,34.928497314453125,33.95585250854492,32.75667953491211,32.38827133178711,31.575305938720703,30.5941162109375,29.42787742614746,29.614185333251953,27.658634185791016,26.476404190063477,25.0,25.298221588134766,23.0867919921875,23.409399032592773,22.472204208374023,21.540658950805664,19.697715759277344,17.8885440826416,17.8885440826416,15.65247631072998,15.264337539672852,13.892443656921387,13.416407585144043,11.661903381347656,9.433980941772461,8.602325439453125,8.602325439453125,8.602325439453125,7.8102498054504395,6.4031243324279785,5.830951690673828,4.4721360206604
0,-42.0,-96,16,14,67.11929321289062,64.40496826171875,64.40496826171875,61.717098236083984,59.03388977050781,56.35601043701172,53.66563034057617,51.429561614990234,50.08992004394531,48.754486083984375,46.06517028808594,44.777225494384766,42.95346450805664,41.231056213378906,39.39543151855469,38.62641525268555,36.055511474609375,35.11410140991211,34.78505325317383,34.78505325317383,33.83784866333008,32.280025482177734,32.280025482177734,32.280025482177734,30.364452362060547,30.364452362060547,29.120439529418945,28.160255432128906,27.20294189453125,26.570659637451172,25.63201141357422,24.698177337646484,22.472204208374023,22.847318649291992,21.02379608154297,20.615528106689453,17.8885440826416,17.8885440826416,17.0,15.264337539672852,14.422204971313477,13.601470947265625,13.03840446472168,11.401754379272461,10.0,9.219544410705566,8.485280990600586,7.8102498054504395,7.211102485656738,6.4031243324279785,5.656854152679443,4.242640495300293
0,-42.0,-96,16,15,70.26378631591797,67.23094177246094,66.70832061767578,63.694583892822266,62.3939094543457,57.93962478637695,55.154327392578125,53.48831558227539,51.62363815307617,50.32891845703125,48.10405349731445,45.880279541015625,44.94440841674805,43.46262741088867,41.62931823730469,39.81205749511719,38.01315689086914,38.01315689086914,36.715118408203125,36.2353401184082,35.7770881652832,34.48188018798828,33.12099075317383,33.12099075317383,33.12099075317383,29.96664810180664,29.068883895874023,29.068883895874023,28.17800521850586,26.832815170288086,26.4007568359375,26.0,25.298221588134766,22.472204208374023,22.472204208374023,21.840330123901367,21.587032318115234,19.646883010864258,18.439088821411133,16.278820037841797,16.124515533447266,15.132745742797852,13.152946472167969,13.03840446472168,11.045360565185547,10.0,10.0,8.0,8.0,8.0,5.0,5.0
0,-42.0,-96,16,15,70.8307876586914,68.44705963134766,65.51335906982422,65.30696868896484,60.8276252746582,58.85575485229492,56.88584899902344,53.75872039794922,52.611785888671875,48.83646011352539,49.030601501464844,46.097721099853516,46.097721099853516,44.384681701660156,41.231056213378906,41.231056213378906,39.293766021728516,36.400550842285156,37.64305877685547,36.400550842285156,35.44009017944336,34.48188018798828,32.572994232177734,33.241539001464844,31.95309066772461,31.62277603149414,30.675724029541016,28.460498809814453,29.120439529418945,27.20294189453125,26.925823211669922,25.70992088317871,25.495098114013672,23.34523582458496,22.203603744506836,21.21320343017578,21.21320343017578,19.10497283935547,18.11077117919922,17.029386520385742,16.031219482421875,14.0,13.0,12.0,11.0,10.0,9.0,9.0,8.0,8.0,6.0,5.0
0,-42.0,-96,16,15,71.19690704345703,68.44705963134766,65.30696868896484,64.53681182861328,60.63827133178711,58.694122314453125,55.785301208496094,54.5710563659668,52.63079071044922,50.21951675415039,49.030601501464844,47.07440948486328,45.7055778503418,43.73785400390625,41.59326934814453,40.607879638671875,39.458839416503906,37.48332977294922,37.121421813964844,37.2155876159668,35.35533905029297,34.2344856262207,33.13608169555664,33.060550689697266,33.060550689697266,32.06243896484375,31.14482307434082,30.066593170166016,29.154760360717773,27.294687271118164,27.294687271118164,26.476404190063477,25.495098114013672,23.53720474243164,22.803508758544922,21.587032318115234,19.92485809326172,18.973665237426758,18.973665237426758,17.0880069732666,15.81138801574707,14.317821502685547,13.416407585144043,13.0,11.180339813232422,11.180339813232422,9.433980941772461,8.9442720413208,7.6157732009887695,6.324555397033691,7.6157732009887695,5.830951690673828
0,-42.0,-96,16,14,69.40460968017578,65.0,65.802734375,60.605281829833984,61.22091293334961,55.44366455078125,54.81787872314453,52.63079071044922,49.81967544555664,48.41487503051758,47.6340217590332,45.607017517089844,43.600460052490234,42.20189666748047,39.408119201660156,40.49691390991211,38.07886505126953,37.2155876159668,35.84689712524414,35.35533905029297,34.0,34.0,33.12099075317383,32.649654388427734,30.886890411376953,30.886890411376953,29.529645919799805,29.529645919799805,27.294687271118164,27.784887313842773,25.238859176635742,25.238859176635742,25.238859176635742,23.021728515625,21.40093421936035,21.40093421936035,20.0,18.439088821411133,17.69180679321289,16.278820037841797,15.620499610900879,14.21267032623291,13.45362377166748,12.041594505310059,10.630146026611328,9.899495124816895,9.219544410705566,7.8102498054504395,7.211102485656738,5.656854152679443,6.4031243324279785,5.656854152679443
0,-42.0,-96,16,14,69.40460968017578,67.42403411865234,62.42595672607422,64.07027435302734,57.688819885253906,57.688819885253906,55.75840759277344,52.69725036621094,51.312767028808594,47.70744323730469,48.60041046142578,45.80392837524414,43.600460052490234,42.01190185546875,42.01190185546875,39.824615478515625,38.28837966918945,36.12478256225586,36.12478256225586,34.71310806274414,34.058773040771484,33.970577239990234,32.557640075683594,33.241539001464844,31.827661514282227,31.14482307434082,29.698484420776367,28.319604873657227,28.319604873657227,26.172504425048828,26.248809814453125,25.612497329711914,23.600847244262695,23.021728515625,22.472204208374023,20.808652877807617,19.416488647460938,18.357559204101562,16.6433162689209,17.0,14.764822959899902,14.764822959899902,13.0,12.083045959472656,10.770329475402832,9.848857879638672,9.486832618713379,8.5440034866333,7.280109882354736,6.324555397033691,5.830951690673828,4.4721360206604
0,-42.0,-96,16,14,68.47627258300781,65.76473236083984,64.0078125,63.06346130371094,59.4810905456543,55.90169906616211,54.5618896484375,51.88448715209961,51.429561614990234,48.30113983154297,46.957427978515625,47.01063537597656,43.90899658203125,42.54409408569336,40.31128692626953,39.11521530151367,37.44329071044922,37.44329071044922,35.80502700805664,35.80502700805664,33.83784866333008,33.60059356689453,32.202484130859375,32.80244064331055,31.400636672973633,30.610456466674805,30.610456466674805,29.20616340637207,26.4007568359375,27.20294189453125,25.238859176635742,25.238859176635742,23.323806762695312,23.323806762695312,22.472204208374023,21.470911026000977,20.124610900878906,19.235383987426758,17.464248657226562,16.552946090698242,14.866068840026855,14.866068840026855,13.0,12.649110794067383,10.770329475402832,9.486832618713379,9.486832618713379,8.246211051940918,8.246211051940918,7.280109882354736,6.324555397033691,5.385164737701416
0,-42.0,-96,16,15,70.49113464355469,66.8879623413086,67.23094177246094,63.812225341796875,62.12889862060547,57.14017868041992,56.080299377441406,53.5350341796875,51.62363815307617,50.477718353271484,47.70744323730469,46.87216567993164,44.65422821044922,43.5660400390625,40.8166618347168,41.146080017089844,38.470767974853516,37.57658767700195,36.67424011230469,36.24913787841797,34.928497314453125,34.539833068847656,34.01470184326172,33.61547088623047,32.202484130859375,30.870698928833008,29.546573638916016,29.154760360717773,28.23118782043457,27.85677719116211,26.832815170288086,26.4007568359375,24.59674835205078,23.706539154052734,22.360679626464844,21.095022201538086,20.0,19.416488647460938,17.20465087890625,16.401220321655273,15.620499610900879,14.21267032623291,12.806248664855957,11.313708305358887,10.630146026611328,9.219544410705566,9.219544410705566,7.8102498054504395,7.071067810058594,7.071067810058594,5.656854152679443,4.242640495300293
0,-42.0,-96,16,15,70.00714111328125,65.92420196533203,66.85057830810547,62.64982223510742,61.32699203491211,56.36488342285156,55.46169662475586,53.712196350097656,51.89412307739258,50.56678771972656,47.53945541381836,45.31004333496094,44.94440841674805,43.32435989379883,40.49691390991211,40.49691390991211,38.27531814575195,37.947330474853516,36.400550842285156,35.44009017944336,34.48188018798828,34.48188018798828,32.98484420776367,32.98484420776367,32.015621185302734,30.08321762084961,30.08321762084961,30.08321762084961,28.160255432128906,27.20294189453125,26.248809814453125,25.298221588134766,25.63201141357422,22.847318649291992,23.25940704345703,21.931713104248047,19.697715759277344,17.8885440826416,17.8885440826416,16.124515533447266,15.264337539672852,14.422204971313477,13.601470947265625,10.816654205322266,11.401754379272461,10.0,8.485280990600586,8.602325439453125,7.071067810058594,7.071067810058594,5.656854152679443,5.0
0,-42.0,-96,16,14,65.94694519042969,63.78087615966797,61.61980056762695,60.4400520324707,57.48912811279297,54.20331954956055,52.63079071044922,50.32891845703125,48.27007293701172,46.22769546508789,45.607017517089844,44.04542922973633,42.63801193237305,40.45985794067383,38.94868469238281,37.48332977294922,36.769554138183594,34.65544509887695,35.38361358642578,34.71310806274414,32.557640075683594,31.890438079833984,30.4138126373291,31.14482307434082,30.4138126373291,29.0,29.068883895874023,27.58622932434082,26.172504425048828,26.172504425048828,24.75883674621582,24.041629791259766,23.34523582458496,21.931713104248047,20.615528106689453,19.209373474121094,18.601076126098633,17.492855072021484,16.6433162689209,15.81138801574707,13.892443656921387,13.03840446472168,12.529964447021484,11.180339813232422,9.848857879638672,9.848857879638672,7.6157732009887695,7.6157732009887695,8.062257766723633,5.385164737701416,4.4721360206604,4.4721360206604
0,-42.0,-96,16,14,67.67569732666016,65.45991516113281,62.42595672607422,62.20128631591797,57.20139694213867,57.80138397216797,53.600372314453125,51.400390625,50.0,47.20169448852539,46.615447998046875,45.221675872802734,43.26661682128906,41.88078308105469,39.96248245239258,39.11521530151367,37.735923767089844,35.84689712524414,34.885528564453125,34.0,33.12099075317383,32.202484130859375,30.886890411376953,32.202484130859375,29.96664810180664,29.529645919799805,29.068883895874023,27.294687271118164,27.784887313842773,26.07680892944336,25.238859176635742,24.1867733001709,23.021728515625,23.600847244262695,21.40093421936035,20.0,19.209373474121094,18.439088821411133,16.278820037841797,16.278820037841797,13.45362377166748,14.21267032623291,12.041594505310059,11.401754379272461,9.899495124816895,9.219544410705566,9.219544410705566,7.211102485656738,6.4031243324279785,5.656854152679443,5.0,5.0
0,-42.0,-96,16,14,68.24954223632812,65.11528015136719,65.30696868896484,61.0,60.01666259765625,55.578773498535156,53.46026611328125,52.46903991699219,49.497474670410156,48.66210174560547,46.52956008911133,44.55333709716797,42.95346450805664,42.20189666748047,39.051246643066406,39.560081481933594,37.36308288574219,36.400550842285156,34.78505325317383,34.78505325317383,33.241539001464844,32.572994232177734,32.280025482177734,31.38471031188965,31.95309066772461,29.73213768005371,28.460498809814453,28.792360305786133,27.513633728027344,27.20294189453125,25.0,25.0,23.76972770690918,21.3775577545166,21.3775577545166,20.2237491607666,18.11077117919922,18.11077117919922,16.124515533447266,15.132745742797852,15.033296585083008,13.03840446472168,13.0,11.0,10.0,9.0,9.0,8.0,7.0,6.0,6.0,5.0
0,-42.0,-96,16,15,68.87670135498047,67.5425796508789,65.7419204711914,63.06346130371094,59.4810905456543,58.18075180053711,55.4707145690918,53.712196350097656,51.0,49.24428939819336,47.88528060913086,45.17742919921875,45.17742919921875,42.04759216308594,41.146080017089844,40.31128692626953,39.39543151855469,37.161808013916016,36.400550842285156,35.11410140991211,34.539833068847656,33.83784866333008,33.61547088623047,32.572994232177734,31.016124725341797,31.016124725341797,29.73213768005371,28.792360305786133,27.85677719116211,27.312999725341797,26.4007568359375,25.079872131347656,24.166091918945312,22.825424194335938,21.954498291015625,21.095022201538086,19.72308349609375,18.867961883544922,18.027755737304688,16.401220321655273,14.21267032623291,12.806248664855957,12.041594505310059,11.313708305358887,11.401754379272461,9.899495124816895,8.485280990600586,7.071067810058594,7.071067810058594,5.656854152679443,5.656854152679443,4.242640495300293
0,-42.0,-96,16,14,66.85057830810547,66.85057830810547,62.42595672607422,62.801273345947266,57.80138397216797,56.85068130493164,54.20331954956055,52.009613037109375,49.81967544555664,46.22769546508789,46.22769546508789,45.0,42.20189666748047,40.804412841796875,40.804412841796875,37.44329071044922,38.587562561035156,36.359317779541016,35.84689712524414,33.61547088623047,33.61547088623047,33.61547088623047,30.528675079345703,31.30495262145996,30.01666259765625,30.528675079345703,29.154760360717773,27.784887313842773,27.784887313842773,26.07680892944336,25.238859176635742,23.600847244262695,23.600847244262695,22.803508758544922,21.260292053222656,19.10497283935547,19.10497283935547,16.970561981201172,16.970561981201172,14.866068840026855,14.21267032623291,14.21267032623291,12.206555366516113,11.401754379272461,9.899495124816895,9.219544410705566,8.062257766723633,8.062257766723633,5.830951690673828,5.385164737701416,4.4721360206604,3.605551242828369
0,-42.0,-96,16,15,69.3108901977539,68.59300231933594,64.35060119628906,64.35060119628906,59.396968841552734,58.0,55.865909576416016,53.75872039794922,50.93132781982422,48.08325958251953,47.381431579589844,45.25483322143555,44.55333709716797,42.44997024536133,42.44997024536133,38.94868469238281,38.28837966918945,36.12478256225586,36.2353401184082,35.0,33.42155075073242,34.20526123046875,32.649654388427734,32.202484130859375,30.610456466674805,30.610456466674805,30.0,28.42534065246582,28.42534065246582,27.018512725830078,25.495098114013672,24.83948516845703,24.75883674621582,23.34523582458496,22.627416610717773,20.51828384399414,19.209373474121094,17.804492950439453,16.401220321655273,16.401220321655273,15.264337539672852,13.601470947265625,13.601470947265625,11.661903381347656,11.180339813232422,9.433980941772461,8.9442720413208,6.7082037925720215,6.7082037925720215,5.385164737701416,5.385164737701416,5.385164737701416
0,-42.0,-96,16,14,68.3520278930664,65.78753662109375,63.5688591003418,61.98386764526367,58.8217658996582,56.32051086425781,53.45091247558594,52.49761962890625,50.0,48.08325958251953,46.173583984375,45.221675872802734,43.32435989379883,40.49691390991211,40.49691390991211,38.62641525268555,38.07886505126953,35.84689712524414,34.01470184326172,34.01470184326172,33.105892181396484,33.105892181396484,32.202484130859375,31.30495262145996,31.30495262145996,29.96664810180664,29.546573638916016,28.23118782043457,27.312999725341797,26.4007568359375,25.63201141357422,24.698177337646484,23.409399032592773,22.135944366455078,21.840330123901367,20.615528106689453,19.646883010864258,18.248287200927734,17.262676239013672,16.124515533447266,15.132745742797852,14.142135620117188,13.03840446472168,12.041594505310059,11.045360565185547,9.0,9.0,8.0,8.0,7.0,5.0,5.0
0,-42.0,-96,16,15,70.21395874023438,67.89698028564453,65.76473236083984,63.639610290527344,61.52235412597656,57.314918518066406,55.578773498535156,53.33854293823242,51.4781494140625,49.36598205566406,47.381431579589844,45.39823913574219,45.54119110107422,42.7551155090332,40.607879638671875,40.024993896484375,38.07886505126953,37.85498809814453,35.44009017944336,35.44009017944336,34.20526123046875,33.241539001464844,33.241539001464844,32.572994232177734,31.320919036865234,31.320919036865234,30.08321762084961,30.08321762084961,27.892650604248047,27.892650604248047,25.495098114013672,24.515300750732422,24.515300750732422,24.1867733001709,22.090721130371094,21.095022201538086,20.02498435974121,19.02629852294922,18.0,16.0,16.0,14.0,13.0,11.0,10.0,10.0,9.05538558959961,8.062257766723633,8.062257766723633,7.071067810058594,6.0,5.099019527435303
0,-42.0,-96,16,15,70.0927963256836,68.88395690917969,63.78871536254883,65.25334930419922,60.4400520324707,59.203041076660156,56.04462432861328,54.5710563659668,52.63079071044922,49.72926712036133,49.72926712036133,46.840152740478516,44.384681701660156,43.17406463623047,43.17406463623047,40.79215621948242,40.79215621948242,37.656341552734375,37.336307525634766,36.34556198120117,35.35533905029297,34.2344856262207,33.37664031982422,33.37664031982422,33.37664031982422,32.38827133178711,31.256999969482422,29.42787742614746,29.42787742614746,26.476404190063477,26.68332862854004,25.70992088317871,24.73863410949707,25.0,22.135944366455078,21.540658950805664,20.615528106689453,18.788293838500977,17.8885440826416,17.0880069732666,15.65247631072998,14.317821502685547,13.416407585144043,11.180339813232422,11.180339813232422,9.433980941772461,9.433980941772461,8.602325439453125,6.7082037925720215,7.211102485656738,5.385164737701416,5.385164737701416
0,-42.0,-96,16,15,69.85699462890625,68.65857696533203,65.51335906982422,64.32728576660156,60.20797348022461,60.01666259765625,56.88584899902344,53.93514633178711,51.788028717041016,50.0099983215332,48.83646011352539,46.097721099853516,45.12205505371094,43.416587829589844,42.44997024536133,40.26164245605469,39.560081481933594,38.07886505126953,37.947330474853516,35.735137939453125,35.44009017944336,35.44009017944336,33.52610778808594,33.83784866333008,32.572994232177734,32.572994232177734,30.364452362060547,29.4108829498291,29.120439529418945,29.120439529418945,26.476404190063477,26.476404190063477,26.305892944335938,24.331050872802734,23.194826126098633,22.090721130371094,21.095022201538086,20.02498435974121,19.02629852294922,17.0,16.0,15.0,13.0,13.0,12.041594505310059,10.049875259399414,10.049875259399414,9.05538558959961,8.062257766723633,8.062257766723633,6.082762718200684,5.099019527435303
0,-42.0,-96,16,13,63.324562072753906,60.16643524169922,59.203041076660156,55.6596794128418,55.6596794128418,51.54609680175781,50.9215087890625,48.703182220458984,46.48655700683594,45.221675872802734,44.271888732910156,42.05948257446289,40.52159881591797,38.327537536621094,37.36308288574219,36.878177642822266,35.693138122558594,34.928497314453125,33.541019439697266,33.541019439697266,32.557640075683594,31.400636672973633,30.5941162109375,30.4138126373291,29.27456283569336,28.635643005371094,27.459060668945312,27.294687271118164,25.495098114013672,26.68332862854004,24.515300750732422,23.53720474243164,22.803508758544922,21.840330123901367,20.248456954956055,20.248456954956055,18.384777069091797,17.464248657226562,16.552946090698242,15.231546401977539,14.317821502685547,13.416407585144043,12.529964447021484,11.661903381347656,10.816654205322266,9.433980941772461,10.0,7.211102485656738,7.211102485656738,7.211102485656738,5.830951690673828,4.4721360206604
0,-42.0,-96,16,14,67.60177612304688,64.88451385498047,64.0078125,62.17716598510742,59.9416389465332,55.009090423583984,53.66563034057617,51.88448715209961,50.11985778808594,49.24428939819336,47.01063537597656,43.90899658203125,43.90899658203125,41.67733383178711,39.11521530151367,39.11521530151367,37.44329071044922,35.80502700805664,35.80502700805664,35.0,35.0,32.80244064331055,32.202484130859375,31.890438079833984,32.015621185302734,30.610456466674805,29.20616340637207,30.0,27.80287742614746,27.20294189453125,24.413110733032227,25.0,24.1867733001709,22.472204208374023,22.472204208374023,21.095022201538086,19.235383987426758,18.357559204101562,17.464248657226562,16.552946090698242,14.866068840026855,12.649110794067383,13.0,10.770329475402832,11.401754379272461,9.219544410705566,9.219544410705566,7.280109882354736,7.280109882354736,6.324555397033691,5.385164737701416,4.123105525970459
0,-42.0,-96,16,15,71.51223754882812,66.48307800292969,66.48307800292969,63.694583892822266,62.3939094543457,57.775428771972656,56.46237564086914,53.3104133605957,52.39274597167969,50.695167541503906,48.46648406982422,45.880279541015625,44.94440841674805,43.65776062011719,41.1096076965332,40.804412841796875,38.897300720214844,38.60051727294922,36.400550842285156,36.400550842285156,35.44009017944336,35.1710090637207,33.241539001464844,32.98484420776367,32.98484420776367,32.75667953491211,30.08321762084961,30.08321762084961,28.160255432128906,28.160255432128906,26.570659637451172,26.570659637451172,26.0,24.166091918945312,22.847318649291992,21.02379608154297,20.124610900878906,19.235383987426758,18.357559204101562,16.124515533447266,15.264337539672852,15.264337539672852,13.601470947265625,12.206555366516113,11.401754379272461,10.0,8.602325439453125,8.602325439453125,7.8102498054504395,7.211102485656738,5.830951690673828,4.4721360206604
0,-42.0,-96,15,19,70.32780456542969,68.09552001953125,65.86349487304688,63.52952194213867,61.29437255859375,58.5918083190918,56.82429122924805,54.120235443115234,51.88448715209961,50.11985778808594,49.24428939819336,46.647613525390625,45.79301071166992,43.5660400390625,41.34005355834961,41.04875183105469,39.408119201660156,38.27531814575195,37.202152252197266,36.619667053222656,35.0,35.0,33.42155075073242,33.42155075073242,32.649654388427734,32.202484130859375,30.610456466674805,30.0,28.600698471069336,28.017850875854492,26.62705421447754,26.07680892944336,24.698177337646484,24.698177337646484,22.360679626464844,21.954498291015625,22.360679626464844,19.697715759277344,17.8885440826416,17.464248657226562,16.155494689941406,15.231546401977539,13.928388595581055,13.0,10.770329475402832,9.486832618713379,10.198039054870605,8.246211051940918,8.246211051940918,7.280109882354736,7.280109882354736,5.099019527435303
0,-42.0,-96,16,15,70.34912872314453,68.26419067382812,67.26811981201172,64.1248779296875,61.13100814819336,57.07889175415039,56.14267349243164,54.08327102661133,53.0848388671875,51.15662384033203,49.162994384765625,47.26520919799805,45.27692413330078,42.296573638916016,42.296573638916016,40.607879638671875,38.63935852050781,38.63935852050781,37.85498809814453,36.878177642822266,35.510562896728516,34.928497314453125,33.95585250854492,33.95585250854492,32.98484420776367,32.015621185302734,30.805843353271484,29.832868576049805,29.614185333251953,27.658634185791016,27.459060668945312,26.476404190063477,25.317977905273438,24.1867733001709,23.0867919921875,22.022714614868164,21.02379608154297,19.0,18.0,17.0,16.0,15.0,14.0,13.0,11.0,10.0,10.0,9.05538558959961,8.0,8.0,7.0,5.0
0,-42.0,-96,16,14,69.2603759765625,66.0984115600586,64.19501495361328,61.6846809387207,59.46427536010742,56.64803695678711,54.08327102661133,51.865211486816406,49.97999572753906,48.703182220458984,47.16990661621094,45.54119110107422,44.271888732910156,41.1096076965332,39.84971618652344,39.560081481933594,38.07886505126953,36.13862228393555,36.878177642822266,34.71310806274414,33.734256744384766,33.734256744384766,31.78049659729004,31.78049659729004,31.78049659729004,29.614185333251953,28.861740112304688,29.832868576049805,28.861740112304688,26.925823211669922,25.961509704589844,25.961509704589844,25.298221588134766,22.135944366455078,22.135944366455078,21.540658950805664,21.02379608154297,17.8885440826416,17.0,16.552946090698242,15.65247631072998,13.892443656921387,13.892443656921387,11.661903381347656,10.29563045501709,9.219544410705566,8.062257766723633,8.062257766723633,7.211102485656738,6.4031243324279785,5.0,5.0
0,-42.0,-96,16,14,67.35725402832031,67.35725402832031,62.481998443603516,64.03124237060547,57.00876998901367,57.628116607666016,53.413482666015625,52.63079071044922,50.6063232421875,47.50789260864258,46.22769546508789,43.931766510009766,43.931766510009766,42.44997024536133,41.773197174072266,38.20994567871094,38.20994567871094,34.65544509887695,36.769554138183594,35.38361358642578,34.65544509887695,33.970577239990234,31.14482307434082,32.557640075683594,31.14482307434082,31.14482307434082,29.73213768005371,27.58622932434082,28.284271240234375,25.45584487915039,25.495098114013672,25.495098114013672,24.083189010620117,22.022714614868164,21.40093421936035,20.0,19.416488647460938,17.20465087890625,18.027755737304688,16.6433162689209,14.764822959899902,14.764822959899902,12.529964447021484,11.704699516296387,9.848857879638672,9.848857879638672,8.5440034866333,7.6157732009887695,6.324555397033691,5.830951690673828,5.385164737701416,4.4721360206604
0,-42.0,-96,16,14,70.29224395751953,67.47592163085938,65.29930877685547,64.03124237060547,61.22091293334961,58.41232681274414,55.60575485229492,54.20331954956055,51.22499465942383,49.81967544555664,47.801673889160156,45.45327377319336,44.68780517578125,43.931766510009766,42.52058410644531,40.360870361328125,38.897300720214844,37.48332977294922,36.769554138183594,36.79673767089844,36.06937789916992,35.38361358642578,33.241539001464844,32.649654388427734,32.557640075683594,31.14482307434082,29.73213768005371,29.0,29.0,26.870058059692383,27.58622932434082,26.870058059692383,24.83948516845703,24.083189010620117,22.022714614868164,21.40093421936035,20.0,18.867961883544922,17.492855072021484,16.6433162689209,15.65247631072998,14.764822959899902,13.416407585144043,12.083045959472656,9.848857879638672,9.848857879638672,8.5440034866333,8.062257766723633,7.6157732009887695,6.7082037925720215,5.385164737701416,4.4721360206604
0,-42.0,-96,16,14,69.7782211303711,64.8459701538086,65.30696868896484,61.29437255859375,60.41522979736328,55.4707145690918,54.58937454223633,52.839378356933594,51.88448715209961,50.537113189697266,48.30113983154297,45.617977142333984,44.283180236816406,42.04759216308594,39.39543151855469,40.31128692626953,37.6961555480957,37.6961555480957,35.11410140991211,35.11410140991211,34.1760139465332,33.83784866333008,32.893768310546875,32.280025482177734,32.280025482177734,31.320919036865234,29.4108829498291,28.460498809814453,27.513633728027344,27.85677719116211,25.63201141357422,26.0,24.166091918945312,23.25940704345703,22.360679626464844,21.470911026000977,20.59126091003418,18.357559204101562,17.492855072021484,16.6433162689209,15.81138801574707,14.422204971313477,13.601470947265625,11.401754379272461,11.401754379272461,9.899495124816895,9.899495124816895,8.485280990600586,7.8102498054504395,6.4031243324279785,6.4031243324279785,5.656854152679443
0,-42.0,-96,16,15,65.0691909790039,63.639610290527344,61.52235412597656,59.41380310058594,58.0,54.488529205322266,52.40229034423828,50.2493782043457,48.83646011352539,46.69047164916992,45.27692413330078,43.13930892944336,41.72529220581055,39.59798049926758,38.18376541137695,38.20994567871094,36.12478256225586,35.38361358642578,33.42155075073242,34.71310806274414,32.015621185302734,32.015621185302734,31.890438079833984,30.0,28.42534065246582,28.42534065246582,27.658634185791016,27.658634185791016,26.90724754333496,26.172504425048828,25.45584487915039,24.041629791259766,22.627416610717773,21.931713104248047,22.022714614868164,20.615528106689453,19.209373474121094,17.20465087890625,16.124515533447266,15.264337539672852,13.892443656921387,13.416407585144043,12.083045959472656,11.180339813232422,9.848857879638672,9.433980941772461,8.5440034866333,7.280109882354736,6.324555397033691,5.385164737701416,5.385164737701416,4.4721360206604
0,-42.0,-96,16,14,68.42514038085938,67.11929321289062,63.976558685302734,62.2414665222168,59.09314727783203,57.27128601074219,54.625999450683594,52.39274597167969,51.078372955322266,47.92702865600586,47.01063537597656,45.18849563598633,43.382022857666016,42.48529052734375,41.59326934814453,38.94868469238281,38.07886505126953,35.84689712524414,36.359317779541016,34.98571014404297,34.48188018798828,34.13209533691406,31.906112670898438,32.4499626159668,31.064449310302734,31.064449310302734,30.528675079345703,29.154760360717773,28.65309715270996,27.784887313842773,25.942243576049805,25.942243576049805,24.166091918945312,22.847318649291992,22.847318649291992,20.615528106689453,20.248456954956055,18.384777069091797,17.72004508972168,16.76305389404297,14.317821502685547,14.317821502685547,12.369317054748535,12.165525436401367,11.180339813232422,10.198039054870605,9.219544410705566,9.05538558959961,8.062257766723633,7.0,7.280109882354736,5.385164737701416
0,-42.0,-96,16,14,65.94694519042969,62.28964614868164,63.03173828125,59.41380310058594,58.694122314453125,54.451812744140625,53.037723541259766,49.51767349243164,48.10405349731445,48.10405349731445,45.27692413330078,43.931766510009766,41.86884307861328,40.45985794067383,38.28837966918945,38.41874694824219,35.0,35.0,34.66987228393555,33.83784866333008,32.202484130859375,32.4499626159668,30.528675079345703,30.528675079345703,29.681644439697266,28.844409942626953,28.017850875854492,28.017850875854492,27.20294189453125,26.4007568359375,24.20743751525879,24.83948516845703,23.430749893188477,21.931713104248047,20.51828384399414,20.51828384399414,19.10497283935547,17.69180679321289,16.278820037841797,15.620499610900879,15.0,13.601470947265625,13.601470947265625,11.401754379272461,10.29563045501709,8.9442720413208,8.9442720413208,8.062257766723633,7.6157732009887695,7.211102485656738,4.4721360206604,4.4721360206604
0,-42.0,-96,16,14,67.06713104248047,64.25729370117188,64.25729370117188,62.3939094543457,58.694122314453125,56.080299377441406,54.230987548828125,52.0,50.695167541503906,47.92702865600586,45.880279541015625,44.94440841674805,43.08131790161133,40.49691390991211,40.16217041015625,37.947330474853516,37.64305877685547,36.68787384033203,36.13862228393555,35.1710090637207,34.20526123046875,33.241539001464844,31.78049659729004,31.78049659729004,30.805843353271484,29.832868576049805,29.832868576049805,27.892650604248047,27.892650604248047,26.925823211669922,26.248809814453125,25.298221588134766,23.76972770690918,22.847318649291992,22.847318649291992,20.615528106689453,19.235383987426758,18.357559204101562,16.6433162689209,16.124515533447266,14.764822959899902,13.892443656921387,13.601470947265625,11.401754379272461,10.630146026611328,9.219544410705566,9.219544410705566,8.602325439453125,7.071067810058594,6.4031243324279785,5.656854152679443,5.0
0,-42.0,-96,17,8,60.8276252746582,60.4400520324707,58.13776779174805,54.488529205322266,53.81449508666992,50.2493782043457,48.83646011352539,45.25483322143555,45.25483322143555,42.42640686035156,40.31128692626953,40.31128692626953,38.897300720214844,37.48332977294922,36.79673767089844,34.058773040771484,34.058773040771484,31.240999221801758,31.240999221801758,31.240999221801758,29.832868576049805,30.0,28.42534065246582,28.42534065246582,28.42534065246582,27.018512725830078,25.612497329711914,25.495098114013672,24.83948516845703,23.34523582458496,23.34523582458496,22.627416610717773,21.260292053222656,21.260292053222656,19.84943389892578,17.804492950439453,17.20465087890625,17.20465087890625,16.124515533447266,14.422204971313477,13.416407585144043,13.416407585144043,11.661903381347656,11.180339813232422,9.848857879638672,8.9442720413208,8.5440034866333,8.5440034866333,7.280109882354736,6.324555397033691,5.385164737701416,5.099019527435303
0,-42.0,-96,16,15,69.92138671875,65.802734375,66.7607650756836,62.297672271728516,61.98386764526367,56.920997619628906,55.973209381103516,53.141319274902344,50.9215087890625,50.9215087890625,47.12748718261719,45.880279541015625,44.92215347290039,42.44997024536133,40.804412841796875,41.0,37.85498809814453,37.85498809814453,36.67424011230469,34.71310806274414,34.71310806274414,34.525352478027344,33.541019439697266,32.24903106689453,32.38827133178711,31.400636672973633,29.42787742614746,29.42787742614746,27.459060668945312,28.44292449951172,26.476404190063477,25.70992088317871,25.0,23.409399032592773,22.135944366455078,21.540658950805664,20.248456954956055,19.313207626342773,17.464248657226562,17.464248657226562,15.231546401977539,13.416407585144043,13.892443656921387,12.206555366516113,11.661903381347656,9.433980941772461,8.602325439453125,8.602325439453125,7.211102485656738,6.4031243324279785,5.830951690673828,5.0
0,-42.0,-96,16,15,68.680419921875,68.01470184326172,65.11528015136719,63.12685775756836,59.66573715209961,58.2580451965332,55.31726837158203,53.26349639892578,51.7397346496582,48.91830062866211,47.01063537597656,46.22769546508789,43.931766510009766,41.231056213378906,41.1096076965332,38.897300720214844,38.897300720214844,36.769554138183594,36.06937789916992,35.38361358642578,34.65544509887695,33.241539001464844,33.241539001464844,32.557640075683594,31.827661514282227,30.4138126373291,29.698484420776367,28.284271240234375,27.58622932434082,26.90724754333496,26.248809814453125,26.248809814453125,24.083189010620117,22.803508758544922,22.203603744506836,20.808652877807617,19.72308349609375,18.357559204101562,17.8885440826416,16.124515533447266,16.124515533447266,14.317821502685547,13.928388595581055,12.083045959472656,10.440306663513184,9.848857879638672,8.246211051940918,7.280109882354736,7.280109882354736,7.071067810058594,5.385164737701416,5.385164737701416
0,-42.0,-96,16,15,70.8307876586914,68.65857696533203,65.51335906982422,64.32728576660156,60.01666259765625,58.694122314453125,56.718605041503906,54.58937454223633,52.46903991699219,49.81967544555664,48.83646011352539,47.07440948486328,44.14748001098633,43.17406463623047,42.20189666748047,41.0,39.293766021728516,36.878177642822266,37.36308288574219,35.44009017944336,35.1710090637207,34.48188018798828,34.20526123046875,33.83784866333008,33.52610778808594,31.320919036865234,30.08321762084961,30.08321762084961,29.120439529418945,26.925823211669922,26.476404190063477,26.476404190063477,24.1867733001709,24.1867733001709,24.083189010620117,22.090721130371094,21.095022201538086,20.02498435974121,18.0,18.0,16.0,15.0,13.03840446472168,13.03840446472168,11.180339813232422,10.198039054870605,10.049875259399414,8.062257766723633,8.0,7.280109882354736,6.324555397033691,6.082762718200684
0,-42.0,-96,16,15,71.17584228515625,68.11754608154297,67.11929321289062,64.0078125,61.00819778442383,58.00862121582031,56.0,54.0,51.009803771972656,51.0,49.01020431518555,46.04345703125,45.0444221496582,43.104522705078125,41.04875183105469,40.199501037597656,39.31920623779297,37.2155876159668,37.48332977294922,36.34556198120117,36.34556198120117,34.36568069458008,33.37664031982422,33.541019439697266,32.38827133178711,32.557640075683594,31.400636672973633,29.42787742614746,29.27456283569336,28.284271240234375,26.172504425048828,26.07680892944336,25.079872131347656,24.0,23.021728515625,22.0,21.0,19.02629852294922,19.0,17.029386520385742,16.031219482421875,15.0,14.142135620117188,12.041594505310059,12.041594505310059,11.045360565185547,10.049875259399414,9.219544410705566,8.246211051940918,8.062257766723633,6.082762718200684,6.0
0,-42.0,-96,16,15,70.21395874023438,66.0984115600586,66.0984115600586,62.62587356567383,60.74536895751953,57.93962478637695,56.30275344848633,53.141319274902344,50.9215087890625,49.39635467529297,48.10405349731445,45.880279541015625,44.59820556640625,42.379241943359375,40.16217041015625,39.560081481933594,38.07886505126953,38.327537536621094,36.13862228393555,36.13862228393555,34.928497314453125,33.95585250854492,32.98484420776367,32.75667953491211,32.015621185302734,30.805843353271484,30.08321762084961,28.861740112304688,28.160255432128906,26.925823211669922,26.570659637451172,25.298221588134766,24.351591110229492,22.847318649291992,22.472204208374023,21.02379608154297,20.124610900878906,18.357559204101562,18.867961883544922,16.6433162689209,15.81138801574707,14.422204971313477,13.601470947265625,12.806248664855957,10.630146026611328,10.630146026611328,10.0,7.8102498054504395,7.8102498054504395,7.071067810058594,5.656854152679443,5.0
0,-42.0,-96,16,15,69.1158447265625,68.18357849121094,64.1248779296875,64.28063201904297,59.21148681640625,58.30952072143555,55.226806640625,53.15073013305664,51.244510650634766,49.162994384765625,48.093658447265625,46.04345703125,45.0444221496582,43.011627197265625,41.0,40.0,40.01249694824219,37.0,37.05401611328125,36.055511474609375,34.058773040771484,34.058773040771484,32.015621185302734,33.13608169555664,32.06243896484375,30.066593170166016,31.064449310302734,29.068883895874023,29.068883895874023,27.018512725830078,27.0,26.019224166870117,24.0,23.0,22.022714614868164,21.095022201538086,20.099750518798828,18.11077117919922,17.11724281311035,16.124515533447266,16.124515533447266,14.142135620117188,12.165525436401367,12.369317054748535,10.198039054870605,9.219544410705566,9.219544410705566,8.246211051940918,8.062257766723633,7.280109882354736,5.385164737701416,5.099019527435303
0,-42.0,-96,16,15,70.22820281982422,68.00735473632812,64.8459701538086,64.19501495361328,61.35144805908203,58.52349853515625,55.36244201660156,54.4058837890625,51.92301940917969,49.648765563964844,48.383880615234375,46.173583984375,45.221675872802734,44.0113639831543,42.379241943359375,40.49691390991211,39.560081481933594,38.07886505126953,37.161808013916016,36.769554138183594,34.928497314453125,34.928497314453125,32.69556427001953,32.649654388427734,32.69556427001953,31.78049659729004,29.546573638916016,29.154760360717773,29.154760360717773,27.85677719116211,26.570659637451172,26.570659637451172,25.0,24.041629791259766,22.803508758544922,21.587032318115234,20.615528106689453,19.235383987426758,18.11077117919922,17.11724281311035,16.031219482421875,15.033296585083008,15.033296585083008,13.0,12.0,10.0,10.0,9.0,8.0,8.0,7.0,5.0
0,-42.0,-96,16,15,67.36467742919922,67.18630981445312,61.52235412597656,64.49806213378906,56.718605041503906,54.918121337890625,53.600372314453125,51.788028717041016,48.83646011352539,46.389652252197266,45.27692413330078,43.185646057128906,42.10700607299805,40.112342834472656,39.051246643066406,39.051246643066406,37.013511657714844,36.055511474609375,35.0,34.0,33.0,32.0,32.0,32.015621185302734,30.01666259765625,30.0,29.0,28.0,27.0,26.0,26.019224166870117,24.083189010620117,24.020824432373047,22.090721130371094,21.095022201538086,20.2237491607666,19.10497283935547,18.11077117919922,17.11724281311035,15.132745742797852,14.317821502685547,13.34166431427002,11.401754379272461,10.440306663513184,10.440306663513184,9.486832618713379,8.246211051940918,7.280109882354736,6.324555397033691,5.385164737701416,5.385164737701416,5.099019527435303
0,-42.0,-96,16,14,67.06713104248047,66.40782928466797,63.5688591003418,61.98386764526367,58.18934631347656,56.61272048950195,53.45091247558594,52.49761962890625,50.28916549682617,47.75981521606445,45.221675872802734,44.59820556640625,43.32435989379883,41.78516387939453,40.853397369384766,38.62641525268555,37.6961555480957,36.24913787841797,35.34119415283203,34.01470184326172,33.105892181396484,33.541019439697266,31.30495262145996,31.764760971069336,31.30495262145996,31.30495262145996,29.96664810180664,28.635643005371094,28.635643005371094,26.0,26.570659637451172,25.079872131347656,24.698177337646484,23.0867919921875,21.840330123901367,20.880613327026367,19.416488647460938,19.235383987426758,18.439088821411133,16.278820037841797,16.124515533447266,14.03566837310791,14.142135620117188,13.03840446472168,12.0,11.0,10.0,9.0,7.0,7.0,6.0,6.0
0,-42.0,-96,16,15,69.77105712890625,67.5425796508789,64.40496826171875,63.976558685302734,60.41522979736328,58.18075180053711,55.94640350341797,53.712196350097656,52.39274597167969,49.658836364746094,47.85394287109375,45.617977142333984,43.8292121887207,42.48529052734375,42.05948257446289,40.31128692626953,38.07886505126953,37.2155876159668,36.359317779541016,34.98571014404297,34.13209533691406,34.13209533691406,33.2866325378418,31.62277603149414,32.4499626159668,31.064449310302734,30.528675079345703,28.844409942626953,28.301942825317383,27.784887313842773,27.294687271118164,25.495098114013672,24.166091918945312,23.25940704345703,22.847318649291992,20.615528106689453,19.697715759277344,18.027755737304688,16.76305389404297,16.76305389404297,14.866068840026855,15.29705810546875,13.152946472167969,13.152946472167969,10.198039054870605,10.049875259399414,9.05538558959961,8.062257766723633,7.071067810058594,6.0,5.099019527435303,5.099019527435303
0,-42.0,-96,16,15,69.6419448852539,67.06713104248047,65.19202423095703,64.51356506347656,62.62587356567383,57.87054443359375,55.6596794128418,53.45091247558594,52.201534271240234,49.648765563964844,47.75981521606445,46.81879806518555,44.94440841674805,43.08131790161133,42.154476165771484,40.31128692626953,39.39543151855469,37.57658767700195,36.2353401184082,36.67424011230469,34.928497314453125,35.7770881652832,33.105892181396484,33.12099075317383,32.649654388427734,32.649654388427734,29.96664810180664,29.068883895874023,29.068883895874023,27.312999725341797,26.925823211669922,26.925823211669922,25.63201141357422,24.351591110229492,22.803508758544922,22.135944366455078,21.587032318115234,18.439088821411133,18.439088821411133,16.278820037841797,16.124515533447266,14.142135620117188,13.152946472167969,13.03840446472168,12.041594505310059,10.0,10.0,8.0,8.0,7.0,7.0,6.0
0,-42.0,-96,16,15,68.88395690917969,65.0,65.0,61.13100814819336,59.203041076660156,55.36244201660156,53.16013717651367,51.54609680175781,50.0,48.764739990234375,46.57252502441406,44.14748001098633,43.17406463623047,41.773197174072266,39.81205749511719,39.623226165771484,36.67424011230469,35.510562896728516,34.2344856262207,34.36568069458008,34.36568069458008,33.241539001464844,32.140316009521484,32.06243896484375,31.064449310302734,30.149627685546875,29.068883895874023,29.068883895874023,26.07680892944336,26.172504425048828,25.317977905273438,25.317977905273438,24.331050872802734,22.56102752685547,21.587032318115234,20.880613327026367,18.681541442871094,18.973665237426758,17.72004508972168,15.81138801574707,15.231546401977539,13.928388595581055,13.0,11.180339813232422,11.180339813232422,8.9442720413208,8.9442720413208,8.5440034866333,8.062257766723633,5.385164737701416,5.385164737701416,5.385164737701416
0,-42.0,-96,16,15,69.23149871826172,68.73136138916016,64.93843078613281,64.62971496582031,59.53990173339844,59.53990173339844,56.56854248046875,53.46026611328125,51.4781494140625,48.66210174560547,48.50773239135742,46.69047164916992,44.72135925292969,42.7551155090332,41.773197174072266,40.024993896484375,39.051246643066406,35.902645111083984,37.36308288574219,36.400550842285156,33.95585250854492,33.241539001464844,32.572994232177734,33.52610778808594,31.62277603149414,31.048349380493164,30.08321762084961,30.08321762084961,29.120439529418945,27.658634185791016,26.68332862854004,26.476404190063477,24.515300750732422,24.331050872802734,22.090721130371094,21.095022201538086,20.02498435974121,19.02629852294922,18.0,16.0,16.0,15.0,13.0,12.0,11.045360565185547,10.049875259399414,9.0,8.0,7.0,7.0,6.0,5.099019527435303
0,-42.0,-96,16,15,70.21395874023438,67.5425796508789,65.7419204711914,63.56099319458008,60.41522979736328,58.30952072143555,57.00876998901367,54.230987548828125,51.26402282714844,50.56678771972656,48.332183837890625,45.617977142333984,45.17742919921875,42.94182205200195,41.146080017089844,40.24922180175781,38.470767974853516,37.121421813964844,36.715118408203125,36.2353401184082,35.35533905029297,34.48188018798828,33.12099075317383,34.13209533691406,33.2866325378418,32.24903106689453,30.01666259765625,29.529645919799805,29.529645919799805,27.294687271118164,26.4007568359375,26.0,26.0,23.76972770690918,23.0867919921875,22.135944366455078,21.840330123901367,18.681541442871094,18.681541442871094,17.262676239013672,16.124515533447266,15.132745742797852,13.152946472167969,13.03840446472168,12.0,10.0,10.0,9.0,8.0,8.0,7.0,6.0
0,-42.0,-96,17,10,68.44705963134766,64.53681182861328,63.348243713378906,59.66573715209961,58.46366500854492,54.81787872314453,53.851646423339844,50.695167541503906,49.47726821899414,48.50773239135742,47.53945541381836,44.14748001098633,42.95346450805664,41.59326934814453,38.63935852050781,39.623226165771484,36.67424011230469,36.49657440185547,35.22782897949219,34.2344856262207,33.241539001464844,33.060550689697266,33.13608169555664,32.140316009521484,31.064449310302734,30.149627685546875,29.068883895874023,29.154760360717773,28.284271240234375,27.294687271118164,25.317977905273438,24.331050872802734,24.73863410949707,22.803508758544922,22.135944366455078,22.135944366455078,20.248456954956055,18.973665237426758,17.464248657226562,16.155494689941406,15.231546401977539,13.892443656921387,13.0,11.180339813232422,11.180339813232422,9.848857879638672,9.433980941772461,8.062257766723633,8.062257766723633,6.4031243324279785,5.656854152679443,5.0
0,-42.0,-96,16,15,70.68238830566406,68.87670135498047,65.7419204711914,64.8459701538086,61.269893646240234,58.5918083190918,57.245086669921875,54.120235443115234,53.66563034057617,50.08992004394531,48.764739990234375,46.957427978515625,44.283180236816406,43.863426208496094,41.62931823730469,40.31128692626953,39.924930572509766,37.6961555480957,36.055511474609375,37.0,35.11410140991211,34.78505325317383,35.11410140991211,33.83784866333008,33.83784866333008,31.62277603149414,30.675724029541016,30.08321762084961,28.792360305786133,27.85677719116211,26.925823211669922,26.925823211669922,25.079872131347656,23.25940704345703,23.706539154052734,21.954498291015625,20.59126091003418,18.867961883544922,18.027755737304688,17.20465087890625,15.81138801574707,15.81138801574707,13.45362377166748,12.806248664855957,11.313708305358887,11.313708305358887,10.630146026611328,9.219544410705566,7.071067810058594,7.071067810058594,6.4031243324279785,6.4031243324279785
0,-42.0,-96,16,15,70.76722717285156,68.59300231933594,65.79513549804688,63.639610290527344,61.52235412597656,58.0,56.58621597290039,54.488529205322266,52.345008850097656,49.497474670410156,48.08325958251953,47.381431579589844,46.010868072509766,43.185646057128906,41.03656768798828,40.45985794067383,39.824615478515625,37.64305877685547,37.013511657714844,37.64305877685547,35.46829605102539,34.20526123046875,34.20526123046875,34.66987228393555,33.0151481628418,31.62277603149414,31.400636672973633,30.0,29.20616340637207,29.20616340637207,27.658634185791016,26.90724754333496,25.45584487915039,24.75883674621582,23.34523582458496,22.627416610717773,21.931713104248047,19.84943389892578,19.10497283935547,17.029386520385742,16.401220321655273,15.0,15.0,12.806248664855957,11.661903381347656,11.180339813232422,9.433980941772461,9.433980941772461,7.6157732009887695,7.211102485656738,6.4031243324279785,5.830951690673828
0,-42.0,-96,16,15,70.8307876586914,68.88395690917969,65.51335906982422,64.32728576660156,61.0,59.03388977050781,56.88584899902344,53.75872039794922,51.97114562988281,49.648765563964844,49.030601501464844,47.07440948486328,46.097721099853516,43.416587829589844,43.17406463623047,41.48493576049805,38.897300720214844,38.60051727294922,37.0,35.735137939453125,35.44009017944336,35.735137939453125,33.52610778808594,33.241539001464844,31.38471031188965,33.241539001464844,30.675724029541016,30.675724029541016,29.73213768005371,28.460498809814453,27.20294189453125,26.925823211669922,26.68332862854004,24.515300750732422,23.53720474243164,21.3775577545166,21.21320343017578,19.10497283935547,18.11077117919922,17.029386520385742,16.124515533447266,15.033296585083008,14.0,13.03840446472168,11.0,10.0,10.0,9.0,8.0,8.0,7.0,6.0
0,-42.0,-96,16,15,70.1783447265625,68.26419067382812,67.41661834716797,64.49806213378906,61.91122817993164,58.66856002807617,56.080299377441406,56.080299377441406,51.97114562988281,50.2493782043457,48.3735466003418,47.50789260864258,45.79301071166992,44.94440841674805,41.34005355834961,41.04875183105469,39.408119201660156,38.27531814575195,36.400550842285156,37.013511657714844,35.0,34.20526123046875,34.4093017578125,32.80244064331055,31.400636672973633,32.015621185302734,30.0,29.4108829498291,29.4108829498291,28.844409942626953,26.07680892944336,26.07680892944336,24.698177337646484,23.323806762695312,22.360679626464844,22.360679626464844,20.124610900878906,18.788293838500977,18.681541442871094,16.76305389404297,15.524174690246582,14.560219764709473,13.152946472167969,12.369317054748535,10.198039054870605,10.198039054870605,9.219544410705566,8.062257766723633,8.062257766723633,7.0,7.0,5.0
0,-42.0,-96,16,15,70.66116333007812,67.97793579101562,66.64833068847656,65.3681869506836,60.41522979736328,57.706153869628906,55.4707145690918,54.58937454223633,51.88448715209961,51.0,47.88528060913086,46.957427978515625,44.72135925292969,42.95346450805664,42.04759216308594,39.924930572509766,39.560081481933594,37.336307525634766,37.336307525634766,35.735137939453125,35.11410140991211,35.735137939453125,33.52610778808594,33.241539001464844,32.572994232177734,31.320919036865234,30.675724029541016,30.364452362060547,29.120439529418945,27.85677719116211,26.925823211669922,25.63201141357422,25.63201141357422,24.166091918945312,23.25940704345703,21.931713104248047,20.59126091003418,19.235383987426758,18.867961883544922,17.492855072021484,15.264337539672852,15.264337539672852,14.422204971313477,12.806248664855957,10.630146026611328,10.0,9.433980941772461,9.433980941772461,7.8102498054504395,6.4031243324279785,5.830951690673828,5.656854152679443
0,-42.0,-96,16,15,68.09552001953125,68.96376037597656,64.49806213378906,66.24198150634766,59.05929183959961,57.706153869628906,55.4707145690918,53.66563034057617,51.88448715209961,48.3735466003418,48.3735466003418,46.647613525390625,44.10215377807617,44.10215377807617,43.26661682128906,39.66106414794922,39.408119201660156,35.80502700805664,37.013511657714844,36.400550842285156,35.0,34.20526123046875,33.42155075073242,33.241539001464844,32.649654388427734,31.890438079833984,31.240999221801758,29.20616340637207,30.0,27.018512725830078,27.20294189453125,25.806976318359375,25.238859176635742,23.853721618652344,23.323806762695312,20.59126091003418,21.095022201538086,19.72308349609375,18.357559204101562,17.8885440826416,15.231546401977539,14.866068840026855,13.0,13.0,10.770329475402832,10.440306663513184,9.486832618713379,8.246211051940918,7.280109882354736,5.830951690673828,5.099019527435303,5.099019527435303
0,-42.0,-96,16,14,67.23094177246094,66.73080444335938,63.1347770690918,62.17716598510742,57.706153869628906,57.245086669921875,54.120235443115234,52.35456085205078,51.0,47.88528060913086,47.01063537597656,44.29446792602539,43.90899658203125,41.67733383178711,40.8166618347168,39.11521530151367,38.832977294921875,36.055511474609375,35.22782897949219,35.22782897949219,33.83784866333008,33.83784866333008,32.202484130859375,31.400636672973633,31.400636672973633,31.400636672973633,30.0,28.017850875854492,28.844409942626953,26.4007568359375,25.238859176635742,25.238859176635742,24.1867733001709,22.472204208374023,21.02379608154297,20.124610900878906,19.697715759277344,18.384777069091797,17.464248657226562,17.0880069732666,14.560219764709473,13.601470947265625,12.165525436401367,12.369317054748535,11.180339813232422,9.219544410705566,9.219544410705566,8.062257766723633,7.071067810058594,7.0,6.0,4.0
0,-42.0,-96,16,14,66.94026947021484,64.53681182861328,64.03124237060547,61.61168670654297,59.228370666503906,56.08921432495117,54.34151077270508,51.97114562988281,50.21951675415039,49.24428939819336,47.07440948486328,44.384681701660156,43.17406463623047,41.231056213378906,39.293766021728516,39.84971618652344,37.947330474853516,37.0,35.11410140991211,34.1760139465332,33.83784866333008,34.1760139465332,32.31098937988281,31.38471031188965,31.38471031188965,30.463092803955078,29.154760360717773,28.460498809814453,27.513633728027344,26.570659637451172,25.298221588134766,25.0,24.041629791259766,21.587032318115234,21.3775577545166,21.3775577545166,19.235383987426758,18.248287200927734,17.11724281311035,16.124515533447266,15.033296585083008,14.0,13.0,12.0,11.0,9.0,9.0,9.0,7.0,7.071067810058594,5.0,5.0
0,-42.0,-96,16,15,69.92138671875,68.00735473632812,66.48307800292969,63.5688591003418,61.35144805908203,57.87054443359375,55.02726745605469,54.4058837890625,51.865211486816406,50.0,47.12748718261719,46.840152740478516,43.680660247802734,43.416587829589844,41.231056213378906,40.79215621948242,38.832977294921875,37.85498809814453,37.48332977294922,35.35533905029297,34.36568069458008,34.525352478027344,33.241539001464844,33.37664031982422,32.24903106689453,31.400636672973633,31.256999969482422,29.42787742614746,28.44292449951172,26.476404190063477,26.68332862854004,25.495098114013672,25.0,24.73863410949707,22.803508758544922,21.840330123901367,18.973665237426758,18.973665237426758,17.0880069732666,17.0880069732666,14.764822959899902,14.317821502685547,14.317821502685547,11.180339813232422,11.180339813232422,9.433980941772461,9.433980941772461,9.433980941772461,7.211102485656738,7.071067810058594,5.385164737701416,5.385164737701416
0,-42.0,-96,16,15,69.0,69.00724792480469,66.0,65.03076171875,62.032249450683594,59.07622146606445,56.080299377441406,55.03635025024414,53.037723541259766,50.03998565673828,49.04079818725586,48.041648864746094,46.0,43.0,42.0,41.0,40.0,38.01315689086914,37.05401611328125,37.05401611328125,35.05709457397461,35.05709457397461,34.058773040771484,33.13608169555664,33.060550689697266,32.06243896484375,31.064449310302734,30.066593170166016,29.017236709594727,28.0,28.0,26.0,25.0,24.0,23.0867919921875,22.090721130371094,21.095022201538086,19.10497283935547,18.11077117919922,17.262676239013672,15.29705810546875,14.560219764709473,14.560219764709473,13.601470947265625,12.649110794067383,10.440306663513184,9.486832618713379,8.246211051940918,8.246211051940918,7.6157732009887695,6.324555397033691,5.385164737701416
0,-42.0,-96,16,15,70.22820281982422,68.00735473632812,66.48307800292969,63.5688591003418,62.297672271728516,58.8217658996582,56.920997619628906,54.4058837890625,52.49761962890625,49.648765563964844,49.33558654785156,47.75981521606445,44.271888732910156,43.08131790161133,41.43669891357422,41.231056213378906,39.39543151855469,37.6961555480957,36.67424011230469,36.67424011230469,35.34119415283203,35.34119415283203,32.69556427001953,33.541019439697266,32.202484130859375,31.78049659729004,29.96664810180664,30.463092803955078,29.068883895874023,28.23118782043457,26.925823211669922,26.570659637451172,25.298221588134766,25.0,22.803508758544922,21.587032318115234,20.615528106689453,19.416488647460938,18.248287200927734,17.262676239013672,16.124515533447266,14.142135620117188,14.142135620117188,13.0,12.0,10.0,10.0,9.0,8.0,7.0,7.0,7.0
0,-42.0,-96,16,15,70.26378631591797,69.85699462890625,66.30987548828125,65.30696868896484,61.741397857666016,59.93329620361328,56.36488342285156,55.03635025024414,53.66563034057617,49.658836364746094,48.754486083984375,48.332183837890625,46.097721099853516,43.46262741088867,42.154476165771484,41.231056213378906,39.924930572509766,38.27531814575195,37.947330474853516,35.735137939453125,35.44009017944336,35.44009017944336,33.83784866333008,33.241539001464844,33.52610778808594,31.62277603149414,31.048349380493164,29.73213768005371,29.4108829498291,27.513633728027344,27.85677719116211,26.925823211669922,25.079872131347656,24.166091918945312,23.25940704345703,21.02379608154297,20.59126091003418,19.72308349609375,18.867961883544922,18.027755737304688,16.401220321655273,15.81138801574707,13.601470947265625,12.806248664855957,12.041594505310059,10.630146026611328,10.630146026611328,8.602325439453125,8.485280990600586,7.071067810058594,7.071067810058594,5.656854152679443
0,-42.0,-96,16,15,68.70953369140625,64.51356506347656,65.19202423095703,61.98386764526367,59.13543701171875,55.973209381103516,55.6596794128418,52.49761962890625,50.59644317626953,48.703182220458984,48.10405349731445,45.694637298583984,44.384681701660156,41.62931823730469,40.31128692626953,40.24922180175781,38.470767974853516,37.121421813964844,36.715118408203125,35.7770881652832,35.7770881652832,34.0,33.61547088623047,31.62277603149414,32.4499626159668,31.064449310302734,30.528675079345703,29.681644439697266,28.301942825317383,28.301942825317383,26.419689178466797,26.832815170288086,25.495098114013672,23.25940704345703,23.25940704345703,21.931713104248047,19.697715759277344,18.384777069091797,17.0880069732666,16.76305389404297,16.76305389404297,14.866068840026855,13.601470947265625,12.649110794067383,10.198039054870605,10.198039054870605,10.198039054870605,9.219544410705566,8.246211051940918,7.071067810058594,7.280109882354736,6.082762718200684
0,-42.0,-96,16,15,71.02816009521484,69.02897644042969,66.0302963256836,64.1248779296875,61.13100814819336,59.13543701171875,56.14267349243164,54.147945404052734,53.15073013305664,49.04079818725586,48.041648864746094,48.010414123535156,45.0,44.0,42.0,41.0,40.01249694824219,38.01315689086914,37.05401611328125,37.05401611328125,36.0,34.058773040771484,34.058773040771484,34.2344856262207,32.24903106689453,33.060550689697266,32.140316009521484,30.066593170166016,29.068883895874023,28.07133674621582,28.017850875854492,26.0,26.0,24.0,24.020824432373047,22.0,21.095022201538086,19.10497283935547,18.11077117919922,17.11724281311035,16.124515533447266,16.124515533447266,14.142135620117188,12.165525436401367,11.180339813232422,10.198039054870605,9.219544410705566,8.246211051940918,8.246211051940918,8.246211051940918,6.082762718200684,5.099019527435303
0,-42.0,-96,16,14,69.18092346191406,68.11754608154297,64.19501495361328,63.071388244628906,58.07753372192383,58.03447341918945,54.037025451660156,53.037723541259766,50.03998565673828,48.093658447265625,48.041648864746094,45.0444221496582,45.17742919921875,43.28972244262695,41.30375289916992,38.327537536621094,38.470767974853516,36.49657440185547,36.67424011230469,35.693138122558594,33.734256744384766,33.95585250854492,31.78049659729004,32.98484420776367,31.78049659729004,31.78049659729004,29.832868576049805,28.861740112304688,28.861740112304688,26.68332862854004,26.305892944335938,25.317977905273438,24.1867733001709,24.1867733001709,23.0867919921875,21.02379608154297,19.02629852294922,19.02629852294922,17.0,17.0,15.0,14.0,14.0,12.0,11.0,9.0,9.05538558959961,9.0,7.0,7.0,6.082762718200684,6.0
0,-42.0,-96,16,13,62.585941314697266,60.87692642211914,58.94064712524414,57.00876998901367,55.081756591796875,51.244510650634766,50.28916549682617,48.08325958251953,47.434165954589844,44.643028259277344,42.72002029418945,41.48493576049805,40.024993896484375,37.85498809814453,37.85498809814453,36.878177642822266,35.510562896728516,33.541019439697266,32.38827133178711,32.38827133178711,30.4138126373291,30.265491485595703,30.4138126373291,30.149627685546875,29.154760360717773,28.284271240234375,27.459060668945312,27.294687271118164,25.317977905273438,25.317977905273438,22.56102752685547,22.56102752685547,22.803508758544922,21.840330123901367,19.92485809326172,19.92485809326172,18.027755737304688,16.155494689941406,16.155494689941406,14.317821502685547,13.416407585144043,12.529964447021484,12.083045959472656,10.29563045501709,10.29563045501709,8.062257766723633,7.211102485656738,7.211102485656738,5.830951690673828,6.4031243324279785,5.0,3.605551242828369
0,-42.0,-96,15,19,69.52696990966797,66.70832061767578,65.19202423095703,64.03124237060547,59.81638717651367,58.41232681274414,55.31726837158203,54.037025451660156,51.22499465942383,48.27007293701172,48.41487503051758,46.22769546508789,44.68780517578125,42.52058410644531,41.03656768798828,40.31128692626953,40.31128692626953,36.769554138183594,37.48332977294922,35.38361358642578,35.38361358642578,34.71310806274414,31.890438079833984,31.890438079833984,32.557640075683594,31.14482307434082,29.73213768005371,28.319604873657227,29.0,26.90724754333496,25.45584487915039,25.45584487915039,24.75883674621582,23.34523582458496,22.022714614868164,20.615528106689453,20.615528106689453,18.867961883544922,18.027755737304688,15.81138801574707,15.264337539672852,14.764822959899902,13.892443656921387,12.083045959472656,11.180339813232422,9.433980941772461,8.9442720413208,8.246211051940918,7.280109882354736,6.324555397033691,5.385164737701416,5.385164737701416
0,-42.0,-96,16,15,69.92138671875,68.96376037597656,65.52098846435547,65.0,60.16643524169922,57.723480224609375,55.785301208496094,54.81787872314453,51.6623649597168,49.72926712036133,47.801673889160156,46.840152740478516,43.96589660644531,42.05948257446289,43.011627197265625,39.217342376708984,39.560081481933594,36.400550842285156,36.400550842285156,35.46829605102539,34.539833068847656,33.61547088623047,32.69556427001953,31.78049659729004,31.78049659729004,31.78049659729004,30.870698928833008,28.792360305786133,27.85677719116211,26.925823211669922,25.298221588134766,25.298221588134766,25.0,23.0867919921875,22.803508758544922,21.587032318115234,20.615528106689453,19.235383987426758,18.11077117919922,16.124515533447266,15.033296585083008,15.033296585083008,13.0,13.0,10.0,10.0,9.0,9.0,8.0,7.0,6.0,5.0
0,-42.0,-96,15,19,70.26378631591797,67.5425796508789,67.11929321289062,63.95310592651367,63.06346130371094,57.245086669921875,55.4707145690918,53.66563034057617,52.32590103149414,50.990196228027344,47.85394287109375,46.51881408691406,44.777225494384766,43.863426208496094,40.71854782104492,40.31128692626953,38.27531814575195,36.400550842285156,37.336307525634766,35.735137939453125,34.78505325317383,34.48188018798828,33.52610778808594,33.241539001464844,32.572994232177734,30.364452362060547,30.364452362060547,29.73213768005371,28.792360305786133,27.85677719116211,26.925823211669922,26.0,24.166091918945312,24.166091918945312,23.25940704345703,22.360679626464844,20.59126091003418,18.357559204101562,17.492855072021484,17.20465087890625,15.81138801574707,14.422204971313477,14.21267032623291,12.806248664855957,11.401754379272461,10.630146026611328,9.219544410705566,9.433980941772461,7.8102498054504395,7.071067810058594,5.656854152679443,5.0
0,-42.0,-96,16,14,65.21502685546875,63.82006072998047,61.61168670654297,59.07622146606445,58.24946212768555,55.75840759277344,52.69725036621094,50.21951675415039,48.25971221923828,47.16990661621094,46.3249397277832,44.10215377807617,42.43819046020508,40.224369049072266,38.832977294921875,38.01315689086914,36.400550842285156,35.0,35.46829605102539,34.058773040771484,32.649654388427734,32.649654388427734,30.610456466674805,31.240999221801758,30.610456466674805,29.068883895874023,27.658634185791016,27.80287742614746,26.4007568359375,25.806976318359375,24.413110733032227,25.238859176635742,23.600847244262695,21.954498291015625,21.095022201538086,20.124610900878906,20.124610900878906,17.464248657226562,17.464248657226562,16.155494689941406,14.560219764709473,13.601470947265625,12.649110794067383,12.369317054748535,10.440306663513184,9.219544410705566,9.219544410705566,8.062257766723633,7.071067810058594,6.082762718200684,6.082762718200684,5.0
0,-42.0,-96,16,16,73.02738952636719,71.02816009521484,68.02940368652344,67.0,64.0078125,59.0,58.00862121582031,56.0,54.037025451660156,52.0,50.0,48.010414123535156,47.04253387451172,45.0444221496582,44.04542922973633,41.04875183105469,41.04875183105469,38.05259704589844,38.327537536621094,37.2155876159668,36.055511474609375,35.22782897949219,34.13209533691406,34.36568069458008,33.37664031982422,32.24903106689453,32.140316009521484,31.064449310302734,30.149627685546875,28.07133674621582,27.0,27.0,26.0,25.0,24.020824432373047,23.021728515625,21.095022201538086,20.02498435974121,19.10497283935547,18.248287200927734,17.464248657226562,16.278820037841797,14.317821502685547,14.142135620117188,11.401754379272461,11.401754379272461,10.770329475402832,9.848857879638672,8.246211051940918,6.324555397033691,6.324555397033691,5.385164737701416
0,-42.0,-96,16,15,70.8307876586914,70.0927963256836,65.96968841552734,65.25334930419922,61.13100814819336,61.400325775146484,57.28001403808594,55.36244201660156,53.45091247558594,49.72926712036133,49.72926712036133,47.801673889160156,46.3249397277832,43.931766510009766,42.95346450805664,40.79215621948242,40.79215621948242,37.656341552734375,38.470767974853516,37.48332977294922,34.525352478027344,34.36568069458008,33.37664031982422,34.13209533691406,32.38827133178711,32.38827133178711,31.400636672973633,29.42787742614746,29.27456283569336,27.658634185791016,27.658634185791016,26.476404190063477,25.0,24.041629791259766,24.351591110229492,22.472204208374023,21.540658950805664,19.313207626342773,18.384777069091797,17.8885440826416,17.0,15.264337539672852,14.764822959899902,12.529964447021484,11.661903381347656,10.816654205322266,10.816654205322266,9.433980941772461,8.062257766723633,7.6157732009887695,7.211102485656738,6.4031243324279785
0,-42.0,-96,16,15,72.56031799316406,68.47627258300781,66.24198150634766,64.41273498535156,60.8276252746582,59.03388977050781,57.245086669921875,54.5618896484375,53.66563034057617,50.537113189697266,49.648765563964844,47.88528060913086,46.14108657836914,43.90899658203125,42.54409408569336,40.8166618347168,39.96248245239258,38.27531814575195,37.44329071044922,38.27531814575195,35.510562896728516,35.22782897949219,33.83784866333008,32.202484130859375,31.62277603149414,31.62277603149414,31.62277603149414,30.0,28.844409942626953,28.844409942626953,27.459060668945312,26.419689178466797,25.942243576049805,24.166091918945312,23.25940704345703,21.931713104248047,21.02379608154297,19.313207626342773,19.313207626342773,17.72004508972168,16.76305389404297,14.866068840026855,13.601470947265625,12.165525436401367,12.369317054748535,10.198039054870605,10.198039054870605,9.05538558959961,8.062257766723633,8.0,6.082762718200684,6.082762718200684
0,-42.0,-96,16,14,69.3108901977539,66.48307800292969,64.38167572021484,62.22539520263672,60.10823440551758,57.982757568359375,55.865909576416016,53.740116119384766,51.62363815307617,48.08325958251953,47.381431579589844,45.96738052368164,44.55333709716797,42.44997024536133,41.773197174072266,40.45985794067383,38.28837966918945,37.013511657714844,36.400550842285156,36.400550842285156,34.20526123046875,33.0151481628418,32.80244064331055,33.0151481628418,31.400636672973633,32.202484130859375,30.610456466674805,30.0,27.80287742614746,27.20294189453125,26.248809814453125,25.495098114013672,24.83948516845703,24.041629791259766,22.627416610717773,21.931713104248047,20.51828384399414,18.439088821411133,18.439088821411133,16.401220321655273,16.401220321655273,15.0,15.0,13.03840446472168,10.29563045501709,10.29563045501709,9.848857879638672,8.9442720413208,7.6157732009887695,7.6157732009887695,6.7082037925720215,5.830951690673828
0,-42.0,-96,16,15,71.50524139404297,66.52819061279297,67.94115447998047,63.12685775756836,63.78087615966797,56.85068130493164,56.080299377441406,53.26349639892578,52.63079071044922,51.855567932128906,48.27007293701172,46.75468063354492,45.343135833740234,43.863426208496094,41.03656768798828,41.01219177246094,38.18376541137695,37.48332977294922,36.12478256225586,35.38361358642578,35.38361358642578,35.38361358642578,33.241539001464844,32.649654388427734,32.557640075683594,31.14482307434082,29.73213768005371,31.14482307434082,28.319604873657227,28.319604873657227,25.45584487915039,26.172504425048828,24.75883674621582,24.083189010620117,23.430749893188477,22.022714614868164,20.0,19.416488647460938,18.867961883544922,16.6433162689209,17.0,15.264337539672852,13.416407585144043,12.083045959472656,11.180339813232422,10.770329475402832,9.486832618713379,9.486832618713379,8.5440034866333,8.246211051940918,6.324555397033691,6.082762718200684
0,-42.0,-96,16,14,66.85057830810547,65.0,62.20128631591797,62.00806427001953,58.41232681274414,56.22277069091797,52.63079071044922,52.009613037109375,49.81967544555664,47.801673889160156,46.40043258666992,45.221675872802734,43.8292121887207,42.43819046020508,39.66106414794922,38.27531814575195,37.735923767089844,36.359317779541016,35.84689712524414,34.48188018798828,33.61547088623047,33.12099075317383,31.764760971069336,32.202484130859375,32.202484130859375,30.4138126373291,29.529645919799805,28.65309715270996,28.65309715270996,26.419689178466797,26.07680892944336,24.698177337646484,23.021728515625,23.600847244262695,21.40093421936035,20.0,19.209373474121094,18.439088821411133,18.439088821411133,16.278820037841797,14.21267032623291,14.142135620117188,12.727922439575195,12.041594505310059,10.630146026611328,9.219544410705566,8.602325439453125,9.219544410705566,7.211102485656738,6.4031243324279785,4.4721360206604,4.4721360206604
0,-42.0,-96,16,14,69.07966613769531,66.30987548828125,66.30987548828125,61.741397857666016,60.008331298828125,55.46169662475586,54.625999450683594,52.39274597167969,50.56678771972656,49.24428939819336,46.615447998046875,44.94440841674805,44.0113639831543,41.43669891357422,40.49691390991211,39.217342376708984,37.947330474853516,36.68787384033203,35.1710090637207,35.1710090637207,34.20526123046875,34.20526123046875,32.015621185302734,32.75667953491211,31.78049659729004,30.805843353271484,29.832868576049805,29.120439529418945,27.892650604248047,26.925823211669922,25.0,25.0,23.409399032592773,22.472204208374023,22.472204208374023,20.615528106689453,19.697715759277344,17.8885440826416,17.492855072021484,15.65247631072998,14.764822959899902,13.892443656921387,13.03840446472168,12.206555366516113,11.401754379272461,10.0,9.219544410705566,8.062257766723633,7.8102498054504395,5.656854152679443,5.0,5.0
0,-42.0,-96,16,15,71.40028381347656,70.0,66.40029907226562,66.06814575195312,61.84658432006836,59.54829788208008,56.85068130493164,54.037025451660156,52.63079071044922,49.81967544555664,49.04079818725586,47.801673889160156,45.80392837524414,44.40720748901367,42.20189666748047,41.617305755615234,39.96248245239258,38.587562561035156,38.07886505126953,36.715118408203125,35.84689712524414,34.885528564453125,34.0,34.0,33.12099075317383,33.12099075317383,31.764760971069336,29.529645919799805,30.01666259765625,29.154760360717773,27.784887313842773,26.07680892944336,24.698177337646484,24.413110733032227,23.021728515625,22.203603744506836,20.615528106689453,19.10497283935547,18.439088821411133,17.029386520385742,15.620499610900879,14.866068840026855,14.142135620117188,13.45362377166748,11.313708305358887,10.630146026611328,10.630146026611328,8.602325439453125,7.8102498054504395,7.071067810058594,6.4031243324279785,5.0
0,-42.0,-96,16,15,69.3108901977539,68.62215423583984,65.79513549804688,65.11528015136719,60.20797348022461,58.79625701904297,55.973209381103516,53.81449508666992,51.7397346496582,49.57822036743164,47.423622131347656,46.69047164916992,43.863426208496094,42.44997024536133,41.72529220581055,40.31128692626953,38.897300720214844,37.48332977294922,37.64305877685547,36.12478256225586,35.38361358642578,34.71310806274414,32.649654388427734,32.649654388427734,31.890438079833984,31.890438079833984,30.479501724243164,29.0,28.319604873657227,28.319604873657227,26.172504425048828,25.45584487915039,24.083189010620117,24.083189010620117,22.671567916870117,20.615528106689453,20.615528106689453,18.601076126098633,17.492855072021484,16.6433162689209,15.264337539672852,14.422204971313477,13.416407585144043,11.661903381347656,11.180339813232422,10.29563045501709,8.5440034866333,8.246211051940918,6.324555397033691,6.324555397033691,5.385164737701416,5.385164737701416
0,-42.0,-96,16,12,59.90826416015625,54.120235443115234,52.81098556518555,51.078372955322266,50.28916549682617,48.46648406982422,46.48655700683594,44.0113639831543,42.379241943359375,40.804412841796875,41.761226654052734,38.327537536621094,36.878177642822266,34.928497314453125,33.95585250854492,33.541019439697266,32.557640075683594,31.575305938720703,30.265491485595703,30.265491485595703,29.154760360717773,28.160255432128906,28.07133674621582,28.017850875854492,26.0,26.07680892944336,25.079872131347656,24.020824432373047,23.0867919921875,23.0867919921875,22.090721130371094,22.090721130371094,21.095022201538086,19.235383987426758,18.248287200927734,18.248287200927734,16.278820037841797,15.132745742797852,14.317821502685547,13.34166431427002,12.649110794067383,12.649110794067383,10.440306663513184,9.486832618713379,8.5440034866333,8.5440034866333,7.280109882354736,6.324555397033691,6.324555397033691,6.324555397033691,5.099019527435303,4.4721360206604
0,-42.0,-96,16,14,67.94115447998047,65.79513549804688,65.11528015136719,61.61980056762695,58.79625701904297,55.31726837158203,54.488529205322266,50.990196228027344,49.57822036743164,48.83646011352539,46.86149978637695,44.68780517578125,43.185646057128906,41.03656768798828,39.623226165771484,40.31128692626953,36.06937789916992,36.06937789916992,34.71310806274414,33.42155075073242,33.42155075073242,34.058773040771484,32.649654388427734,31.240999221801758,30.479501724243164,29.832868576049805,28.42534065246582,27.658634185791016,26.248809814453125,26.90724754333496,24.083189010620117,24.083189010620117,23.34523582458496,21.931713104248047,20.51828384399414,20.51828384399414,18.439088821411133,17.804492950439453,16.6433162689209,15.264337539672852,14.422204971313477,14.422204971313477,12.529964447021484,12.083045959472656,11.180339813232422,9.848857879638672,7.6157732009887695,7.6157732009887695,7.280109882354736,6.324555397033691,5.385164737701416,4.4721360206604
0,-42.0,-96,16,14,74.2765121459961,70.03570556640625,70.03570556640625,65.85590362548828,65.19202423095703,60.30754470825195,58.898216247558594,56.080299377441406,54.5618896484375,52.40229034423828,51.6623649597168,48.83646011352539,48.08325958251953,45.96738052368164,43.863426208496094,43.13930892944336,38.94868469238281,39.623226165771484,38.28837966918945,38.28837966918945,36.878177642822266,36.878177642822266,34.828147888183594,35.0,33.42155075073242,32.649654388427734,31.240999221801758,31.890438079833984,29.068883895874023,29.0,27.58622932434082,27.58622932434082,26.172504425048828,24.83948516845703,22.671567916870117,22.022714614868164,21.260292053222656,20.0,19.209373474121094,17.20465087890625,16.6433162689209,15.264337539672852,15.264337539672852,13.416407585144043,11.661903381347656,10.770329475402832,9.848857879638672,9.848857879638672,7.6157732009887695,7.6157732009887695,7.280109882354736,6.324555397033691
0,-42.0,-96,16,14,68.47627258300781,65.76473236083984,64.88451385498047,62.17716598510742,61.29437255859375,56.79788589477539,54.5618896484375,53.66563034057617,50.990196228027344,48.30113983154297,46.957427978515625,46.06517028808594,44.29446792602539,41.67733383178711,40.8166618347168,39.11521530151367,37.44329071044922,36.359317779541016,36.619667053222656,35.80502700805664,34.66987228393555,33.60059356689453,33.0151481628418,32.202484130859375,32.202484130859375,31.62277603149414,30.0,29.4108829498291,28.844409942626953,27.20294189453125,26.07680892944336,25.553865432739258,24.1867733001709,23.25940704345703,22.360679626464844,21.02379608154297,20.124610900878906,18.384777069091797,17.464248657226562,16.155494689941406,16.155494689941406,14.560219764709473,13.601470947265625,12.369317054748535,10.198039054870605,9.219544410705566,9.219544410705566,9.219544410705566,8.246211051940918,7.071067810058594,7.0,6.0
0,-42.0,-96,16,14,71.50524139404297,66.60330200195312,66.60330200195312,63.12685775756836,61.717098236083984,57.628116607666016,56.080299377441406,53.26349639892578,51.855567932128906,49.67897033691406,48.41487503051758,46.22769546508789,44.68780517578125,43.931766510009766,40.360870361328125,41.03656768798828,38.897300720214844,38.18376541137695,36.06937789916992,36.06937789916992,35.35533905029297,33.970577239990234,33.941123962402344,32.557640075683594,31.827661514282227,31.14482307434082,31.11269760131836,29.698484420776367,28.284271240234375,27.58622932434082,26.90724754333496,25.495098114013672,24.83948516845703,24.20743751525879,22.803508758544922,22.203603744506836,21.63330841064453,18.867961883544922,18.357559204101562,16.124515533447266,15.65247631072998,13.892443656921387,14.764822959899902,12.083045959472656,12.083045959472656,10.770329475402832,9.848857879638672,8.5440034866333,7.280109882354736,7.280109882354736,6.7082037925720215,5.385164737701416
0,-42.0,-96,16,14,69.81404113769531,68.24954223632812,64.66065216064453,63.12685775756836,60.95900344848633,59.46427536010742,56.63920974731445,53.81449508666992,50.990196228027344,49.67897033691406,48.91830062866211,46.22769546508789,44.821868896484375,42.01190185546875,40.607879638671875,40.0,38.60051727294922,37.44329071044922,36.8917350769043,35.80502700805664,34.4093017578125,33.83784866333008,33.83784866333008,33.61547088623047,31.064449310302734,31.064449310302734,29.681644439697266,28.844409942626953,28.844409942626953,27.20294189453125,26.4007568359375,25.612497329711914,24.83948516845703,24.083189010620117,21.931713104248047,21.931713104248047,20.51828384399414,19.10497283935547,17.69180679321289,17.69180679321289,15.0,15.0,14.21267032623291,12.206555366516113,11.401754379272461,10.816654205322266,9.433980941772461,8.062257766723633,7.6157732009887695,6.7082037925720215,5.0,6.4031243324279785
0,-42.0,-96,16,15,70.26378631591797,68.54196166992188,66.30987548828125,65.92420196533203,61.46543884277344,58.872745513916016,56.64803695678711,55.154327392578125,52.201534271240234,50.56678771972656,49.24428939819336,47.423622131347656,45.17742919921875,44.283180236816406,41.59326934814453,41.146080017089844,39.824615478515625,37.58989334106445,37.2155876159668,36.715118408203125,35.84689712524414,33.61547088623047,34.13209533691406,33.83784866333008,33.2866325378418,31.064449310302734,30.528675079345703,30.01666259765625,29.154760360717773,27.784887313842773,27.294687271118164,25.942243576049805,24.59674835205078,24.166091918945312,22.847318649291992,21.540658950805664,19.697715759277344,18.973665237426758,18.027755737304688,16.76305389404297,16.492422103881836,14.560219764709473,13.34166431427002,12.369317054748535,11.180339813232422,10.198039054870605,9.219544410705566,8.062257766723633,8.246211051940918,6.082762718200684,6.082762718200684,5.0
0,-42.0,-96,16,15,70.3420181274414,69.37578582763672,66.48307800292969,67.05221557617188,61.6846809387207,60.728904724121094,57.567352294921875,55.36244201660156,53.45091247558594,50.0,49.33558654785156,46.840152740478516,46.57252502441406,45.35416030883789,43.416587829589844,41.0,40.79215621948242,37.656341552734375,37.48332977294922,37.336307525634766,35.35533905029297,34.36568069458008,34.36568069458008,34.2344856262207,33.37664031982422,32.24903106689453,32.24903106689453,29.27456283569336,29.42787742614746,27.294687271118164,27.459060668945312,26.476404190063477,25.70992088317871,24.73863410949707,24.041629791259766,21.840330123901367,20.880613327026367,19.313207626342773,18.384777069091797,17.0880069732666,16.552946090698242,14.317821502685547,14.317821502685547,11.180339813232422,11.180339813232422,9.433980941772461,9.433980941772461,8.9442720413208,8.062257766723633,8.062257766723633,5.385164737701416,5.385164737701416
0,-42.0,-96,15,19,72.02777099609375,68.00735473632812,67.02984619140625,64.0078125,62.0,59.0,58.00862121582031,53.0,53.0,51.009803771972656,49.0,47.0,45.0444221496582,43.046485900878906,41.04875183105469,41.1096076965332,39.20458984375,39.20458984375,37.336307525634766,36.34556198120117,34.36568069458008,34.525352478027344,34.36568069458008,34.36568069458008,32.38827133178711,31.400636672973633,31.400636672973633,29.42787742614746,28.284271240234375,28.284271240234375,26.172504425048828,26.07680892944336,25.079872131347656,24.020824432373047,23.0,22.0,20.0,19.0,18.0,16.0,16.031219482421875,14.142135620117188,13.152946472167969,12.041594505310059,11.045360565185547,10.198039054870605,9.219544410705566,9.05538558959961,8.246211051940918,7.280109882354736,6.082762718200684,5.099019527435303
0,-42.0,-96,15,19,70.93659210205078,67.35725402832031,68.01470184326172,62.28964614868164,62.28964614868164,57.314918518066406,56.63920974731445,54.488529205322266,52.40229034423828,51.6623649597168,48.83646011352539,46.75468063354492,44.68780517578125,41.231056213378906,40.45985794067383,42.20189666748047,38.832977294921875,38.01315689086914,36.055511474609375,35.80502700805664,35.22782897949219,34.66987228393555,34.66987228393555,32.75667953491211,31.064449310302734,31.064449310302734,29.681644439697266,28.844409942626953,28.017850875854492,28.844409942626953,25.806976318359375,25.806976318359375,25.0,23.430749893188477,22.671567916870117,21.260292053222656,19.84943389892578,18.384777069091797,18.384777069091797,15.55634880065918,15.55634880065918,13.45362377166748,13.601470947265625,12.806248664855957,10.816654205322266,9.433980941772461,9.433980941772461,8.062257766723633,8.062257766723633,5.830951690673828,5.830951690673828,5.385164737701416
0,-42.0,-96,16,15,72.00694274902344,68.0,64.8459701538086,64.88451385498047,61.773780822753906,58.66856002807617,55.56977462768555,52.839378356933594,51.97114562988281,50.6063232421875,47.88528060913086,46.06517028808594,45.617977142333984,43.8292121887207,41.146080017089844,40.31128692626953,39.924930572509766,36.769554138183594,37.336307525634766,36.400550842285156,36.400550842285156,34.78505325317383,32.572994232177734,33.52610778808594,31.62277603149414,30.675724029541016,30.675724029541016,29.73213768005371,28.792360305786133,26.925823211669922,26.925823211669922,26.0,24.166091918945312,24.166091918945312,22.360679626464844,21.470911026000977,20.59126091003418,19.72308349609375,18.867961883544922,17.20465087890625,15.264337539672852,14.422204971313477,12.806248664855957,12.041594505310059,10.630146026611328,10.630146026611328,9.219544410705566,8.485280990600586,7.071067810058594,7.071067810058594,7.071067810058594,5.830951690673828
0,-42.0,-96,16,15,70.26378631591797,67.5425796508789,66.64083099365234,65.7419204711914,62.60990524291992,59.03388977050781,57.245086669921875,53.66563034057617,51.429561614990234,50.990196228027344,48.754486083984375,45.694637298583984,45.694637298583984,43.08131790161133,42.154476165771484,40.49691390991211,38.27531814575195,39.217342376708984,37.947330474853516,36.68787384033203,35.735137939453125,35.44009017944336,33.241539001464844,33.241539001464844,32.015621185302734,31.048349380493164,30.08321762084961,30.364452362060547,28.160255432128906,27.20294189453125,27.85677719116211,25.63201141357422,24.351591110229492,23.25940704345703,22.847318649291992,20.615528106689453,20.124610900878906,18.788293838500977,17.8885440826416,17.0,15.264337539672852,15.264337539672852,14.422204971313477,12.806248664855957,12.206555366516113,10.0,9.219544410705566,7.8102498054504395,7.071067810058594,7.8102498054504395,6.4031243324279785,5.0
0,-42.0,-96,16,15,71.4212875366211,67.17886352539062,69.3108901977539,63.65532302856445,62.96824645996094,58.0,57.314918518066406,53.81449508666992,53.81449508666992,50.990196228027344,48.83646011352539,46.69047164916992,45.27692413330078,43.13930892944336,41.72529220581055,41.1096076965332,38.94868469238281,38.94868469238281,36.878177642822266,37.64305877685547,35.38361358642578,35.46829605102539,34.71310806274414,33.42155075073242,32.649654388427734,31.890438079833984,29.832868576049805,30.610456466674805,27.658634185791016,28.319604873657227,26.172504425048828,26.172504425048828,25.45584487915039,24.083189010620117,22.671567916870117,21.40093421936035,20.615528106689453,19.416488647460938,18.027755737304688,16.6433162689209,16.6433162689209,15.264337539672852,14.422204971313477,12.529964447021484,11.180339813232422,11.180339813232422,10.770329475402832,8.5440034866333,8.5440034866333,7.6157732009887695,6.324555397033691,5.385164737701416
0,-42.0,-96,16,14,69.2603759765625,68.11754608154297,65.12296295166016,64.03124237060547,60.0333251953125,59.00847244262695,56.00892639160156,53.037723541259766,52.0,49.09175109863281,48.041648864746094,47.095645904541016,45.09988784790039,43.185646057128906,42.19004440307617,40.199501037597656,39.20458984375,37.2155876159668,37.656341552734375,36.22154235839844,34.2344856262207,34.36568069458008,33.37664031982422,33.734256744384766,32.557640075683594,31.400636672973633,31.400636672973633,29.42787742614746,29.27456283569336,27.166154861450195,26.172504425048828,26.07680892944336,25.079872131347656,24.0,23.0,21.0,20.0,19.0,18.0,17.029386520385742,16.031219482421875,14.142135620117188,14.142135620117188,13.152946472167969,12.165525436401367,10.198039054870605,9.486832618713379,9.219544410705566,8.246211051940918,7.071067810058594,7.280109882354736,5.385164737701416
0,-42.0,-96,16,15,70.83784484863281,69.89277648925781,67.67569732666016,65.19202423095703,61.6846809387207,59.80802536010742,56.30275344848633,54.08327102661133,52.201534271240234,50.9215087890625,49.04079818725586,47.434165954589844,46.48655700683594,43.96589660644531,42.72002029418945,41.48493576049805,41.0,37.85498809814453,37.85498809814453,37.48332977294922,36.67424011230469,34.525352478027344,33.541019439697266,34.36568069458008,33.37664031982422,32.38827133178711,31.256999969482422,29.42787742614746,29.42787742614746,27.459060668945312,26.68332862854004,26.476404190063477,25.70992088317871,24.73863410949707,22.803508758544922,21.840330123901367,20.880613327026367,19.313207626342773,18.384777069091797,17.0880069732666,15.231546401977539,14.866068840026855,13.416407585144043,12.529964447021484,11.180339813232422,10.29563045501709,9.433980941772461,8.9442720413208,8.062257766723633,8.062257766723633,5.830951690673828,5.830951690673828
0,-42.0,-96,15,17,67.08203887939453,65.7419204711914,63.50590515136719,61.741397857666016,58.600341796875,57.27128601074219,54.12947463989258,52.801513671875,50.990196228027344,48.754486083984375,48.332183837890625,45.617977142333984,44.29446792602539,42.48529052734375,41.59326934814453,39.824615478515625,38.94868469238281,37.2155876159668,35.510562896728516,35.510562896728516,33.83784866333008,33.2866325378418,32.4499626159668,32.202484130859375,31.064449310302734,31.064449310302734,30.232433319091797,28.301942825317383,27.459060668945312,27.459060668945312,25.553865432739258,25.05992889404297,25.05992889404297,23.706539154052734,21.470911026000977,21.02379608154297,20.615528106689453,19.313207626342773,17.0880069732666,17.0880069732666,15.524174690246582,13.928388595581055,14.560219764709473,12.369317054748535,11.401754379272461,11.180339813232422,10.198039054870605,8.246211051940918,8.246211051940918,6.0,6.082762718200684,6.082762718200684
0,-42.0,-96,16,15,71.02112579345703,70.21395874023438,66.2872543334961,66.4906005859375,62.36986541748047,60.41522979736328,57.48912811279297,54.5710563659668,52.39274597167969,50.990196228027344,49.81967544555664,47.67599105834961,46.52956008911133,44.283180236816406,42.42640686035156,41.30375289916992,41.19466018676758,38.11823654174805,38.05259704589844,37.121421813964844,36.055511474609375,36.055511474609375,34.01470184326172,34.0,33.0,32.0,31.0,30.066593170166016,29.068883895874023,28.017850875854492,28.07133674621582,26.172504425048828,25.079872131347656,24.1867733001709,23.53720474243164,22.203603744506836,21.21320343017578,19.646883010864258,17.464248657226562,17.72004508972168,16.492422103881836,14.560219764709473,13.928388595581055,12.649110794067383,10.770329475402832,10.770329475402832,8.5440034866333,8.5440034866333,7.280109882354736,7.280109882354736,6.324555397033691,5.385164737701416
0,-42.0,-96,16,14,68.88395690917969,67.6830825805664,65.0,64.53681182861328,60.41522979736328,57.87054443359375,56.08921432495117,53.93514633178711,52.77309799194336,48.83646011352539,48.83646011352539,45.89117431640625,45.12205505371094,42.95346450805664,41.9761848449707,39.293766021728516,38.60051727294922,37.10795211791992,37.947330474853516,35.735137939453125,34.48188018798828,35.11410140991211,32.280025482177734,32.893768310546875,32.572994232177734,32.280025482177734,30.364452362060547,30.364452362060547,28.460498809814453,26.925823211669922,26.68332862854004,25.70992088317871,24.515300750732422,24.331050872802734,22.203603744506836,21.095022201538086,20.099750518798828,19.10497283935547,18.0,17.0,16.0,15.0,14.0,12.0,12.0,10.049875259399414,10.049875259399414,9.05538558959961,8.062257766723633,7.071067810058594,7.071067810058594,6.082762718200684
0,-42.0,-96,16,15,72.18032836914062,70.21395874023438,68.24954223632812,64.62971496582031,62.801273345947266,59.53990173339844,57.706153869628906,54.58937454223633,53.600372314453125,51.4781494140625,50.35871505737305,48.66210174560547,46.389652252197266,44.72135925292969,42.7551155090332,41.9761848449707,40.26164245605469,39.051246643066406,37.36308288574219,37.36308288574219,36.13862228393555,35.44009017944336,34.928497314453125,34.20526123046875,33.95585250854492,32.015621185302734,31.320919036865234,30.08321762084961,28.861740112304688,28.861740112304688,26.476404190063477,26.476404190063477,25.495098114013672,24.331050872802734,23.194826126098633,22.090721130371094,21.02379608154297,21.0,19.0,18.0,16.0,15.0,15.0,13.0,12.041594505310059,11.0,10.0,10.049875259399414,8.062257766723633,8.0,6.0,5.0
0,-42.0,-96,15,19,70.26378631591797,69.7782211303711,66.70832061767578,65.7419204711914,60.835845947265625,59.9416389465332,57.245086669921875,54.120235443115234,52.77309799194336,49.19349670410156,48.754486083984375,46.957427978515625,44.283180236816406,42.95346450805664,41.62931823730469,40.31128692626953,39.924930572509766,38.62641525268555,38.27531814575195,36.055511474609375,34.78505325317383,33.83784866333008,32.893768310546875,33.52610778808594,31.62277603149414,31.62277603149414,30.675724029541016,28.460498809814453,27.513633728027344,26.925823211669922,26.925823211669922,26.0,24.166091918945312,23.25940704345703,22.360679626464844,20.59126091003418,20.59126091003418,18.867961883544922,17.492855072021484,17.20465087890625,15.264337539672852,15.264337539672852,12.806248664855957,12.041594505310059,10.630146026611328,10.630146026611328,9.219544410705566,7.8102498054504395,7.071067810058594,6.4031243324279785,6.4031243324279785,5.656854152679443
0,-42.0,-96,16,15,72.4706802368164,66.64833068847656,68.88395690917969,62.169124603271484,64.40496826171875,57.27128601074219,57.697486877441406,55.03635025024414,53.22593307495117,53.22593307495117,48.754486083984375,46.957427978515625,44.72135925292969,42.94182205200195,40.24922180175781,41.67733383178711,38.07886505126953,38.07886505126953,36.359317779541016,36.055511474609375,34.98571014404297,34.13209533691406,34.13209533691406,32.4499626159668,31.62277603149414,31.064449310302734,29.681644439697266,29.681644439697266,28.301942825317383,28.301942825317383,25.553865432739258,26.419689178466797,25.05992889404297,23.25940704345703,22.360679626464844,22.472204208374023,19.313207626342773,19.313207626342773,18.027755737304688,15.81138801574707,16.492422103881836,13.34166431427002,13.152946472167969,11.180339813232422,11.180339813232422,10.198039054870605,9.05538558959961,8.246211051940918,8.0,6.0,6.082762718200684,5.099019527435303
0,-42.0,-96,16,14,69.2603759765625,67.18630981445312,65.19202423095703,63.071388244628906,60.074954986572266,57.03507614135742,55.03635025024414,53.15073013305664,52.08646774291992,49.162994384765625,47.095645904541016,46.173583984375,44.18144226074219,43.185646057128906,41.19466018676758,39.458839416503906,38.470767974853516,36.22154235839844,36.67424011230469,35.693138122558594,34.71310806274414,33.734256744384766,31.78049659729004,31.78049659729004,31.575305938720703,30.805843353271484,29.614185333251953,29.42787742614746,27.459060668945312,26.305892944335938,26.172504425048828,25.179357528686523,24.083189010620117,23.0867919921875,22.022714614868164,20.0,19.02629852294922,19.0,18.0,16.0,15.0,14.0,13.03840446472168,12.041594505310059,11.180339813232422,9.219544410705566,9.05538558959961,9.05538558959961,7.280109882354736,7.280109882354736,5.099019527435303,5.099019527435303
0,-42.0,-96,16,15,72.40165710449219,70.1783447265625,69.6419448852539,66.85057830810547,64.637451171875,61.85466766357422,58.24946212768555,56.035701751708984,52.430908203125,52.69725036621094,51.03919982910156,49.09175109863281,47.70744323730469,45.79301071166992,43.046485900878906,42.54409408569336,40.70626449584961,38.470767974853516,39.357337951660156,38.01315689086914,36.67424011230469,35.7770881652832,34.438350677490234,34.928497314453125,33.541019439697266,32.202484130859375,31.78049659729004,29.068883895874023,29.96664810180664,29.068883895874023,27.784887313842773,27.294687271118164,25.553865432739258,24.698177337646484,23.021728515625,21.63330841064453,22.203603744506836,20.0,17.804492950439453,17.029386520385742,15.620499610900879,14.866068840026855,14.142135620117188,12.806248664855957,11.313708305358887,11.313708305358887,10.0,10.0,7.8102498054504395,7.211102485656738,6.4031243324279785,6.4031243324279785
0,-42.0,-96,16,14,69.2603759765625,68.00735473632812,65.802734375,64.28841400146484,60.16643524169922,57.723480224609375,55.54277801513672,53.600372314453125,51.41984176635742,48.764739990234375,48.08325958251953,45.880279541015625,45.221675872802734,43.32435989379883,41.1096076965332,40.49691390991211,38.62641525268555,36.400550842285156,35.84689712524414,35.84689712524414,35.46829605102539,34.01470184326172,32.31098937988281,32.202484130859375,32.202484130859375,30.870698928833008,28.635643005371094,28.635643005371094,28.23118782043457,26.0,25.63201141357422,25.63201141357422,24.351591110229492,23.0867919921875,21.587032318115234,19.646883010864258,19.416488647460938,18.439088821411133,17.464248657226562,15.29705810546875,15.132745742797852,14.142135620117188,13.03840446472168,12.041594505310059,12.041594505310059,10.0,9.0,9.0,7.0,7.0,6.0,6.0
0,-42.0,-96,16,14,72.34638977050781,70.1783447265625,67.35725402832031,65.11528015136719,63.70243453979492,59.41380310058594,58.051700592041016,56.63920974731445,54.488529205322266,51.6623649597168,50.93132781982422,48.166378021240234,46.86149978637695,43.931766510009766,43.27817153930664,42.63801193237305,40.607879638671875,39.20458984375,37.44329071044922,37.44329071044922,36.619667053222656,36.619667053222656,35.80502700805664,34.66987228393555,33.0151481628418,32.202484130859375,32.202484130859375,30.0,28.600698471069336,28.600698471069336,26.4007568359375,27.018512725830078,24.83948516845703,24.083189010620117,22.627416610717773,22.627416610717773,21.21320343017578,19.79899024963379,19.209373474121094,17.029386520385742,16.401220321655273,15.0,14.422204971313477,13.601470947265625,12.206555366516113,10.816654205322266,10.29563045501709,8.9442720413208,8.062257766723633,8.062257766723633,6.7082037925720215,6.7082037925720215
0,-42.0,-96,16,13,70.25667572021484,64.28063201904297,65.12296295166016,60.074954986572266,62.12889862060547,55.03635025024414,55.03635025024414,52.08646774291992,51.03919982910156,50.03998565673828,47.04253387451172,46.173583984375,44.18144226074219,43.185646057128906,39.11521530151367,41.30375289916992,37.48332977294922,37.336307525634766,34.525352478027344,35.510562896728516,35.35533905029297,33.541019439697266,33.541019439697266,31.575305938720703,32.557640075683594,30.5941162109375,28.635643005371094,30.265491485595703,27.294687271118164,27.294687271118164,25.179357528686523,26.07680892944336,24.1867733001709,23.0867919921875,23.021728515625,22.0,20.0,19.0,18.0,17.029386520385742,16.031219482421875,13.0,14.03566837310791,11.045360565185547,11.045360565185547,11.180339813232422,10.198039054870605,8.246211051940918,8.062257766723633,7.071067810058594,6.082762718200684,5.0
0,-42.0,-96,15,18,70.51950073242188,67.35725402832031,66.0984115600586,63.5688591003418,61.6846809387207,58.872745513916016,56.30275344848633,54.424259185791016,52.201534271240234,50.9215087890625,49.04079818725586,46.48655700683594,45.880279541015625,43.011627197265625,41.761226654052734,41.48493576049805,39.051246643066406,37.36308288574219,36.67424011230469,36.67424011230469,34.928497314453125,34.525352478027344,33.734256744384766,33.37664031982422,31.575305938720703,31.78049659729004,30.5941162109375,29.42787742614746,27.459060668945312,27.892650604248047,26.925823211669922,25.961509704589844,25.0,24.041629791259766,22.135944366455078,21.189620971679688,20.615528106689453,19.313207626342773,17.8885440826416,16.552946090698242,15.65247631072998,14.764822959899902,14.422204971313477,12.529964447021484,10.816654205322266,10.816654205322266,10.29563045501709,8.602325439453125,8.062257766723633,8.062257766723633,7.211102485656738,5.656854152679443
0,-42.0,-96,16,14,71.17584228515625,68.02940368652344,68.02940368652344,65.39112854003906,63.158531188964844,58.872745513916016,57.00876998901367,54.7813835144043,52.92447280883789,51.4781494140625,49.76947021484375,47.01063537597656,45.18849563598633,44.283180236816406,42.48529052734375,41.59326934814453,39.357337951660156,37.58989334106445,37.2155876159668,37.2155876159668,36.359317779541016,34.66987228393555,33.61547088623047,34.66987228393555,33.83784866333008,31.906112670898438,30.528675079345703,30.528675079345703,28.65309715270996,27.784887313842773,27.294687271118164,26.832815170288086,24.59674835205078,22.847318649291992,22.847318649291992,20.615528106689453,20.615528106689453,18.973665237426758,18.027755737304688,16.76305389404297,15.524174690246582,14.560219764709473,14.560219764709473,12.165525436401367,11.180339813232422,11.180339813232422,9.05538558959961,8.246211051940918,8.246211051940918,7.071067810058594,7.0,5.0
0,-42.0,-96,16,15,71.70076751708984,68.73136138916016,66.75328063964844,64.77654266357422,61.814239501953125,60.01666259765625,56.88584899902344,54.918121337890625,52.95280838012695,49.648765563964844,49.648765563964844,47.381431579589844,45.27692413330078,44.18144226074219,42.19004440307617,41.19466018676758,39.051246643066406,37.05401611328125,37.013511657714844,37.013511657714844,35.0,35.0,33.0151481628418,33.0,33.0,32.0,31.0,29.0,29.0,28.0,26.07680892944336,26.019224166870117,25.079872131347656,24.083189010620117,23.0867919921875,21.21320343017578,20.099750518798828,18.248287200927734,18.248287200927734,16.492422103881836,15.524174690246582,14.560219764709473,13.928388595581055,10.440306663513184,10.770329475402832,10.440306663513184,9.486832618713379,8.246211051940918,7.280109882354736,5.385164737701416,6.324555397033691,5.385164737701416
0,-42.0,-96,16,14,68.26419067382812,66.8879623413086,63.28506851196289,62.96824645996094,59.07622146606445,58.24946212768555,54.918121337890625,53.25410842895508,49.92995071411133,48.02082824707031,49.09175109863281,44.94440841674805,44.41846466064453,40.8166618347168,39.824615478515625,39.824615478515625,39.357337951660156,36.67424011230469,36.24913787841797,34.928497314453125,34.01470184326172,33.241539001464844,32.69556427001953,32.31098937988281,30.870698928833008,31.38471031188965,28.635643005371094,28.23118782043457,27.73084831237793,26.4007568359375,26.832815170288086,24.59674835205078,23.706539154052734,22.825424194335938,21.954498291015625,21.095022201538086,19.416488647460938,17.20465087890625,17.20465087890625,15.0,15.0,14.21267032623291,12.041594505310059,12.041594505310059,10.630146026611328,9.899495124816895,9.219544410705566,7.071067810058594,7.071067810058594,5.656854152679443,5.656854152679443,5.0
0,-42.0,-96,16,14,68.94925689697266,67.35725402832031,65.14598846435547,62.93647766113281,59.4810905456543,58.24087905883789,55.36244201660156,53.45091247558594,50.96076965332031,49.04079818725586,48.08325958251953,45.221675872802734,44.59820556640625,42.379241943359375,40.49691390991211,39.0,39.0,36.24913787841797,36.24913787841797,35.34119415283203,34.01470184326172,33.105892181396484,32.202484130859375,31.764760971069336,31.764760971069336,30.4138126373291,29.529645919799805,27.73084831237793,27.73084831237793,27.294687271118164,26.0,24.698177337646484,22.847318649291992,22.472204208374023,22.135944366455078,19.92485809326172,19.92485809326172,17.464248657226562,16.278820037841797,16.492422103881836,14.142135620117188,14.142135620117188,13.152946472167969,12.041594505310059,10.049875259399414,9.05538558959961,9.05538558959961,8.0,7.0,7.0,5.0,5.0
0,-42.0,-96,16,14,70.8307876586914,69.97142028808594,67.23094177246094,67.41661834716797,62.96824645996094,59.36328887939453,57.45433044433594,54.37830352783203,53.851646423339844,50.2493782043457,49.39635467529297,47.50789260864258,46.647613525390625,43.90899658203125,43.416587829589844,41.146080017089844,40.24922180175781,37.57658767700195,38.62641525268555,35.84689712524414,35.84689712524414,35.46829605102539,33.61547088623047,33.241539001464844,33.61547088623047,31.38471031188965,31.016124725341797,28.792360305786133,30.08321762084961,28.23118782043457,27.312999725341797,25.495098114013672,25.495098114013672,23.706539154052734,22.825424194335938,21.954498291015625,20.248456954956055,19.416488647460938,17.20465087890625,16.6433162689209,15.0,14.21267032623291,14.21267032623291,12.041594505310059,11.401754379272461,10.630146026611328,9.899495124816895,8.602325439453125,7.071067810058594,6.4031243324279785,6.4031243324279785,5.656854152679443
0,-42.0,-96,16,15,73.23933410644531,69.065185546875,68.24221801757812,64.8999252319336,63.51377868652344,58.830265045166016,57.982757568359375,55.226806640625,53.5350341796875,50.477718353271484,49.39635467529297,47.16990661621094,47.16990661621094,44.65422821044922,43.011627197265625,42.20189666748047,39.20458984375,38.41874694824219,37.64305877685547,37.64305877685547,36.2353401184082,36.12478256225586,33.42155075073242,34.058773040771484,33.42155075073242,31.240999221801758,31.240999221801758,30.610456466674805,28.42534065246582,28.42534065246582,26.4007568359375,26.4007568359375,25.238859176635742,23.853721618652344,23.323806762695312,21.470911026000977,20.59126091003418,19.697715759277344,17.8885440826416,17.464248657226562,16.155494689941406,14.317821502685547,13.601470947265625,11.401754379272461,11.704699516296387,10.198039054870605,10.198039054870605,9.219544410705566,8.246211051940918,7.071067810058594,7.071067810058594,6.0
0,-42.0,-96,16,15,70.028564453125,68.02940368652344,67.02984619140625,64.19501495361328,61.13100814819336,59.13543701171875,56.22277069091797,54.147945404052734,52.08646774291992,50.08992004394531,49.04079818725586,48.041648864746094,47.0,43.0,42.01190185546875,42.0,40.04996871948242,39.051246643066406,37.05401611328125,36.055511474609375,36.013885498046875,35.05709457397461,34.058773040771484,34.13209533691406,32.140316009521484,32.140316009521484,32.06243896484375,30.066593170166016,29.068883895874023,29.068883895874023,26.0,26.0,25.0,25.0,24.0,22.022714614868164,21.02379608154297,19.02629852294922,18.11077117919922,17.11724281311035,16.124515533447266,15.132745742797852,13.152946472167969,12.165525436401367,11.180339813232422,10.198039054870605,10.198039054870605,9.486832618713379,8.246211051940918,7.280109882354736,6.324555397033691,5.385164737701416
0,-42.0,-96,16,14,69.20259857177734,67.80117797851562,65.6048812866211,64.66065216064453,60.4400520324707,58.898216247558594,56.080299377441406,51.855567932128906,51.088157653808594,49.04079818725586,48.27007293701172,46.22769546508789,44.821868896484375,42.8018684387207,42.01190185546875,39.408119201660156,39.408119201660156,37.44329071044922,38.27531814575195,36.359317779541016,34.66987228393555,34.66987228393555,33.83784866333008,33.12099075317383,31.906112670898438,30.528675079345703,29.681644439697266,28.844409942626953,28.844409942626953,27.459060668945312,26.4007568359375,26.4007568359375,24.20743751525879,22.022714614868164,21.260292053222656,20.51828384399414,19.79899024963379,18.384777069091797,16.970561981201172,16.278820037841797,14.21267032623291,14.21267032623291,12.806248664855957,12.206555366516113,10.816654205322266,9.433980941772461,8.602325439453125,8.062257766723633,8.062257766723633,7.211102485656738,5.830951690673828,5.385164737701416
0,-42.0,-96,16,14,70.51950073242188,66.0984115600586,66.0984115600586,62.64183807373047,61.13100814819336,57.28001403808594,55.785301208496094,52.88667297363281,51.92301940917969,50.0,48.08325958251953,46.173583984375,44.271888732910156,43.32435989379883,40.16217041015625,39.924930572509766,38.07886505126953,37.6961555480957,36.24913787841797,34.928497314453125,34.01470184326172,34.438350677490234,33.105892181396484,32.202484130859375,32.202484130859375,31.30495262145996,29.529645919799805,29.068883895874023,26.832815170288086,26.832815170288086,26.0,23.76972770690918,23.76972770690918,22.472204208374023,22.135944366455078,21.189620971679688,19.92485809326172,18.439088821411133,16.492422103881836,15.524174690246582,15.29705810546875,14.317821502685547,13.152946472167969,12.041594505310059,10.049875259399414,9.0,9.0,8.0,7.0,6.0,6.0,5.0
0,-42.0,-96,16,15,73.17103576660156,69.18092346191406,69.18092346191406,64.19501495361328,65.19202423095703,59.41380310058594,59.304298400878906,55.3263053894043,54.230987548828125,53.23532485961914,49.36598205566406,48.25971221923828,47.095645904541016,45.09988784790039,42.04759216308594,44.0,40.0,40.01249694824219,37.0,37.0,37.0,35.0142822265625,35.0,34.0,32.0,33.0151481628418,31.0,31.0,29.0,29.0,26.0,26.019224166870117,26.07680892944336,25.079872131347656,24.083189010620117,23.0867919921875,21.3775577545166,19.235383987426758,18.439088821411133,16.492422103881836,16.492422103881836,15.29705810546875,14.560219764709473,12.649110794067383,12.649110794067383,10.770329475402832,10.440306663513184,8.5440034866333,8.5440034866333,7.6157732009887695,6.7082037925720215,5.830951690673828
0,-42.0,-96,16,14,69.35416412353516,68.47627258300781,65.76473236083984,65.0,61.400325775146484,58.830265045166016,56.603885650634766,53.33854293823242,52.15361785888672,49.73931884765625,48.3735466003418,47.01063537597656,46.06517028808594,42.94182205200195,41.59326934814453,39.81205749511719,39.39543151855469,36.67424011230469,36.769554138183594,35.84689712524414,34.928497314453125,34.928497314453125,32.31098937988281,33.241539001464844,31.95309066772461,31.38471031188965,29.154760360717773,28.23118782043457,28.23118782043457,26.0,26.832815170288086,25.942243576049805,24.1867733001709,22.825424194335938,22.472204208374023,20.59126091003418,20.248456954956055,19.416488647460938,17.20465087890625,16.6433162689209,15.0,14.21267032623291,14.21267032623291,12.041594505310059,11.313708305358887,9.899495124816895,9.899495124816895,9.219544410705566,7.8102498054504395,7.071067810058594,5.656854152679443,5.0
0,-42.0,-96,16,14,72.13875579833984,65.79513549804688,67.20863342285156,63.03173828125,63.78087615966797,56.7274169921875,55.31726837158203,53.90732955932617,51.7397346496582,50.990196228027344,47.50789260864258,46.75468063354492,45.27692413330078,43.13930892944336,41.01219177246094,41.72529220581055,38.20994567871094,38.20994567871094,36.878177642822266,37.53664779663086,35.38361358642578,34.058773040771484,34.058773040771484,33.42155075073242,32.649654388427734,29.832868576049805,29.068883895874023,29.068883895874023,27.018512725830078,27.658634185791016,26.172504425048828,25.45584487915039,23.34523582458496,23.34523582458496,21.260292053222656,21.260292053222656,19.209373474121094,18.439088821411133,17.20465087890625,16.6433162689209,16.124515533447266,13.892443656921387,14.422204971313477,12.529964447021484,10.770329475402832,9.848857879638672,8.9442720413208,8.9442720413208,8.5440034866333,7.6157732009887695,6.324555397033691,5.385164737701416
0,-42.0,-96,16,14,71.44927978515625,68.59300231933594,66.48307800292969,63.639610290527344,62.2414665222168,58.694122314453125,57.28001403808594,54.488529205322266,53.037723541259766,50.20956039428711,49.51767349243164,46.66904830932617,45.25483322143555,43.863426208496094,41.72529220581055,41.1096076965332,38.94868469238281,38.28837966918945,37.013511657714844,36.878177642822266,34.058773040771484,34.20526123046875,33.42155075073242,32.80244064331055,32.015621185302734,32.015621185302734,30.610456466674805,29.832868576049805,27.658634185791016,27.658634185791016,26.172504425048828,26.172504425048828,24.75883674621582,23.34523582458496,22.627416610717773,21.260292053222656,20.615528106689453,19.209373474121094,18.601076126098633,17.804492950439453,15.81138801574707,15.264337539672852,13.892443656921387,13.892443656921387,12.529964447021484,10.29563045501709,9.848857879638672,8.9442720413208,7.6157732009887695,7.280109882354736,6.7082037925720215,6.7082037925720215
0,-42.0,-96,16,15,74.02702331542969,70.0,70.0,66.0,64.0078125,59.00847244262695,59.0,56.035701751708984,54.0,54.0,51.0,49.01020431518555,48.041648864746094,46.04345703125,43.046485900878906,43.104522705078125,40.112342834472656,40.199501037597656,38.327537536621094,37.2155876159668,37.2155876159668,36.22154235839844,35.510562896728516,34.525352478027344,34.36568069458008,32.38827133178711,32.38827133178711,31.400636672973633,29.27456283569336,29.27456283569336,27.166154861450195,27.073972702026367,26.07680892944336,25.01999282836914,24.0,24.020824432373047,22.0,20.0,19.0,18.027755737304688,16.0,16.0,15.033296585083008,13.03840446472168,12.165525436401367,10.198039054870605,9.219544410705566,10.198039054870605,9.219544410705566,8.062257766723633,7.071067810058594,5.0
0,-42.0,-96,16,15,72.7804946899414,69.63475799560547,67.91170501708984,66.2872543334961,62.36986541748047,59.84145736694336,58.051700592041016,55.10898208618164,53.93514633178711,51.97114562988281,50.0099983215332,47.85394287109375,46.097721099853516,44.14748001098633,43.17406463623047,41.231056213378906,39.560081481933594,38.327537536621094,37.64305877685547,36.055511474609375,35.735137939453125,35.735137939453125,33.52610778808594,34.539833068847656,32.31098937988281,31.62277603149414,30.675724029541016,29.73213768005371,28.792360305786133,27.20294189453125,25.961509704589844,26.248809814453125,25.0,23.53720474243164,22.360679626464844,21.3775577545166,21.095022201538086,18.11077117919922,18.11077117919922,16.031219482421875,16.031219482421875,14.03566837310791,14.03566837310791,13.0,11.0,10.0,10.0,9.0,8.0,7.0,7.0,5.0
0,-42.0,-96,16,14,70.21395874023438,67.97793579101562,66.64083099365234,63.56099319458008,60.41522979736328,57.775428771972656,55.54277801513672,54.230987548828125,52.39274597167969,50.56678771972656,47.423622131347656,46.51881408691406,45.617977142333984,42.94182205200195,41.59326934814453,40.70626449584961,38.07886505126953,37.58989334106445,36.359317779541016,34.98571014404297,35.510562896728516,34.13209533691406,32.75667953491211,33.0151481628418,31.62277603149414,31.064449310302734,30.528675079345703,29.154760360717773,27.784887313842773,26.925823211669922,25.553865432739258,25.05992889404297,24.1867733001709,23.25940704345703,21.931713104248047,20.615528106689453,19.313207626342773,18.384777069091797,18.027755737304688,15.81138801574707,14.560219764709473,14.560219764709473,13.34166431427002,12.165525436401367,12.165525436401367,10.049875259399414,9.219544410705566,8.062257766723633,8.062257766723633,7.071067810058594,7.0,6.0
0,-42.0,-96,16,14,70.21395874023438,67.5351791381836,65.76473236083984,64.0078125,60.41522979736328,57.80138397216797,57.30619430541992,52.839378356933594,51.97114562988281,49.24428939819336,49.24428939819336,46.06517028808594,44.283180236816406,42.48529052734375,40.71854782104492,40.31128692626953,39.0,37.161808013916016,37.336307525634766,35.46829605102539,34.1760139465332,34.1760139465332,33.241539001464844,32.280025482177734,30.675724029541016,30.675724029541016,29.4108829498291,28.460498809814453,27.85677719116211,27.312999725341797,26.0,24.698177337646484,24.59674835205078,23.25940704345703,21.470911026000977,21.470911026000977,19.235383987426758,18.357559204101562,16.6433162689209,16.124515533447266,15.0,14.422204971313477,12.041594505310059,12.041594505310059,10.630146026611328,9.899495124816895,9.219544410705566,8.485280990600586,7.071067810058594,6.4031243324279785,5.656854152679443,5.0
0,-42.0,-96,16,14,67.80117797851562,66.0302963256836,63.0079345703125,61.29437255859375,59.07622146606445,56.859474182128906,54.37830352783203,52.69725036621094,50.2493782043457,47.434165954589844,46.04345703125,44.40720748901367,42.8018684387207,42.01190185546875,40.804412841796875,38.28837966918945,37.64305877685547,34.828147888183594,36.12478256225586,34.058773040771484,32.649654388427734,32.557640075683594,31.14482307434082,30.4138126373291,30.4138126373291,29.698484420776367,28.319604873657227,28.319604873657227,28.319604873657227,25.495098114013672,24.83948516845703,23.600847244262695,23.600847244262695,22.203603744506836,21.63330841064453,20.248456954956055,19.416488647460938,17.492855072021484,16.6433162689209,16.124515533447266,14.764822959899902,14.317821502685547,12.083045959472656,10.770329475402832,9.848857879638672,9.486832618713379,8.246211051940918,8.246211051940918,7.280109882354736,6.324555397033691,6.324555397033691,5.099019527435303
0,-42.0,-96,16,14,70.06425476074219,68.06614685058594,65.03076171875,65.19202423095703,61.13100814819336,58.30952072143555,56.32051086425781,54.230987548828125,53.23532485961914,50.15974426269531,50.03998565673828,48.010414123535156,46.0,45.0,42.01190185546875,41.0,41.0,37.013511657714844,37.05401611328125,36.0,36.013885498046875,35.05709457397461,33.060550689697266,34.13209533691406,33.241539001464844,31.14482307434082,31.064449310302734,30.066593170166016,29.068883895874023,27.073972702026367,26.0,26.0,25.0,24.020824432373047,23.021728515625,21.095022201538086,20.02498435974121,19.0,18.11077117919922,17.11724281311035,16.124515533447266,14.142135620117188,14.142135620117188,12.165525436401367,11.180339813232422,9.486832618713379,9.219544410705566,9.219544410705566,8.246211051940918,7.071067810058594,6.082762718200684,5.385164737701416
0,-42.0,-96,15,18,69.3108901977539,68.59300231933594,65.76473236083984,65.05382537841797,60.10823440551758,60.14149856567383,55.90169906616211,54.488529205322266,52.345008850097656,49.51767349243164,48.08325958251953,46.66904830932617,45.27692413330078,43.13930892944336,42.44997024536133,39.69886779785156,39.051246643066406,36.2353401184082,37.80211639404297,37.64305877685547,34.828147888183594,34.20526123046875,31.400636672973633,33.83784866333008,32.202484130859375,32.202484130859375,30.0,28.017850875854492,29.20616340637207,27.018512725830078,26.248809814453125,26.248809814453125,24.083189010620117,23.34523582458496,21.931713104248047,21.21320343017578,19.79899024963379,18.439088821411133,18.439088821411133,15.620499610900879,15.0,15.0,13.601470947265625,13.03840446472168,11.661903381347656,10.29563045501709,9.848857879638672,8.9442720413208,8.062257766723633,8.062257766723633,5.385164737701416,6.324555397033691
0,-42.0,-96,16,14,69.85699462890625,68.44705963134766,66.4906005859375,64.13267517089844,62.169124603271484,60.01666259765625,56.88584899902344,54.7448616027832,52.77309799194336,50.0099983215332,48.83646011352539,47.29693603515625,46.3249397277832,44.643028259277344,42.44997024536133,40.52159881591797,39.560081481933594,37.64305877685547,37.336307525634766,36.055511474609375,35.11410140991211,35.11410140991211,32.893768310546875,33.241539001464844,31.95309066772461,31.38471031188965,31.016124725341797,28.792360305786133,28.460498809814453,27.513633728027344,25.63201141357422,25.0,25.0,23.76972770690918,22.360679626464844,21.3775577545166,21.3775577545166,19.235383987426758,18.11077117919922,18.11077117919922,16.031219482421875,14.0,14.03566837310791,13.0,11.0,11.0,11.0,9.0,8.0,7.0,7.0,6.082762718200684
0,-42.0,-96,16,14,71.69379425048828,69.97142028808594,65.0,65.19202423095703,61.587337493896484,59.36328887939453,56.603885650634766,55.226806640625,53.5350341796875,49.39635467529297,50.774009704589844,48.02082824707031,46.647613525390625,43.416587829589844,42.54409408569336,40.70626449584961,40.70626449584961,38.01315689086914,37.57658767700195,36.67424011230469,35.7770881652832,34.438350677490234,34.01470184326172,33.61547088623047,32.202484130859375,32.202484130859375,30.870698928833008,29.068883895874023,29.068883895874023,26.832815170288086,27.294687271118164,26.419689178466797,24.1867733001709,22.472204208374023,22.472204208374023,21.63330841064453,20.0,19.209373474121094,18.439088821411133,17.804492950439453,16.278820037841797,14.21267032623291,13.45362377166748,12.727922439575195,12.727922439575195,10.630146026611328,9.899495124816895,8.602325439453125,8.602325439453125,7.211102485656738,6.4031243324279785,6.4031243324279785
0,-42.0,-96,16,15,71.86793518066406,70.93659210205078,68.3520278930664,67.67569732666016,62.62587356567383,62.297672271728516,58.52349853515625,56.30275344848633,54.08327102661133,51.865211486816406,50.9215087890625,50.32891845703125,46.615447998046875,45.31004333496094,43.08131790161133,42.04759216308594,41.62931823730469,39.39543151855469,37.57658767700195,37.57658767700195,36.67424011230469,35.7770881652832,34.885528564453125,33.12099075317383,34.0,33.12099075317383,31.30495262145996,29.529645919799805,29.068883895874023,29.068883895874023,27.312999725341797,26.0,26.0,25.298221588134766,23.409399032592773,22.472204208374023,20.615528106689453,19.646883010864258,18.439088821411133,17.464248657226562,16.278820037841797,16.278820037841797,14.142135620117188,13.152946472167969,11.180339813232422,10.198039054870605,10.049875259399414,10.0,9.0,8.0,7.0,7.0
0,-42.0,-96,15,19,72.53275299072266,70.3420181274414,68.4105224609375,67.05221557617188,63.89052963256836,60.728904724121094,57.87054443359375,55.6596794128418,54.4058837890625,51.92301940917969,50.96076965332031,48.764739990234375,46.3249397277832,45.12205505371094,44.14748001098633,43.17406463623047,40.79215621948242,38.832977294921875,37.85498809814453,37.48332977294922,36.49657440185547,36.34556198120117,34.36568069458008,35.22782897949219,33.37664031982422,32.24903106689453,31.256999969482422,31.400636672973633,29.42787742614746,28.44292449951172,27.658634185791016,26.68332862854004,25.70992088317871,25.0,24.041629791259766,21.840330123901367,21.587032318115234,18.973665237426758,18.973665237426758,17.0880069732666,16.552946090698242,15.65247631072998,13.928388595581055,12.083045959472656,11.180339813232422,10.29563045501709,9.433980941772461,9.433980941772461,8.602325439453125,7.211102485656738,5.830951690673828,5.830951690673828
0,-42.0,-96,16,14,66.52819061279297,65.19202423095703,61.61980056762695,63.12685775756836,57.384666442871094,56.080299377441406,54.5618896484375,51.088157653808594,49.57822036743164,47.50789260864258,46.86149978637695,43.931766510009766,43.185646057128906,41.01219177246094,40.31128692626953,38.897300720214844,38.20994567871094,34.65544509887695,35.38361358642578,34.71310806274414,33.241539001464844,33.42155075073242,31.890438079833984,31.890438079833984,31.240999221801758,29.832868576049805,29.068883895874023,27.58622932434082,28.319604873657227,24.83948516845703,25.495098114013672,24.75883674621582,23.34523582458496,22.627416610717773,21.260292053222656,19.84943389892578,18.439088821411133,17.804492950439453,17.20465087890625,15.81138801574707,13.892443656921387,13.892443656921387,13.03840446472168,11.661903381347656,10.816654205322266,8.9442720413208,8.9442720413208,8.062257766723633,8.062257766723633,6.7082037925720215,4.4721360206604,4.4721360206604
0,-42.0,-96,16,14,70.57620239257812,66.61080932617188,66.61080932617188,63.639610290527344,61.66035842895508,57.706153869628906,56.718605041503906,53.75872039794922,51.62363815307617,50.635955810546875,49.648765563964844,46.52956008911133,45.39823913574219,42.19004440307617,41.19466018676758,41.04875183105469,38.05259704589844,39.051246643066406,38.0,36.0,36.013885498046875,34.0,34.0,33.0,32.0,31.0,30.0,29.0,27.0,27.018512725830078,26.019224166870117,25.01999282836914,24.020824432373047,22.022714614868164,21.095022201538086,21.21320343017578,20.39607810974121,18.248287200927734,16.492422103881836,15.29705810546875,15.524174690246582,14.560219764709473,12.649110794067383,11.704699516296387,10.770329475402832,9.486832618713379,9.486832618713379,7.6157732009887695,7.6157732009887695,6.7082037925720215,6.324555397033691,4.4721360206604
0,-42.0,-96,16,14,70.43436431884766,68.24954223632812,65.29930877685547,63.89052963256836,60.30754470825195,59.54829788208008,56.7274169921875,53.90732955932617,51.7397346496582,49.04079818725586,49.04079818725586,46.22769546508789,44.821868896484375,42.8018684387207,41.400482177734375,40.224369049072266,38.27531814575195,37.44329071044922,37.2155876159668,35.510562896728516,34.13209533691406,33.61547088623047,32.75667953491211,33.12099075317383,31.38471031188965,30.528675079345703,30.01666259765625,27.784887313842773,27.784887313842773,26.925823211669922,26.07680892944336,25.238859176635742,23.600847244262695,22.203603744506836,22.022714614868164,20.615528106689453,19.209373474121094,18.439088821411133,17.69180679321289,16.970561981201172,14.866068840026855,13.45362377166748,13.45362377166748,12.041594505310059,11.401754379272461,10.630146026611328,8.062257766723633,8.062257766723633,7.211102485656738,5.830951690673828,5.830951690673828,5.0
0,-42.0,-96,16,14,70.00714111328125,67.00746154785156,67.0,64.0,62.0,58.00862121582031,57.00876998901367,55.0,52.009613037109375,50.0,49.0,47.04253387451172,45.0444221496582,43.046485900878906,41.04875183105469,41.04875183105469,38.20994567871094,38.20994567871094,37.2155876159668,36.22154235839844,35.22782897949219,34.2344856262207,33.241539001464844,32.38827133178711,31.400636672973633,30.4138126373291,29.27456283569336,29.27456283569336,28.284271240234375,27.166154861450195,26.07680892944336,25.079872131347656,24.020824432373047,23.021728515625,23.0,21.0,20.0,19.0,17.0,16.031219482421875,15.033296585083008,14.142135620117188,14.142135620117188,12.165525436401367,12.165525436401367,10.198039054870605,9.219544410705566,9.219544410705566,7.280109882354736,7.280109882354736,6.324555397033691,4.123105525970459
0,-42.0,-96,16,15,71.50524139404297,69.35416412353516,68.680419921875,66.48307800292969,63.65532302856445,59.396968841552734,59.41380310058594,56.56854248046875,53.75872039794922,51.62363815307617,50.20956039428711,48.08325958251953,47.381431579589844,44.59820556640625,43.185646057128906,41.86884307861328,40.607879638671875,38.41874694824219,39.20458984375,37.013511657714844,36.400550842285156,35.80502700805664,33.42155075073242,33.60059356689453,33.42155075073242,31.400636672973633,30.0,30.0,29.20616340637207,27.658634185791016,26.248809814453125,26.248809814453125,24.75883674621582,24.75883674621582,22.627416610717773,21.931713104248047,20.615528106689453,20.0,18.601076126098633,17.20465087890625,15.81138801574707,15.81138801574707,14.422204971313477,11.661903381347656,11.661903381347656,10.29563045501709,9.486832618713379,8.9442720413208,8.246211051940918,7.280109882354736,6.324555397033691,5.385164737701416
0,-42.0,-96,16,14,68.3520278930664,67.06713104248047,63.90618133544922,63.5688591003418,60.083274841308594,57.567352294921875,54.708316802978516,52.81098556518555,50.59644317626953,48.703182220458984,47.12748718261719,45.221675872802734,44.94440841674805,42.379241943359375,40.853397369384766,39.560081481933594,39.0,36.769554138183594,36.67424011230469,35.34119415283203,34.01470184326172,34.01470184326172,32.202484130859375,32.649654388427734,32.202484130859375,29.96664810180664,29.546573638916016,28.635643005371094,27.73084831237793,26.4007568359375,25.63201141357422,25.63201141357422,24.351591110229492,22.135944366455078,21.840330123901367,20.880613327026367,19.416488647460938,18.439088821411133,17.262676239013672,16.278820037841797,16.124515533447266,15.132745742797852,13.03840446472168,13.03840446472168,11.045360565185547,11.0,9.0,9.0,9.0,7.0,7.0,6.082762718200684
0,-42.0,-96,16,15,73.16419982910156,70.21395874023438,69.05070495605469,66.2872543334961,65.30696868896484,60.41522979736328,58.46366500854492,57.27128601074219,54.34151077270508,52.95280838012695,50.990196228027344,48.83646011352539,46.69047164916992,45.39823913574219,43.416587829589844,42.42640686035156,40.31128692626953,40.31128692626953,38.11823654174805,37.121421813964844,37.05401611328125,37.05401611328125,36.12478256225586,34.01470184326172,34.058773040771484,32.06243896484375,32.06243896484375,30.066593170166016,30.066593170166016,29.068883895874023,27.166154861450195,26.305892944335938,25.317977905273438,24.515300750732422,23.53720474243164,22.56102752685547,21.587032318115234,19.646883010864258,18.973665237426758,16.76305389404297,16.76305389404297,14.866068840026855,14.866068840026855,13.928388595581055,11.180339813232422,11.180339813232422,11.180339813232422,9.433980941772461,8.9442720413208,7.211102485656738,7.211102485656738,6.4031243324279785
0,-42.0,-96,16,15,74.46475982666016,69.07966613769531,70.00714111328125,66.70832061767578,65.39112854003906,60.41522979736328,59.09314727783203,57.775428771972656,54.625999450683594,52.39274597167969,51.4781494140625,48.46648406982422,47.53945541381836,45.31004333496094,44.0113639831543,43.011627197265625,40.804412841796875,40.16217041015625,38.327537536621094,38.327537536621094,37.36308288574219,36.13862228393555,35.44009017944336,33.95585250854492,32.98484420776367,32.98484420776367,32.015621185302734,31.048349380493164,30.08321762084961,30.08321762084961,27.513633728027344,26.248809814453125,25.298221588134766,25.63201141357422,22.472204208374023,22.472204208374023,20.615528106689453,20.124610900878906,17.8885440826416,17.8885440826416,17.0,15.264337539672852,15.264337539672852,12.206555366516113,10.816654205322266,11.661903381347656,10.0,9.433980941772461,8.602325439453125,8.602325439453125,7.071067810058594,5.0
0,-42.0,-96,17,10,67.47592163085938,64.66065216064453,63.12685775756836,62.00806427001953,58.41232681274414,56.22277069091797,54.037025451660156,52.63079071044922,49.81967544555664,49.04079818725586,46.86149978637695,44.68780517578125,43.931766510009766,41.1096076965332,40.360870361328125,38.897300720214844,37.48332977294922,35.35533905029297,36.06937789916992,35.38361358642578,33.241539001464844,32.557640075683594,31.890438079833984,31.890438079833984,31.240999221801758,29.73213768005371,28.319604873657227,28.319604873657227,27.658634185791016,26.172504425048828,25.45584487915039,24.083189010620117,24.041629791259766,21.931713104248047,21.260292053222656,19.84943389892578,19.209373474121094,18.439088821411133,16.401220321655273,15.81138801574707,14.764822959899902,14.422204971313477,13.03840446472168,11.661903381347656,10.816654205322266,9.848857879638672,8.9442720413208,7.6157732009887695,7.6157732009887695,6.324555397033691,5.385164737701416,5.099019527435303
0,-42.0,-96,16,15,73.17103576660156,70.1783447265625,69.18092346191406,67.36467742919922,64.38167572021484,62.28964614868164,60.29925537109375,57.21887969970703,54.230987548828125,53.15073013305664,52.15361785888672,50.03998565673828,48.041648864746094,46.04345703125,43.011627197265625,43.0,41.0,40.0,40.01249694824219,39.0128173828125,37.0,36.013885498046875,35.0142822265625,35.05709457397461,34.058773040771484,32.06243896484375,32.06243896484375,31.016124725341797,30.0,29.0,28.0,27.0,26.0,25.0,24.020824432373047,23.021728515625,21.095022201538086,20.099750518798828,18.11077117919922,17.262676239013672,16.124515533447266,15.29705810546875,14.317821502685547,13.34166431427002,12.165525436401367,10.440306663513184,10.198039054870605,9.486832618713379,8.5440034866333,7.280109882354736,6.324555397033691,5.385164737701416
0,-42.0,-96,15,18,72.24956512451172,68.680419921875,67.35725402832031,63.89052963256836,63.12685775756836,59.81638717651367,58.41232681274414,55.44366455078125,53.413482666015625,52.009613037109375,49.81967544555664,48.27007293701172,46.86149978637695,43.931766510009766,42.52058410644531,42.44997024536133,41.01219177246094,39.623226165771484,37.48332977294922,36.769554138183594,36.769554138183594,35.35533905029297,33.941123962402344,33.970577239990234,32.557640075683594,31.827661514282227,29.698484420776367,29.698484420776367,28.284271240234375,29.0,26.248809814453125,24.83948516845703,24.83948516845703,23.600847244262695,22.203603744506836,21.63330841064453,20.808652877807617,18.867961883544922,18.357559204101562,16.6433162689209,16.124515533447266,14.764822959899902,14.317821502685547,13.0,13.0,10.770329475402832,9.486832618713379,9.486832618713379,8.246211051940918,7.280109882354736,7.280109882354736,6.324555397033691
0,-42.0,-96,13,26,70.60453033447266,68.88395690917969,65.96968841552734,65.51335906982422,61.392181396484375,59.228370666503906,57.27128601074219,54.34151077270508,53.75872039794922,50.21951675415039,49.47726821899414,47.53945541381836,44.643028259277344,43.680660247802734,42.44997024536133,40.804412841796875,39.84971618652344,37.64305877685547,37.0,35.735137939453125,34.48188018798828,34.78505325317383,32.893768310546875,33.241539001464844,32.893768310546875,31.016124725341797,30.364452362060547,28.460498809814453,28.460498809814453,26.925823211669922,25.0,24.73863410949707,24.73863410949707,22.56102752685547,21.3775577545166,21.3775577545166,19.235383987426758,19.10497283935547,18.11077117919922,16.124515533447266,16.031219482421875,14.0,13.0,12.0,12.041594505310059,10.049875259399414,9.05538558959961,9.05538558959961,7.071067810058594,7.071067810058594,7.071067810058594,4.0
0,-42.0,-96,16,14,70.00714111328125,67.00746154785156,65.0,63.0079345703125,62.00806427001953,58.00862121582031,55.009090423583984,53.00943374633789,52.038448333740234,51.009803771972656,48.0,46.0,46.0,44.0,42.0,41.01219177246094,39.051246643066406,38.05259704589844,37.05401611328125,36.12478256225586,36.055511474609375,35.05709457397461,32.06243896484375,32.24903106689453,32.140316009521484,31.14482307434082,29.154760360717773,29.068883895874023,29.154760360717773,27.073972702026367,26.019224166870117,25.0,24.0,24.0,22.0,21.0,20.02498435974121,19.10497283935547,18.11077117919922,16.124515533447266,15.29705810546875,14.142135620117188,13.152946472167969,11.401754379272461,11.180339813232422,9.486832618713379,9.848857879638672,8.9442720413208,7.6157732009887695,7.6157732009887695,5.830951690673828,5.0
0,-42.0,-96,13,26,73.0,70.1783447265625,70.0927963256836,66.48307800292969,65.0691909790039,60.10823440551758,58.694122314453125,55.90169906616211,54.451812744140625,53.075416564941406,50.2493782043457,48.166378021240234,47.50789260864258,46.22769546508789,43.931766510009766,42.01190185546875,39.824615478515625,39.20458984375,39.408119201660156,37.202152252197266,35.80502700805664,36.619667053222656,35.22782897949219,34.66987228393555,33.83784866333008,31.62277603149414,31.62277603149414,30.232433319091797,28.600698471069336,28.600698471069336,27.018512725830078,26.248809814453125,24.83948516845703,24.083189010620117,22.627416610717773,21.931713104248047,20.51828384399414,19.79899024963379,19.10497283935547,18.439088821411133,15.620499610900879,15.0,15.0,13.03840446472168,12.206555366516113,10.816654205322266,10.29563045501709,8.9442720413208,8.9442720413208,7.6157732009887695,7.280109882354736,6.324555397033691
0,-42.0,-96,12,30,71.38627624511719,68.24954223632812,68.44705963134766,65.11528015136719,63.150611877441406,58.694122314453125,57.706153869628906,55.73149871826172,53.75872039794922,51.788028717041016,50.80354309082031,47.85394287109375,46.87216567993164,44.14748001098633,42.20189666748047,42.44997024536133,39.560081481933594,39.293766021728516,37.64305877685547,37.947330474853516,35.735137939453125,36.055511474609375,34.48188018798828,33.83784866333008,32.893768310546875,31.320919036865234,30.675724029541016,30.364452362060547,28.460498809814453,27.513633728027344,25.961509704589844,25.961509704589844,24.515300750732422,24.515300750732422,22.360679626464844,21.21320343017578,21.21320343017578,19.10497283935547,18.11077117919922,17.0,16.031219482421875,16.0,14.0,13.0,12.0,11.045360565185547,11.045360565185547,9.0,9.05538558959961,7.071067810058594,7.280109882354736,6.082762718200684
0,-42.0,-96,12,30,72.71863555908203,69.6419448852539,67.74215698242188,65.73431396484375,62.96824645996094,59.90826416015625,57.14017868041992,54.918121337890625,54.37830352783203,51.62363815307617,49.92995071411133,48.54894256591797,46.647613525390625,44.41846466064453,43.416587829589844,43.416587829589844,41.59326934814453,39.81205749511719,37.57658767700195,36.24913787841797,36.67424011230469,35.84689712524414,34.01470184326172,33.61547088623047,33.105892181396484,32.69556427001953,31.78049659729004,30.463092803955078,29.546573638916016,28.635643005371094,26.832815170288086,26.832815170288086,25.05992889404297,23.706539154052734,24.1867733001709,22.472204208374023,19.416488647460938,19.416488647460938,19.209373474121094,17.804492950439453,17.029386520385742,15.0,15.0,12.041594505310059,12.041594505310059,10.630146026611328,9.899495124816895,9.899495124816895,9.219544410705566,7.211102485656738,6.4031243324279785,7.211102485656738
0,-42.0,-96,12,30,71.40028381347656,70.43436431884766,67.80117797851562,66.0302963256836,61.61168670654297,61.032779693603516,58.24946212768555,55.803226470947266,53.823787689208984,51.61395263671875,50.21951675415039,49.40647888183594,46.40043258666992,45.0,43.600460052490234,41.400482177734375,41.231056213378906,38.41874694824219,38.94868469238281,37.64305877685547,36.878177642822266,36.12478256225586,34.058773040771484,33.30165100097656,33.42155075073242,32.557640075683594,31.240999221801758,29.832868576049805,29.832868576049805,28.42534065246582,26.4007568359375,26.4007568359375,25.238859176635742,23.853721618652344,22.472204208374023,22.472204208374023,21.470911026000977,19.235383987426758,18.788293838500977,17.464248657226562,17.0880069732666,14.866068840026855,13.928388595581055,12.649110794067383,12.649110794067383,11.180339813232422,10.198039054870605,9.05538558959961,9.05538558959961,7.0,7.071067810058594,7.0
0,-42.0,-96,16,14,67.5425796508789,64.8459701538086,65.7419204711914,61.717098236083984,60.8276252746582,55.4707145690918,55.07267761230469,52.839378356933594,50.6063232421875,50.11985778808594,47.85394287109375,45.617977142333984,44.283180236816406,42.48529052734375,40.24922180175781,39.924930572509766,38.62641525268555,37.6961555480957,35.11410140991211,35.84689712524414,34.539833068847656,34.1760139465332,33.241539001464844,32.572994232177734,31.016124725341797,29.154760360717773,27.85677719116211,28.792360305786133,27.513633728027344,27.85677719116211,25.63201141357422,26.4007568359375,23.706539154052734,23.25940704345703,21.954498291015625,21.470911026000977,19.235383987426758,17.492855072021484,16.6433162689209,15.81138801574707,15.0,14.422204971313477,12.806248664855957,12.041594505310059,10.630146026611328,9.899495124816895,9.899495124816895,9.219544410705566,8.602325439453125,7.071067810058594,6.4031243324279785,5.0
0,-42.0,-96,16,14,72.56031799316406,69.46221923828125,68.09552001953125,65.0,62.433963775634766,59.6824951171875,58.830265045166016,56.080299377441406,54.37830352783203,51.107730865478516,50.774009704589844,48.54894256591797,47.50789260864258,44.777225494384766,42.54409408569336,42.94182205200195,40.70626449584961,40.24922180175781,38.4837646484375,36.67424011230469,35.34119415283203,35.34119415283203,34.438350677490234,34.01470184326172,33.105892181396484,33.105892181396484,31.30495262145996,29.96664810180664,29.068883895874023,28.635643005371094,27.294687271118164,26.832815170288086,25.05992889404297,24.1867733001709,23.323806762695312,23.021728515625,20.0,19.209373474121094,18.439088821411133,17.804492950439453,16.401220321655273,14.866068840026855,14.142135620117188,12.727922439575195,12.041594505310059,11.313708305358887,10.630146026611328,9.219544410705566,8.602325439453125,8.062257766723633,7.211102485656738,6.7082037925720215
0,-42.0,-96,12,30,72.01388549804688,69.35416412353516,67.11929321289062,65.39112854003906,62.2414665222168,60.008331298828125,57.775428771972656,55.03635025024414,53.712196350097656,50.56678771972656,49.76947021484375,47.92702865600586,46.51881408691406,45.617977142333984,43.382022857666016,41.59326934814453,40.31128692626953,38.07886505126953,38.07886505126953,36.359317779541016,36.359317779541016,34.66987228393555,34.13209533691406,33.2866325378418,31.906112670898438,31.906112670898438,30.528675079345703,29.154760360717773,29.154760360717773,27.784887313842773,25.942243576049805,25.942243576049805,25.05992889404297,23.706539154052734,21.931713104248047,20.615528106689453,20.248456954956055,18.973665237426758,18.973665237426758,16.76305389404297,15.524174690246582,14.560219764709473,13.34166431427002,12.165525436401367,11.180339813232422,10.198039054870605,9.05538558959961,9.219544410705566,7.071067810058594,7.0,7.0,5.0
0,-42.0,-96,13,26,71.40028381347656,70.0,66.61080932617188,66.2872543334961,61.032779693603516,59.90826416015625,56.859474182128906,56.035701751708984,53.5350341796875,51.61395263671875,50.21951675415039,47.01063537597656,45.607017517089844,43.600460052490234,42.8018684387207,40.45985794067383,40.45985794067383,37.64305877685547,38.28837966918945,36.878177642822266,34.828147888183594,35.38361358642578,32.557640075683594,33.241539001464844,31.827661514282227,31.827661514282227,30.479501724243164,28.319604873657227,28.319604873657227,26.90724754333496,26.248809814453125,26.4007568359375,25.0,23.021728515625,22.472204208374023,20.808652877807617,19.416488647460938,18.357559204101562,17.492855072021484,17.0,15.65247631072998,14.317821502685547,13.0,12.649110794067383,10.770329475402832,9.486832618713379,9.219544410705566,9.219544410705566,8.246211051940918,7.071067810058594,7.071067810058594,5.0
0,-42.0,-96,16,12,66.75328063964844,68.26419067382812,64.28063201904297,64.77654266357422,61.52235412597656,57.87054443359375,56.718605041503906,52.611785888671875,51.62363815307617,50.635955810546875,48.50773239135742,47.381431579589844,46.389652252197266,44.40720748901367,43.416587829589844,40.199501037597656,40.199501037597656,36.22154235839844,38.11823654174805,36.12478256225586,36.12478256225586,35.12833786010742,33.060550689697266,33.060550689697266,33.060550689697266,32.015621185302734,30.066593170166016,28.07133674621582,28.160255432128906,26.172504425048828,26.305892944335938,26.305892944335938,24.331050872802734,22.360679626464844,22.56102752685547,20.615528106689453,19.92485809326172,18.973665237426758,18.027755737304688,17.0880069732666,15.231546401977539,15.231546401977539,13.416407585144043,12.529964447021484,11.661903381347656,10.29563045501709,9.433980941772461,8.602325439453125,8.602325439453125,7.8102498054504395,5.656854152679443,5.656854152679443
0,-42.0,-96,16,14,71.84010314941406,68.60028839111328,67.80117797851562,65.21502685546875,63.82006072998047,58.8217658996582,57.688819885253906,55.75840759277344,53.25410842895508,50.80354309082031,50.0,47.01063537597656,46.86149978637695,44.68780517578125,42.01190185546875,42.44997024536133,39.69886779785156,38.94868469238281,37.48332977294922,38.20994567871094,36.06937789916992,34.65544509887695,34.65544509887695,34.058773040771484,33.241539001464844,31.827661514282227,29.698484420776367,29.698484420776367,27.58622932434082,29.0,26.172504425048828,26.172504425048828,24.83948516845703,22.803508758544922,22.803508758544922,22.022714614868164,20.0,20.0,18.027755737304688,16.6433162689209,16.6433162689209,14.422204971313477,14.764822959899902,12.083045959472656,11.704699516296387,10.770329475402832,9.486832618713379,9.486832618713379,8.5440034866333,7.280109882354736,6.082762718200684,6.082762718200684
0,-42.0,-96,13,26,71.86793518066406,69.28924560546875,70.00714111328125,66.128662109375,64.8459701538086,59.13543701171875,58.18934631347656,56.30275344848633,53.141319274902344,52.55473327636719,49.97999572753906,49.39635467529297,46.615447998046875,44.777225494384766,43.46262741088867,42.04759216308594,39.81205749511719,39.81205749511719,38.94868469238281,37.58989334106445,35.7770881652832,36.715118408203125,34.885528564453125,33.61547088623047,33.12099075317383,31.30495262145996,30.01666259765625,30.528675079345703,28.65309715270996,28.17800521850586,26.832815170288086,26.832815170288086,25.495098114013672,22.847318649291992,22.472204208374023,22.135944366455078,21.189620971679688,18.973665237426758,18.027755737304688,16.492422103881836,16.492422103881836,14.317821502685547,14.317821502685547,13.152946472167969,12.165525436401367,12.041594505310059,11.045360565185547,10.049875259399414,9.0,8.0,8.0,7.0
0,-42.0,-96,13,27,75.42546081542969,71.44927978515625,71.44927978515625,67.47592163085938,66.48307800292969,61.814239501953125,61.52235412597656,58.54912567138672,56.56854248046875,54.58937454223633,53.600372314453125,51.4781494140625,48.25971221923828,47.26520919799805,44.283180236816406,45.0444221496582,42.04759216308594,42.04759216308594,39.0128173828125,40.01249694824219,38.01315689086914,37.0,37.05401611328125,36.0,35.0,34.058773040771484,32.015621185302734,32.0,30.01666259765625,30.066593170166016,28.07133674621582,27.073972702026367,26.172504425048828,24.1867733001709,24.331050872802734,23.53720474243164,21.587032318115234,20.615528106689453,19.646883010864258,17.72004508972168,17.72004508972168,14.866068840026855,14.866068840026855,13.928388595581055,13.0,12.083045959472656,11.180339813232422,10.29563045501709,9.433980941772461,8.602325439453125,8.602325439453125,7.071067810058594
0,-42.0,-96,13,27,75.53807067871094,73.55270385742188,69.46221923828125,69.2603759765625,64.19501495361328,63.19810104370117,61.20457458496094,59.21148681640625,56.22277069091797,53.23532485961914,53.23532485961914,51.35172653198242,48.3735466003418,47.381431579589844,46.389652252197266,44.55333709716797,42.7551155090332,40.79215621948242,40.79215621948242,39.81205749511719,37.85498809814453,37.85498809814453,34.928497314453125,35.902645111083984,34.928497314453125,33.95585250854492,32.75667953491211,32.557640075683594,30.4138126373291,29.614185333251953,28.44292449951172,27.459060668945312,26.172504425048828,25.079872131347656,24.083189010620117,24.020824432373047,22.022714614868164,21.0,19.0,18.0,18.0,16.0,16.031219482421875,14.03566837310791,13.03840446472168,11.180339813232422,10.049875259399414,10.198039054870605,9.219544410705566,8.246211051940918,7.071067810058594,7.280109882354736
0,-42.0,-96,13,26,72.94518280029297,69.3397445678711,68.50547790527344,66.0302963256836,64.07027435302734,60.216278076171875,57.42821502685547,56.30275344848633,55.4707145690918,53.25410842895508,50.21951675415039,49.648765563964844,47.70744323730469,44.94440841674805,44.94440841674805,41.67733383178711,41.67733383178711,38.94868469238281,38.470767974853516,37.121421813964844,37.121421813964844,36.67424011230469,34.885528564453125,34.438350677490234,34.885528564453125,32.202484130859375,32.202484130859375,31.30495262145996,29.529645919799805,28.65309715270996,27.784887313842773,27.784887313842773,26.419689178466797,24.698177337646484,24.413110733032227,22.203603744506836,20.808652877807617,20.0,19.209373474121094,18.439088821411133,16.278820037841797,15.620499610900879,13.45362377166748,12.727922439575195,12.727922439575195,11.313708305358887,10.630146026611328,9.219544410705566,8.602325439453125,8.602325439453125,7.211102485656738,5.385164737701416
0,-42.0,-96,13,26,73.34848022460938,71.58910369873047,67.5425796508789,68.02940368652344,63.158531188964844,61.84658432006836,59.09314727783203,57.384666442871094,54.230987548828125,52.0,51.4781494140625,50.56678771972656,47.85394287109375,46.51881408691406,45.617977142333984,42.05948257446289,42.54409408569336,39.824615478515625,39.4461669921875,38.587562561035156,37.2155876159668,37.2155876159668,34.98571014404297,35.510562896728516,33.61547088623047,34.13209533691406,31.064449310302734,30.528675079345703,30.528675079345703,28.301942825317383,27.73084831237793,26.832815170288086,26.832815170288086,24.166091918945312,23.25940704345703,21.931713104248047,20.615528106689453,20.248456954956055,18.973665237426758,19.313207626342773,16.76305389404297,16.492422103881836,15.524174690246582,14.317821502685547,12.369317054748535,12.165525436401367,11.180339813232422,10.049875259399414,9.05538558959961,9.0,7.0,7.0
0,-41.0,-96,12,31,74.5184555053711,71.84010314941406,69.52696990966797,68.01470184326172,64.44377136230469,62.36986541748047,59.54829788208008,57.384666442871094,56.7274169921875,53.90732955932617,52.40229034423828,48.91830062866211,47.6340217590332,45.45327377319336,45.45327377319336,44.40720748901367,43.011627197265625,40.0,39.66106414794922,38.27531814575195,37.44329071044922,36.8917350769043,34.66987228393555,34.98571014404297,34.13209533691406,34.13209533691406,31.064449310302734,31.064449310302734,31.064449310302734,28.844409942626953,26.62705421447754,27.20294189453125,26.4007568359375,24.20743751525879,23.430749893188477,22.022714614868164,21.260292053222656,19.79899024963379,18.384777069091797,17.69180679321289,16.278820037841797,15.55634880065918,14.21267032623291,13.45362377166748,12.806248664855957,11.401754379272461,11.661903381347656,9.433980941772461,9.433980941772461,7.6157732009887695,7.6157732009887695,7.280109882354736
0,-42.0,-96,13,26,73.0,68.88395690917969,69.52696990966797,64.66065216064453,64.03124237060547,59.81638717651367,57.80138397216797,56.40035629272461,54.20331954956055,52.63079071044922,50.447994232177734,49.67897033691406,47.50789260864258,43.931766510009766,42.52058410644531,43.84062194824219,40.31128692626953,40.31128692626953,37.48332977294922,36.769554138183594,36.769554138183594,35.38361358642578,35.38361358642578,34.058773040771484,33.970577239990234,31.890438079833984,30.4138126373291,30.4138126373291,28.319604873657227,29.0,26.870058059692383,26.870058059692383,25.495098114013672,24.083189010620117,22.671567916870117,22.022714614868164,20.615528106689453,18.439088821411133,19.416488647460938,16.6433162689209,16.6433162689209,15.264337539672852,14.422204971313477,13.416407585144043,11.180339813232422,10.770329475402832,10.440306663513184,9.848857879638672,8.246211051940918,7.280109882354736,7.280109882354736,7.280109882354736
0,-42.0,-96,13,27,74.84651184082031,71.30918884277344,70.38465881347656,68.3520278930664,65.55150604248047,62.3939094543457,59.80802536010742,57.584720611572266,57.00876998901367,54.230987548828125,53.3104133605957,51.078372955322266,49.24428939819336,47.423622131347656,44.777225494384766,44.72135925292969,41.59326934814453,41.146080017089844,39.824615478515625,38.470767974853516,38.470767974853516,36.715118408203125,35.84689712524414,35.510562896728516,34.98571014404297,34.13209533691406,31.38471031188965,31.38471031188965,30.01666259765625,28.65309715270996,28.17800521850586,26.832815170288086,26.4007568359375,25.079872131347656,23.76972770690918,22.847318649291992,22.472204208374023,20.248456954956055,19.313207626342773,18.973665237426758,16.76305389404297,16.492422103881836,14.560219764709473,13.152946472167969,13.152946472167969,11.045360565185547,10.049875259399414,10.049875259399414,10.0,8.0,8.0,7.0
0,-41.0,-96,12,31,76.11833190917969,71.02112579345703,71.19690704345703,69.72087097167969,67.74215698242188,63.50590515136719,60.530982971191406,59.53990173339844,57.55866622924805,54.58937454223633,53.46026611328125,51.62363815307617,49.648765563964844,48.66210174560547,45.7055778503418,44.72135925292969,42.7551155090332,41.773197174072266,41.231056213378906,41.0,38.832977294921875,38.07886505126953,36.878177642822266,35.902645111083984,35.902645111083984,34.928497314453125,32.75667953491211,32.557640075683594,30.805843353271484,29.42787742614746,29.27456283569336,29.154760360717773,27.073972702026367,26.07680892944336,25.01999282836914,24.0,22.0,22.0,20.0,19.0,18.0,16.031219482421875,16.124515533447266,14.142135620117188,13.152946472167969,12.165525436401367,11.401754379272461,11.180339813232422,9.486832618713379,8.246211051940918,8.5440034866333,8.062257766723633
0,-41.0,-96,13,26,73.24616241455078,69.12307739257812,69.37578582763672,66.94026947021484,64.76110076904297,61.61168670654297,59.66573715209961,57.48912811279297,54.5710563659668,53.851646423339844,52.39274597167969,49.47726821899414,49.47726821899414,46.840152740478516,44.92215347290039,44.59820556640625,41.43669891357422,40.16217041015625,39.560081481933594,38.62641525268555,38.62641525268555,35.84689712524414,35.46829605102539,35.84689712524414,33.61547088623047,33.241539001464844,31.38471031188965,30.463092803955078,30.463092803955078,29.154760360717773,27.85677719116211,27.513633728027344,25.298221588134766,25.0,23.76972770690918,22.56102752685547,21.587032318115234,20.39607810974121,19.235383987426758,18.248287200927734,17.11724281311035,16.124515533447266,15.132745742797852,14.03566837310791,13.0,12.0,11.0,10.0,10.0,9.0,8.062257766723633,7.071067810058594
0,-41.0,-96,13,26,72.3394775390625,71.44927978515625,69.35416412353516,67.60177612304688,65.6201171875,61.66035842895508,60.67124557495117,57.706153869628906,55.90169906616211,53.46026611328125,52.345008850097656,50.2493782043457,48.166378021240234,47.16990661621094,46.173583984375,44.18144226074219,43.104522705078125,41.1096076965332,41.01219177246094,39.051246643066406,38.05259704589844,38.05259704589844,35.0142822265625,35.0,36.0,34.01470184326172,33.0,31.016124725341797,31.064449310302734,29.068883895874023,29.068883895874023,27.166154861450195,26.305892944335938,24.331050872802734,24.331050872802734,22.360679626464844,21.3775577545166,20.39607810974121,19.646883010864258,18.681541442871094,16.492422103881836,15.81138801574707,14.866068840026855,13.928388595581055,13.0,12.529964447021484,12.083045959472656,10.29563045501709,10.29563045501709,8.9442720413208,8.062257766723633,7.211102485656738
0,-41.0,-96,13,27,75.74298858642578,74.41101837158203,71.50524139404297,69.52696990966797,66.70832061767578,64.66065216064453,61.717098236083984,59.54829788208008,56.7274169921875,54.5618896484375,53.15073013305664,51.6623649597168,50.2493782043457,48.79549026489258,47.381431579589844,45.96738052368164,44.59820556640625,42.44997024536133,41.86884307861328,40.45985794067383,38.94868469238281,37.64305877685547,37.53664779663086,36.2353401184082,36.2353401184082,34.71310806274414,34.058773040771484,32.649654388427734,31.890438079833984,30.610456466674805,30.4138126373291,28.319604873657227,27.58622932434082,25.45584487915039,25.45584487915039,23.34523582458496,23.34523582458496,20.615528106689453,20.615528106689453,18.601076126098633,17.20465087890625,16.401220321655273,15.81138801574707,14.422204971313477,13.601470947265625,11.661903381347656,11.180339813232422,11.180339813232422,9.433980941772461,8.9442720413208,8.9442720413208,8.246211051940918
0,-41.0,-96,12,30,72.4706802368164,70.29224395751953,68.88395690917969,65.94694519042969,63.78087615966797,61.61980056762695,59.66573715209961,56.7274169921875,55.31726837158203,53.90732955932617,51.855567932128906,49.81967544555664,48.41487503051758,47.20169448852539,45.0,43.8292121887207,42.43819046020508,41.617305755615234,39.96248245239258,39.11521530151367,39.11521530151367,37.735923767089844,36.359317779541016,36.2353401184082,34.98571014404297,33.61547088623047,31.38471031188965,32.24903106689453,30.528675079345703,29.681644439697266,28.301942825317383,28.017850875854492,25.806976318359375,25.0,23.600847244262695,22.803508758544922,20.615528106689453,20.615528106689453,19.10497283935547,17.69180679321289,16.970561981201172,16.278820037841797,15.55634880065918,13.45362377166748,12.041594505310059,11.401754379272461,10.816654205322266,10.0,9.433980941772461,8.9442720413208,8.9442720413208,7.280109882354736
0,-41.0,-96,13,26,72.40165710449219,70.1783447265625,68.79679870605469,68.50547790527344,63.51377868652344,61.85466766357422,59.07622146606445,57.688819885253906,55.4707145690918,54.08327102661133,53.5350341796875,50.774009704589844,50.2493782043457,46.647613525390625,45.79301071166992,43.416587829589844,43.416587829589844,40.70626449584961,41.59326934814453,39.357337951660156,39.824615478515625,36.67424011230469,36.67424011230469,36.67424011230469,36.67424011230469,34.438350677490234,33.541019439697266,31.764760971069336,31.764760971069336,30.4138126373291,30.01666259765625,27.784887313842773,26.07680892944336,25.238859176635742,24.413110733032227,23.021728515625,22.022714614868164,20.615528106689453,18.439088821411133,18.439088821411133,16.970561981201172,16.278820037841797,14.866068840026855,13.45362377166748,12.727922439575195,12.041594505310059,10.630146026611328,11.401754379272461,8.602325439453125,8.9442720413208,8.062257766723633,6.324555397033691
0,-41.0,-96,13,26,73.0,70.83784484863281,68.11754608154297,67.94115447998047,64.44377136230469,61.55485534667969,59.41380310058594,56.58621597290039,55.17245864868164,53.81449508666992,52.40229034423828,49.67897033691406,49.67897033691406,47.6340217590332,46.22769546508789,45.607017517089844,43.600460052490234,41.400482177734375,41.617305755615234,40.0,39.20458984375,38.60051727294922,35.80502700805664,36.8917350769043,36.619667053222656,35.22782897949219,33.60059356689453,32.202484130859375,31.400636672973633,30.610456466674805,29.832868576049805,28.319604873657227,28.319604873657227,26.172504425048828,24.041629791259766,22.627416610717773,22.627416610717773,21.260292053222656,19.79899024963379,18.439088821411133,16.401220321655273,15.81138801574707,15.0,14.422204971313477,13.892443656921387,11.180339813232422,10.29563045501709,9.848857879638672,9.848857879638672,8.5440034866333,7.280109882354736,7.280109882354736
0,-41.0,-96,13,27,74.4311752319336,72.56031799316406,69.35416412353516,68.59300231933594,65.4904556274414,62.64982223510742,61.52235412597656,59.53990173339844,57.42821502685547,55.44366455078125,53.600372314453125,53.46026611328125,51.244510650634766,48.25971221923828,47.095645904541016,46.04345703125,44.04542922973633,42.04759216308594,42.0,42.0,40.0,39.0,38.0,38.0,37.0,36.0,34.0,33.0,32.015621185302734,32.015621185302734,29.068883895874023,29.068883895874023,27.073972702026367,26.172504425048828,25.179357528686523,24.331050872802734,23.76972770690918,21.587032318115234,19.646883010864258,18.681541442871094,17.72004508972168,16.76305389404297,15.81138801574707,14.866068840026855,13.928388595581055,13.0,11.180339813232422,11.180339813232422,10.29563045501709,8.602325439453125,7.8102498054504395,7.071067810058594
0,-41.0,-96,13,27,74.63243103027344,74.06078338623047,71.28113555908203,70.72481536865234,66.2872543334961,64.8999252319336,62.96824645996094,60.74536895751953,58.52349853515625,55.803226470947266,55.217750549316406,52.801513671875,52.009613037109375,49.67897033691406,48.41487503051758,46.097721099853516,45.343135833740234,43.185646057128906,43.185646057128906,41.03656768798828,39.623226165771484,40.31128692626953,38.18376541137695,38.20994567871094,37.48332977294922,36.769554138183594,35.38361358642578,33.941123962402344,34.65544509887695,31.827661514282227,31.14482307434082,29.73213768005371,29.20616340637207,26.4007568359375,26.4007568359375,25.0,23.600847244262695,22.203603744506836,21.63330841064453,19.72308349609375,18.357559204101562,18.357559204101562,16.124515533447266,14.764822959899902,13.928388595581055,13.0,11.704699516296387,11.401754379272461,10.198039054870605,9.219544410705566,8.246211051940918,8.062257766723633
0,-41.0,-96,14,24,80.3243408203125,76.843994140625,77.49193572998047,73.38937377929688,72.11102294921875,66.128662109375,65.78753662109375,64.25729370117188,62.62587356567383,60.406951904296875,58.8217658996582,55.36244201660156,55.081756591796875,53.16013717651367,50.96076965332031,50.447994232177734,47.29693603515625,47.29693603515625,45.89117431640625,45.12205505371094,44.14748001098633,42.95346450805664,41.773197174072266,41.43669891357422,41.773197174072266,38.832977294921875,37.85498809814453,36.878177642822266,35.902645111083984,35.902645111083984,32.98484420776367,33.241539001464844,30.675724029541016,28.792360305786133,28.792360305786133,27.85677719116211,26.0,24.166091918945312,23.25940704345703,20.615528106689453,20.124610900878906,19.235383987426758,19.72308349609375,17.20465087890625,15.81138801574707,14.21267032623291,12.806248664855957,12.041594505310059,11.313708305358887,10.630146026611328,9.219544410705566,8.602325439453125
0,-41.0,-96,13,28,76.02631378173828,73.0,74.00675964355469,71.0,69.0,65.0,64.0,60.0,59.0,57.0,56.0,54.037025451660156,52.038448333740234,50.03998565673828,49.04079818725586,48.25971221923828,46.27094268798828,45.17742919921875,43.28972244262695,41.30375289916992,41.19466018676758,41.30375289916992,40.31128692626953,38.470767974853516,37.48332977294922,37.336307525634766,36.34556198120117,35.35533905029297,33.241539001464844,34.13209533691406,32.06243896484375,31.064449310302734,29.017236709594727,29.0,28.0,27.0,24.0,23.021728515625,21.02379608154297,21.095022201538086,20.099750518798828,18.11077117919922,18.248287200927734,16.278820037841797,14.317821502685547,13.601470947265625,12.649110794067383,11.704699516296387,12.083045959472656,10.29563045501709,10.29563045501709,9.433980941772461
0,-41.0,-96,13,28,79.15807342529297,75.1065902709961,77.02597045898438,71.17584228515625,71.25306701660156,65.37583923339844,65.19202423095703,62.20128631591797,61.20457458496094,59.13543701171875,58.215118408203125,56.22277069091797,53.0848388671875,53.037723541259766,50.03998565673828,50.0,47.0,47.0,46.010868072509766,45.0111083984375,44.0,44.0113639831543,42.0,41.0,40.0,39.0,38.0,38.01315689086914,35.0,36.013885498046875,33.060550689697266,32.06243896484375,32.06243896484375,30.149627685546875,29.42787742614746,29.42787742614746,26.476404190063477,24.515300750732422,23.53720474243164,22.56102752685547,21.840330123901367,19.92485809326172,19.313207626342773,17.0880069732666,15.81138801574707,15.231546401977539,13.892443656921387,13.416407585144043,12.206555366516113,10.816654205322266,10.0,9.219544410705566
0,-41.0,-96,13,28,80.61017608642578,76.3675308227539,76.3675308227539,72.13875579833984,72.86288452148438,67.89698028564453,65.79513549804688,64.38167572021484,62.28964614868164,60.8276252746582,58.694122314453125,57.982757568359375,55.865909576416016,53.075416564941406,50.20956039428711,51.6623649597168,47.50789260864258,48.166378021240234,45.45327377319336,45.45327377319336,44.59820556640625,44.04542922973633,43.27817153930664,42.01190185546875,41.231056213378906,40.45985794067383,38.28837966918945,38.94868469238281,35.46829605102539,36.878177642822266,33.970577239990234,32.526912689208984,31.827661514282227,30.479501724243164,30.479501724243164,29.832868576049805,26.248809814453125,25.0,24.413110733032227,23.853721618652344,21.63330841064453,20.248456954956055,19.72308349609375,17.8885440826416,15.65247631072998,16.552946090698242,13.928388595581055,13.601470947265625,12.649110794067383,11.180339813232422,11.180339813232422,10.198039054870605
0,-42.0,-96,17,13,81.1541748046875,81.22191619873047,76.2364730834961,77.05841827392578,71.0633544921875,71.02816009521484,67.06713104248047,66.06814575195312,64.07027435302734,60.13318634033203,62.12889862060547,57.21887969970703,57.21887969970703,55.3263053894043,54.33230972290039,50.35871505737305,51.4781494140625,47.51841735839844,48.66210174560547,47.51841735839844,46.52956008911133,45.7055778503418,42.57933807373047,43.73785400390625,41.773197174072266,41.773197174072266,40.607879638671875,38.470767974853516,39.31920623779297,35.22782897949219,37.2155876159668,36.12478256225586,33.060550689697266,33.0151481628418,32.015621185302734,29.0,29.0,27.018512725830078,25.0,25.01999282836914,22.090721130371094,23.194826126098633,19.235383987426758,18.248287200927734,17.464248657226562,15.29705810546875,14.560219764709473,13.928388595581055,12.649110794067383,12.083045959472656,10.29563045501709,10.29563045501709
0,-41.0,-96,17,13,78.81623840332031,76.02631378173828,74.63243103027344,73.00685119628906,70.80254364013672,67.20118713378906,64.40496826171875,63.0079345703125,61.400325775146484,58.24946212768555,57.688819885253906,55.75840759277344,54.708316802978516,53.851646423339844,50.774009704589844,50.2493782043457,47.88528060913086,46.14108657836914,46.52956008911133,45.17742919921875,44.777225494384766,43.90899658203125,42.05948257446289,42.154476165771484,40.71854782104492,41.146080017089844,37.121421813964844,37.58989334106445,37.58989334106445,35.84689712524414,34.98571014404297,33.2866325378418,33.0151481628418,31.064449310302734,29.20616340637207,29.20616340637207,27.018512725830078,25.612497329711914,24.83948516845703,23.34523582458496,21.931713104248047,21.260292053222656,19.10497283935547,17.804492950439453,17.20465087890625,15.81138801574707,14.422204971313477,13.416407585144043,11.661903381347656,11.180339813232422,10.440306663513184,8.246211051940918
0,-42.0,-96,17,12,78.43468475341797,74.94664764404297,75.61084747314453,71.47027587890625,69.57010650634766,65.14598846435547,65.78753662109375,61.98386764526367,59.46427536010742,59.46427536010742,56.61272048950195,55.6596794128418,53.48831558227539,51.62363815307617,49.76947021484375,49.658836364746094,46.51881408691406,46.097721099853516,44.72135925292969,44.72135925292969,43.8292121887207,43.416587829589844,42.04759216308594,42.05948257446289,40.24922180175781,39.81205749511719,38.01315689086914,38.910152435302734,35.7770881652832,34.928497314453125,34.01470184326172,34.01470184326172,32.31098937988281,31.016124725341797,29.4108829498291,28.861740112304688,26.68332862854004,25.495098114013672,24.515300750732422,21.3775577545166,21.3775577545166,19.10497283935547,20.099750518798828,17.0,16.0,15.0,14.0,13.0,12.041594505310059,11.180339813232422,11.180339813232422,8.246211051940918
0,-42.0,-96,17,15,82.76472473144531,80.49844360351562,79.15807342529297,75.1531753540039,73.82411193847656,68.87670135498047,68.02940368652344,66.21178436279297,63.56099319458008,60.373836517333984,59.03388977050781,57.245086669921875,54.58937454223633,52.839378356933594,51.88448715209961,50.6063232421875,48.87739944458008,46.14108657836914,45.79301071166992,44.94440841674805,43.046485900878906,43.5660400390625,41.88078308105469,41.617305755615234,40.49691390991211,39.66106414794922,37.2155876159668,35.84689712524414,35.35533905029297,34.48188018798828,32.649654388427734,31.78049659729004,32.202484130859375,29.546573638916016,27.85677719116211,26.570659637451172,24.351591110229492,23.409399032592773,21.840330123901367,21.3775577545166,20.39607810974121,17.464248657226562,17.464248657226562,16.124515533447266,14.142135620117188,13.0,12.041594505310059,11.0,11.0,9.0,8.0,7.071067810058594
0,-43.0,-96,17,15,81.93289947509766,80.65357971191406,77.49193572998047,77.49193572998047,73.05477142333984,71.47027587890625,69.57010650634766,66.40782928466797,63.89052963256836,60.406951904296875,59.77457809448242,56.30275344848633,56.30275344848633,53.851646423339844,52.92447280883789,48.10405349731445,49.24428939819336,46.615447998046875,46.097721099853516,45.18849563598633,43.46262741088867,43.863426208496094,40.71854782104492,40.70626449584961,38.910152435302734,39.81205749511719,38.07886505126953,34.928497314453125,35.84689712524414,33.61547088623047,32.31098937988281,32.893768310546875,30.364452362060547,29.120439529418945,26.925823211669922,25.961509704589844,24.515300750732422,22.360679626464844,22.360679626464844,22.090721130371094,19.02629852294922,18.027755737304688,16.0,17.0,14.0,13.0,13.03840446472168,11.045360565185547,10.198039054870605,8.062257766723633,8.246211051940918,7.6157732009887695
0,-43.0,-96,17,15,83.6002426147461,79.4040298461914,79.2022705078125,76.02631378173828,73.00685119628906,70.45565795898438,68.00735473632812,66.61080932617188,63.0079345703125,61.61168670654297,59.64059066772461,56.40035629272461,55.60575485229492,54.20331954956055,52.009613037109375,50.447994232177734,47.50789260864258,46.75468063354492,46.69047164916992,45.27692413330078,43.185646057128906,43.13930892944336,41.1096076965332,42.44997024536133,41.1096076965332,38.20994567871094,38.20994567871094,36.79673767089844,34.058773040771484,34.058773040771484,33.42155075073242,32.015621185302734,30.805843353271484,29.4108829498291,26.925823211669922,25.553865432739258,25.05992889404297,24.59674835205078,21.931713104248047,20.615528106689453,18.384777069091797,18.027755737304688,17.72004508972168,15.524174690246582,14.317821502685547,13.152946472167969,12.041594505310059,10.049875259399414,10.049875259399414,8.0,8.0,7.071067810058594
0,-43.0,-96,17,16,88.54942321777344,84.9705810546875,84.07734680175781,80.95677947998047,78.29431915283203,73.82411193847656,71.69379425048828,69.7782211303711,67.23094177246094,64.40496826171875,61.741397857666016,61.269893646240234,58.5918083190918,59.05929183959961,56.35601043701172,52.77309799194336,51.0,49.648765563964844,48.87739944458008,48.3735466003418,46.14108657836914,47.50789260864258,42.54409408569336,43.5660400390625,42.72002029418945,40.8166618347168,40.31128692626953,39.824615478515625,36.67424011230469,35.7770881652832,34.01470184326172,33.61547088623047,33.241539001464844,30.675724029541016,29.4108829498291,28.460498809814453,25.70992088317871,24.515300750732422,23.34523582458496,22.203603744506836,21.02379608154297,19.10497283935547,17.029386520385742,16.0,15.0,15.033296585083008,11.180339813232422,11.0,10.049875259399414,9.219544410705566,7.280109882354736,7.6157732009887695
0,-43.0,-96,17,17,90.13877868652344,87.32124328613281,83.73768615722656,82.87943267822266,77.98717498779297,77.23341369628906,73.59347534179688,70.0927963256836,69.35416412353516,63.78087615966797,63.78087615966797,61.84658432006836,59.03388977050781,57.628116607666016,55.44366455078125,53.413482666015625,53.600372314453125,49.20365905761719,49.648765563964844,48.60041046142578,46.615447998046875,46.615447998046875,43.8292121887207,44.94440841674805,42.43819046020508,41.617305755615234,40.804412841796875,38.60051727294922,39.824615478515625,37.64305877685547,35.46829605102539,33.30165100097656,32.557640075683594,31.827661514282227,29.0,27.658634185791016,26.248809814453125,24.83948516845703,23.021728515625,22.472204208374023,21.095022201538086,19.72308349609375,17.0,16.124515533447266,14.317821502685547,13.0,12.649110794067383,11.180339813232422,9.219544410705566,8.062257766723633,6.082762718200684,6.082762718200684
0,-44.0,-96,17,17,87.28115844726562,84.77027893066406,83.16850280761719,80.36167907714844,76.24303436279297,73.76313781738281,72.53275299072266,67.72000885009766,66.48307800292969,62.64183807373047,61.032779693603516,58.8217658996582,57.87054443359375,54.424259185791016,53.141319274902344,50.32891845703125,48.84669876098633,47.92702865600586,47.01063537597656,46.097721099853516,44.384681701660156,43.46262741088867,42.54409408569336,42.48529052734375,41.62931823730469,40.24922180175781,39.39543151855469,37.6961555480957,35.46829605102539,34.539833068847656,32.893768310546875,31.95309066772461,31.320919036865234,29.832868576049805,27.892650604248047,25.70992088317871,24.73863410949707,23.34523582458496,22.203603744506836,20.099750518798828,19.02629852294922,18.0,17.029386520385742,14.0,13.0,12.041594505310059,11.045360565185547,11.0,8.062257766723633,7.280109882354736,6.082762718200684,4.123105525970459
0,-44.0,-96,17,18,89.4930191040039,87.28115844726562,84.43340301513672,84.15461730957031,77.49193572998047,74.67261505126953,71.51223754882812,69.28924560546875,67.06713104248047,65.78753662109375,62.297672271728516,60.728904724121094,59.4810905456543,54.4058837890625,54.4058837890625,51.6623649597168,51.195701599121094,49.24428939819336,47.07440948486328,46.87216567993164,45.7055778503418,44.72135925292969,41.773197174072266,41.59326934814453,41.59326934814453,39.623226165771484,39.623226165771484,35.693138122558594,36.67424011230469,34.71310806274414,32.98484420776367,32.98484420776367,31.048349380493164,29.120439529418945,28.460498809814453,27.20294189453125,25.298221588134766,24.351591110229492,21.931713104248047,19.697715759277344,17.8885440826416,17.8885440826416,17.0,15.264337539672852,13.601470947265625,12.041594505310059,10.630146026611328,9.433980941772461,9.219544410705566,5.830951690673828,5.656854152679443,5.0
0,-43.0,-96,17,16,85.02352905273438,84.0,82.0,79.05693817138672,75.05997467041016,74.1080322265625,69.02897644042969,68.02940368652344,65.03076171875,62.032249450683594,60.13318634033203,58.03447341918945,56.00892639160156,54.0,53.00943374633789,51.03919982910156,50.03998565673828,47.04253387451172,47.26520919799805,46.27094268798828,44.283180236816406,43.28972244262695,42.10700607299805,41.30375289916992,42.19004440307617,39.11521530151367,39.20458984375,37.2155876159668,37.05401611328125,35.05709457397461,34.0,31.016124725341797,31.0,29.0,30.01666259765625,26.172504425048828,25.317977905273438,24.515300750732422,22.56102752685547,21.587032318115234,20.615528106689453,17.72004508972168,16.76305389404297,15.81138801574707,13.601470947265625,13.0,12.083045959472656,10.29563045501709,9.848857879638672,8.062257766723633,6.7082037925720215,6.4031243324279785
0,-43.0,-96,18,11,77.89736938476562,75.07329559326172,73.0,71.50524139404297,67.89698028564453,65.0691909790039,62.96824645996094,59.46427536010742,58.051700592041016,55.226806640625,53.81449508666992,53.15073013305664,51.22499465942383,47.6340217590332,46.097721099853516,45.607017517089844,44.40720748901367,43.011627197265625,41.88078308105469,41.617305755615234,40.49691390991211,38.832977294921875,38.832977294921875,37.2155876159668,37.44329071044922,36.055511474609375,35.510562896728516,33.83784866333008,31.62277603149414,33.60059356689453,31.400636672973633,30.0,29.20616340637207,27.58622932434082,26.172504425048828,24.75883674621582,24.041629791259766,21.260292053222656,20.615528106689453,19.209373474121094,18.027755737304688,18.027755737304688,15.264337539672852,14.764822959899902,12.529964447021484,12.529964447021484,9.433980941772461,8.9442720413208,8.5440034866333,7.280109882354736,6.324555397033691,5.099019527435303
0,-43.0,-96,18,13,86.31338500976562,80.95059967041016,80.05622863769531,77.38862609863281,74.24958038330078,69.85699462890625,67.23094177246094,64.47480010986328,62.2414665222168,60.835845947265625,57.245086669921875,55.90169906616211,53.712196350097656,52.35456085205078,50.6063232421875,49.73931884765625,47.16990661621094,45.79301071166992,45.221675872802734,44.65422821044922,43.26661682128906,43.011627197265625,40.804412841796875,40.607879638671875,40.607879638671875,39.408119201660156,37.80211639404297,39.20458984375,36.619667053222656,35.22782897949219,33.0151481628418,34.13209533691406,31.38471031188965,30.01666259765625,27.73084831237793,28.17800521850586,27.73084831237793,25.079872131347656,23.25940704345703,21.540658950805664,20.248456954956055,18.973665237426758,18.027755737304688,16.76305389404297,15.524174690246582,14.317821502685547,13.152946472167969,12.369317054748535,11.401754379272461,9.219544410705566,9.05538558959961,8.0
0,-43.0,-96,17,16,84.77027893066406,84.11896514892578,80.95677947998047,79.71198272705078,74.67261505126953,72.44998168945312,69.28924560546875,66.128662109375,63.90618133544922,61.35144805908203,57.87054443359375,55.36244201660156,56.32051086425781,53.16013717651367,52.201534271240234,48.27007293701172,48.27007293701172,45.12205505371094,45.7055778503418,43.73785400390625,42.7551155090332,42.7551155090332,41.43669891357422,41.30375289916992,40.31128692626953,39.31920623779297,38.327537536621094,36.34556198120117,36.67424011230469,34.525352478027344,33.95585250854492,32.75667953491211,32.280025482177734,30.364452362060547,28.160255432128906,27.20294189453125,27.513633728027344,23.409399032592773,23.76972770690918,23.25940704345703,19.697715759277344,18.357559204101562,17.464248657226562,17.0,15.65247631072998,13.416407585144043,11.661903381347656,11.180339813232422,11.180339813232422,10.29563045501709,8.062257766723633,8.602325439453125
0,-43.0,-96,17,16,88.58893585205078,82.2982406616211,83.6480712890625,78.26238250732422,79.15807342529297,71.17584228515625,69.7782211303711,65.30696868896484,63.56099319458008,63.50590515136719,59.93329620361328,57.697486877441406,55.90169906616211,53.23532485961914,51.0,51.4781494140625,48.3735466003418,46.647613525390625,46.87216567993164,44.94440841674805,44.10215377807617,44.10215377807617,41.88078308105469,43.011627197265625,40.8166618347168,39.66106414794922,38.27531814575195,37.735923767089844,36.359317779541016,35.84689712524414,34.885528564453125,33.541019439697266,32.649654388427734,31.30495262145996,28.635643005371094,28.23118782043457,26.925823211669922,24.351591110229492,22.135944366455078,21.840330123901367,21.587032318115234,19.92485809326172,17.72004508972168,16.492422103881836,15.29705810546875,14.317821502685547,13.152946472167969,12.165525436401367,11.180339813232422,11.180339813232422,10.198039054870605,9.0
0,-43.0,-96,17,17,98.08159637451172,97.29337310791016,87.55569458007812,79.55501556396484,84.64632415771484,76.89603424072266,74.3303451538086,71.7844009399414,70.22820281982422,64.19501495361328,64.19501495361328,61.032779693603516,58.52349853515625,56.32051086425781,57.00876998901367,52.63079071044922,52.39274597167969,49.24428939819336,50.0099983215332,46.87216567993164,47.85394287109375,46.52956008911133,42.95346450805664,44.72135925292969,43.73785400390625,42.95346450805664,41.9761848449707,39.81205749511719,39.051246643066406,38.07886505126953,36.68787384033203,34.48188018798828,34.78505325317383,31.95309066772461,31.016124725341797,29.546573638916016,28.635643005371094,26.832815170288086,24.59674835205078,23.706539154052734,21.470911026000977,20.59126091003418,19.72308349609375,17.492855072021484,16.124515533447266,14.422204971313477,13.892443656921387,13.03840446472168,12.529964447021484,10.816654205322266,10.29563045501709,10.29563045501709
0,-44.0,-96,18,13,89.3756103515625,86.68333435058594,83.86894226074219,81.21575927734375,78.4091796875,72.00694274902344,70.43436431884766,67.62396240234375,66.84310150146484,63.411354064941406,62.00806427001953,58.898216247558594,56.7274169921875,54.5618896484375,52.40229034423828,53.037723541259766,50.20956039428711,48.79549026489258,46.75468063354492,46.75468063354492,44.59820556640625,44.68780517578125,43.185646057128906,42.63801193237305,42.52058410644531,41.86884307861328,41.231056213378906,38.28837966918945,37.53664779663086,37.53664779663086,35.35533905029297,34.65544509887695,33.241539001464844,31.827661514282227,31.14482307434082,30.479501724243164,27.658634185791016,26.248809814453125,24.20743751525879,22.803508758544922,21.63330841064453,20.0,20.0,17.20465087890625,15.0,15.0,14.422204971313477,13.03840446472168,12.806248664855957,10.816654205322266,10.630146026611328,10.0
0,-44.0,-96,18,14,91.4111557006836,90.42676544189453,85.15867614746094,82.73451232910156,79.5110092163086,75.42546081542969,73.43704986572266,69.35416412353516,68.35934448242188,63.3876953125,63.639610290527344,60.67124557495117,58.694122314453125,56.88584899902344,54.7448616027832,53.15073013305664,51.41984176635742,50.21951675415039,48.50773239135742,48.50773239135742,47.07440948486328,46.3249397277832,44.643028259277344,43.65776062011719,43.011627197265625,41.761226654052734,41.761226654052734,40.26164245605469,40.26164245605469,37.36308288574219,36.878177642822266,35.693138122558594,33.37664031982422,32.38827133178711,32.24903106689453,29.154760360717773,28.284271240234375,27.073972702026367,25.079872131347656,24.020824432373047,21.0,20.0,19.02629852294922,17.0,16.031219482421875,15.0,15.0,13.03840446472168,13.0,12.041594505310059,12.041594505310059,11.045360565185547
0,-44.0,-96,17,18,89.8109130859375,85.42832946777344,83.24061584472656,81.68843078613281,76.69419860839844,74.5184555053711,71.84010314941406,68.11754608154297,65.29930877685547,64.03124237060547,61.84658432006836,59.81638717651367,57.00876998901367,54.4058837890625,53.600372314453125,52.430908203125,49.92995071411133,47.16990661621094,48.87739944458008,46.647613525390625,46.647613525390625,46.14108657836914,44.41846466064453,44.29446792602539,43.046485900878906,41.18252182006836,41.18252182006836,40.49691390991211,39.96248245239258,37.2155876159668,36.619667053222656,35.22782897949219,34.20526123046875,32.202484130859375,30.0,29.20616340637207,28.319604873657227,26.90724754333496,24.083189010620117,21.931713104248047,21.931713104248047,20.51828384399414,19.79899024963379,17.69180679321289,15.620499610900879,14.142135620117188,12.806248664855957,12.727922439575195,12.041594505310059,11.401754379272461,10.0,10.0
0,-43.0,-96,17,15,78.29431915283203,74.24958038330078,72.44998168945312,69.77105712890625,68.42514038085938,63.1347770690918,61.29437255859375,60.41522979736328,57.706153869628906,55.4707145690918,54.58937454223633,51.88448715209961,49.648765563964844,48.30113983154297,45.617977142333984,45.694637298583984,43.46262741088867,43.46262741088867,42.72002029418945,41.43669891357422,39.924930572509766,39.217342376708984,38.27531814575195,38.27531814575195,36.400550842285156,36.400550842285156,35.46829605102539,34.1760139465332,32.893768310546875,33.61547088623047,30.870698928833008,29.546573638916016,29.96664810180664,28.17800521850586,26.419689178466797,25.553865432739258,24.698177337646484,21.095022201538086,20.808652877807617,19.416488647460938,18.027755737304688,15.81138801574707,15.264337539672852,14.422204971313477,13.892443656921387,11.661903381347656,11.661903381347656,10.29563045501709,10.770329475402832,8.9442720413208,8.9442720413208,8.9442720413208
0,-44.0,-96,17,16,78.23043060302734,74.4311752319336,73.06161499023438,69.83551788330078,67.11929321289062,64.0078125,61.773780822753906,60.41522979736328,57.706153869628906,54.20331954956055,52.839378356933594,50.6063232421875,48.87739944458008,47.16990661621094,45.79301071166992,45.486263275146484,43.26661682128906,42.43819046020508,41.400482177734375,39.408119201660156,38.60051727294922,38.01315689086914,37.80211639404297,37.013511657714844,35.80502700805664,35.80502700805664,33.42155075073242,32.202484130859375,31.62277603149414,31.62277603149414,28.844409942626953,30.01666259765625,28.301942825317383,26.07680892944336,25.553865432739258,25.05992889404297,23.25940704345703,22.360679626464844,20.124610900878906,18.788293838500977,17.0,16.552946090698242,16.552946090698242,14.764822959899902,13.892443656921387,12.529964447021484,12.206555366516113,11.661903381347656,11.661903381347656,11.661903381347656,11.180339813232422,11.661903381347656
0,-45.0,-96,18,15,87.29833984375,82.56512451171875,80.80841827392578,79.07591247558594,76.15773010253906,70.3420181274414,68.15423583984375,66.48307800292969,63.60031509399414,59.90826416015625,58.46366500854492,56.29387283325195,54.12947463989258,50.21951675415039,50.0099983215332,47.67599105834961,45.7055778503418,44.55333709716797,43.416587829589844,42.42640686035156,41.43669891357422,41.59326934814453,39.31920623779297,38.11823654174805,37.2155876159668,36.12478256225586,34.36568069458008,33.241539001464844,33.241539001464844,31.400636672973633,29.42787742614746,28.44292449951172,26.68332862854004,26.68332862854004,23.76972770690918,22.803508758544922,21.587032318115234,20.615528106689453,19.92485809326172,17.72004508972168,16.278820037841797,14.317821502685547,14.142135620117188,11.045360565185547,11.045360565185547,10.049875259399414,10.0,10.0,10.049875259399414,10.049875259399414,10.198039054870605,10.198039054870605
0,-46.0,-96,19,15,94.83142852783203,92.6498794555664,88.5268325805664,87.09190368652344,80.08120727539062,79.4040298461914,74.04052734375,71.16881561279297,68.00735473632812,64.56005096435547,63.324562072753906,61.13100814819336,57.723480224609375,56.51548385620117,53.36665725708008,51.195701599121094,51.195701599121094,48.05205535888672,46.69047164916992,45.7055778503418,45.54119110107422,43.416587829589844,41.773197174072266,41.30375289916992,39.458839416503906,39.623226165771484,36.878177642822266,36.67424011230469,34.71310806274414,32.015621185302734,30.805843353271484,28.861740112304688,27.513633728027344,26.570659637451172,25.63201141357422,22.847318649291992,20.615528106689453,17.464248657226562,17.0,16.124515533447266,13.416407585144043,11.180339813232422,9.433980941772461,8.062257766723633,8.062257766723633,6.324555397033691,4.123105525970459,4.4721360206604,3.605551242828369,4.242640495300293,4.242640495300293,5.830951690673828
0,-45.0,-96,19,14,101.0,96.0,95.00526428222656,89.005615234375,88.00568389892578,83.05419921875,80.02499389648438,76.02631378173828,73.02738952636719,71.0,68.02940368652344,67.0,63.03173828125,61.032779693603516,56.035701751708984,57.21887969970703,53.23532485961914,53.33854293823242,51.4781494140625,49.497474670410156,47.26520919799805,47.51841735839844,45.39823913574219,45.39823913574219,44.40720748901367,42.42640686035156,40.607879638671875,41.30375289916992,38.20994567871094,37.2155876159668,34.058773040771484,34.058773040771484,32.015621185302734,30.01666259765625,30.066593170166016,27.073972702026367,25.179357528686523,23.194826126098633,21.3775577545166,19.416488647460938,18.681541442871094,14.866068840026855,13.601470947265625,10.770329475402832,10.770329475402832,7.6157732009887695,7.211102485656738,5.0,1.4142135381698608,2.8284270763397217,1.4142135381698608,1.0
0,-44.0,-96,18,15,92.43917083740234,85.08818817138672,89.1852035522461,81.4923324584961,84.2199478149414,75.66372680664062,75.66372680664062,70.23532104492188,68.09552001953125,67.60177612304688,64.49806213378906,63.28506851196289,60.74536895751953,56.603885650634766,53.5350341796875,55.803226470947266,52.201534271240234,52.201534271240234,48.41487503051758,49.40647888183594,46.40043258666992,45.45327377319336,47.01063537597656,43.27817153930664,43.416587829589844,42.01190185546875,40.804412841796875,41.400482177734375,38.60051727294922,38.832977294921875,35.80502700805664,36.359317779541016,33.12099075317383,31.764760971069336,29.068883895874023,27.73084831237793,26.4007568359375,24.166091918945312,23.409399032592773,19.92485809326172,19.92485809326172,16.492422103881836,18.248287200927734,15.29705810546875,12.165525436401367,11.045360565185547,10.049875259399414,9.0,8.0,6.0,5.0,4.0
0,-43.0,-96,18,13,88.09085845947266,87.96590423583984,82.32861328125,80.91971588134766,77.33692169189453,73.66138458251953,70.72481536865234,68.7677230834961,66.60330200195312,64.66065216064453,59.66573715209961,59.81638717651367,59.203041076660156,56.40035629272461,55.0,53.600372314453125,51.03919982910156,48.82622146606445,49.09175109863281,47.434165954589844,46.04345703125,46.3249397277832,44.65422821044922,44.41846466064453,44.10215377807617,43.5660400390625,41.34005355834961,39.408119201660156,40.607879638671875,37.80211639404297,35.46829605102539,36.12478256225586,33.30165100097656,32.557640075683594,31.11269760131836,28.284271240234375,26.172504425048828,25.495098114013672,24.20743751525879,22.203603744506836,20.248456954956055,18.867961883544922,18.027755737304688,14.764822959899902,13.416407585144043,12.529964447021484,11.180339813232422,10.770329475402832,9.433980941772461,6.7082037925720215,6.324555397033691,5.385164737701416
0,-43.0,-96,17,17,87.96590423583984,84.50444030761719,82.32861328125,81.05553436279297,76.83749389648438,73.40980529785156,71.84010314941406,66.84310150146484,64.81512451171875,63.89052963256836,62.481998443603516,59.54829788208008,58.13776779174805,55.90169906616211,54.451812744140625,52.345008850097656,53.037723541259766,48.79549026489258,50.2493782043457,48.83646011352539,47.423622131347656,46.75468063354492,44.55333709716797,44.68780517578125,43.185646057128906,42.52058410644531,43.185646057128906,40.31128692626953,40.31128692626953,37.48332977294922,36.79673767089844,36.06937789916992,33.970577239990234,33.42155075073242,30.610456466674805,29.20616340637207,28.017850875854492,26.62705421447754,24.698177337646484,23.323806762695312,21.470911026000977,19.235383987426758,17.8885440826416,16.124515533447266,14.317821502685547,13.416407585144043,13.416407585144043,11.661903381347656,10.0,8.602325439453125,7.8102498054504395,7.211102485656738
0,-43.0,-96,17,16,83.4505844116211,79.90619659423828,77.78174591064453,74.2765121459961,73.55270385742188,67.94115447998047,66.52819061279297,63.70243453979492,60.87692642211914,58.694122314453125,58.694122314453125,55.17245864868164,53.75872039794922,52.345008850097656,49.51767349243164,49.57822036743164,46.75468063354492,46.75468063354492,44.04542922973633,44.68780517578125,42.63801193237305,42.01190185546875,41.231056213378906,41.400482177734375,39.824615478515625,39.824615478515625,37.80211639404297,38.28837966918945,35.46829605102539,35.46829605102539,33.241539001464844,33.970577239990234,31.11269760131836,30.4138126373291,29.73213768005371,27.658634185791016,26.248809814453125,25.612497329711914,24.20743751525879,22.203603744506836,20.808652877807617,18.027755737304688,18.027755737304688,16.6433162689209,15.0,13.892443656921387,12.806248664855957,12.206555366516113,11.401754379272461,10.816654205322266,10.0,10.0
0,-43.0,-96,17,14,73.87828063964844,70.93659210205078,69.42621612548828,67.20863342285156,62.96824645996094,61.55485534667969,58.694122314453125,55.17245864868164,53.037723541259766,50.990196228027344,50.990196228027344,48.27007293701172,46.86149978637695,44.821868896484375,43.416587829589844,42.63801193237305,40.607879638671875,38.41874694824219,37.80211639404297,37.202152252197266,36.619667053222656,36.055511474609375,34.4093017578125,34.98571014404297,33.83784866333008,33.83784866333008,33.0151481628418,30.805843353271484,30.0,29.832868576049805,28.600698471069336,27.80287742614746,26.248809814453125,24.83948516845703,24.75883674621582,23.34523582458496,21.21320343017578,20.51828384399414,19.84943389892578,17.69180679321289,16.278820037841797,14.866068840026855,14.866068840026855,13.45362377166748,11.401754379272461,10.630146026611328,9.899495124816895,9.219544410705566,8.602325439453125,9.219544410705566,8.602325439453125,7.8102498054504395
0,-43.0,-96,17,14,75.1664810180664,74.88658142089844,69.3397445678711,69.63475799560547,63.24555206298828,62.801273345947266,59.40538787841797,57.20139694213867,55.0,51.61395263671875,51.61395263671875,49.40647888183594,46.615447998046875,44.40720748901367,44.65422821044922,41.88078308105469,41.04875183105469,38.587562561035156,38.94868469238281,37.2155876159668,36.715118408203125,35.35533905029297,33.61547088623047,34.0,33.12099075317383,32.24903106689453,30.886890411376953,30.01666259765625,29.154760360717773,28.301942825317383,27.459060668945312,26.62705421447754,25.806976318359375,23.021728515625,22.803508758544922,20.0,19.84943389892578,18.601076126098633,17.029386520385742,16.278820037841797,14.866068840026855,13.45362377166748,12.806248664855957,12.206555366516113,11.401754379272461,10.0,8.062257766723633,8.5440034866333,8.5440034866333,8.5440034866333,9.486832618713379,9.486832618713379
0,-44.0,-96,17,15,74.72616577148438,71.84010314941406,70.88018035888672,67.67569732666016,65.45991516113281,60.74536895751953,58.52349853515625,56.30275344848633,54.424259185791016,53.141319274902344,49.648765563964844,47.12748718261719,46.48655700683594,44.92215347290039,42.05948257446289,41.761226654052734,40.26164245605469,39.293766021728516,38.07886505126953,37.10795211791992,35.902645111083984,34.928497314453125,34.928497314453125,33.734256744384766,32.75667953491211,32.015621185302734,31.048349380493164,31.048349380493164,28.160255432128906,28.160255432128906,27.20294189453125,25.63201141357422,24.351591110229492,23.76972770690918,22.472204208374023,20.615528106689453,19.697715759277344,18.788293838500977,16.552946090698242,15.65247631072998,14.866068840026855,13.601470947265625,13.601470947265625,11.401754379272461,11.180339813232422,9.05538558959961,10.049875259399414,11.0,11.0,11.0,12.0,11.0
0,-45.0,-96,18,12,73.68174743652344,72.56031799316406,68.35934448242188,67.18630981445312,61.20457458496094,59.07622146606445,56.035701751708984,54.08327102661133,53.037723541259766,49.09175109863281,47.16990661621094,46.173583984375,45.27692413330078,43.28972244262695,42.296573638916016,39.31920623779297,39.458839416503906,37.336307525634766,37.48332977294922,36.49657440185547,35.35533905029297,35.510562896728516,32.38827133178711,32.98484420776367,32.75667953491211,31.575305938720703,30.4138126373291,30.4138126373291,30.4138126373291,26.476404190063477,26.305892944335938,25.179357528686523,25.079872131347656,24.020824432373047,21.095022201538086,21.21320343017578,20.099750518798828,18.11077117919922,18.248287200927734,16.124515533447266,15.033296585083008,14.317821502685547,13.601470947265625,13.601470947265625,12.649110794067383,12.083045959472656,13.928388595581055,13.0,12.529964447021484,14.317821502685547,14.866068840026855,14.866068840026855
0,-45.0,-96,18,13,77.16217041015625,74.1080322265625,69.18092346191406,71.02816009521484,64.03124237060547,63.0,58.0,55.009090423583984,53.0,51.0,51.0,48.010414123535156,46.010868072509766,44.04542922973633,44.04542922973633,40.112342834472656,40.199501037597656,38.20994567871094,39.31920623779297,38.327537536621094,37.336307525634766,36.34556198120117,33.241539001464844,34.36568069458008,34.36568069458008,33.241539001464844,32.140316009521484,30.149627685546875,31.14482307434082,28.017850875854492,28.017850875854492,26.0,25.01999282836914,25.01999282836914,24.0,22.022714614868164,22.0,20.02498435974121,18.0,19.02629852294922,17.11724281311035,16.278820037841797,16.278820037841797,16.278820037841797,15.524174690246582,15.81138801574707,15.81138801574707,15.81138801574707,18.027755737304688,18.973665237426758,17.72004508972168,19.235383987426758
0,-45.0,-96,18,13,76.3675308227539,72.86288452148438,67.89698028564453,67.26811981201172,62.36986541748047,60.30754470825195,56.7274169921875,54.488529205322266,50.990196228027344,48.166378021240234,48.91830062866211,46.69047164916992,45.25483322143555,42.42640686035156,41.01219177246094,38.897300720214844,38.20994567871094,36.06937789916992,36.878177642822266,34.828147888183594,34.058773040771484,33.42155075073242,32.649654388427734,31.400636672973633,31.400636672973633,31.400636672973633,30.610456466674805,27.80287742614746,28.42534065246582,27.018512725830078,24.83948516845703,23.600847244262695,24.20743751525879,22.203603744506836,22.203603744506836,20.0,20.0,18.601076126098633,18.027755737304688,17.492855072021484,17.0,17.0,16.155494689941406,16.155494689941406,18.027755737304688,17.464248657226562,18.027755737304688,19.92485809326172,18.973665237426758,20.248456954956055,21.470911026000977,21.954498291015625
0,-46.0,-96,17,16,69.92138671875,65.0,62.817195892333984,59.43904495239258,58.46366500854492,53.93514633178711,51.97114562988281,49.030601501464844,47.67599105834961,42.95346450805664,43.17406463623047,39.293766021728516,38.327537536621094,37.36308288574219,35.44009017944336,35.44009017944336,32.572994232177734,32.572994232177734,30.08321762084961,29.73213768005371,28.792360305786133,27.85677719116211,28.23118782043457,27.312999725341797,26.0,27.312999725341797,25.495098114013672,24.166091918945312,23.25940704345703,23.25940704345703,22.360679626464844,21.470911026000977,21.470911026000977,19.235383987426758,18.867961883544922,18.027755737304688,18.027755737304688,18.027755737304688,18.027755737304688,17.20465087890625,17.804492950439453,17.20465087890625,17.029386520385742,17.804492950439453,19.84943389892578,19.10497283935547,19.84943389892578,19.84943389892578,21.40093421936035,22.203603744506836,23.853721618652344,23.25940704345703
0,-46.0,-96,17,16,64.88451385498047,64.0078125,60.0333251953125,58.830265045166016,54.37830352783203,51.62363815307617,49.39635467529297,45.486263275146484,44.10215377807617,42.19004440307617,40.49691390991211,37.44329071044922,37.2155876159668,35.35533905029297,34.0,32.649654388427734,31.78049659729004,29.96664810180664,29.96664810180664,28.792360305786133,28.23118782043457,27.513633728027344,26.0,26.570659637451172,25.63201141357422,25.298221588134766,24.73863410949707,22.472204208374023,24.041629791259766,22.56102752685547,22.803508758544922,21.587032318115234,20.880613327026367,20.615528106689453,20.39607810974121,18.439088821411133,19.235383987426758,19.416488647460938,18.248287200927734,19.235383987426758,18.027755737304688,20.02498435974121,19.02629852294922,20.099750518798828,20.099750518798828,20.099750518798828,21.095022201538086,21.21320343017578,22.56102752685547,23.76972770690918,22.472204208374023,24.166091918945312
0,-45.0,-96,17,16,69.89277648925781,66.5732650756836,62.96824645996094,61.400325775146484,56.603885650634766,52.839378356933594,50.2493782043457,48.3735466003418,46.14108657836914,43.5660400390625,43.046485900878906,41.04875183105469,38.832977294921875,37.44329071044922,36.619667053222656,34.20526123046875,33.42155075073242,32.649654388427734,32.557640075683594,31.11269760131836,30.4138126373291,29.698484420776367,28.284271240234375,29.0,29.0,28.319604873657227,26.248809814453125,26.248809814453125,25.612497329711914,25.0,24.20743751525879,24.20743751525879,23.600847244262695,22.803508758544922,21.63330841064453,20.248456954956055,21.63330841064453,20.248456954956055,19.72308349609375,20.248456954956055,19.72308349609375,20.59126091003418,20.59126091003418,20.59126091003418,20.59126091003418,20.59126091003418,21.954498291015625,22.472204208374023,25.238859176635742,24.20743751525879,23.430749893188477,24.75883674621582
0,-45.0,-96,17,16,69.23149871826172,64.32728576660156,62.585941314697266,58.94064712524414,54.81787872314453,52.201534271240234,49.72926712036133,47.801673889160156,44.643028259277344,43.416587829589844,40.26164245605469,38.832977294921875,36.878177642822266,35.35533905029297,33.541019439697266,33.37664031982422,31.256999969482422,31.256999969482422,30.01666259765625,29.068883895874023,28.017850875854492,28.0,27.0,26.0,26.0,26.0,25.01999282836914,26.07680892944336,25.079872131347656,23.021728515625,23.194826126098633,23.34523582458496,23.34523582458496,22.203603744506836,21.21320343017578,22.203603744506836,22.203603744506836,21.21320343017578,21.3775577545166,21.3775577545166,21.587032318115234,21.21320343017578,21.3775577545166,21.21320343017578,21.3775577545166,22.203603744506836,23.194826126098633,24.083189010620117,25.01999282836914,25.0,26.019224166870117,25.317977905273438
0,-46.0,-96,18,13,73.02738952636719,68.0,66.00757598876953,64.0,60.0333251953125,56.00892639160156,53.0848388671875,51.03919982910156,48.0,45.0444221496582,43.011627197265625,41.0,38.0,38.0,35.0,35.05709457397461,32.140316009521484,31.14482307434082,30.4138126373291,29.27456283569336,28.284271240234375,26.476404190063477,26.476404190063477,25.70992088317871,24.73863410949707,25.0,23.409399032592773,23.76972770690918,21.540658950805664,22.360679626464844,21.470911026000977,21.470911026000977,21.470911026000977,20.59126091003418,22.472204208374023,22.472204208374023,22.472204208374023,22.472204208374023,22.472204208374023,21.63330841064453,22.472204208374023,22.472204208374023,23.853721618652344,24.1867733001709,23.323806762695312,24.698177337646484,25.942243576049805,27.73084831237793,26.925823211669922,27.513633728027344,28.160255432128906,29.614185333251953
0,-46.0,-96,18,14,72.11102294921875,68.79679870605469,66.5732650756836,63.631752014160156,61.400325775146484,57.30619430541992,54.120235443115234,50.11985778808594,46.52956008911133,45.17742919921875,42.94182205200195,41.18252182006836,39.824615478515625,36.715118408203125,35.84689712524414,32.4499626159668,31.064449310302734,29.4108829498291,30.0,28.600698471069336,27.018512725830078,26.4007568359375,24.83948516845703,24.75883674621582,23.34523582458496,22.627416610717773,23.430749893188477,22.022714614868164,20.615528106689453,20.0,20.248456954956055,20.248456954956055,19.416488647460938,19.72308349609375,19.235383987426758,19.697715759277344,19.697715759277344,18.788293838500977,19.697715759277344,20.615528106689453,20.248456954956055,20.248456954956055,22.472204208374023,22.472204208374023,22.472204208374023,24.166091918945312,24.59674835205078,24.166091918945312,25.553865432739258,27.20294189453125,26.4007568359375,26.870058059692383
0,-46.0,-96,18,13,73.0,67.0,67.0,63.0079345703125,62.032249450683594,56.080299377441406,54.147945404052734,51.15662384033203,48.25971221923828,46.097721099853516,43.104522705078125,41.1096076965332,39.051246643066406,38.01315689086914,35.0,33.0,32.015621185302734,32.015621185302734,29.068883895874023,28.07133674621582,26.172504425048828,26.476404190063477,24.331050872802734,23.53720474243164,22.360679626464844,20.39607810974121,19.92485809326172,20.248456954956055,19.313207626342773,20.615528106689453,18.788293838500977,18.788293838500977,18.357559204101562,17.492855072021484,17.20465087890625,18.439088821411133,17.69180679321289,17.69180679321289,18.439088821411133,17.69180679321289,19.209373474121094,18.439088821411133,20.51828384399414,19.10497283935547,20.51828384399414,21.931713104248047,22.022714614868164,24.083189010620117,23.600847244262695,24.698177337646484,25.05992889404297,26.832815170288086
0,-47.0,-96,18,15,78.64476776123047,72.03471374511719,73.24616241455078,67.18630981445312,66.48307800292969,59.203041076660156,58.24087905883789,54.81787872314453,51.244510650634766,48.50773239135742,46.57252502441406,45.35416030883789,43.17406463623047,40.79215621948242,36.13862228393555,36.49657440185547,34.2344856262207,33.241539001464844,32.015621185302734,31.14482307434082,29.017236709594727,28.017850875854492,27.0,25.0,25.0,23.0867919921875,22.360679626464844,21.3775577545166,20.615528106689453,20.880613327026367,18.973665237426758,19.92485809326172,19.313207626342773,19.697715759277344,19.235383987426758,19.416488647460938,20.248456954956055,20.248456954956055,19.209373474121094,19.209373474121094,22.022714614868164,22.022714614868164,22.022714614868164,23.430749893188477,24.20743751525879,23.600847244262695,26.62705421447754,26.07680892944336,27.459060668945312,28.17800521850586,28.17800521850586,29.154760360717773
0,-47.0,-96,19,12,76.967529296875,71.58910369873047,72.49827575683594,65.76473236083984,63.52952194213867,56.82429122924805,55.009090423583984,51.88448715209961,49.648765563964844,47.41307830810547,44.29446792602539,42.04759216308594,39.39543151855469,36.67424011230469,34.01470184326172,35.11410140991211,31.320919036865234,31.048349380493164,29.832868576049805,27.658634185791016,26.68332862854004,25.179357528686523,24.083189010620117,25.079872131347656,23.021728515625,21.0,21.21320343017578,21.21320343017578,19.416488647460938,19.416488647460938,19.646883010864258,19.313207626342773,19.697715759277344,19.697715759277344,19.72308349609375,21.470911026000977,21.954498291015625,21.954498291015625,22.472204208374023,22.472204208374023,25.238859176635742,25.238859176635742,26.419689178466797,25.553865432739258,27.784887313842773,27.294687271118164,29.96664810180664,29.546573638916016,31.320919036865234,31.048349380493164,32.557640075683594,31.14482307434082
0,-47.0,-96,18,14,75.23961639404297,70.57620239257812,70.00714111328125,65.55150604248047,61.46543884277344,57.567352294921875,53.75872039794922,51.244510650634766,48.703182220458984,44.94440841674805,42.72002029418945,40.853397369384766,39.0,37.161808013916016,34.928497314453125,33.12099075317383,30.01666259765625,27.784887313842773,28.301942825317383,26.62705421447754,25.238859176635742,24.20743751525879,21.40093421936035,21.931713104248047,21.931713104248047,19.209373474121094,18.027755737304688,17.0,17.464248657226562,18.027755737304688,18.027755737304688,16.76305389404297,18.439088821411133,18.248287200927734,19.10497283935547,19.0,20.0,21.0,21.0,22.0,24.0,23.0,25.0,24.0,25.0,27.073972702026367,27.166154861450195,28.284271240234375,29.614185333251953,30.08321762084961,30.08321762084961,30.870698928833008
0,-46.0,-96,18,14,74.5452880859375,70.45565795898438,68.4689712524414,64.77654266357422,61.98386764526367,57.070133209228516,54.58937454223633,51.788028717041016,48.83646011352539,45.54119110107422,44.40720748901367,40.4474983215332,39.458839416503906,37.121421813964844,34.058773040771484,33.0151481628418,32.0,29.017236709594727,29.0,26.019224166870117,26.019224166870117,24.083189010620117,23.0867919921875,22.360679626464844,22.360679626464844,20.2237491607666,17.0880069732666,17.464248657226562,17.0,15.264337539672852,15.0,15.55634880065918,15.55634880065918,14.866068840026855,16.401220321655273,15.264337539672852,17.492855072021484,17.492855072021484,18.357559204101562,18.357559204101562,20.59126091003418,20.124610900878906,20.59126091003418,21.470911026000977,22.472204208374023,23.323806762695312,24.698177337646484,25.806976318359375,27.018512725830078,26.90724754333496,28.319604873657227,27.20294189453125
0,-46.0,-96,18,13,73.55270385742188,71.4212875366211,67.17886352539062,65.0691909790039,60.20797348022461,57.384666442871094,55.226806640625,51.6623649597168,48.91830062866211,45.96738052368164,44.68780517578125,42.52058410644531,38.28837966918945,37.48332977294922,35.35533905029297,33.970577239990234,33.30165100097656,30.479501724243164,29.832868576049805,27.80287742614746,25.612497329711914,24.413110733032227,23.021728515625,22.472204208374023,21.095022201538086,21.63330841064453,17.8885440826416,18.027755737304688,15.81138801574707,15.81138801574707,15.29705810546875,14.03566837310791,13.0,14.0,12.0,13.152946472167969,15.29705810546875,13.601470947265625,15.524174690246582,16.155494689941406,16.155494689941406,17.0880069732666,18.027755737304688,18.973665237426758,19.92485809326172,19.92485809326172,20.880613327026367,23.0867919921875,23.53720474243164,24.1867733001709,25.01999282836914,25.0
0,-46.0,-96,18,13,77.27871704101562,72.99314880371094,71.02112579345703,66.48307800292969,64.49806213378906,59.304298400878906,58.4208869934082,55.3263053894043,51.35172653198242,49.162994384765625,46.097721099853516,44.283180236816406,41.19466018676758,39.20458984375,38.327537536621094,36.49657440185547,33.541019439697266,32.557640075683594,29.832868576049805,29.614185333251953,26.476404190063477,25.70992088317871,25.70992088317871,22.803508758544922,22.803508758544922,19.92485809326172,19.313207626342773,17.464248657226562,15.231546401977539,14.764822959899902,12.529964447021484,13.892443656921387,11.661903381347656,11.313708305358887,10.816654205322266,11.661903381347656,11.661903381347656,11.704699516296387,12.649110794067383,12.165525436401367,13.152946472167969,14.142135620117188,16.124515533447266,16.124515533447266,17.11724281311035,16.124515533447266,18.248287200927734,19.646883010864258,19.646883010864258,20.248456954956055,21.931713104248047,22.825424194335938
0,-46.0,-96,18,13,80.05622863769531,77.15568542480469,75.00666809082031,71.4212875366211,67.17886352539062,64.35060119628906,62.2414665222168,58.0,55.17245864868164,53.037723541259766,51.62363815307617,48.79549026489258,45.96738052368164,43.863426208496094,41.72529220581055,41.03656768798828,38.20994567871094,35.38361358642578,34.058773040771484,33.30165100097656,30.479501724243164,30.479501724243164,29.068883895874023,26.4007568359375,26.4007568359375,24.20743751525879,21.63330841064453,20.615528106689453,18.601076126098633,16.401220321655273,14.422204971313477,13.601470947265625,13.892443656921387,10.29563045501709,10.770329475402832,8.246211051940918,9.0,8.0,8.0,7.280109882354736,8.5440034866333,8.5440034866333,10.29563045501709,10.0,10.816654205322266,11.401754379272461,12.806248664855957,12.806248664855957,14.422204971313477,15.0,16.6433162689209,17.8885440826416
0,-46.0,-96,18,14,79.42921447753906,76.11833190917969,73.97972869873047,72.69112396240234,67.60177612304688,64.49806213378906,61.29437255859375,58.215118408203125,54.230987548828125,52.46903991699219,49.36598205566406,48.66210174560547,43.73785400390625,42.57933807373047,40.607879638671875,39.623226165771484,37.656341552734375,34.525352478027344,33.95585250854492,32.75667953491211,31.78049659729004,29.614185333251953,27.892650604248047,26.248809814453125,24.73863410949707,24.73863410949707,19.646883010864258,18.681541442871094,17.72004508972168,16.76305389404297,15.524174690246582,14.317821502685547,12.083045959472656,10.29563045501709,9.433980941772461,7.8102498054504395,8.062257766723633,8.062257766723633,8.5440034866333,8.246211051940918,8.062257766723633,8.0,10.0,10.0,11.0,11.0,14.0,14.0,15.0,16.0,16.0,18.0
0,-46.0,-96,18,14,81.54139709472656,76.967529296875,75.23961639404297,71.11258697509766,68.87670135498047,63.06346130371094,60.373836517333984,59.05929183959961,56.35601043701172,53.66563034057617,51.0,48.764739990234375,46.06517028808594,43.382022857666016,41.146080017089844,39.81205749511719,37.57658767700195,37.161808013916016,34.1760139465332,34.539833068847656,31.38471031188965,30.675724029541016,28.23118782043457,27.513633728027344,26.0,24.698177337646484,21.540658950805664,18.973665237426758,17.72004508972168,17.0880069732666,14.560219764709473,13.34166431427002,12.165525436401367,10.049875259399414,10.0,9.0,8.0,8.5440034866333,8.062257766723633,8.062257766723633,8.485280990600586,10.0,10.0,10.0,11.401754379272461,12.206555366516113,13.601470947265625,14.422204971313477,16.401220321655273,16.401220321655273,17.69180679321289,18.439088821411133
0,-46.0,-96,18,15,85.70880889892578,79.76214599609375,79.76214599609375,75.95393371582031,73.16419982910156,67.26811981201172,65.76473236083984,60.8276252746582,57.706153869628906,55.90169906616211,55.10898208618164,51.788028717041016,48.83646011352539,46.69047164916992,44.40720748901367,42.296573638916016,40.31128692626953,38.11823654174805,37.05401611328125,35.05709457397461,33.060550689697266,32.06243896484375,29.068883895874023,29.017236709594727,26.019224166870117,25.01999282836914,21.0,21.0,20.0,17.029386520385742,15.033296585083008,14.03566837310791,12.165525436401367,11.704699516296387,9.848857879638672,10.29563045501709,8.602325439453125,9.219544410705566,10.0,10.29563045501709,10.770329475402832,11.401754379272461,11.704699516296387,12.369317054748535,14.317821502685547,13.34166431427002,15.132745742797852,17.72004508972168,18.973665237426758,20.248456954956055,19.697715759277344,20.59126091003418
0,-46.0,-96,18,16,87.32124328613281,86.55634307861328,84.50444030761719,81.46778869628906,76.48529052734375,73.59347534179688,69.35416412353516,65.85590362548828,62.28964614868164,59.46427536010742,58.051700592041016,55.973209381103516,53.90732955932617,48.91830062866211,48.166378021240234,45.45327377319336,43.416587829589844,42.63801193237305,40.804412841796875,40.804412841796875,36.400550842285156,35.22782897949219,33.0151481628418,31.064449310302734,29.4108829498291,27.20294189453125,23.021728515625,22.203603744506836,21.470911026000977,18.357559204101562,17.8885440826416,17.0880069732666,15.81138801574707,13.152946472167969,12.041594505310059,13.0,12.0,11.045360565185547,11.180339813232422,11.704699516296387,12.529964447021484,12.529964447021484,13.892443656921387,15.264337539672852,14.422204971313477,15.81138801574707,17.20465087890625,17.20465087890625,19.72308349609375,21.095022201538086,20.808652877807617,22.360679626464844
0,-46.0,-96,19,10,80.04998779296875,70.25667572021484,74.21590423583984,66.91038513183594,65.92420196533203,65.19202423095703,58.4208869934082,57.21887969970703,53.33854293823242,51.4781494140625,49.648765563964844,47.67599105834961,45.7055778503418,43.931766510009766,40.79215621948242,40.26164245605469,37.85498809814453,36.878177642822266,35.1710090637207,34.20526123046875,32.98484420776367,32.280025482177734,30.08321762084961,28.460498809814453,26.248809814453125,25.298221588134766,24.351591110229492,21.540658950805664,19.313207626342773,17.0880069732666,15.65247631072998,16.124515533447266,13.03840446472168,11.661903381347656,10.0,10.630146026611328,9.433980941772461,9.433980941772461,8.5440034866333,9.219544410705566,9.219544410705566,10.0,11.0,10.0,12.0,13.0,14.0,15.0,16.0,16.0,16.0,17.029386520385742
0,-47.0,-96,18,15,84.11896514892578,81.12335968017578,76.05918884277344,76.66159057617188,69.1158447265625,68.79679870605469,64.66065216064453,61.587337493896484,59.36328887939453,54.708316802978516,51.97114562988281,50.6063232421875,48.764739990234375,45.650848388671875,45.17742919921875,41.146080017089844,41.146080017089844,38.910152435302734,37.161808013916016,35.84689712524414,32.31098937988281,32.69556427001953,30.463092803955078,31.016124725341797,27.312999725341797,27.312999725341797,23.76972770690918,22.472204208374023,21.540658950805664,18.027755737304688,17.464248657226562,15.29705810546875,12.649110794067383,11.180339813232422,11.045360565185547,10.0,9.0,8.246211051940918,9.219544410705566,8.9442720413208,9.219544410705566,8.485280990600586,9.219544410705566,9.433980941772461,10.816654205322266,12.529964447021484,13.03840446472168,14.422204971313477,13.892443656921387,16.6433162689209,17.804492950439453,16.970561981201172
0,-47.0,-96,18,16,83.00602722167969,79.6303939819336,77.66595458984375,74.3303451538086,68.26419067382812,66.8879623413086,62.96824645996094,59.16925048828125,57.45433044433594,53.0,53.0,50.477718353271484,47.70744323730469,44.10215377807617,41.88078308105469,40.224369049072266,39.408119201660156,35.80502700805664,35.608985900878906,33.60059356689453,32.015621185302734,30.610456466674805,28.42534065246582,27.018512725830078,24.83948516845703,24.83948516845703,21.931713104248047,19.84943389892578,18.384777069091797,17.69180679321289,14.866068840026855,12.806248664855957,13.601470947265625,11.661903381347656,10.816654205322266,10.440306663513184,10.198039054870605,9.0,9.0,10.0,10.0,10.049875259399414,10.198039054870605,12.369317054748535,12.649110794067383,13.928388595581055,14.866068840026855,14.866068840026855,15.524174690246582,16.492422103881836,17.464248657226562,18.11077117919922
0,-47.0,-96,18,15,78.64476776123047,71.58910369873047,73.75635528564453,67.18630981445312,67.18630981445312,58.24087905883789,57.723480224609375,54.81787872314453,51.6623649597168,51.92301940917969,46.840152740478516,44.92215347290039,43.680660247802734,40.52159881591797,37.36308288574219,37.48332977294922,33.541019439697266,34.71310806274414,30.4138126373291,30.4138126373291,29.42787742614746,28.284271240234375,26.305892944335938,23.34523582458496,22.203603744506836,21.3775577545166,18.0,17.0,15.0,14.0,12.0,11.045360565185547,11.180339813232422,9.219544410705566,8.9442720413208,10.29563045501709,7.8102498054504395,9.219544410705566,8.485280990600586,8.9442720413208,11.180339813232422,12.083045959472656,11.704699516296387,11.704699516296387,11.704699516296387,14.560219764709473,14.317821502685547,15.231546401977539,14.764822959899902,16.124515533447266,18.867961883544922,17.804492950439453
0,-46.0,-96,18,14,79.02531433105469,76.83749389648438,73.24616241455078,70.93659210205078,67.20863342285156,63.70243453979492,59.41380310058594,55.865909576416016,55.865909576416016,51.6623649597168,49.57822036743164,46.75468063354492,46.010868072509766,43.931766510009766,42.52058410644531,38.94868469238281,36.878177642822266,34.058773040771484,34.20526123046875,32.015621185302734,30.479501724243164,29.832868576049805,26.248809814453125,25.612497329711914,25.0,22.022714614868164,19.209373474121094,17.804492950439453,18.027755737304688,14.422204971313477,11.401754379272461,10.816654205322266,9.848857879638672,8.5440034866333,8.062257766723633,6.0,8.0,7.280109882354736,7.6157732009887695,9.433980941772461,9.219544410705566,10.0,10.630146026611328,11.313708305358887,11.313708305358887,12.041594505310059,14.21267032623291,15.620499610900879,15.620499610900879,16.401220321655273,18.601076126098633,18.357559204101562
0,-46.0,-96,18,14,81.39410400390625,80.60397338867188,74.73285675048828,74.95331573486328,67.91170501708984,67.18630981445312,63.06346130371094,60.16643524169922,58.94064712524414,55.54277801513672,53.600372314453125,51.41984176635742,50.21951675415039,47.29693603515625,46.097721099853516,42.7551155090332,41.9761848449707,38.832977294921875,38.832977294921875,36.67424011230469,34.71310806274414,33.95585250854492,32.557640075683594,31.400636672973633,29.614185333251953,27.459060668945312,25.495098114013672,22.56102752685547,21.3775577545166,19.02629852294922,18.11077117919922,16.031219482421875,16.0,14.0,12.0,12.041594505310059,11.180339813232422,10.440306663513184,9.848857879638672,9.433980941772461,10.0,11.313708305358887,11.313708305358887,12.041594505310059,12.806248664855957,12.041594505310059,14.422204971313477,15.0,15.620499610900879,17.029386520385742,18.439088821411133,19.10497283935547
0,-46.0,-96,18,14,83.05419921875,79.22752380371094,78.05767059326172,73.33484649658203,72.3394775390625,66.37017059326172,64.49806213378906,62.513999938964844,57.42821502685547,58.30952072143555,55.3263053894043,52.239830017089844,51.244510650634766,49.09175109863281,46.097721099853516,45.0444221496582,42.01190185546875,41.1096076965332,39.0,39.0128173828125,35.05709457397461,36.0,34.058773040771484,32.0,31.0,29.0,27.0,26.019224166870117,24.0,22.0,20.0,19.0,16.031219482421875,16.031219482421875,16.124515533447266,15.29705810546875,13.34166431427002,13.0,13.416407585144043,13.03840446472168,12.206555366516113,12.041594505310059,13.45362377166748,12.041594505310059,12.727922439575195,14.866068840026855,14.21267032623291,16.401220321655273,17.029386520385742,17.69180679321289,18.384777069091797,17.804492950439453
0,-46.0,-96,18,15,81.27114868164062,76.843994140625,76.843994140625,72.20111083984375,69.20259857177734,65.0,63.0079345703125,59.03388977050781,57.20139694213867,55.60575485229492,54.20331954956055,51.22499465942383,49.20365905761719,45.607017517089844,43.011627197265625,41.88078308105469,39.66106414794922,39.66106414794922,38.07886505126953,36.359317779541016,34.98571014404297,33.61547088623047,32.75667953491211,30.886890411376953,30.01666259765625,28.65309715270996,24.59674835205078,24.166091918945312,22.360679626464844,22.847318649291992,21.02379608154297,18.973665237426758,18.973665237426758,17.464248657226562,17.262676239013672,16.492422103881836,17.029386520385742,16.0,15.0,15.0,15.0,16.031219482421875,16.124515533447266,17.029386520385742,17.262676239013672,18.11077117919922,18.11077117919922,20.099750518798828,20.099750518798828,21.0,22.0,22.022714614868164
0,-46.0,-96,18,15,77.23341369628906,73.75635528564453,71.58910369873047,69.02897644042969,65.4369888305664,61.22091293334961,58.2580451965332,56.22277069091797,54.20331954956055,51.855567932128906,49.81967544555664,48.41487503051758,44.68780517578125,42.63801193237305,40.45985794067383,40.45985794067383,37.53664779663086,36.12478256225586,34.65544509887695,33.30165100097656,31.11269760131836,31.11269760131836,29.698484420776367,28.319604873657227,26.90724754333496,26.172504425048828,24.20743751525879,22.803508758544922,20.808652877807617,20.248456954956055,18.867961883544922,18.357559204101562,17.0,16.552946090698242,16.552946090698242,16.76305389404297,14.866068840026855,16.492422103881836,16.278820037841797,16.124515533447266,17.11724281311035,17.11724281311035,18.027755737304688,16.031219482421875,18.027755737304688,19.10497283935547,19.10497283935547,20.099750518798828,20.2237491607666,21.21320343017578,22.135944366455078,22.472204208374023
0,-45.0,-96,18,14,78.54934692382812,73.9256362915039,72.09021759033203,69.35416412353516,65.30696868896484,60.835845947265625,60.835845947265625,56.36488342285156,54.5618896484375,53.22593307495117,51.89412307739258,47.92702865600586,46.51881408691406,46.097721099853516,43.08131790161133,41.78516387939453,39.924930572509766,37.6961555480957,37.0,35.11410140991211,34.1760139465332,33.83784866333008,31.62277603149414,31.320919036865234,29.120439529418945,28.861740112304688,26.68332862854004,24.73863410949707,24.331050872802734,23.34523582458496,23.34523582458496,22.090721130371094,21.02379608154297,22.0,20.0,20.02498435974121,18.0,19.10497283935547,19.10497283935547,18.248287200927734,19.235383987426758,20.2237491607666,19.416488647460938,19.646883010864258,20.39607810974121,20.615528106689453,20.2237491607666,22.360679626464844,23.0867919921875,24.083189010620117,24.020824432373047,24.0
0,-46.0,-96,18,10,71.84706115722656,62.20128631591797,63.19810104370117,61.66035842895508,58.215118408203125,57.07889175415039,57.07889175415039,51.15662384033203,48.093658447265625,48.093658447265625,46.097721099853516,45.09988784790039,42.10700607299805,41.1096076965332,40.199501037597656,37.121421813964844,36.22154235839844,34.13209533691406,34.2344856262207,32.557640075683594,31.256999969482422,30.4138126373291,28.635643005371094,28.861740112304688,27.459060668945312,26.476404190063477,24.041629791259766,23.76972770690918,24.041629791259766,23.0867919921875,22.135944366455078,21.189620971679688,20.615528106689453,20.248456954956055,20.615528106689453,19.697715759277344,19.697715759277344,21.02379608154297,18.788293838500977,18.867961883544922,20.124610900878906,20.124610900878906,19.416488647460938,19.72308349609375,19.72308349609375,20.59126091003418,21.470911026000977,22.360679626464844,22.360679626464844,23.409399032592773,23.76972770690918,23.76972770690918
0,-46.0,-96,18,13,70.51950073242188,67.35725402832031,67.35725402832031,62.032249450683594,59.80802536010742,54.7813835144043,55.154327392578125,51.078372955322266,48.84669876098633,48.84669876098633,46.2385139465332,43.08131790161133,40.49691390991211,38.897300720214844,36.68787384033203,37.36308288574219,34.48188018798828,34.20526123046875,32.98484420776367,31.78049659729004,30.805843353271484,28.635643005371094,27.658634185791016,27.294687271118164,26.305892944335938,25.179357528686523,24.083189010620117,23.0,21.0,22.0,20.0,20.02498435974121,20.099750518798828,20.2237491607666,19.235383987426758,20.39607810974121,19.416488647460938,19.416488647460938,19.92485809326172,19.92485809326172,19.92485809326172,19.646883010864258,19.92485809326172,19.92485809326172,21.840330123901367,21.587032318115234,22.360679626464844,23.53720474243164,23.53720474243164,24.1867733001709,24.0,25.0
0,-46.0,-96,18,14,75.1797866821289,70.71067810058594,69.35416412353516,64.14047241210938,63.631752014160156,58.52349853515625,56.603885650634766,54.37830352783203,51.865211486816406,49.73931884765625,47.50789260864258,46.647613525390625,43.416587829589844,41.18252182006836,38.94868469238281,39.357337951660156,35.7770881652832,36.67424011230469,33.105892181396484,32.69556427001953,31.78049659729004,30.870698928833008,29.546573638916016,28.460498809814453,26.570659637451172,26.0,25.298221588134766,24.73863410949707,23.76972770690918,22.360679626464844,21.3775577545166,21.095022201538086,20.02498435974121,20.099750518798828,19.0,21.02379608154297,19.0,20.0,21.02379608154297,19.0,21.095022201538086,20.099750518798828,20.02498435974121,21.02379608154297,21.095022201538086,22.0,23.0,23.0,24.0,24.0,24.083189010620117,24.515300750732422
0,-46.0,-96,18,14,73.75635528564453,71.50524139404297,67.26811981201172,67.20863342285156,58.728187561035156,60.10823440551758,55.865909576416016,53.740116119384766,51.62363815307617,46.66904830932617,47.381431579589844,45.96738052368164,43.185646057128906,40.360870361328125,39.623226165771484,38.28837966918945,36.878177642822266,35.46829605102539,35.46829605102539,33.42155075073242,30.610456466674805,30.610456466674805,30.610456466674805,28.844409942626953,29.4108829498291,28.017850875854492,26.62705421447754,24.698177337646484,22.825424194335938,22.472204208374023,23.323806762695312,21.931713104248047,21.540658950805664,20.615528106689453,20.615528106689453,20.615528106689453,21.189620971679688,19.92485809326172,18.384777069091797,19.92485809326172,18.973665237426758,20.248456954956055,18.439088821411133,20.880613327026367,20.880613327026367,20.880613327026367,22.135944366455078,22.135944366455078,21.540658950805664,23.76972770690918,23.706539154052734,24.698177337646484
0,-46.0,-96,18,13,69.52696990966797,68.11754608154297,64.53681182861328,64.38167572021484,58.051700592041016,55.17245864868164,51.6623649597168,49.51767349243164,47.381431579589844,43.863426208496094,43.13930892944336,41.03656768798828,38.94868469238281,37.53664779663086,36.12478256225586,34.058773040771484,32.80244064331055,31.400636672973633,30.805843353271484,30.232433319091797,29.4108829498291,27.459060668945312,24.1867733001709,25.05992889404297,25.05992889404297,23.706539154052734,22.847318649291992,20.615528106689453,21.540658950805664,19.92485809326172,19.92485809326172,19.92485809326172,19.92485809326172,19.646883010864258,19.235383987426758,19.235383987426758,19.10497283935547,19.235383987426758,19.10497283935547,20.099750518798828,19.02629852294922,20.02498435974121,20.099750518798828,21.02379608154297,20.099750518798828,20.02498435974121,22.203603744506836,23.34523582458496,22.803508758544922,23.0867919921875,24.351591110229492,25.495098114013672
0,-46.0,-96,18,12,70.40596771240234,66.0984115600586,63.95310592651367,61.814239501953125,58.694122314453125,55.3263053894043,53.33854293823242,49.25444030761719,47.26520919799805,45.27692413330078,43.28972244262695,41.30375289916992,39.31920623779297,36.34556198120117,35.510562896728516,33.541019439697266,32.75667953491211,32.015621185302734,29.832868576049805,28.160255432128906,26.925823211669922,27.20294189453125,25.0,25.079872131347656,23.76972770690918,22.472204208374023,21.470911026000977,20.59126091003418,19.72308349609375,18.867961883544922,18.867961883544922,18.601076126098633,18.027755737304688,18.601076126098633,18.439088821411133,17.69180679321289,17.69180679321289,19.10497283935547,18.384777069091797,17.69180679321289,16.970561981201172,19.10497283935547,19.84943389892578,19.84943389892578,19.84943389892578,20.51828384399414,20.51828384399414,21.21320343017578,22.671567916870117,22.803508758544922,23.600847244262695,23.706539154052734
0,-46.0,-96,18,13,73.43704986572266,70.34912872314453,65.37583923339844,64.1248779296875,60.13318634033203,58.07753372192383,56.00892639160156,51.0,50.0,46.04345703125,45.0444221496582,43.011627197265625,40.04996871948242,38.11823654174805,37.121421813964844,35.22782897949219,33.37664031982422,32.38827133178711,31.575305938720703,30.4138126373291,28.284271240234375,27.658634185791016,25.70992088317871,25.70992088317871,25.70992088317871,25.70992088317871,22.135944366455078,21.540658950805664,20.615528106689453,21.02379608154297,20.124610900878906,19.235383987426758,20.59126091003418,19.235383987426758,18.867961883544922,18.601076126098633,19.209373474121094,18.601076126098633,19.209373474121094,19.209373474121094,18.439088821411133,17.69180679321289,18.439088821411133,19.10497283935547,19.209373474121094,20.0,21.40093421936035,21.63330841064453,20.808652877807617,21.63330841064453,22.472204208374023,24.166091918945312
0,-46.0,-96,18,13,72.44998168945312,69.89277648925781,67.35725402832031,63.89052963256836,60.728904724121094,58.24087905883789,55.081756591796875,51.92301940917969,50.447994232177734,45.880279541015625,45.607017517089844,43.32435989379883,40.16217041015625,38.27531814575195,37.0,36.055511474609375,34.1760139465332,32.31098937988281,29.96664810180664,28.635643005371094,29.546573638916016,27.73084831237793,27.294687271118164,26.07680892944336,25.553865432739258,24.413110733032227,23.600847244262695,22.472204208374023,21.40093421936035,22.022714614868164,19.84943389892578,20.615528106689453,19.79899024963379,18.439088821411133,19.10497283935547,19.84943389892578,18.439088821411133,18.439088821411133,19.209373474121094,18.439088821411133,18.601076126098633,19.416488647460938,18.601076126098633,20.0,20.0,19.209373474121094,20.0,20.615528106689453,20.615528106689453,21.40093421936035,22.671567916870117,22.803508758544922
0,-46.0,-96,17,16,68.35934448242188,65.6201171875,63.78871536254883,59.84145736694336,57.87054443359375,53.93514633178711,50.990196228027344,48.05205535888672,47.07440948486328,43.73785400390625,42.95346450805664,40.4474983215332,38.63935852050781,36.49657440185547,33.37664031982422,34.2344856262207,32.06243896484375,30.066593170166016,30.01666259765625,28.017850875854492,27.073972702026367,27.0,26.0,25.0,25.0,24.020824432373047,23.0867919921875,22.090721130371094,22.090721130371094,22.360679626464844,20.2237491607666,20.2237491607666,20.2237491607666,20.39607810974121,19.235383987426758,18.439088821411133,19.646883010864258,18.681541442871094,18.681541442871094,16.76305389404297,18.681541442871094,17.72004508972168,17.72004508972168,17.72004508972168,17.72004508972168,16.76305389404297,18.681541442871094,18.439088821411133,19.416488647460938,18.248287200927734,20.099750518798828,21.02379608154297
0,-46.0,-96,17,15,67.80117797851562,63.25345993041992,63.25345993041992,58.13776779174805,58.051700592041016,51.7397346496582,50.2493782043457,46.010868072509766,44.55333709716797,42.52058410644531,40.45985794067383,39.824615478515625,36.2353401184082,35.0,32.202484130859375,32.202484130859375,30.232433319091797,29.681644439697266,28.65309715270996,27.784887313842773,26.925823211669922,26.419689178466797,25.495098114013672,23.76972770690918,23.76972770690918,22.472204208374023,23.0867919921875,23.409399032592773,21.840330123901367,21.840330123901367,19.416488647460938,20.39607810974121,19.646883010864258,19.416488647460938,20.39607810974121,19.416488647460938,18.11077117919922,18.11077117919922,18.248287200927734,17.262676239013672,17.029386520385742,17.11724281311035,17.11724281311035,17.11724281311035,17.11724281311035,17.11724281311035,17.11724281311035,17.11724281311035,18.248287200927734,17.464248657226562,17.464248657226562,18.027755737304688
0,-45.0,-96,17,15,68.96376037597656,67.72000885009766,62.361846923828125,61.84658432006836,56.51548385620117,54.34151077270508,50.0099983215332,48.83646011352539,44.72135925292969,41.773197174072266,40.79215621948242,37.85498809814453,37.10795211791992,35.1710090637207,34.20526123046875,31.048349380493164,30.364452362060547,27.513633728027344,27.85677719116211,26.570659637451172,26.0,25.495098114013672,23.25940704345703,25.553865432739258,23.323806762695312,22.472204208374023,21.40093421936035,20.808652877807617,21.40093421936035,20.615528106689453,21.40093421936035,20.615528106689453,20.615528106689453,20.615528106689453,19.84943389892578,18.439088821411133,19.209373474121094,19.10497283935547,18.439088821411133,18.384777069091797,17.029386520385742,17.69180679321289,17.69180679321289,17.804492950439453,17.029386520385742,16.401220321655273,17.029386520385742,17.804492950439453,17.20465087890625,18.601076126098633,17.0,18.788293838500977
0,-46.0,-96,17,15,68.4105224609375,63.324562072753906,63.60031509399414,58.8217658996582,55.973209381103516,50.9215087890625,49.97999572753906,45.880279541015625,44.0113639831543,42.72002029418945,38.62641525268555,37.0,35.44009017944336,32.280025482177734,30.364452362060547,31.048349380493164,27.658634185791016,26.68332862854004,24.331050872802734,26.172504425048828,24.1867733001709,23.021728515625,22.090721130371094,22.0,21.0,20.0,20.02498435974121,20.2237491607666,19.235383987426758,19.416488647460938,19.235383987426758,19.235383987426758,18.439088821411133,18.248287200927734,18.439088821411133,18.681541442871094,18.439088821411133,18.439088821411133,17.464248657226562,17.464248657226562,17.464248657226562,17.464248657226562,18.439088821411133,17.262676239013672,17.464248657226562,17.262676239013672,17.262676239013672,17.262676239013672,18.11077117919922,18.0,17.0,18.0
0,-46.0,-96,18,13,71.17584228515625,69.07966613769531,65.0,61.6846809387207,58.18934631347656,54.708316802978516,53.45091247558594,48.383880615234375,46.840152740478516,42.72002029418945,41.43669891357422,39.560081481933594,36.055511474609375,34.1760139465332,33.241539001464844,30.463092803955078,28.635643005371094,26.832815170288086,25.942243576049805,24.1867733001709,23.323806762695312,22.472204208374023,21.40093421936035,20.615528106689453,19.10497283935547,19.10497283935547,19.84943389892578,17.804492950439453,19.416488647460938,19.416488647460938,17.492855072021484,18.357559204101562,17.8885440826416,17.8885440826416,18.788293838500977,18.384777069091797,18.788293838500977,17.464248657226562,18.384777069091797,17.464248657226562,18.384777069091797,18.788293838500977,18.973665237426758,18.788293838500977,19.697715759277344,17.8885440826416,18.357559204101562,19.416488647460938,19.235383987426758,19.416488647460938,20.808652877807617,21.40093421936035
0,-46.0,-96,18,14,85.44589233398438,83.00602722167969,80.21221923828125,76.216796875,73.24616241455078,67.35725402832031,63.89052963256836,60.95900344848633,57.48912811279297,53.81449508666992,51.7397346496582,47.50789260864258,46.097721099853516,43.27817153930664,41.231056213378906,37.80211639404297,35.80502700805664,31.62277603149414,31.906112670898438,30.528675079345703,28.301942825317383,27.294687271118164,23.706539154052734,23.76972770690918,22.472204208374023,21.189620971679688,18.439088821411133,18.11077117919922,17.029386520385742,17.0,16.0,16.0,16.031219482421875,16.031219482421875,16.278820037841797,16.278820037841797,16.76305389404297,16.492422103881836,16.155494689941406,16.552946090698242,17.8885440826416,17.464248657226562,17.464248657226562,17.8885440826416,17.8885440826416,17.0,17.8885440826416,18.788293838500977,19.697715759277344,19.697715759277344,19.92485809326172,19.92485809326172
0,-45.0,-96,19,9,81.21575927734375,78.08969116210938,76.94153594970703,72.44308471679688,70.34912872314453,65.27633666992188,63.19810104370117,58.13776779174805,57.07889175415039,55.145263671875,51.03919982910156,48.041648864746094,46.173583984375,42.19004440307617,41.1096076965332,38.11823654174805,36.22154235839844,34.13209533691406,32.38827133178711,31.256999969482422,29.614185333251953,28.44292449951172,25.495098114013672,25.70992088317871,23.76972770690918,22.803508758544922,19.92485809326172,19.313207626342773,17.464248657226562,16.552946090698242,17.0,14.764822959899902,15.81138801574707,14.422204971313477,12.806248664855957,12.806248664855957,12.041594505310059,13.45362377166748,12.206555366516113,11.401754379272461,12.206555366516113,12.206555366516113,12.529964447021484,12.529964447021484,12.529964447021484,12.529964447021484,13.416407585144043,12.083045959472656,13.416407585144043,13.416407585144043,14.317821502685547,13.892443656921387
0,-45.0,-96,19,13,107.07473754882812,103.00485229492188,102.04410552978516,98.0,94.0,87.02298736572266,84.00595092773438,80.0,77.05841827392578,73.00685119628906,69.18092346191406,68.06614685058594,65.03076171875,60.0333251953125,58.00862121582031,57.0,52.0,49.01020431518555,47.01063537597656,45.0444221496582,44.04542922973633,42.10700607299805,39.0128173828125,37.121421813964844,37.2155876159668,34.13209533691406,33.13608169555664,31.256999969482422,29.27456283569336,26.305892944335938,25.495098114013672,25.495098114013672,22.360679626464844,21.587032318115234,20.39607810974121,19.416488647460938,18.439088821411133,16.492422103881836,14.560219764709473,13.601470947265625,13.34166431427002,11.401754379272461,9.848857879638672,8.9442720413208,8.602325439453125,7.8102498054504395,8.485280990600586,6.4031243324279785,7.211102485656738,8.5440034866333,7.6157732009887695,8.5440034866333
0,-46.0,-96,19,15,110.7880859375,106.8503646850586,104.62313079833984,100.40418243408203,95.41488647460938,91.8368148803711,87.6584243774414,83.81526947021484,78.00640869140625,76.02631378173828,73.81734466552734,69.63475799560547,65.45991516113281,62.42595672607422,56.30275344848633,57.45433044433594,53.5350341796875,50.2493782043457,46.14108657836914,44.29446792602539,43.90899658203125,40.24922180175781,40.70626449584961,36.24913787841797,34.438350677490234,33.541019439697266,29.96664810180664,27.85677719116211,26.248809814453125,26.570659637451172,25.079872131347656,22.135944366455078,21.840330123901367,19.92485809326172,18.681541442871094,18.027755737304688,17.0880069732666,14.560219764709473,13.601470947265625,12.165525436401367,11.045360565185547,9.219544410705566,9.219544410705566,8.0,6.0,7.071067810058594,6.082762718200684,5.830951690673828,5.0,6.4031243324279785,5.656854152679443,7.211102485656738
0,-47.0,-96,20,10,105.19029998779297,101.212646484375,96.8968505859375,96.5660400390625,89.8888168334961,84.59905242919922,79.07591247558594,76.00657653808594,72.40165710449219,70.72481536865234,66.85057830810547,62.68173599243164,59.90826416015625,56.30275344848633,53.5350341796875,49.24428939819336,47.50789260864258,43.046485900878906,42.05948257446289,39.824615478515625,37.57658767700195,36.24913787841797,33.61547088623047,32.69556427001953,30.463092803955078,27.513633728027344,24.041629791259766,24.041629791259766,22.803508758544922,19.416488647460938,20.39607810974121,18.248287200927734,17.262676239013672,14.317821502685547,14.03566837310791,14.03566837310791,13.03840446472168,12.0,10.0,10.049875259399414,8.062257766723633,7.280109882354736,7.071067810058594,6.7082037925720215,5.830951690673828,5.0,5.0,5.099019527435303,6.324555397033691,8.062257766723633,8.246211051940918,9.05538558959961
0,-48.0,-96,20,10,97.94896697998047,93.471923828125,91.23595428466797,87.72685241699219,83.25863647460938,75.7693862915039,73.53910827636719,69.6419448852539,66.48307800292969,62.7694206237793,58.30952072143555,54.625999450683594,52.39274597167969,50.15974426269531,46.615447998046875,43.46262741088867,40.71854782104492,37.57658767700195,34.0,33.61547088623047,32.649654388427734,31.064449310302734,27.459060668945312,26.4007568359375,25.495098114013672,22.671567916870117,19.84943389892578,21.21320343017578,20.0,17.20465087890625,17.20465087890625,16.124515533447266,16.124515533447266,15.65247631072998,13.416407585144043,12.649110794067383,12.649110794067383,12.369317054748535,12.369317054748535,11.401754379272461,10.198039054870605,9.05538558959961,10.0,10.049875259399414,9.219544410705566,9.219544410705566,8.9442720413208,9.219544410705566,10.29563045501709,10.816654205322266,11.661903381347656,12.206555366516113
0,-47.0,-96,19,14,98.18350219726562,92.26592254638672,92.34716796875,86.70063781738281,83.86298370361328,75.95393371582031,75.13321685791016,69.87130737304688,66.91038513183594,63.639610290527344,60.530982971191406,57.55866622924805,54.451812744140625,52.239830017089844,47.381431579589844,46.27094268798828,43.185646057128906,42.10700607299805,39.0128173828125,38.0,35.0,35.12833786010742,34.058773040771484,32.24903106689453,31.256999969482422,30.5941162109375,28.635643005371094,28.635643005371094,27.892650604248047,24.73863410949707,25.0,24.351591110229492,23.76972770690918,24.041629791259766,21.840330123901367,22.803508758544922,19.646883010864258,18.681541442871094,18.027755737304688,16.76305389404297,16.76305389404297,15.81138801574707,14.560219764709473,12.649110794067383,12.649110794067383,10.770329475402832,11.180339813232422,10.816654205322266,10.0,10.630146026611328,9.899495124816895,9.219544410705566
0,-44.0,-96,18,13,87.80091094970703,84.50444030761719,81.83519744873047,79.5110092163086,75.92759704589844,72.24956512451172,69.42621612548828,65.85590362548828,63.78087615966797,60.30754470825195,58.898216247558594,56.22277069091797,53.26349639892578,51.22499465942383,48.41487503051758,46.615447998046875,44.65422821044922,42.43819046020508,40.8166618347168,39.4461669921875,38.07886505126953,37.2155876159668,36.715118408203125,35.34119415283203,34.01470184326172,34.0,30.463092803955078,30.463092803955078,29.546573638916016,28.635643005371094,27.312999725341797,27.312999725341797,27.312999725341797,26.0,23.706539154052734,23.706539154052734,21.470911026000977,21.470911026000977,19.235383987426758,17.492855072021484,17.492855072021484,15.264337539672852,15.81138801574707,13.892443656921387,11.661903381347656,10.816654205322266,10.0,9.219544410705566,8.062257766723633,6.4031243324279785,7.211102485656738,5.830951690673828
0,-43.0,-96,18,12,86.64871978759766,83.16850280761719,83.16850280761719,79.12016296386719,77.20103454589844,72.80110168457031,71.84010314941406,67.72000885009766,65.52098846435547,62.361846923828125,60.728904724121094,59.4810905456543,55.36244201660156,54.08327102661133,50.59644317626953,50.32891845703125,47.75981521606445,47.75981521606445,45.694637298583984,44.384681701660156,41.78516387939453,40.71854782104492,39.924930572509766,39.81205749511719,38.470767974853516,37.57658767700195,36.67424011230469,34.438350677490234,34.438350677490234,34.0,30.463092803955078,30.463092803955078,30.463092803955078,28.23118782043457,27.85677719116211,25.63201141357422,25.63201141357422,24.351591110229492,24.041629791259766,21.587032318115234,20.615528106689453,19.416488647460938,18.11077117919922,17.262676239013672,15.033296585083008,15.0,14.0,12.0,11.0,11.180339813232422,9.219544410705566,8.5440034866333
0,-43.0,-96,19,14,110.7880859375,108.5587387084961,106.8503646850586,106.0,100.16985321044922,97.6370849609375,93.19334411621094,89.8888168334961,87.09190368652344,84.90583038330078,81.6333236694336,79.75587463378906,78.77182006835938,74.79304504394531,73.06161499023438,70.71067810058594,67.5351791381836,63.95310592651367,64.40496826171875,62.60990524291992,60.373836517333984,60.835845947265625,57.775428771972656,57.00876998901367,55.54277801513672,54.7813835144043,52.92447280883789,51.89412307739258,49.658836364746094,47.92702865600586,48.754486083984375,46.06517028808594,45.650848388671875,43.90899658203125,43.046485900878906,40.8166618347168,39.96248245239258,38.832977294921875,35.80502700805664,35.80502700805664,34.058773040771484,31.827661514282227,32.526912689208984,30.479501724243164,29.20616340637207,27.20294189453125,26.925823211669922,26.832815170288086,26.0,24.041629791259766,23.76972770690918,20.099750518798828
0,-46.0,-96,21,14,135.5175323486328,140.03570556640625,140.94325256347656,138.0036163330078,130.78225708007812,126.84636688232422,124.39051055908203,119.50732421875,113.21660614013672,109.65856170654297,108.25894927978516,104.21611785888672,100.62306213378906,95.7131118774414,94.41397857666016,91.4166259765625,86.09297180175781,83.52843475341797,79.32212829589844,80.70935821533203,78.23043060302734,74.06078338623047,72.67048645019531,72.42237091064453,69.40460968017578,68.60028839111328,67.20118713378906,63.82006072998047,62.42595672607422,61.85466766357422,59.36328887939453,61.85466766357422,56.30275344848633,58.30952072143555,55.90169906616211,55.009090423583984,51.89412307739258,50.15974426269531,52.201534271240234,49.97999572753906,47.434165954589844,48.27007293701172,46.69047164916992,46.69047164916992,44.40720748901367,44.04542922973633,42.04759216308594,41.1096076965332,41.773197174072266,42.05948257446289,40.31128692626953,38.910152435302734
0,-50.0,-96,24,4,117.9237060546875,108.07867431640625,111.35977935791016,102.55242919921875,102.04410552978516,95.2732925415039,88.76936340332031,86.33075714111328,80.52949523925781,76.02631378173828,72.89718627929688,68.87670135498047,65.3681869506836,61.773780822753906,57.80138397216797,56.080299377441406,51.107730865478516,53.0,47.801673889160156,47.70744323730469,41.617305755615234,43.8292121887207,38.587562561035156,40.0,37.53664779663086,34.98571014404297,34.0,32.24903106689453,28.17800521850586,29.681644439697266,29.068883895874023,29.068883895874023,26.925823211669922,26.248809814453125,25.70992088317871,25.70992088317871,28.44292449951172,26.07680892944336,26.0,28.017850875854492,29.27456283569336,28.44292449951172,30.4138126373291,28.635643005371094,30.675724029541016,31.38471031188965,34.0,33.61547088623047,38.832977294921875,35.608985900878906,35.35533905029297,38.27531814575195
0,-49.0,-96,21,12,113.21660614013672,105.418212890625,105.47511291503906,99.03534698486328,95.52486419677734,86.27861785888672,83.48652648925781,79.98124694824219,75.69015502929688,73.87828063964844,68.01470184326172,65.6048812866211,64.40496826171875,59.203041076660156,56.61272048950195,53.600372314453125,50.477718353271484,45.27692413330078,46.14108657836914,45.650848388671875,41.18252182006836,39.4461669921875,37.161808013916016,36.67424011230469,35.34119415283203,32.649654388427734,29.068883895874023,28.23118782043457,29.068883895874023,24.59674835205078,26.419689178466797,23.853721618652344,23.600847244262695,20.615528106689453,18.384777069091797,18.384777069091797,15.81138801574707,15.264337539672852,13.03840446472168,13.601470947265625,13.152946472167969,14.03566837310791,14.317821502685547,13.928388595581055,16.124515533447266,12.806248664855957,17.20465087890625,16.6433162689209,16.552946090698242,17.464248657226562,22.203603744506836,22.0
0,-48.0,-96,21,11,111.50785064697266,107.91200256347656,103.83159637451172,98.48857879638672,92.66067504882812,88.1929702758789,84.2199478149414,79.25907135009766,78.892333984375,73.57308959960938,70.8307876586914,66.5732650756836,62.42595672607422,58.00862121582031,56.61272048950195,54.81787872314453,53.413482666015625,50.447994232177734,47.50789260864258,45.343135833740234,43.27817153930664,41.773197174072266,38.20994567871094,38.897300720214844,36.769554138183594,36.769554138183594,35.38361358642578,31.890438079833984,28.319604873657227,28.319604873657227,29.20616340637207,24.698177337646484,27.459060668945312,23.706539154052734,22.847318649291992,21.931713104248047,19.646883010864258,19.235383987426758,18.11077117919922,19.02629852294922,19.02629852294922,17.464248657226562,17.72004508972168,17.8885440826416,18.601076126098633,18.384777069091797,18.601076126098633,21.095022201538086,21.02379608154297,21.540658950805664,20.2237491607666,24.020824432373047
0,-50.0,-96,21,13,116.6190414428711,105.3043212890625,106.56922912597656,100.7174301147461,97.41663360595703,88.36288452148438,86.09297180175781,80.09993743896484,75.1065902709961,73.02738952636719,67.06713104248047,64.0078125,62.00806427001953,56.00892639160156,55.009090423583984,51.35172653198242,47.381431579589844,45.39823913574219,42.19004440307617,40.4474983215332,39.11521530151367,37.48332977294922,35.510562896728516,33.734256744384766,31.256999969482422,28.635643005371094,25.70992088317871,25.179357528686523,24.020824432373047,22.022714614868164,20.0,19.02629852294922,19.02629852294922,17.464248657226562,18.439088821411133,15.65247631072998,15.0,15.55634880065918,16.278820037841797,16.124515533447266,15.65247631072998,16.552946090698242,18.439088821411133,18.0,19.02629852294922,20.099750518798828,24.331050872802734,23.76972770690918,27.312999725341797,27.312999725341797,27.459060668945312,29.20616340637207
0,-50.0,-96,20,15,98.2903823852539,102.90287017822266,90.13877868652344,96.2081069946289,80.72174072265625,75.66372680664062,68.680419921875,70.03570556640625,59.396968841552734,62.2414665222168,58.0,54.451812744140625,50.990196228027344,45.96738052368164,42.42640686035156,41.03656768798828,38.18376541137695,33.241539001464844,31.890438079833984,31.14482307434082,28.319604873657227,26.172504425048828,24.75883674621582,24.83948516845703,23.34523582458496,20.615528106689453,15.620499610900879,16.278820037841797,15.55634880065918,13.601470947265625,11.661903381347656,7.8102498054504395,12.041594505310059,6.082762718200684,4.4721360206604,4.4721360206604,3.0,2.2360680103302,0.0,2.8284270763397217,6.7082037925720215,5.830951690673828,9.486832618713379,10.0,12.083045959472656,12.083045959472656,15.81138801574707,15.81138801574707,18.439088821411133,20.02498435974121,23.0,24.020824432373047
0,-49.0,-96,19,16,90.24411010742188,84.01190185546875,83.36066436767578,78.91767883300781,75.80237579345703,68.73136138916016,67.36467742919922,63.3876953125,58.4208869934082,54.918121337890625,52.345008850097656,49.497474670410156,46.097721099853516,43.931766510009766,41.0,39.560081481933594,33.241539001464844,32.280025482177734,31.62277603149414,31.016124725341797,29.73213768005371,27.312999725341797,26.0,25.942243576049805,24.59674835205078,21.954498291015625,17.804492950439453,19.416488647460938,17.804492950439453,15.0,15.0,14.21267032623291,12.041594505310059,11.313708305358887,8.485280990600586,8.062257766723633,8.062257766723633,6.7082037925720215,7.280109882354736,7.0,5.099019527435303,5.385164737701416,8.062257766723633,7.8102498054504395,10.0,10.0,12.206555366516113,14.21267032623291,15.620499610900879,16.278820037841797,17.69180679321289,19.209373474121094
0,-49.0,-96,19,16,87.132080078125,84.31488800048828,77.66595458984375,77.10382843017578,69.40460968017578,69.02897644042969,64.03124237060547,60.4400520324707,55.803226470947266,51.400390625,49.81967544555664,47.6340217590332,45.221675872802734,43.26661682128906,39.11521530151367,37.44329071044922,36.055511474609375,31.764760971069336,32.202484130859375,29.546573638916016,28.635643005371094,26.925823211669922,24.59674835205078,26.248809814453125,24.041629791259766,23.76972770690918,22.135944366455078,20.39607810974121,19.646883010864258,16.76305389404297,20.2237491607666,16.278820037841797,16.278820037841797,14.142135620117188,13.03840446472168,12.041594505310059,11.0,11.0,10.049875259399414,9.219544410705566,8.062257766723633,8.246211051940918,7.211102485656738,7.8102498054504395,9.219544410705566,8.602325439453125,10.816654205322266,11.661903381347656,13.03840446472168,15.0,14.21267032623291,15.55634880065918
0,-49.0,-96,20,11,87.66413116455078,82.85529327392578,79.7057113647461,73.16419982910156,71.16881561279297,64.62197875976562,62.3939094543457,59.236812591552734,55.36244201660156,54.08327102661133,50.32891845703125,46.2385139465332,44.94440841674805,40.31128692626953,37.57658767700195,38.01315689086914,33.105892181396484,32.649654388427734,28.17800521850586,27.459060668945312,27.784887313842773,25.238859176635742,25.806976318359375,22.803508758544922,22.803508758544922,22.803508758544922,20.51828384399414,17.20465087890625,17.029386520385742,16.278820037841797,14.866068840026855,12.727922439575195,12.041594505310059,10.0,9.899495124816895,9.433980941772461,8.062257766723633,7.6157732009887695,6.324555397033691,6.0,6.082762718200684,5.385164737701416,8.062257766723633,7.8102498054504395,8.485280990600586,8.602325439453125,12.041594505310059,12.206555366516113,14.866068840026855,16.278820037841797,17.029386520385742,16.401220321655273
0,-50.0,-96,20,12,90.37699127197266,87.66413116455078,80.95059967041016,78.77182006835938,72.4706802368164,68.47627258300781,65.3681869506836,60.8276252746582,56.82429122924805,55.94640350341797,50.6063232421875,47.88528060913086,46.06517028808594,41.59326934814453,39.39543151855469,35.46829605102539,35.11410140991211,30.675724029541016,31.320919036865234,29.120439529418945,27.20294189453125,25.0,24.73863410949707,22.56102752685547,21.587032318115234,20.099750518798828,18.027755737304688,16.278820037841797,14.142135620117188,14.03566837310791,12.369317054748535,11.045360565185547,8.062257766723633,8.062257766723633,6.082762718200684,4.4721360206604,4.4721360206604,3.605551242828369,3.1622776985168457,3.1622776985168457,4.123105525970459,5.099019527435303,6.4031243324279785,8.602325439453125,10.0,10.816654205322266,13.892443656921387,13.416407585144043,13.892443656921387,16.552946090698242,19.92485809326172,21.3775577545166
0,-50.0,-96,21,8,94.14881896972656,88.29496002197266,83.54639434814453,82.46211242675781,77.1297607421875,69.85699462890625,67.46851348876953,63.78871536254883,60.41522979736328,56.51548385620117,52.17279052734375,50.0099983215332,46.87216567993164,42.57933807373047,40.4474983215332,38.327537536621094,37.2155876159668,32.140316009521484,30.01666259765625,31.0,28.017850875854492,27.018512725830078,26.019224166870117,23.0867919921875,23.021728515625,21.095022201538086,16.0,15.033296585083008,14.03566837310791,13.0,12.0,11.0,8.062257766723633,8.0,5.385164737701416,4.4721360206604,2.2360680103302,2.0,3.605551242828369,4.242640495300293,4.242640495300293,6.324555397033691,6.7082037925720215,8.062257766723633,9.05538558959961,12.041594505310059,12.041594505310059,14.0,18.027755737304688,19.235383987426758,20.615528106689453,21.540658950805664
0,-50.0,-96,21,10,104.0,97.00515747070312,93.00537872314453,88.00568389892578,83.02409362792969,76.05918884277344,75.05997467041016,69.00724792480469,67.02984619140625,61.00819778442383,59.03388977050781,57.00876998901367,53.00943374633789,49.04079818725586,47.095645904541016,42.19004440307617,40.112342834472656,38.20994567871094,35.693138122558594,34.71310806274414,30.4138126373291,30.805843353271484,29.27456283569336,25.495098114013672,24.73863410949707,24.73863410949707,20.39607810974121,18.027755737304688,17.72004508972168,15.29705810546875,16.124515533447266,13.152946472167969,11.045360565185547,8.062257766723633,8.062257766723633,5.385164737701416,4.4721360206604,3.605551242828369,3.1622776985168457,3.0,4.123105525970459,5.656854152679443,7.071067810058594,10.0,11.180339813232422,12.649110794067383,14.866068840026855,17.11724281311035,16.124515533447266,20.02498435974121,22.022714614868164,21.3775577545166
0,-49.0,-96,20,13,100.12492370605469,92.61749267578125,91.0494384765625,85.8021011352539,84.0238037109375,77.20103454589844,74.63243103027344,70.0,67.80117797851562,63.411354064941406,61.073726654052734,58.13776779174805,53.26349639892578,51.7397346496582,47.423622131347656,46.69047164916992,44.55333709716797,41.72529220581055,38.18376541137695,38.20994567871094,35.35533905029297,33.30165100097656,34.058773040771484,30.479501724243164,29.068883895874023,27.58622932434082,25.495098114013672,24.083189010620117,21.21320343017578,20.51828384399414,19.10497283935547,17.804492950439453,13.45362377166748,11.401754379272461,12.206555366516113,9.848857879638672,8.5440034866333,7.280109882354736,5.0,5.099019527435303,4.242640495300293,4.242640495300293,3.0,5.830951690673828,7.6157732009887695,8.062257766723633,9.219544410705566,12.727922439575195,12.206555366516113,15.264337539672852,16.552946090698242,17.72004508972168
0,-49.0,-96,20,12,92.19544219970703,90.13877868652344,85.14693450927734,83.09632873535156,77.05841827392578,75.05997467041016,69.18092346191406,66.12110137939453,63.12685775756836,59.13543701171875,58.13776779174805,55.3263053894043,51.4781494140625,48.3735466003418,46.389652252197266,42.7551155090332,41.9761848449707,37.85498809814453,36.878177642822266,36.878177642822266,32.98484420776367,31.048349380493164,30.364452362060547,29.4108829498291,26.925823211669922,26.248809814453125,24.041629791259766,21.840330123901367,21.840330123901367,18.681541442871094,18.439088821411133,16.124515533447266,15.033296585083008,14.0,11.0,10.0,9.219544410705566,9.219544410705566,7.211102485656738,5.830951690673828,5.656854152679443,6.324555397033691,7.280109882354736,6.082762718200684,6.7082037925720215,9.433980941772461,7.8102498054504395,10.0,11.401754379272461,13.03840446472168,13.928388595581055,17.0880069732666
0,-49.0,-96,20,12,96.02082824707031,94.02127075195312,87.61849212646484,87.45856475830078,80.0,74.20242309570312,70.43436431884766,66.21932983398438,63.411354064941406,59.64059066772461,56.30275344848633,55.226806640625,52.15361785888672,50.774009704589844,46.647613525390625,42.05948257446289,41.59326934814453,37.161808013916016,39.0,35.34119415283203,33.105892181396484,32.69556427001953,30.08321762084961,28.792360305786133,28.792360305786133,26.248809814453125,24.351591110229492,22.847318649291992,23.25940704345703,19.313207626342773,20.124610900878906,17.0,15.264337539672852,12.806248664855957,10.0,10.630146026611328,9.219544410705566,8.9442720413208,8.246211051940918,8.062257766723633,6.082762718200684,6.324555397033691,5.830951690673828,6.4031243324279785,8.5440034866333,9.219544410705566,10.198039054870605,12.041594505310059,13.0,14.03566837310791,16.492422103881836,18.973665237426758
0,-48.0,-96,20,12,99.74467468261719,89.44271850585938,89.0,84.07734680175781,79.17701721191406,75.1797866821289,70.66116333007812,68.42514038085938,64.8459701538086,63.50590515136719,57.697486877441406,54.120235443115234,51.89412307739258,49.658836364746094,47.423622131347656,44.59820556640625,41.1096076965332,41.761226654052734,38.60051727294922,37.10795211791992,33.52610778808594,33.95585250854492,32.015621185302734,31.78049659729004,29.832868576049805,28.861740112304688,25.495098114013672,24.73863410949707,24.73863410949707,24.041629791259766,22.472204208374023,21.540658950805664,19.313207626342773,18.357559204101562,14.764822959899902,15.0,14.142135620117188,13.45362377166748,11.661903381347656,11.180339813232422,8.5440034866333,9.219544410705566,10.0,10.049875259399414,8.5440034866333,9.433980941772461,9.899495124816895,12.041594505310059,11.661903381347656,12.083045959472656,14.317821502685547,15.033296585083008
0,-48.0,-96,20,12,100.31948852539062,95.85405731201172,90.47099304199219,85.79627227783203,81.70679473876953,78.18567657470703,74.46475982666016,70.00714111328125,67.779052734375,63.158531188964844,60.41522979736328,58.13776779174805,53.66563034057617,50.11985778808594,48.30113983154297,46.647613525390625,45.27692413330078,43.5660400390625,40.224369049072266,37.44329071044922,36.055511474609375,35.22782897949219,35.0,34.058773040771484,33.42155075073242,33.42155075073242,30.0,28.301942825317383,26.62705421447754,26.62705421447754,23.706539154052734,23.706539154052734,21.540658950805664,19.92485809326172,20.39607810974121,18.439088821411133,18.439088821411133,16.031219482421875,15.0,12.369317054748535,13.601470947265625,11.180339813232422,10.816654205322266,11.313708305358887,10.29563045501709,13.0,10.770329475402832,13.152946472167969,12.041594505310059,15.132745742797852,13.928388595581055,15.231546401977539
0,-48.0,-96,20,12,98.08159637451172,95.02104949951172,92.00543212890625,88.00568389892578,83.02409362792969,79.00633239746094,74.02702331542969,69.02897644042969,67.06713104248047,65.0691909790039,61.29437255859375,58.4208869934082,56.32051086425781,52.611785888671875,49.497474670410156,48.05205535888672,46.3249397277832,44.384681701660156,43.17406463623047,41.48493576049805,38.327537536621094,38.60051727294922,37.947330474853516,35.735137939453125,33.52610778808594,33.52610778808594,32.280025482177734,31.048349380493164,30.08321762084961,28.160255432128906,27.294687271118164,26.172504425048828,24.020824432373047,23.021728515625,21.02379608154297,21.02379608154297,19.235383987426758,16.492422103881836,15.231546401977539,15.65247631072998,12.806248664855957,14.142135620117188,13.45362377166748,12.529964447021484,12.083045959472656,12.369317054748535,13.152946472167969,13.0,13.152946472167969,13.928388595581055,14.764822959899902,15.620499610900879
0,-48.0,-96,21,11,112.28534698486328,107.11676025390625,105.3043212890625,99.12618255615234,94.13288116455078,90.04998779296875,84.148681640625,80.15609741210938,77.10382843017578,72.44308471679688,71.0633544921875,68.18357849121094,62.513999938964844,58.694122314453125,58.85575485229492,55.10898208618164,51.97114562988281,50.0099983215332,49.33558654785156,48.383880615234375,44.92215347290039,43.011627197265625,41.1096076965332,41.1096076965332,40.16217041015625,37.64305877685547,35.735137939453125,34.78505325317383,35.1710090637207,32.280025482177734,29.120439529418945,30.4138126373291,28.284271240234375,25.179357528686523,25.079872131347656,23.021728515625,21.21320343017578,19.10497283935547,17.262676239013672,17.72004508972168,16.76305389404297,17.0,13.45362377166748,14.21267032623291,11.661903381347656,11.661903381347656,13.34166431427002,12.165525436401367,12.369317054748535,11.704699516296387,13.0,13.601470947265625
0,-48.0,-96,21,10,114.28472900390625,108.22661590576172,104.00961303710938,98.0051040649414,94.86833190917969,91.60785675048828,84.81155395507812,80.43009185791016,78.00640869140625,74.88658142089844,71.84706115722656,66.8879623413086,63.812225341796875,60.90156173706055,57.80138397216797,56.35601043701172,53.23532485961914,50.990196228027344,50.15974426269531,47.423622131347656,44.283180236816406,45.31004333496094,44.72135925292969,41.1096076965332,40.853397369384766,40.49691390991211,38.01315689086914,35.7770881652832,35.34119415283203,34.0,32.24903106689453,31.064449310302734,28.844409942626953,28.600698471069336,28.284271240234375,26.870058059692383,24.83948516845703,22.022714614868164,23.021728515625,19.72308349609375,19.92485809326172,17.72004508972168,19.235383987426758,17.029386520385742,16.124515533447266,16.76305389404297,15.65247631072998,17.20465087890625,17.029386520385742,15.620499610900879,16.124515533447266,14.866068840026855
0,-47.0,-96,20,13,110.3177261352539,104.56098937988281,103.57605743408203,99.14131164550781,93.38094329833984,89.10667419433594,86.31338500976562,82.37718200683594,77.27871704101562,74.95331573486328,71.38627624511719,68.4105224609375,67.44627380371094,63.89052963256836,61.6846809387207,58.18934631347656,55.36244201660156,53.75872039794922,52.92447280883789,51.078372955322266,49.24428939819336,49.24428939819336,47.423622131347656,46.957427978515625,45.18849563598633,43.46262741088867,43.08131790161133,41.231056213378906,40.853397369384766,39.560081481933594,39.293766021728516,39.051246643066406,35.1710090637207,33.37664031982422,34.13209533691406,31.016124725341797,30.0,29.0,27.166154861450195,25.495098114013672,26.248809814453125,23.76972770690918,22.360679626464844,22.803508758544922,21.931713104248047,20.615528106689453,21.095022201538086,19.235383987426758,19.92485809326172,20.880613327026367,21.095022201538086,20.099750518798828
0,-46.0,-96,20,11,104.23531341552734,102.1077880859375,97.86725616455078,97.32420349121094,90.25519561767578,85.98837280273438,82.73451232910156,79.6303939819336,75.66372680664062,71.44927978515625,69.18092346191406,66.12110137939453,65.03076171875,62.032249450683594,60.008331298828125,56.035701751708984,55.145263671875,52.08646774291992,52.239830017089844,50.35871505737305,48.093658447265625,47.26520919799805,44.40720748901367,45.7055778503418,45.54119110107422,43.5660400390625,42.296573638916016,40.31128692626953,40.04996871948242,38.20994567871094,37.013511657714844,34.0,34.13209533691406,32.140316009521484,33.541019439697266,28.44292449951172,27.892650604248047,28.792360305786133,24.698177337646484,25.553865432739258,21.954498291015625,22.803508758544922,22.671567916870117,21.931713104248047,21.40093421936035,20.59126091003418,21.540658950805664,18.681541442871094,20.39607810974121,20.0,20.2237491607666,19.92485809326172
0,-46.0,-96,20,10,108.23123168945312,106.82696533203125,101.04454803466797,99.80982208251953,92.45539093017578,89.64373779296875,83.24061584472656,81.68843078613281,77.46611785888672,75.00666809082031,72.18032836914062,69.35416412353516,66.48307800292969,65.79513549804688,63.70243453979492,58.728187561035156,58.13776779174805,53.90732955932617,54.20331954956055,52.801513671875,52.201534271240234,50.80354309082031,46.615447998046875,48.54894256591797,46.87216567993164,46.04345703125,43.011627197265625,42.8018684387207,42.01190185546875,37.53664779663086,38.18376541137695,38.20994567871094,36.06937789916992,34.71310806274414,32.202484130859375,30.0,29.681644439697266,28.17800521850586,27.73084831237793,28.23118782043457,24.73863410949707,24.515300750732422,23.194826126098633,23.021728515625,23.021728515625,21.587032318115234,20.615528106689453,20.615528106689453,21.095022201538086,20.0,20.51828384399414,21.095022201538086
0,-45.0,-96,19,16,112.16059875488281,105.11898040771484,105.385009765625,102.17631530761719,96.13011932373047,87.20664978027344,87.20664978027344,82.15229797363281,79.30951690673828,77.41446685791016,74.3303451538086,70.45565795898438,66.61080932617188,64.93843078613281,61.0,61.392181396484375,56.51548385620117,58.24946212768555,54.120235443115234,53.16013717651367,51.54609680175781,49.33558654785156,49.33558654785156,47.434165954589844,47.434165954589844,44.92215347290039,44.643028259277344,43.011627197265625,40.804412841796875,41.9761848449707,38.832977294921875,37.85498809814453,37.336307525634766,34.13209533691406,34.01470184326172,32.015621185302734,31.064449310302734,30.4138126373291,28.44292449951172,26.925823211669922,27.513633728027344,25.495098114013672,26.419689178466797,24.413110733032227,24.083189010620117,24.20743751525879,23.600847244262695,21.470911026000977,21.540658950805664,22.803508758544922,22.360679626464844,22.022714614868164
0,-45.0,-96,20,11,113.54734802246094,106.25440979003906,104.35516357421875,98.35140991210938,96.4624252319336,89.8109130859375,86.33075714111328,84.11896514892578,81.90848541259766,77.6208724975586,75.69015502929688,71.0633544921875,68.44705963134766,63.95310592651367,61.814239501953125,61.814239501953125,58.54912567138672,55.44366455078125,53.15073013305664,52.08646774291992,52.15361785888672,50.03998565673828,48.093658447265625,48.010414123535156,47.01063537597656,45.0111083984375,44.04542922973633,42.10700607299805,42.04759216308594,40.199501037597656,39.458839416503906,38.470767974853516,37.85498809814453,35.1710090637207,34.48188018798828,34.1760139465332,31.78049659729004,31.30495262145996,30.528675079345703,27.20294189453125,29.832868576049805,26.870058059692383,28.319604873657227,25.806976318359375,26.925823211669922,26.4007568359375,25.298221588134766,24.515300750732422,27.166154861450195,26.019224166870117,25.317977905273438,24.515300750732422
0,-45.0,-96,19,17,114.52947235107422,108.30050659179688,105.58882141113281,103.353759765625,99.29753112792969,92.1791763305664,90.91754150390625,86.09297180175781,85.23497009277344,77.38862609863281,77.66595458984375,73.00685119628906,70.80254364013672,67.62396240234375,64.40496826171875,65.19202423095703,60.87692642211914,58.728187561035156,58.0,55.865909576416016,53.75872039794922,55.154327392578125,51.7397346496582,51.088157653808594,50.32891845703125,50.32891845703125,47.423622131347656,45.27692413330078,45.96738052368164,44.55333709716797,42.52058410644531,42.52058410644531,41.231056213378906,39.824615478515625,38.27531814575195,36.8917350769043,36.2353401184082,35.34119415283203,34.539833068847656,33.241539001464844,31.78049659729004,32.557640075683594,32.140316009521484,29.017236709594727,31.064449310302734,29.27456283569336,30.5941162109375,29.120439529418945,29.154760360717773,30.01666259765625,27.80287742614746,26.870058059692383
0,-45.0,-96,19,15,106.47064971923828,100.40418243408203,98.32598876953125,94.42987060546875,90.44888305664062,86.28441619873047,85.14693450927734,80.09993743896484,78.10249328613281,74.06078338623047,73.06161499023438,68.00735473632812,67.00746154785156,64.0078125,62.07253646850586,60.20797348022461,56.4358024597168,56.32051086425781,54.58937454223633,53.75872039794922,51.62363815307617,50.80354309082031,48.83646011352539,49.030601501464844,47.67599105834961,46.69047164916992,46.87216567993164,45.54119110107422,43.416587829589844,42.19004440307617,42.10700607299805,43.046485900878906,39.0,39.051246643066406,37.121421813964844,36.22154235839844,34.525352478027344,32.98484420776367,32.572994232177734,31.38471031188965,29.96664810180664,28.17800521850586,30.01666259765625,28.017850875854492,27.58622932434082,27.658634185791016,26.4007568359375,26.62705421447754,27.73084831237793,28.792360305786133,26.68332862854004,27.018512725830078
0,-44.0,-96,18,18,105.30906677246094,104.0,97.49871826171875,97.30878448486328,91.54779815673828,87.8464584350586,84.30895233154297,81.70679473876953,80.41144561767578,72.44998168945312,71.7844009399414,71.47027587890625,66.7607650756836,65.0,64.56005096435547,60.63827133178711,59.43904495239258,55.90169906616211,54.58937454223633,52.611785888671875,50.80354309082031,50.35871505737305,48.50773239135742,48.093658447265625,48.25971221923828,47.26520919799805,44.283180236816406,43.5660400390625,43.416587829589844,41.59326934814453,40.79215621948242,41.0,39.560081481933594,37.0,37.947330474853516,35.11410140991211,33.61547088623047,32.202484130859375,32.24903106689453,33.83784866333008,29.20616340637207,29.068883895874023,28.319604873657227,26.870058059692383,27.018512725830078,24.413110733032227,26.925823211669922,26.0,25.961509704589844,24.515300750732422,23.021728515625,23.021728515625
0,-44.0,-96,18,15,96.54014587402344,94.5938720703125,89.73851013183594,87.86353302001953,82.22530364990234,80.04998779296875,78.10249328613281,73.24616241455078,70.0927963256836,68.680419921875,67.05221557617188,63.24555206298828,62.297672271728516,58.52349853515625,57.584720611572266,55.154327392578125,52.801513671875,49.658836364746094,50.08992004394531,48.754486083984375,47.423622131347656,46.52956008911133,44.29446792602539,45.27692413330078,43.046485900878906,42.54409408569336,41.67733383178711,39.824615478515625,39.357337951660156,37.121421813964844,37.57658767700195,37.161808013916016,36.055511474609375,34.78505325317383,34.48188018798828,34.20526123046875,32.75667953491211,31.575305938720703,30.149627685546875,29.068883895874023,27.0,27.0,25.0,23.194826126098633,23.53720474243164,23.409399032592773,22.472204208374023,22.825424194335938,21.095022201538086,21.40093421936035,20.51828384399414,19.416488647460938
0,-43.0,-96,18,15,96.50906372070312,92.39588928222656,89.44271850585938,88.28363037109375,83.54639434814453,79.42921447753906,78.44743347167969,73.54590606689453,71.58910369873047,67.91170501708984,67.18630981445312,64.28841400146484,62.64183807373047,59.77457809448242,57.87054443359375,55.71355438232422,54.424259185791016,52.0,51.89412307739258,49.658836364746094,47.92702865600586,47.41307830810547,45.617977142333984,45.17742919921875,44.29446792602539,44.29446792602539,42.05948257446289,40.70626449584961,40.70626449584961,40.24922180175781,38.4837646484375,39.0,37.6961555480957,34.78505325317383,34.48188018798828,34.48188018798828,33.95585250854492,31.575305938720703,30.265491485595703,29.068883895874023,29.017236709594727,28.0,27.018512725830078,25.179357528686523,25.495098114013672,24.041629791259766,24.166091918945312,24.166091918945312,23.706539154052734,23.021728515625,21.931713104248047,21.63330841064453
0,-43.0,-96,17,18,94.57801055908203,88.86506652832031,88.0227279663086,84.75848388671875,81.93289947509766,76.843994140625,75.61084747314453,70.57620239257812,69.28924560546875,68.70953369140625,65.55150604248047,62.7694206237793,60.008331298828125,58.600341796875,55.90169906616211,55.009090423583984,51.0,50.11985778808594,48.54894256591797,48.02082824707031,46.647613525390625,46.3249397277832,44.94440841674805,43.8292121887207,43.26661682128906,42.43819046020508,41.617305755615234,41.617305755615234,39.11521530151367,39.11521530151367,37.2155876159668,37.2155876159668,35.7770881652832,35.7770881652832,34.928497314453125,34.1760139465332,32.572994232177734,31.048349380493164,30.805843353271484,28.44292449951172,29.27456283569336,27.073972702026367,28.0,26.019224166870117,25.179357528686523,24.515300750732422,23.76972770690918,23.409399032592773,22.360679626464844,22.472204208374023,23.430749893188477,21.21320343017578
0,-42.0,-96,17,17,92.43917083740234,87.3670425415039,87.46427917480469,83.38465118408203,81.3019027709961,74.3303451538086,73.33484649658203,72.24956512451172,69.35416412353516,66.61080932617188,64.62971496582031,62.64982223510742,60.8276252746582,58.051700592041016,56.08921432495117,54.34151077270508,52.39274597167969,50.447994232177734,47.434165954589844,47.12748718261719,46.840152740478516,47.12748718261719,45.221675872802734,42.72002029418945,41.78516387939453,42.05948257446289,40.49691390991211,39.84971618652344,38.897300720214844,37.36308288574219,36.400550842285156,35.1710090637207,34.928497314453125,34.71310806274414,34.36568069458008,33.241539001464844,32.015621185302734,31.0,30.0,28.017850875854492,28.160255432128906,26.305892944335938,25.70992088317871,23.76972770690918,24.041629791259766,22.847318649291992,21.470911026000977,22.472204208374023,20.615528106689453,21.21320343017578,20.615528106689453,21.470911026000977
0,-42.0,-96,17,16,87.0,83.4505844116211,82.75868225097656,79.90619659423828,77.10382843017578,72.86288452148438,70.76722717285156,67.20863342285156,65.11528015136719,63.03173828125,61.55485534667969,58.79625701904297,56.7274169921875,53.413482666015625,52.009613037109375,51.61395263671875,49.09175109863281,47.70744323730469,44.10215377807617,44.41846466064453,43.046485900878906,42.54409408569336,41.67733383178711,39.824615478515625,40.31128692626953,39.824615478515625,38.07886505126953,37.121421813964844,35.84689712524414,35.84689712524414,34.98571014404297,33.83784866333008,33.0151481628418,32.80244064331055,31.400636672973633,29.832868576049805,29.698484420776367,28.284271240234375,26.90724754333496,25.0,24.20743751525879,24.413110733032227,24.1867733001709,23.25940704345703,21.931713104248047,20.880613327026367,20.615528106689453,20.2237491607666,21.02379608154297,19.02629852294922,19.10497283935547,16.76305389404297
0,-42.0,-96,17,15,85.86617279052734,83.6779556274414,81.74349975585938,78.33900451660156,75.92759704589844,71.0633544921875,69.12307739257812,66.21932983398438,64.28841400146484,61.400325775146484,60.4400520324707,56.920997619628906,55.6596794128418,51.865211486816406,51.865211486816406,49.39635467529297,47.53945541381836,45.31004333496094,44.283180236816406,44.283180236816406,41.62931823730469,41.146080017089844,39.824615478515625,38.94868469238281,38.94868469238281,37.58989334106445,35.35533905029297,35.35533905029297,35.35533905029297,34.0,33.541019439697266,32.69556427001953,31.78049659729004,30.08321762084961,28.792360305786133,28.460498809814453,27.20294189453125,26.68332862854004,25.317977905273438,25.317977905273438,24.083189010620117,22.022714614868164,22.0,21.02379608154297,20.2237491607666,18.439088821411133,18.681541442871094,18.384777069091797,17.8885440826416,16.124515533447266,16.278820037841797,15.620499610900879
0,-42.0,-96,16,17,78.26238250732422,75.70997619628906,75.31268310546875,73.54590606689453,71.19690704345703,66.2872543334961,64.13267517089844,61.0,59.03388977050781,58.051700592041016,54.918121337890625,53.75872039794922,50.48762130737305,49.36598205566406,47.381431579589844,46.173583984375,44.10215377807617,43.104522705078125,42.04759216308594,40.01249694824219,39.0128173828125,38.0,37.013511657714844,37.0,36.0,34.0,33.0,33.0,32.0,31.0,30.01666259765625,30.066593170166016,29.154760360717773,27.166154861450195,27.166154861450195,26.476404190063477,24.515300750732422,24.041629791259766,22.803508758544922,21.189620971679688,21.02379608154297,20.124610900878906,20.59126091003418,18.027755737304688,17.20465087890625,16.401220321655273,17.69180679321289,15.620499610900879,16.401220321655273,14.764822959899902,14.560219764709473,13.34166431427002
0,-41.0,-96,13,27,77.92945861816406,74.81310272216797,74.67261505126953,70.85901641845703,69.87130737304688,64.13267517089844,62.801273345947266,60.67124557495117,59.6824951171875,57.706153869628906,53.75872039794922,53.600372314453125,51.4781494140625,49.25444030761719,48.25971221923828,46.097721099853516,44.10215377807617,43.046485900878906,42.0,40.0,39.0128173828125,40.0,38.01315689086914,38.0,37.0,35.0,35.0,34.0,33.0,32.015621185302734,31.016124725341797,31.064449310302734,29.154760360717773,29.154760360717773,27.459060668945312,27.459060668945312,24.515300750732422,23.76972770690918,23.0867919921875,22.472204208374023,21.540658950805664,20.615528106689453,18.867961883544922,18.867961883544922,18.027755737304688,16.401220321655273,16.278820037841797,14.866068840026855,14.422204971313477,12.529964447021484,12.083045959472656,12.165525436401367
0,-41.0,-96,17,11,78.77182006835938,77.10382843017578,72.94518280029297,73.49829864501953,67.67569732666016,67.11929321289062,64.07027435302734,61.29437255859375,60.464866638183594,56.603885650634766,56.603885650634766,54.20331954956055,51.97114562988281,50.6063232421875,49.24428939819336,47.41307830810547,46.06517028808594,42.94182205200195,41.62931823730469,42.04759216308594,40.71854782104492,40.31128692626953,38.4837646484375,38.27531814575195,37.6961555480957,37.336307525634766,36.400550842285156,34.539833068847656,34.539833068847656,32.69556427001953,32.202484130859375,31.30495262145996,30.4138126373291,30.01666259765625,29.681644439697266,27.459060668945312,26.62705421447754,26.4007568359375,25.612497329711914,24.083189010620117,22.627416610717773,22.627416610717773,19.84943389892578,19.416488647460938,17.20465087890625,17.0,16.155494689941406,14.866068840026855,14.317821502685547,13.152946472167969,13.03840446472168,12.0
0,-41.0,-96,16,15,73.60027313232422,68.00735473632812,69.40460968017578,64.637451171875,64.40496826171875,58.8217658996582,58.8217658996582,56.61272048950195,55.803226470947266,53.413482666015625,52.009613037109375,49.81967544555664,48.27007293701172,45.343135833740234,43.931766510009766,44.59820556640625,41.72529220581055,41.01219177246094,37.48332977294922,38.20994567871094,38.18376541137695,36.79673767089844,35.38361358642578,35.0,34.058773040771484,32.649654388427734,32.649654388427734,32.649654388427734,30.479501724243164,31.890438079833984,29.0,29.698484420776367,29.0,26.90724754333496,26.248809814453125,25.612497329711914,24.20743751525879,22.203603744506836,22.203603744506836,21.095022201538086,20.59126091003418,18.357559204101562,18.788293838500977,16.76305389404297,16.76305389404297,14.560219764709473,13.152946472167969,14.03566837310791,13.0,13.0,11.045360565185547,10.198039054870605
0,-41.0,-96,16,14,69.3397445678711,66.5732650756836,65.73431396484375,63.51377868652344,59.90826416015625,57.45433044433594,56.080299377441406,54.37830352783203,52.15361785888672,49.648765563964844,48.82622146606445,46.615447998046875,45.607017517089844,44.204071044921875,42.01190185546875,40.45985794067383,39.69886779785156,37.64305877685547,36.79673767089844,36.79673767089844,35.38361358642578,34.65544509887695,33.241539001464844,33.241539001464844,33.241539001464844,31.827661514282227,30.4138126373291,30.4138126373291,29.698484420776367,29.0,27.58622932434082,27.58622932434082,24.83948516845703,24.20743751525879,23.600847244262695,23.600847244262695,22.472204208374023,20.808652877807617,19.72308349609375,19.235383987426758,17.8885440826416,16.552946090698242,16.552946090698242,14.560219764709473,14.317821502685547,13.152946472167969,13.03840446472168,12.0,11.0,10.0,9.219544410705566,8.5440034866333
0,-41.0,-96,13,25,68.11754608154297,65.19202423095703,65.94694519042969,61.61980056762695,61.61980056762695,55.226806640625,55.226806640625,52.40229034423828,51.7397346496582,51.088157653808594,48.27007293701172,46.22769546508789,45.607017517089844,43.011627197265625,40.804412841796875,41.04875183105469,38.832977294921875,38.27531814575195,35.84689712524414,35.84689712524414,34.98571014404297,34.98571014404297,33.12099075317383,32.649654388427734,31.764760971069336,31.764760971069336,29.529645919799805,29.529645919799805,28.65309715270996,28.17800521850586,26.419689178466797,25.553865432739258,26.07680892944336,23.600847244262695,23.600847244262695,22.203603744506836,20.615528106689453,19.84943389892578,19.84943389892578,18.384777069091797,18.384777069091797,16.278820037841797,16.401220321655273,13.601470947265625,13.03840446472168,12.529964447021484,12.083045959472656,10.770329475402832,10.440306663513184,9.219544410705566,8.0,8.0
0,-41.0,-96,12,30,70.34912872314453,68.26419067382812,66.27216339111328,65.12296295166016,60.20797348022461,59.13543701171875,57.21887969970703,55.3263053894043,54.147945404052734,50.35871505737305,49.25444030761719,48.3735466003418,46.52956008911133,44.55333709716797,42.57933807373047,41.59326934814453,40.607879638671875,37.656341552734375,38.07886505126953,36.13862228393555,36.13862228393555,36.13862228393555,34.20526123046875,33.241539001464844,32.572994232177734,32.280025482177734,31.320919036865234,29.832868576049805,29.832868576049805,27.658634185791016,27.459060668945312,26.476404190063477,26.305892944335938,24.331050872802734,25.079872131347656,23.0867919921875,22.022714614868164,20.0,20.0,19.0,18.11077117919922,16.124515533447266,16.124515533447266,14.317821502685547,13.34166431427002,12.649110794067383,11.704699516296387,11.180339813232422,9.433980941772461,8.602325439453125,8.485280990600586,8.602325439453125
0,-41.0,-96,16,14,71.51223754882812,70.00714111328125,67.06713104248047,67.41661834716797,61.46543884277344,61.84658432006836,57.93962478637695,56.080299377441406,53.851646423339844,51.26402282714844,50.32891845703125,48.703182220458984,47.12748718261719,44.92215347290039,43.96589660644531,42.20189666748047,42.20189666748047,38.07886505126953,38.832977294921875,36.67424011230469,36.67424011230469,35.693138122558594,33.734256744384766,33.37664031982422,33.37664031982422,32.557640075683594,32.38827133178711,29.27456283569336,29.42787742614746,28.635643005371094,28.861740112304688,27.658634185791016,26.925823211669922,25.0,24.351591110229492,23.409399032592773,22.472204208374023,21.02379608154297,20.124610900878906,18.357559204101562,17.0,16.6433162689209,15.81138801574707,15.0,13.45362377166748,12.727922439575195,11.401754379272461,11.401754379272461,9.848857879638672,9.848857879638672,8.246211051940918,7.071067810058594
0,-41.0,-96,12,30,70.71067810058594,68.59300231933594,67.88224792480469,65.0691909790039,62.28964614868164,60.14149856567383,58.728187561035156,55.17245864868164,53.037723541259766,51.62363815307617,50.93132781982422,48.79549026489258,45.96738052368164,45.27692413330078,43.863426208496094,41.86884307861328,40.45985794067383,39.051246643066406,38.60051727294922,37.013511657714844,35.608985900878906,35.80502700805664,35.0,34.4093017578125,33.60059356689453,33.60059356689453,32.202484130859375,31.400636672973633,30.0,30.0,27.658634185791016,28.319604873657227,27.658634185791016,26.172504425048828,25.45584487915039,23.34523582458496,22.671567916870117,22.022714614868164,20.615528106689453,20.0,18.867961883544922,17.492855072021484,17.0,15.65247631072998,15.231546401977539,13.928388595581055,12.649110794067383,12.165525436401367,11.045360565185547,10.049875259399414,9.0,8.0
0,-41.0,-96,16,13,66.70832061767578,65.30696868896484,63.56099319458008,63.071388244628906,59.03388977050781,55.90169906616211,53.22593307495117,52.801513671875,51.429561614990234,49.658836364746094,46.097721099853516,45.18849563598633,44.384681701660156,42.154476165771484,41.78516387939453,39.0,39.560081481933594,36.400550842285156,36.68787384033203,34.78505325317383,34.78505325317383,33.83784866333008,33.52610778808594,32.280025482177734,31.320919036865234,30.08321762084961,30.08321762084961,28.792360305786133,28.792360305786133,27.513633728027344,26.925823211669922,26.4007568359375,26.4007568359375,25.495098114013672,24.59674835205078,22.360679626464844,21.954498291015625,20.248456954956055,20.808652877807617,19.209373474121094,17.029386520385742,16.278820037841797,15.55634880065918,14.21267032623291,13.601470947265625,13.03840446472168,12.529964447021484,12.529964447021484,9.848857879638672,9.848857879638672,9.219544410705566,8.0
0,-41.0,-96,12,28,68.11754608154297,65.94694519042969,63.78087615966797,63.12685775756836,58.898216247558594,56.85068130493164,54.671749114990234,52.49761962890625,50.447994232177734,49.57822036743164,46.75468063354492,46.010868072509766,44.55333709716797,43.13930892944336,42.42640686035156,39.59798049926758,38.20994567871094,37.48332977294922,36.878177642822266,35.46829605102539,34.71310806274414,34.058773040771484,32.649654388427734,32.80244064331055,32.649654388427734,31.240999221801758,30.610456466674805,30.479501724243164,29.832868576049805,27.658634185791016,26.90724754333496,26.172504425048828,25.45584487915039,24.75883674621582,24.083189010620117,22.671567916870117,22.022714614868164,20.615528106689453,20.0,19.416488647460938,17.492855072021484,17.0,15.65247631072998,15.231546401977539,13.928388595581055,12.649110794067383,12.369317054748535,11.180339813232422,10.049875259399414,10.0,8.0,8.062257766723633
0,-41.0,-96,12,29,67.60177612304688,66.48307800292969,63.50590515136719,63.28506851196289,59.304298400878906,57.21887969970703,55.145263671875,53.23532485961914,51.15662384033203,48.3735466003418,48.25971221923828,46.389652252197266,44.55333709716797,43.73785400390625,42.57933807373047,39.458839416503906,38.63935852050781,37.656341552734375,36.878177642822266,35.902645111083984,34.928497314453125,34.928497314453125,32.75667953491211,32.280025482177734,32.280025482177734,32.015621185302734,30.805843353271484,29.832868576049805,29.614185333251953,27.658634185791016,27.294687271118164,26.305892944335938,26.305892944335938,25.179357528686523,25.079872131347656,24.020824432373047,22.022714614868164,21.0,20.0,19.0,17.11724281311035,17.262676239013672,15.132745742797852,14.560219764709473,13.601470947265625,12.649110794067383,11.704699516296387,10.770329475402832,8.9442720413208,8.062257766723633,7.8102498054504395,7.8102498054504395
0,-41.0,-96,12,29,68.15423583984375,66.30987548828125,64.07807922363281,63.324562072753906,60.16643524169922,56.64803695678711,56.080299377441406,52.92447280883789,51.62363815307617,49.04079818725586,48.10405349731445,46.2385139465332,44.384681701660156,43.46262741088867,41.62931823730469,40.24922180175781,39.357337951660156,37.121421813964844,37.121421813964844,35.84689712524414,34.48188018798828,33.61547088623047,32.24903106689453,32.75667953491211,32.24903106689453,30.886890411376953,30.01666259765625,28.65309715270996,29.154760360717773,27.294687271118164,26.832815170288086,26.832815170288086,25.495098114013672,24.166091918945312,23.76972770690918,21.540658950805664,22.135944366455078,19.646883010864258,18.439088821411133,18.439088821411133,17.11724281311035,16.124515533447266,15.033296585083008,14.0,13.0,12.0,11.0,10.049875259399414,10.198039054870605,8.246211051940918,6.324555397033691,6.7082037925720215
0,-41.0,-96,16,11,67.94115447998047,63.70243453979492,63.03173828125,59.66573715209961,58.79625701904297,54.671749114990234,55.31726837158203,51.855567932128906,49.67897033691406,49.67897033691406,48.27007293701172,46.75468063354492,43.931766510009766,41.72529220581055,39.623226165771484,40.31128692626953,38.18376541137695,36.769554138183594,34.65544509887695,35.38361358642578,34.65544509887695,32.557640075683594,33.970577239990234,33.30165100097656,32.557640075683594,31.14482307434082,29.73213768005371,30.4138126373291,27.58622932434082,28.284271240234375,25.495098114013672,26.172504425048828,25.612497329711914,24.20743751525879,22.803508758544922,22.203603744506836,21.63330841064453,20.248456954956055,18.867961883544922,18.357559204101562,17.464248657226562,15.231546401977539,15.231546401977539,13.0,12.649110794067383,11.401754379272461,11.180339813232422,11.045360565185547,9.0,9.0,7.0,7.0
0,-42.0,-96,12,29,67.18630981445312,65.73431396484375,62.817195892333984,62.585941314697266,59.43904495239258,56.29387283325195,54.12947463989258,52.39274597167969,51.195701599121094,48.50773239135742,47.29693603515625,45.607017517089844,43.96589660644531,41.761226654052734,40.804412841796875,39.560081481933594,38.60051727294922,36.68787384033203,36.400550842285156,35.11410140991211,35.11410140991211,35.11410140991211,31.95309066772461,31.78049659729004,31.78049659729004,30.463092803955078,30.08321762084961,28.792360305786133,27.85677719116211,27.85677719116211,26.248809814453125,25.298221588134766,24.73863410949707,22.803508758544922,22.360679626464844,21.3775577545166,20.2237491607666,19.235383987426758,18.11077117919922,17.11724281311035,17.0,15.0,14.0,13.0,12.041594505310059,11.180339813232422,10.198039054870605,8.246211051940918,8.246211051940918,7.280109882354736,6.324555397033691,5.385164737701416
0,-42.0,-96,12,29,69.12307739257812,64.28841400146484,64.76110076904297,61.13100814819336,61.13100814819336,55.36244201660156,56.04462432861328,51.92301940917969,52.201534271240234,50.695167541503906,48.764739990234375,47.53945541381836,45.35416030883789,41.9761848449707,40.79215621948242,40.79215621948242,37.48332977294922,37.48332977294922,36.22154235839844,35.22782897949219,35.22782897949219,34.36568069458008,34.2344856262207,33.13608169555664,33.060550689697266,31.256999969482422,30.265491485595703,30.265491485595703,28.160255432128906,27.294687271118164,26.305892944335938,26.476404190063477,25.495098114013672,24.515300750732422,23.76972770690918,22.803508758544922,21.840330123901367,19.92485809326172,18.027755737304688,17.0880069732666,17.0880069732666,15.231546401977539,15.65247631072998,12.529964447021484,13.03840446472168,11.661903381347656,10.630146026611328,10.0,8.485280990600586,8.485280990600586,7.211102485656738,7.211102485656738
0,-42.0,-96,13,26,72.0,69.02897644042969,68.0,65.0076904296875,63.03173828125,59.07622146606445,58.03447341918945,55.145263671875,54.08327102661133,52.08646774291992,50.0099983215332,48.0,48.0,46.0,43.0,43.046485900878906,41.04875183105469,39.0128173828125,37.121421813964844,38.11823654174805,37.05401611328125,36.12478256225586,35.05709457397461,34.2344856262207,33.241539001464844,33.13608169555664,31.14482307434082,31.14482307434082,29.068883895874023,29.068883895874023,27.073972702026367,27.0,26.0,24.0,24.0,23.021728515625,21.095022201538086,20.099750518798828,19.10497283935547,18.11077117919922,17.262676239013672,15.29705810546875,14.317821502685547,13.601470947265625,12.649110794067383,11.704699516296387,10.770329475402832,9.848857879638672,8.062257766723633,8.062257766723633,6.4031243324279785,5.656854152679443
0,-41.0,-96,16,14,67.74215698242188,67.89698028564453,65.6201171875,62.169124603271484,61.188232421875,55.90169906616211,56.88584899902344,55.10898208618164,52.77309799194336,49.648765563964844,49.648765563964844,48.50773239135742,45.39823913574219,44.283180236816406,41.30375289916992,41.19466018676758,39.20458984375,38.11823654174805,38.01315689086914,36.013885498046875,36.055511474609375,36.0,34.01470184326172,33.0,33.0,32.0,31.0,30.0,29.0,29.017236709594727,26.07680892944336,26.07680892944336,25.079872131347656,24.1867733001709,24.331050872802734,21.3775577545166,21.3775577545166,19.416488647460938,17.464248657226562,16.492422103881836,15.81138801574707,14.866068840026855,14.866068840026855,13.416407585144043,11.704699516296387,10.29563045501709,10.816654205322266,8.602325439453125,8.602325439453125,7.211102485656738,6.4031243324279785,5.0
0,-42.0,-96,12,29,66.5732650756836,65.19202423095703,64.35060119628906,62.12889862060547,59.90826416015625,56.035701751708984,55.4707145690918,52.69725036621094,50.477718353271484,49.648765563964844,48.82622146606445,46.04345703125,45.486263275146484,41.88078308105469,41.34005355834961,40.31128692626953,38.94868469238281,37.58989334106445,37.121421813964844,36.2353401184082,34.48188018798828,34.438350677490234,33.12099075317383,32.649654388427734,31.764760971069336,30.886890411376953,29.529645919799805,29.529645919799805,28.17800521850586,27.294687271118164,26.925823211669922,25.553865432739258,24.698177337646484,23.021728515625,22.203603744506836,21.40093421936035,19.84943389892578,19.84943389892578,17.69180679321289,16.970561981201172,15.55634880065918,15.55634880065918,14.21267032623291,12.806248664855957,12.041594505310059,10.0,10.0,9.433980941772461,8.062257766723633,8.9442720413208,6.324555397033691,6.324555397033691
0,-42.0,-96,13,26,71.11962127685547,68.47627258300781,67.5351791381836,65.3681869506836,63.52952194213867,59.16925048828125,57.30619430541992,55.56977462768555,53.712196350097656,52.839378356933594,50.11985778808594,48.764739990234375,48.30113983154297,46.06517028808594,43.382022857666016,42.154476165771484,40.853397369384766,39.560081481933594,38.62641525268555,37.6961555480957,36.769554138183594,36.400550842285156,35.11410140991211,34.48188018798828,33.241539001464844,33.241539001464844,31.62277603149414,30.364452362060547,30.675724029541016,27.85677719116211,28.23118782043457,27.312999725341797,26.4007568359375,25.495098114013672,23.706539154052734,22.360679626464844,21.954498291015625,21.095022201538086,19.416488647460938,18.027755737304688,17.20465087890625,15.0,15.0,14.142135620117188,12.727922439575195,12.041594505310059,10.630146026611328,10.630146026611328,9.433980941772461,8.602325439453125,8.062257766723633,7.280109882354736
0,-41.0,-96,12,29,66.85057830810547,66.48307800292969,63.694583892822266,62.96824645996094,60.74536895751953,58.18934631347656,55.36244201660156,53.141319274902344,51.26402282714844,49.04079818725586,48.10405349731445,47.16990661621094,46.2385139465332,44.384681701660156,42.154476165771484,40.31128692626953,39.39543151855469,36.24913787841797,38.01315689086914,36.67424011230469,35.34119415283203,34.885528564453125,33.105892181396484,33.12099075317383,32.649654388427734,31.764760971069336,29.96664810180664,29.068883895874023,28.635643005371094,27.312999725341797,27.312999725341797,26.0,25.63201141357422,24.351591110229492,22.803508758544922,21.840330123901367,19.92485809326172,19.646883010864258,19.416488647460938,17.262676239013672,17.11724281311035,17.11724281311035,15.033296585083008,14.03566837310791,13.0,11.0,12.0,10.0,9.05538558959961,9.219544410705566,8.246211051940918,7.280109882354736
0,-41.0,-96,12,30,72.11102294921875,68.79679870605469,66.2872543334961,64.14047241210938,62.433963775634766,59.6824951171875,58.30952072143555,56.080299377441406,53.851646423339844,51.62363815307617,50.774009704589844,49.39635467529297,46.87216567993164,46.04345703125,43.26661682128906,44.40720748901367,41.400482177734375,40.804412841796875,39.20458984375,39.20458984375,37.202152252197266,37.013511657714844,35.608985900878906,34.058773040771484,33.42155075073242,33.42155075073242,31.240999221801758,31.400636672973633,30.0,30.610456466674805,28.017850875854492,28.017850875854492,26.62705421447754,25.238859176635742,24.1867733001709,24.1867733001709,21.954498291015625,21.02379608154297,20.615528106689453,18.788293838500977,17.464248657226562,17.0880069732666,15.81138801574707,14.560219764709473,14.560219764709473,12.165525436401367,12.165525436401367,12.041594505310059,10.049875259399414,9.0,9.0,7.0
0,-41.0,-96,12,29,68.4689712524414,67.47592163085938,65.4904556274414,63.50590515136719,60.530982971191406,58.54912567138672,56.4358024597168,54.451812744140625,52.46903991699219,51.35172653198242,49.36598205566406,48.166378021240234,46.173583984375,44.18144226074219,43.185646057128906,42.04759216308594,41.01219177246094,39.051246643066406,38.0,37.013511657714844,37.0,35.0,34.0,34.0,33.0,32.0,31.0,30.0,30.0,28.0,28.017850875854492,26.019224166870117,26.019224166870117,24.083189010620117,24.083189010620117,23.194826126098633,22.203603744506836,20.39607810974121,19.416488647460938,18.439088821411133,16.492422103881836,15.524174690246582,14.866068840026855,13.928388595581055,13.0,11.704699516296387,12.083045959472656,11.180339813232422,10.0,8.602325439453125,7.8102498054504395,5.656854152679443
0,-41.0,-96,16,13,67.6830825805664,67.26811981201172,64.32728576660156,63.150611877441406,60.01666259765625,57.87054443359375,55.73149871826172,53.75872039794922,52.611785888671875,50.0099983215332,49.24428939819336,47.29693603515625,45.35416030883789,43.416587829589844,42.20189666748047,41.48493576049805,40.52159881591797,38.60051727294922,37.64305877685547,36.68787384033203,35.44009017944336,35.735137939453125,33.83784866333008,32.893768310546875,32.893768310546875,31.95309066772461,29.73213768005371,30.675724029541016,29.4108829498291,27.513633728027344,26.925823211669922,25.961509704589844,24.73863410949707,24.515300750732422,24.331050872802734,22.360679626464844,22.360679626464844,20.2237491607666,19.10497283935547,18.027755737304688,17.0,17.0,15.0,15.0,13.03840446472168,12.041594505310059,11.180339813232422,11.180339813232422,10.198039054870605,8.246211051940918,7.280109882354736,6.7082037925720215
0,-41.0,-96,12,28,66.73080444335938,65.3681869506836,61.773780822753906,62.7694206237793,59.53990173339844,58.30952072143555,55.56977462768555,52.839378356933594,51.97114562988281,49.24428939819336,49.24428939819336,46.52956008911133,45.17742919921875,42.94182205200195,42.94182205200195,40.71854782104492,40.24922180175781,37.57658767700195,38.4837646484375,36.769554138183594,35.84689712524414,34.539833068847656,33.61547088623047,34.1760139465332,32.31098937988281,32.31098937988281,31.38471031188965,30.08321762084961,29.546573638916016,28.635643005371094,26.832815170288086,26.832815170288086,25.05992889404297,25.05992889404297,23.323806762695312,22.472204208374023,22.472204208374023,20.0,20.0,18.601076126098633,17.029386520385742,16.278820037841797,14.866068840026855,14.142135620117188,14.142135620117188,12.041594505310059,11.401754379272461,10.0,10.0,8.9442720413208,8.9442720413208,7.6157732009887695
0,-41.0,-96,13,25,72.00694274902344,68.42514038085938,68.42514038085938,65.76473236083984,64.41273498535156,59.05929183959961,59.05929183959961,56.82429122924805,55.4707145690918,53.23532485961914,51.88448715209961,49.648765563964844,50.08992004394531,47.423622131347656,45.18849563598633,44.384681701660156,41.78516387939453,41.78516387939453,39.217342376708984,39.560081481933594,38.62641525268555,38.27531814575195,36.055511474609375,36.68787384033203,34.78505325317383,33.83784866333008,31.62277603149414,31.95309066772461,30.675724029541016,29.73213768005371,27.85677719116211,29.154760360717773,27.312999725341797,26.4007568359375,25.079872131347656,24.59674835205078,21.470911026000977,21.954498291015625,20.248456954956055,19.416488647460938,17.492855072021484,16.6433162689209,15.81138801574707,15.0,13.45362377166748,12.727922439575195,11.313708305358887,10.630146026611328,10.0,10.0,7.211102485656738,6.324555397033691
0,-41.0,-96,12,30,69.89277648925781,69.89277648925781,67.11929321289062,66.0302963256836,62.42595672607422,59.64059066772461,58.24946212768555,56.61272048950195,55.4707145690918,51.865211486816406,51.61395263671875,49.648765563964844,46.87216567993164,45.79301071166992,44.94440841674805,43.416587829589844,42.54409408569336,39.824615478515625,39.357337951660156,37.121421813964844,37.121421813964844,36.67424011230469,35.7770881652832,34.438350677490234,34.438350677490234,34.0,32.202484130859375,31.30495262145996,29.529645919799805,29.529645919799805,27.784887313842773,27.294687271118164,26.925823211669922,24.698177337646484,24.413110733032227,23.600847244262695,22.022714614868164,20.615528106689453,21.260292053222656,18.439088821411133,17.69180679321289,16.970561981201172,14.866068840026855,13.45362377166748,12.806248664855957,11.401754379272461,11.401754379272461,10.29563045501709,8.9442720413208,8.5440034866333,7.280109882354736,7.280109882354736
0,-41.0,-96,16,14,69.05070495605469,69.05070495605469,64.93843078613281,66.0984115600586,61.0,60.20797348022461,56.08921432495117,55.73149871826172,52.95280838012695,50.80354309082031,50.0099983215332,48.83646011352539,48.50773239135742,45.54119110107422,45.39823913574219,41.30375289916992,42.19004440307617,38.20994567871094,40.112342834472656,38.05259704589844,37.121421813964844,36.055511474609375,34.058773040771484,35.05709457397461,34.058773040771484,33.060550689697266,32.06243896484375,31.064449310302734,31.064449310302734,29.068883895874023,28.284271240234375,27.166154861450195,26.305892944335938,24.331050872802734,24.515300750732422,21.587032318115234,21.840330123901367,20.880613327026367,20.248456954956055,19.313207626342773,17.0880069732666,16.552946090698242,15.65247631072998,13.892443656921387,13.416407585144043,12.206555366516113,12.206555366516113,11.401754379272461,9.219544410705566,9.899495124816895,7.8102498054504395,7.211102485656738
0,-41.0,-96,12,30,71.25306701660156,68.35934448242188,70.25667572021484,65.37583923339844,64.38167572021484,59.41380310058594,58.30952072143555,56.4358024597168,54.451812744140625,53.23532485961914,51.15662384033203,50.08992004394531,48.093658447265625,46.04345703125,43.046485900878906,44.0113639831543,41.0,41.01219177246094,38.0,38.0,38.0,38.0,36.0,35.05709457397461,34.01470184326172,32.015621185302734,31.016124725341797,31.0,30.0,29.0,27.0,27.018512725830078,26.07680892944336,26.07680892944336,24.083189010620117,23.0867919921875,21.21320343017578,20.2237491607666,19.235383987426758,18.439088821411133,17.464248657226562,15.524174690246582,14.560219764709473,12.649110794067383,13.0,12.083045959472656,11.180339813232422,9.848857879638672,9.433980941772461,9.219544410705566,6.4031243324279785,6.4031243324279785
0,-41.0,-96,13,27,71.0633544921875,70.43436431884766,69.02897644042969,67.35725402832031,63.25345993041992,61.61980056762695,59.54829788208008,56.63920974731445,55.973209381103516,53.81449508666992,51.7397346496582,49.57822036743164,48.91830062866211,46.86149978637695,46.22769546508789,43.600460052490234,42.20189666748047,40.0,41.617305755615234,39.408119201660156,38.60051727294922,38.01315689086914,35.80502700805664,35.22782897949219,34.4093017578125,33.0151481628418,32.80244064331055,30.805843353271484,30.0,30.0,27.658634185791016,27.658634185791016,26.90724754333496,25.45584487915039,24.75883674621582,23.34523582458496,22.671567916870117,20.615528106689453,20.0,18.601076126098633,17.20465087890625,16.6433162689209,15.264337539672852,14.764822959899902,13.0,12.083045959472656,11.401754379272461,10.440306663513184,10.198039054870605,9.219544410705566,8.0,8.0
0,-42.0,-96,13,27,76.5506362915039,76.00657653808594,72.94518280029297,71.34423828125,68.26419067382812,65.51335906982422,62.7694206237793,61.91122817993164,59.6824951171875,57.14017868041992,56.30275344848633,53.5350341796875,51.865211486816406,50.21951675415039,48.82622146606445,46.40043258666992,45.0,42.8018684387207,44.04542922973633,42.01190185546875,40.607879638671875,41.231056213378906,37.64305877685547,38.20994567871094,37.53664779663086,36.878177642822266,34.71310806274414,34.058773040771484,33.30165100097656,31.890438079833984,30.610456466674805,30.0,29.4108829498291,28.844409942626953,26.925823211669922,24.698177337646484,23.853721618652344,21.954498291015625,21.470911026000977,20.124610900878906,18.788293838500977,17.464248657226562,17.0880069732666,15.81138801574707,14.560219764709473,14.317821502685547,13.152946472167969,12.041594505310059,10.198039054870605,10.0,10.0,8.246211051940918
0,-41.0,-96,13,27,75.32595825195312,70.45565795898438,71.17584228515625,67.47592163085938,67.47592163085938,61.52235412597656,61.66035842895508,59.53990173339844,56.56854248046875,55.3263053894043,53.33854293823242,51.244510650634766,50.15974426269531,48.093658447265625,46.04345703125,46.04345703125,43.046485900878906,43.011627197265625,40.0,40.0,39.0128173828125,40.0,38.0,37.013511657714844,36.0,36.0,34.0,34.0,32.0,32.0,29.017236709594727,29.017236709594727,28.07133674621582,27.166154861450195,26.305892944335938,25.179357528686523,24.331050872802734,21.587032318115234,21.587032318115234,19.646883010864258,18.681541442871094,18.027755737304688,17.0880069732666,15.231546401977539,14.317821502685547,14.317821502685547,12.806248664855957,10.816654205322266,11.401754379272461,10.0,9.219544410705566,8.602325439453125
0,-41.0,-96,13,26,73.00685119628906,70.80254364013672,68.60028839111328,68.00735473632812,64.40496826171875,63.0079345703125,60.0,58.00862121582031,55.60575485229492,54.20331954956055,53.823787689208984,51.400390625,50.6063232421875,47.6340217590332,46.86149978637695,45.343135833740234,44.59820556640625,41.773197174072266,41.01219177246094,41.01219177246094,38.897300720214844,38.897300720214844,36.769554138183594,36.769554138183594,36.06937789916992,35.35533905029297,33.941123962402344,33.241539001464844,31.827661514282227,30.4138126373291,29.698484420776367,29.73213768005371,28.319604873657227,26.4007568359375,26.248809814453125,24.20743751525879,23.021728515625,22.472204208374023,22.472204208374023,19.72308349609375,19.235383987426758,17.8885440826416,17.464248657226562,15.231546401977539,15.231546401977539,12.649110794067383,12.369317054748535,12.165525436401367,11.045360565185547,10.0,9.0,8.0
0,-41.0,-96,13,26,76.47875213623047,72.89718627929688,72.00694274902344,69.7782211303711,66.64083099365234,63.50590515136719,62.60990524291992,59.93329620361328,57.245086669921875,55.90169906616211,55.90169906616211,54.120235443115234,51.88448715209961,49.24428939819336,46.14108657836914,48.54894256591797,44.94440841674805,44.10215377807617,43.26661682128906,42.43819046020508,40.49691390991211,39.408119201660156,38.832977294921875,38.60051727294922,36.619667053222656,37.202152252197266,35.0,35.80502700805664,33.0151481628418,33.0151481628418,30.528675079345703,30.528675079345703,30.01666259765625,28.65309715270996,27.294687271118164,25.942243576049805,25.495098114013672,23.409399032592773,21.931713104248047,20.248456954956055,20.248456954956055,17.72004508972168,17.464248657226562,16.278820037841797,15.132745742797852,14.03566837310791,13.03840446472168,13.0,12.0,11.045360565185547,9.05538558959961,8.246211051940918
0,-41.0,-96,13,27,75.74298858642578,74.2765121459961,73.59347534179688,71.4212875366211,68.59300231933594,65.0691909790039,62.2414665222168,60.8276252746582,58.0,56.58621597290039,55.17245864868164,53.75872039794922,51.6623649597168,48.83646011352539,48.10405349731445,46.86149978637695,45.45327377319336,43.416587829589844,42.8018684387207,41.231056213378906,40.0,40.0,38.41874694824219,37.80211639404297,37.013511657714844,36.400550842285156,35.0,33.42155075073242,33.42155075073242,32.015621185302734,30.479501724243164,30.479501724243164,29.0,27.58622932434082,26.172504425048828,24.75883674621582,24.083189010620117,22.203603744506836,21.40093421936035,20.0,18.867961883544922,18.357559204101562,17.0,16.155494689941406,14.866068840026855,13.601470947265625,13.34166431427002,12.165525436401367,10.198039054870605,10.0,10.0,8.062257766723633
0,-42.0,-96,13,28,75.1531753540039,72.44998168945312,72.01388549804688,68.88395690917969,66.64083099365234,63.06346130371094,61.717098236083984,59.4810905456543,57.245086669921875,56.35601043701172,53.66563034057617,52.32590103149414,49.24428939819336,48.332183837890625,45.694637298583984,45.31004333496094,43.46262741088867,43.08131790161133,40.49691390991211,40.49691390991211,38.27531814575195,37.64305877685547,37.336307525634766,36.68787384033203,35.735137939453125,33.83784866333008,32.893768310546875,31.95309066772461,30.675724029541016,31.016124725341797,28.792360305786133,28.23118782043457,27.312999725341797,25.495098114013672,25.942243576049805,23.706539154052734,23.323806762695312,21.095022201538086,20.248456954956055,18.601076126098633,17.804492950439453,17.804492950439453,16.278820037841797,14.866068840026855,13.45362377166748,12.806248664855957,11.401754379272461,10.29563045501709,10.29563045501709,8.062257766723633,8.246211051940918,7.280109882354736
0,-42.0,-96,16,16,74.1687240600586,71.0633544921875,70.1783447265625,68.06614685058594,65.0691909790039,61.032779693603516,60.0333251953125,58.03447341918945,55.03635025024414,54.037025451660156,53.037723541259766,50.03998565673828,48.166378021240234,47.16990661621094,45.17742919921875,44.283180236816406,41.43669891357422,41.30375289916992,38.832977294921875,38.63935852050781,37.656341552734375,36.878177642822266,35.35533905029297,34.928497314453125,34.71310806274414,32.75667953491211,32.557640075683594,30.805843353271484,29.42787742614746,29.42787742614746,27.294687271118164,26.305892944335938,26.172504425048828,26.07680892944336,24.020824432373047,23.021728515625,22.0,20.0,19.0,17.029386520385742,17.029386520385742,15.132745742797852,14.142135620117188,13.152946472167969,12.369317054748535,11.401754379272461,11.704699516296387,9.848857879638672,8.9442720413208,7.8102498054504395,7.071067810058594,6.4031243324279785
0,-42.0,-96,16,17,76.27581787109375,74.63243103027344,72.67048645019531,69.63475799560547,66.85057830810547,64.637451171875,61.032779693603516,59.07622146606445,57.42821502685547,54.918121337890625,54.08327102661133,52.69725036621094,50.2493782043457,48.3735466003418,45.27692413330078,44.777225494384766,44.29446792602539,42.05948257446289,40.71854782104492,39.81205749511719,37.121421813964844,37.57658767700195,36.67424011230469,35.84689712524414,34.928497314453125,34.928497314453125,32.69556427001953,31.78049659729004,30.870698928833008,29.96664810180664,28.635643005371094,28.17800521850586,26.419689178466797,25.553865432739258,23.853721618652344,23.853721618652344,22.203603744506836,22.203603744506836,20.615528106689453,18.439088821411133,17.69180679321289,16.970561981201172,15.620499610900879,14.21267032623291,13.03840446472168,11.661903381347656,10.29563045501709,9.486832618713379,9.486832618713379,8.246211051940918,8.062257766723633,7.0
0,-43.0,-96,16,18,79.4040298461914,76.24303436279297,73.08214569091797,71.56814575195312,69.37578582763672,66.48307800292969,63.324562072753906,61.400325775146484,58.94064712524414,57.28001403808594,55.36244201660156,53.45091247558594,51.54609680175781,48.383880615234375,47.75981521606445,47.16990661621094,44.94440841674805,42.154476165771484,41.62931823730469,41.62931823730469,39.39543151855469,38.07886505126953,37.161808013916016,35.7770881652832,35.34119415283203,34.438350677490234,33.541019439697266,33.105892181396484,31.78049659729004,29.546573638916016,29.154760360717773,28.792360305786133,27.513633728027344,26.248809814453125,24.041629791259766,23.76972770690918,22.56102752685547,21.3775577545166,20.2237491607666,19.10497283935547,18.027755737304688,17.0,16.0,15.0,13.03840446472168,11.180339813232422,11.401754379272461,10.440306663513184,8.9442720413208,8.062257766723633,7.8102498054504395,5.830951690673828
0,-43.0,-96,17,14,80.3243408203125,77.49193572998047,76.216796875,74.09453582763672,70.57620239257812,67.06713104248047,65.19202423095703,61.46543884277344,59.46427536010742,58.52349853515625,56.61272048950195,53.75872039794922,52.201534271240234,50.28916549682617,48.383880615234375,46.840152740478516,43.416587829589844,43.416587829589844,42.95346450805664,42.20189666748047,39.051246643066406,37.85498809814453,37.85498809814453,37.336307525634766,35.693138122558594,34.525352478027344,32.75667953491211,31.78049659729004,31.78049659729004,30.5941162109375,29.832868576049805,28.160255432128906,28.160255432128906,26.570659637451172,24.698177337646484,24.351591110229492,21.931713104248047,21.02379608154297,19.235383987426758,18.867961883544922,17.492855072021484,16.401220321655273,17.029386520385742,14.142135620117188,13.45362377166748,12.206555366516113,10.816654205322266,11.180339813232422,9.486832618713379,9.486832618713379,7.071067810058594,7.0
0,-42.0,-96,16,17,77.82030487060547,73.79024505615234,74.6860122680664,70.66116333007812,67.5351791381836,64.41273498535156,63.071388244628906,59.93329620361328,59.03388977050781,55.46169662475586,54.12947463989258,52.39274597167969,50.15974426269531,47.53945541381836,45.31004333496094,45.880279541015625,42.72002029418945,42.379241943359375,40.804412841796875,40.804412841796875,38.60051727294922,38.60051727294922,36.400550842285156,36.13862228393555,35.44009017944336,33.52610778808594,33.52610778808594,32.572994232177734,31.62277603149414,31.62277603149414,28.792360305786133,28.792360305786133,27.85677719116211,25.079872131347656,25.079872131347656,24.59674835205078,23.323806762695312,22.472204208374023,20.0,18.601076126098633,18.439088821411133,17.69180679321289,16.278820037841797,15.620499610900879,14.21267032623291,13.03840446472168,13.0,11.704699516296387,11.180339813232422,10.198039054870605,10.0,9.0
0,-43.0,-96,16,19,84.2199478149414,84.2199478149414,76.5375747680664,77.5241928100586,71.69379425048828,71.19690704345703,67.74215698242188,65.3681869506836,63.631752014160156,59.05929183959961,58.66856002807617,57.245086669921875,55.46169662475586,53.22593307495117,51.89412307739258,48.332183837890625,48.332183837890625,46.615447998046875,45.31004333496094,43.46262741088867,42.154476165771484,41.78516387939453,38.62641525268555,40.16217041015625,40.16217041015625,38.27531814575195,37.336307525634766,34.539833068847656,36.769554138183594,33.61547088623047,31.78049659729004,32.202484130859375,30.01666259765625,27.784887313842773,29.681644439697266,26.07680892944336,25.806976318359375,22.803508758544922,24.083189010620117,23.34523582458496,19.84943389892578,19.84943389892578,17.804492950439453,17.20465087890625,16.124515533447266,13.928388595581055,14.560219764709473,13.34166431427002,13.152946472167969,13.0,11.0,11.180339813232422
0,-43.0,-96,17,14,83.63013458251953,81.84130859375,76.48529052734375,76.48529052734375,71.5541763305664,67.5425796508789,67.97793579101562,63.071388244628906,62.60990524291992,59.4810905456543,57.706153869628906,56.82429122924805,54.20331954956055,52.47856521606445,49.92995071411133,48.02082824707031,48.25971221923828,44.10215377807617,42.43819046020508,42.20189666748047,41.04875183105469,40.607879638671875,40.0,39.051246643066406,37.80211639404297,37.80211639404297,34.828147888183594,34.4093017578125,33.0151481628418,31.906112670898438,30.528675079345703,29.681644439697266,30.01666259765625,28.17800521850586,26.419689178466797,25.495098114013672,24.698177337646484,24.351591110229492,23.0867919921875,21.840330123901367,19.416488647460938,19.235383987426758,17.11724281311035,15.0,15.0,14.0,13.03840446472168,13.34166431427002,11.401754379272461,10.29563045501709,10.0,7.8102498054504395
0,-43.0,-96,17,16,85.38150024414062,81.27114868164062,80.0062484741211,78.43468475341797,75.61084747314453,72.44998168945312,68.94925689697266,67.06713104248047,63.5688591003418,61.6846809387207,60.74536895751953,57.584720611572266,54.708316802978516,52.201534271240234,50.28916549682617,48.764739990234375,47.29693603515625,46.57252502441406,44.14748001098633,43.17406463623047,41.9761848449707,41.9761848449707,40.26164245605469,38.63935852050781,37.85498809814453,37.656341552734375,35.693138122558594,34.525352478027344,32.75667953491211,32.015621185302734,31.048349380493164,31.320919036865234,29.73213768005371,27.85677719116211,27.85677719116211,26.0,24.166091918945312,22.825424194335938,21.954498291015625,20.248456954956055,19.416488647460938,18.601076126098633,17.69180679321289,16.278820037841797,15.620499610900879,13.601470947265625,13.03840446472168,13.0,10.770329475402832,11.401754379272461,10.0,10.0
0,-43.0,-96,17,16,86.21485137939453,84.0238037109375,81.83519744873047,79.5110092163086,75.43209075927734,71.84010314941406,68.24954223632812,66.06814575195312,64.03124237060547,62.00806427001953,59.203041076660156,57.42821502685547,55.4707145690918,53.0,51.312767028808594,48.02082824707031,47.50789260864258,43.90899658203125,43.8292121887207,43.416587829589844,42.05948257446289,41.59326934814453,39.357337951660156,38.07886505126953,38.4837646484375,36.24913787841797,34.438350677490234,34.01470184326172,33.105892181396484,31.78049659729004,29.96664810180664,30.01666259765625,30.01666259765625,26.07680892944336,25.238859176635742,25.238859176635742,25.0,22.803508758544922,22.022714614868164,21.21320343017578,19.10497283935547,18.439088821411133,17.20465087890625,16.6433162689209,13.892443656921387,14.317821502685547,12.649110794067383,12.369317054748535,10.049875259399414,10.0,10.0,8.5440034866333
0,-44.0,-96,18,13,85.37564086914062,82.97589874267578,80.28075408935547,78.44743347167969,75.50496673583984,70.21395874023438,68.24954223632812,65.30696868896484,62.169124603271484,59.43904495239258,59.228370666503906,55.54277801513672,54.120235443115234,51.244510650634766,48.764739990234375,48.383880615234375,45.221675872802734,43.32435989379883,41.78516387939453,42.154476165771484,40.49691390991211,38.62641525268555,38.27531814575195,36.67424011230469,36.67424011230469,34.928497314453125,34.01470184326172,34.01470184326172,32.69556427001953,31.38471031188965,29.154760360717773,29.154760360717773,27.513633728027344,25.961509704589844,25.70992088317871,25.70992088317871,24.515300750732422,22.360679626464844,21.21320343017578,19.0,20.0,17.0,17.0,16.031219482421875,13.34166431427002,13.0,13.416407585144043,11.661903381347656,10.0,9.219544410705566,10.0,8.9442720413208
0,-44.0,-96,18,13,84.59905242919922,83.52843475341797,84.05950164794922,79.32212829589844,75.47184753417969,70.45565795898438,69.89277648925781,65.45991516113281,62.12889862060547,60.464866638183594,59.36328887939453,57.14017868041992,55.226806640625,51.97114562988281,49.73931884765625,49.19349670410156,46.957427978515625,44.72135925292969,42.48529052734375,42.48529052734375,39.81205749511719,40.31128692626953,38.910152435302734,38.62641525268555,36.24913787841797,37.161808013916016,34.539833068847656,33.241539001464844,33.105892181396484,33.105892181396484,30.4138126373291,29.529645919799805,29.154760360717773,27.459060668945312,26.62705421447754,25.612497329711914,25.612497329711914,22.671567916870117,20.51828384399414,20.51828384399414,19.209373474121094,18.601076126098633,17.804492950439453,15.65247631072998,14.317821502685547,14.560219764709473,13.34166431427002,12.041594505310059,12.0,11.045360565185547,10.198039054870605,9.433980941772461
0,-44.0,-96,17,18,89.89994812011719,85.90692901611328,83.19255065917969,81.02468872070312,76.967529296875,73.40980529785156,71.17584228515625,67.5425796508789,65.30696868896484,63.071388244628906,61.269893646240234,58.5918083190918,55.4707145690918,53.712196350097656,50.6063232421875,48.87739944458008,47.70744323730469,45.486263275146484,43.8292121887207,42.20189666748047,42.43819046020508,40.804412841796875,40.0,39.20458984375,38.41874694824219,37.64305877685547,36.400550842285156,35.46829605102539,33.42155075073242,33.42155075073242,31.62277603149414,30.232433319091797,29.681644439697266,29.681644439697266,27.784887313842773,26.832815170288086,25.495098114013672,24.698177337646484,23.409399032592773,23.0867919921875,20.615528106689453,19.235383987426758,18.027755737304688,17.0,16.0,15.033296585083008,14.03566837310791,14.866068840026855,12.529964447021484,12.806248664855957,11.401754379272461,10.0
0,-44.0,-96,18,14,90.79647827148438,88.45903015136719,84.48076629638672,81.39410400390625,77.41446685791016,74.3303451538086,71.44927978515625,69.46221923828125,65.37583923339844,62.513999938964844,60.67124557495117,59.6824951171875,55.90169906616211,54.918121337890625,51.788028717041016,50.447994232177734,48.764739990234375,46.57252502441406,45.880279541015625,43.011627197265625,41.761226654052734,42.05948257446289,40.804412841796875,39.560081481933594,38.27531814575195,37.6961555480957,37.336307525634766,35.11410140991211,35.11410140991211,32.572994232177734,33.241539001464844,32.015621185302734,30.08321762084961,29.614185333251953,29.42787742614746,27.166154861450195,25.179357528686523,24.020824432373047,24.020824432373047,23.0,21.02379608154297,19.10497283935547,18.248287200927734,16.492422103881836,16.155494689941406,14.764822959899902,13.03840446472168,12.806248664855957,12.727922439575195,12.041594505310059,9.848857879638672,10.440306663513184
0,-44.0,-96,18,14,89.8888168334961,87.46427917480469,85.23497009277344,84.05950164794922,78.77182006835938,75.1664810180664,70.49113464355469,69.1158447265625,66.8879623413086,64.14047241210938,61.057350158691406,59.36328887939453,57.80138397216797,55.4707145690918,52.35456085205078,51.0,49.19349670410156,45.617977142333984,45.694637298583984,43.863426208496094,42.54409408569336,42.54409408569336,41.231056213378906,39.924930572509766,38.07886505126953,35.84689712524414,36.769554138183594,34.928497314453125,34.438350677490234,34.01470184326172,32.202484130859375,31.764760971069336,29.529645919799805,28.844409942626953,28.017850875854492,27.20294189453125,24.83948516845703,23.34523582458496,22.627416610717773,22.627416610717773,20.615528106689453,19.416488647460938,18.027755737304688,16.552946090698242,16.155494689941406,15.524174690246582,14.317821502685547,13.0,13.0,12.165525436401367,11.401754379272461,11.180339813232422
0,-44.0,-96,18,14,91.39474487304688,86.97700500488281,85.38150024414062,82.56512451171875,79.69943237304688,76.24303436279297,73.08214569091797,69.6419448852539,67.72000885009766,64.8459701538086,61.400325775146484,59.4810905456543,55.973209381103516,55.36244201660156,52.55473327636719,51.078372955322266,47.92702865600586,47.53945541381836,45.617977142333984,44.283180236816406,42.95346450805664,43.8292121887207,41.146080017089844,41.18252182006836,39.357337951660156,38.01315689086914,35.7770881652832,36.2353401184082,34.885528564453125,33.541019439697266,31.78049659729004,31.38471031188965,30.08321762084961,28.460498809814453,28.160255432128906,26.925823211669922,25.495098114013672,23.53720474243164,23.0867919921875,22.022714614868164,21.02379608154297,19.0,17.11724281311035,16.124515533447266,16.278820037841797,13.601470947265625,13.928388595581055,11.180339813232422,11.401754379272461,10.630146026611328,9.433980941772461,9.433980941772461
0,-44.0,-96,18,13,82.02438354492188,79.93122100830078,77.10382843017578,75.07329559326172,70.0927963256836,68.680419921875,64.38167572021484,63.03173828125,60.20797348022461,57.28001403808594,56.58621597290039,54.451812744140625,52.49761962890625,49.67897033691406,46.75468063354492,48.166378021240234,46.22769546508789,41.231056213378906,41.400482177734375,40.607879638671875,40.607879638671875,38.60051727294922,36.8917350769043,37.2155876159668,35.510562896728516,35.510562896728516,34.66987228393555,33.2866325378418,33.0151481628418,31.064449310302734,30.0,30.610456466674805,29.068883895874023,26.870058059692383,26.172504425048828,26.172504425048828,24.75883674621582,22.671567916870117,20.615528106689453,21.40093421936035,18.867961883544922,18.357559204101562,15.65247631072998,15.231546401977539,14.866068840026855,13.34166431427002,12.041594505310059,12.0,10.049875259399414,9.05538558959961,8.5440034866333,8.062257766723633
0,-44.0,-96,17,17,85.08818817138672,83.77350616455078,81.02468872070312,78.0,74.84651184082031,70.38465881347656,68.70953369140625,65.92420196533203,63.694583892822266,61.32699203491211,58.694122314453125,56.36488342285156,54.5618896484375,51.88448715209961,50.537113189697266,49.24428939819336,46.14108657836914,43.90899658203125,43.26661682128906,41.88078308105469,41.88078308105469,41.04875183105469,39.66106414794922,38.832977294921875,39.20458984375,37.44329071044922,35.80502700805664,35.22782897949219,33.83784866333008,33.83784866333008,31.38471031188965,31.38471031188965,30.886890411376953,29.068883895874023,27.73084831237793,27.312999725341797,26.0,24.041629791259766,22.803508758544922,21.587032318115234,19.235383987426758,19.235383987426758,18.027755737304688,16.0,14.0,13.152946472167969,13.34166431427002,12.649110794067383,9.848857879638672,10.0,8.485280990600586,7.211102485656738
0,-44.0,-96,17,17,87.98295593261719,83.21658325195312,84.05950164794922,77.66595458984375,77.66595458984375,70.72481536865234,68.79679870605469,66.0378646850586,63.812225341796875,62.433963775634766,59.36328887939453,57.45433044433594,55.94640350341797,53.23532485961914,51.0,50.08992004394531,47.01063537597656,46.097721099853516,44.384681701660156,44.0113639831543,41.43669891357422,42.379241943359375,40.16217041015625,40.16217041015625,38.897300720214844,38.897300720214844,36.400550842285156,37.947330474853516,34.78505325317383,34.1760139465332,33.241539001464844,33.61547088623047,31.38471031188965,28.635643005371094,28.65309715270996,28.17800521850586,26.925823211669922,23.600847244262695,23.600847244262695,22.803508758544922,21.260292053222656,17.69180679321289,19.10497283935547,17.20465087890625,15.0,14.764822959899902,13.416407585144043,12.649110794067383,12.369317054748535,11.0,11.0,8.246211051940918
0,-44.0,-96,18,13,88.23831176757812,83.77350616455078,84.17243957519531,80.23091888427734,77.077880859375,72.23572540283203,69.85699462890625,66.70832061767578,64.07807922363281,63.56099319458008,60.008331298828125,57.697486877441406,55.46169662475586,52.77309799194336,50.537113189697266,51.4781494140625,47.01063537597656,46.14108657836914,44.94440841674805,44.10215377807617,42.43819046020508,41.617305755615234,40.224369049072266,39.408119201660156,39.408119201660156,37.202152252197266,36.400550842285156,36.619667053222656,34.66987228393555,33.83784866333008,32.4499626159668,31.906112670898438,31.38471031188965,29.529645919799805,28.17800521850586,27.73084831237793,26.925823211669922,25.0,24.041629791259766,20.880613327026367,21.3775577545166,20.099750518798828,19.10497283935547,17.0,16.0,14.03566837310791,13.152946472167969,12.369317054748535,11.180339813232422,10.816654205322266,9.219544410705566,8.602325439453125
0,-43.0,-96,18,10,74.1080322265625,73.33484649658203,73.10950469970703,70.25667572021484,66.0302963256836,65.03076171875,59.00847244262695,58.00862121582031,54.037025451660156,54.230987548828125,53.15073013305664,49.36598205566406,47.51841735839844,44.55333709716797,42.42640686035156,42.57933807373047,41.59326934814453,39.458839416503906,38.832977294921875,36.878177642822266,36.878177642822266,34.928497314453125,33.95585250854492,33.83784866333008,32.893768310546875,31.320919036865234,30.805843353271484,31.320919036865234,28.861740112304688,27.892650604248047,27.658634185791016,27.459060668945312,27.459060668945312,25.317977905273438,23.0867919921875,23.021728515625,23.021728515625,21.0,19.0,19.0,19.10497283935547,16.278820037841797,14.317821502685547,14.560219764709473,13.928388595581055,12.083045959472656,10.816654205322266,9.899495124816895,9.219544410705566,8.602325439453125,7.6157732009887695,7.280109882354736
0,-44.0,-96,18,12,80.91971588134766,76.5767593383789,77.33692169189453,74.41101837158203,70.0927963256836,66.60330200195312,63.12685775756836,63.89052963256836,59.66573715209961,55.973209381103516,55.31726837158203,53.26349639892578,50.6063232421875,49.04079818725586,47.01063537597656,45.221675872802734,44.10215377807617,41.88078308105469,40.8166618347168,39.4461669921875,37.2155876159668,36.715118408203125,36.359317779541016,35.35533905029297,34.885528564453125,34.0,32.649654388427734,31.764760971069336,30.886890411376953,30.886890411376953,29.154760360717773,28.301942825317383,26.62705421447754,25.806976318359375,25.806976318359375,25.0,21.931713104248047,21.21320343017578,19.84943389892578,19.209373474121094,17.20465087890625,17.20465087890625,16.6433162689209,14.764822959899902,13.601470947265625,12.649110794067383,11.180339813232422,10.0,10.0,10.049875259399414,8.246211051940918,6.7082037925720215
0,-43.0,-96,17,15,80.09993743896484,77.10382843017578,75.1065902709961,72.06246948242188,70.06425476074219,66.0302963256836,65.0691909790039,62.032249450683594,58.03447341918945,57.03507614135742,55.145263671875,52.15361785888672,51.15662384033203,48.25971221923828,45.17742919921875,44.55333709716797,42.7551155090332,40.4474983215332,40.79215621948242,39.81205749511719,38.832977294921875,36.878177642822266,35.902645111083984,36.13862228393555,34.20526123046875,33.241539001464844,32.015621185302734,32.015621185302734,31.048349380493164,30.08321762084961,28.635643005371094,27.658634185791016,26.305892944335938,26.172504425048828,24.1867733001709,23.0867919921875,22.022714614868164,22.0,21.0,19.02629852294922,17.11724281311035,17.262676239013672,15.524174690246582,13.601470947265625,13.928388595581055,12.529964447021484,10.816654205322266,10.0,9.899495124816895,9.433980941772461,8.062257766723633,8.062257766723633
0,-43.0,-96,17,15,79.15807342529297,78.26238250732422,75.13321685791016,73.82411193847656,70.71067810058594,67.60177612304688,64.88451385498047,61.773780822753906,59.6824951171875,56.35601043701172,55.4707145690918,53.22593307495117,51.89412307739258,49.24428939819336,46.957427978515625,44.777225494384766,43.08131790161133,41.231056213378906,42.379241943359375,39.924930572509766,38.62641525268555,37.336307525634766,36.055511474609375,36.400550842285156,35.735137939453125,33.52610778808594,32.572994232177734,31.62277603149414,31.95309066772461,29.73213768005371,29.154760360717773,28.23118782043457,29.068883895874023,27.294687271118164,25.05992889404297,24.1867733001709,23.853721618652344,23.021728515625,20.615528106689453,19.10497283935547,17.69180679321289,16.970561981201172,16.278820037841797,15.264337539672852,14.422204971313477,12.083045959472656,11.704699516296387,10.440306663513184,9.219544410705566,9.05538558959961,8.0,8.062257766723633
0,-43.0,-96,18,11,84.9705810546875,80.95677947998047,80.95059967041016,77.82030487060547,74.6860122680664,68.44705963134766,67.11929321289062,64.88451385498047,63.071388244628906,59.93329620361328,58.18075180053711,56.36488342285156,55.009090423583984,51.88448715209961,50.11985778808594,48.3735466003418,45.486263275146484,44.10215377807617,43.011627197265625,41.617305755615234,41.04875183105469,42.20189666748047,38.01315689086914,37.80211639404297,38.01315689086914,36.619667053222656,34.4093017578125,34.828147888183594,33.60059356689453,32.202484130859375,31.064449310302734,31.064449310302734,31.064449310302734,30.01666259765625,27.73084831237793,26.4007568359375,24.698177337646484,23.409399032592773,22.803508758544922,20.880613327026367,19.416488647460938,19.416488647460938,17.464248657226562,17.0,15.0,14.0,13.03840446472168,12.369317054748535,11.704699516296387,9.848857879638672,9.433980941772461,7.8102498054504395
0,-43.0,-96,17,15,81.09870910644531,79.10120391845703,77.05841827392578,72.11102294921875,71.11258697509766,67.18630981445312,66.12110137939453,62.28964614868164,60.13318634033203,58.07753372192383,57.14017868041992,53.0848388671875,52.009613037109375,49.0,47.0,47.0,43.046485900878906,43.011627197265625,41.1096076965332,41.1096076965332,40.199501037597656,39.20458984375,37.2155876159668,36.34556198120117,36.22154235839844,35.22782897949219,34.2344856262207,32.557640075683594,31.400636672973633,32.24903106689453,31.064449310302734,31.064449310302734,28.0,28.0,26.0,27.0,24.020824432373047,23.0867919921875,22.360679626464844,20.39607810974121,20.39607810974121,18.439088821411133,15.81138801574707,17.464248657226562,14.764822959899902,14.317821502685547,13.601470947265625,11.401754379272461,10.630146026611328,10.630146026611328,9.433980941772461,8.5440034866333
0,-43.0,-96,17,14,80.80841827392578,77.23341369628906,75.1664810180664,72.24956512451172,69.52696990966797,67.26811981201172,63.78087615966797,61.61980056762695,58.898216247558594,55.973209381103516,55.31726837158203,53.26349639892578,49.81967544555664,48.41487503051758,47.801673889160156,46.615447998046875,44.65422821044922,41.88078308105469,41.88078308105469,40.49691390991211,39.4461669921875,38.07886505126953,37.2155876159668,36.67424011230469,35.35533905029297,35.7770881652832,34.885528564453125,34.48188018798828,33.12099075317383,32.649654388427734,31.38471031188965,31.38471031188965,30.232433319091797,28.017850875854492,27.20294189453125,26.4007568359375,24.83948516845703,24.083189010620117,21.931713104248047,21.931713104248047,20.51828384399414,19.84943389892578,18.601076126098633,17.492855072021484,15.264337539672852,14.317821502685547,13.601470947265625,12.369317054748535,11.180339813232422,11.0,9.0,9.0
0,-43.0,-96,17,14,82.2192153930664,76.10519409179688,78.23043060302734,73.06161499023438,73.10950469970703,66.06814575195312,65.0691909790039,61.032779693603516,61.073726654052734,59.13543701171875,57.21887969970703,54.230987548828125,53.33854293823242,50.48762130737305,47.51841735839844,47.85394287109375,44.14748001098633,45.89117431640625,42.44997024536133,41.231056213378906,40.024993896484375,40.52159881591797,39.560081481933594,38.60051727294922,37.64305877685547,35.735137939453125,35.44009017944336,34.78505325317383,32.572994232177734,33.83784866333008,31.048349380493164,30.805843353271484,29.614185333251953,28.635643005371094,28.44292449951172,28.284271240234375,26.172504425048828,24.083189010620117,23.021728515625,22.0,21.0,20.0,19.10497283935547,16.278820037841797,16.124515533447266,15.524174690246582,13.601470947265625,13.0,12.529964447021484,10.816654205322266,9.219544410705566,8.485280990600586
0,-42.0,-96,17,14,81.39410400390625,80.49844360351562,76.47875213623047,75.1797866821289,68.87670135498047,68.0,64.41273498535156,63.06346130371094,60.8276252746582,58.13776779174805,56.36488342285156,54.12947463989258,53.712196350097656,50.695167541503906,49.76947021484375,45.880279541015625,46.48655700683594,42.05948257446289,43.680660247802734,42.44997024536133,40.52159881591797,41.48493576049805,39.051246643066406,38.832977294921875,38.832977294921875,37.85498809814453,35.693138122558594,33.95585250854492,34.928497314453125,31.78049659729004,32.98484420776367,31.048349380493164,31.62277603149414,29.4108829498291,28.792360305786133,27.312999725341797,27.312999725341797,25.495098114013672,25.05992889404297,23.323806762695312,21.095022201538086,20.808652877807617,18.601076126098633,17.029386520385742,15.55634880065918,14.866068840026855,14.21267032623291,13.03840446472168,12.529964447021484,9.848857879638672,9.219544410705566,10.0
0,-42.0,-96,17,15,84.5280990600586,84.09518432617188,77.82030487060547,78.29431915283203,72.00694274902344,70.68238830566406,67.11929321289062,66.64083099365234,63.071388244628906,59.05929183959961,59.03388977050781,56.82429122924805,55.07267761230469,52.47856521606445,51.62363815307617,47.16990661621094,47.70744323730469,43.011627197265625,44.821868896484375,43.600460052490234,42.8018684387207,42.01190185546875,39.20458984375,39.69886779785156,40.45985794067383,39.69886779785156,36.878177642822266,36.2353401184082,36.12478256225586,33.30165100097656,33.42155075073242,32.80244064331055,32.202484130859375,30.232433319091797,30.01666259765625,27.784887313842773,27.294687271118164,25.05992889404297,25.942243576049805,24.166091918945312,22.135944366455078,21.840330123901367,18.681541442871094,18.439088821411133,17.11724281311035,16.0,16.0,13.0,12.165525436401367,11.180339813232422,10.770329475402832,8.9442720413208
0,-42.0,-96,17,14,81.74349975585938,79.76214599609375,76.53103637695312,75.80237579345703,69.87130737304688,69.87130737304688,65.4904556274414,61.66035842895508,61.400325775146484,56.4358024597168,57.55866622924805,54.451812744140625,52.239830017089844,50.08992004394531,49.09175109863281,46.0,46.010868072509766,44.0,44.04542922973633,42.10700607299805,41.04875183105469,40.199501037597656,38.11823654174805,38.20994567871094,38.11823654174805,37.121421813964844,36.22154235839844,34.2344856262207,34.13209533691406,33.13608169555664,33.060550689697266,32.140316009521484,31.064449310302734,30.0,29.0,27.073972702026367,27.073972702026367,24.1867733001709,23.34523582458496,23.53720474243164,20.39607810974121,19.646883010864258,19.92485809326172,18.384777069091797,16.552946090698242,15.65247631072998,13.892443656921387,13.03840446472168,12.041594505310059,10.630146026611328,9.433980941772461,8.062257766723633
0,-42.0,-96,16,18,82.80096435546875,79.4040298461914,76.40026092529297,74.63243103027344,70.80254364013672,67.42403411865234,66.0302963256836,63.0079345703125,61.032779693603516,57.80138397216797,55.60575485229492,54.037025451660156,53.26349639892578,50.32891845703125,49.04079818725586,46.010868072509766,45.27692413330078,43.13930892944336,41.72529220581055,41.72529220581055,40.31128692626953,39.623226165771484,38.94868469238281,37.64305877685547,38.28837966918945,37.64305877685547,36.12478256225586,35.38361358642578,33.970577239990234,33.241539001464844,31.11269760131836,31.14482307434082,30.479501724243164,29.20616340637207,29.20616340637207,27.80287742614746,25.806976318359375,24.698177337646484,23.323806762695312,22.825424194335938,22.847318649291992,20.248456954956055,18.973665237426758,16.492422103881836,16.278820037841797,15.132745742797852,15.033296585083008,14.0,12.165525436401367,11.401754379272461,10.440306663513184,8.5440034866333
0,-42.0,-96,17,15,84.75848388671875,81.59656524658203,80.3243408203125,76.89603424072266,73.73601531982422,70.57620239257812,68.3520278930664,64.8459701538086,62.96824645996094,61.6846809387207,59.13543701171875,56.61272048950195,55.36244201660156,51.92301940917969,49.72926712036133,50.447994232177734,46.87216567993164,44.72135925292969,44.72135925292969,44.55333709716797,42.57933807373047,42.296573638916016,40.31128692626953,40.199501037597656,39.20458984375,38.20994567871094,37.2155876159668,35.22782897949219,35.22782897949219,35.22782897949219,34.2344856262207,34.525352478027344,32.75667953491211,30.805843353271484,30.805843353271484,27.892650604248047,27.20294189453125,25.298221588134766,25.079872131347656,23.76972770690918,22.847318649291992,20.59126091003418,21.095022201538086,18.601076126098633,17.804492950439453,16.278820037841797,14.866068840026855,13.601470947265625,13.601470947265625,11.661903381347656,10.770329475402832,9.219544410705566
0,-43.0,-96,17,15,86.53900909423828,83.38465118408203,82.07923126220703,78.39005279541016,75.64390563964844,71.17584228515625,67.62396240234375,66.30987548828125,63.56099319458008,61.46543884277344,58.694122314453125,56.080299377441406,55.71355438232422,51.865211486816406,50.9215087890625,50.0,47.801673889160156,45.880279541015625,45.35416030883789,44.14748001098633,41.773197174072266,41.773197174072266,40.79215621948242,40.79215621948242,40.79215621948242,37.85498809814453,37.656341552734375,36.878177642822266,35.693138122558594,34.71310806274414,33.95585250854492,32.98484420776367,32.280025482177734,31.320919036865234,29.4108829498291,27.85677719116211,28.23118782043457,26.832815170288086,25.942243576049805,24.1867733001709,22.203603744506836,22.203603744506836,21.40093421936035,18.384777069091797,17.029386520385742,17.029386520385742,15.264337539672852,15.264337539672852,14.317821502685547,13.601470947265625,12.165525436401367,10.0
0,-43.0,-96,17,14,81.27114868164062,77.66595458984375,77.66595458984375,72.11102294921875,71.56116485595703,66.5732650756836,65.73431396484375,61.587337493896484,59.90826416015625,58.52349853515625,56.30275344848633,53.25410842895508,51.61395263671875,48.41487503051758,46.40043258666992,46.86149978637695,43.27817153930664,43.863426208496094,40.31128692626953,39.623226165771484,38.897300720214844,38.18376541137695,38.18376541137695,37.48332977294922,36.79673767089844,35.38361358642578,33.970577239990234,34.71310806274414,31.827661514282227,33.241539001464844,31.11269760131836,31.14482307434082,30.479501724243164,29.20616340637207,28.42534065246582,27.20294189453125,25.806976318359375,24.698177337646484,22.825424194335938,21.470911026000977,21.470911026000977,19.313207626342773,19.92485809326172,17.72004508972168,16.278820037841797,15.132745742797852,14.0,13.0,12.041594505310059,11.401754379272461,10.440306663513184,8.5440034866333
0,-43.0,-96,17,15,84.05355072021484,80.70935821533203,77.66595458984375,76.00657653808594,73.7834701538086,70.1783447265625,66.0378646850586,63.28506851196289,61.587337493896484,59.36328887939453,57.982757568359375,55.4707145690918,53.823787689208984,50.21951675415039,50.0,47.801673889160156,45.45327377319336,44.204071044921875,43.931766510009766,42.52058410644531,41.1096076965332,40.360870361328125,38.94868469238281,38.20994567871094,38.20994567871094,36.79673767089844,36.12478256225586,35.38361358642578,33.970577239990234,33.30165100097656,32.649654388427734,32.015621185302734,30.805843353271484,31.064449310302734,29.154760360717773,27.784887313842773,26.419689178466797,25.495098114013672,23.76972770690918,22.472204208374023,23.0867919921875,20.615528106689453,19.416488647460938,18.11077117919922,17.029386520385742,16.0,16.031219482421875,14.142135620117188,13.34166431427002,12.649110794067383,10.29563045501709,9.433980941772461
0,-43.0,-96,17,14,82.63776397705078,80.77747344970703,76.69419860839844,75.23961639404297,70.38465881347656,68.54196166992188,66.30987548828125,62.7694206237793,61.84658432006836,57.93962478637695,55.71355438232422,54.424259185791016,52.81098556518555,49.33558654785156,49.33558654785156,46.840152740478516,45.35416030883789,42.44997024536133,42.7551155090332,39.81205749511719,39.81205749511719,39.623226165771484,38.470767974853516,38.20994567871094,37.336307525634766,37.336307525634766,36.22154235839844,34.2344856262207,34.36568069458008,32.24903106689453,31.575305938720703,30.5941162109375,29.832868576049805,29.832868576049805,29.4108829498291,28.160255432128906,26.570659637451172,24.351591110229492,24.166091918945312,23.706539154052734,21.954498291015625,21.095022201538086,19.416488647460938,18.601076126098633,16.278820037841797,15.55634880065918,15.620499610900879,13.601470947265625,13.03840446472168,11.704699516296387,10.440306663513184,10.198039054870605
0,-43.0,-96,17,14,81.68843078613281,80.28075408935547,74.5184555053711,75.60423278808594,69.81404113769531,69.20259857177734,65.6048812866211,62.801273345947266,62.00806427001953,56.22277069091797,56.40035629272461,54.037025451660156,52.49761962890625,50.32891845703125,47.50789260864258,46.69047164916992,45.96738052368164,42.42640686035156,41.72529220581055,40.31128692626953,38.897300720214844,40.360870361328125,36.79673767089844,37.64305877685547,36.79673767089844,37.53664779663086,35.46829605102539,33.970577239990234,34.058773040771484,33.30165100097656,32.526912689208984,31.827661514282227,29.73213768005371,29.068883895874023,29.20616340637207,26.4007568359375,25.806976318359375,23.853721618652344,24.1867733001709,21.954498291015625,21.470911026000977,20.248456954956055,19.92485809326172,18.681541442871094,15.29705810546875,15.132745742797852,14.0,13.0,12.0,11.180339813232422,9.486832618713379,8.5440034866333
0,-43.0,-96,17,14,82.861328125,80.36167907714844,75.28611755371094,75.69015502929688,70.60453033447266,69.37578582763672,65.52098846435547,62.64183807373047,60.728904724121094,57.567352294921875,56.61272048950195,54.08327102661133,53.141319274902344,49.04079818725586,48.10405349731445,47.01063537597656,46.097721099853516,42.04759216308594,42.94182205200195,40.70626449584961,39.357337951660156,38.94868469238281,38.07886505126953,37.2155876159668,37.2155876159668,35.510562896728516,35.510562896728516,33.61547088623047,33.61547088623047,31.906112670898438,30.886890411376953,31.30495262145996,29.96664810180664,28.635643005371094,28.23118782043457,25.63201141357422,25.63201141357422,25.0,24.041629791259766,23.53720474243164,21.3775577545166,20.2237491607666,19.10497283935547,18.0,16.0,15.033296585083008,15.132745742797852,14.317821502685547,11.401754379272461,12.083045959472656,10.0,9.899495124816895
0,-43.0,-96,17,15,85.05292510986328,80.09993743896484,80.05622863769531,76.10519409179688,75.1065902709961,70.11418914794922,68.06614685058594,64.07027435302734,62.032249450683594,61.032779693603516,58.00862121582031,56.0,53.0,50.0,49.01020431518555,48.166378021240234,44.18144226074219,44.18144226074219,42.296573638916016,42.42640686035156,40.31128692626953,40.4474983215332,38.470767974853516,37.85498809814453,38.63935852050781,36.878177642822266,34.71310806274414,34.928497314453125,33.541019439697266,33.734256744384766,31.575305938720703,31.400636672973633,31.256999969482422,29.27456283569336,27.166154861450195,28.017850875854492,27.0,24.0,24.020824432373047,22.203603744506836,22.203603744506836,19.416488647460938,19.416488647460938,16.76305389404297,15.81138801574707,14.764822959899902,14.764822959899902,13.892443656921387,13.601470947265625,11.313708305358887,9.433980941772461,8.9442720413208
0,-43.0,-96,18,10,80.72174072265625,79.98124694824219,75.07329559326172,74.2765121459961,69.35416412353516,68.62215423583984,63.65532302856445,62.2414665222168,60.14149856567383,57.384666442871094,55.973209381103516,53.26349639892578,52.009613037109375,49.20365905761719,47.801673889160156,46.04345703125,44.65422821044922,41.88078308105469,41.34005355834961,40.8166618347168,39.4461669921875,38.94868469238281,37.2155876159668,37.121421813964844,35.34119415283203,34.438350677490234,33.541019439697266,33.541019439697266,33.541019439697266,30.886890411376953,30.886890411376953,30.01666259765625,29.681644439697266,27.459060668945312,26.62705421447754,25.0,24.20743751525879,24.20743751525879,22.671567916870117,21.931713104248047,19.84943389892578,19.209373474121094,18.601076126098633,17.492855072021484,16.552946090698242,14.866068840026855,14.866068840026855,12.369317054748535,11.180339813232422,11.0,10.049875259399414,9.05538558959961
0,-43.0,-96,17,14,80.60397338867188,79.42921447753906,76.48529052734375,74.3303451538086,70.03570556640625,66.91038513183594,63.95310592651367,62.169124603271484,60.01666259765625,57.070133209228516,55.90169906616211,53.15073013305664,51.195701599121094,49.24428939819336,47.53945541381836,44.643028259277344,43.680660247802734,41.761226654052734,40.49691390991211,40.853397369384766,39.560081481933594,38.62641525268555,36.400550842285156,37.161808013916016,35.84689712524414,34.539833068847656,33.241539001464844,32.31098937988281,32.31098937988281,30.08321762084961,30.675724029541016,28.460498809814453,28.460498809814453,26.925823211669922,27.658634185791016,24.331050872802734,25.179357528686523,23.194826126098633,23.0867919921875,21.02379608154297,20.0,19.02629852294922,17.11724281311035,16.278820037841797,15.29705810546875,13.928388595581055,13.0,12.529964447021484,10.0,9.899495124816895,9.899495124816895,8.062257766723633
0,-43.0,-96,17,14,82.07923126220703,78.92401123046875,77.8331527709961,74.46475982666016,72.23572540283203,68.54196166992188,66.30987548828125,63.158531188964844,60.539241790771484,58.30952072143555,56.46237564086914,54.230987548828125,52.55473327636719,49.648765563964844,47.12748718261719,47.12748718261719,44.643028259277344,43.416587829589844,41.773197174072266,40.79215621948242,39.623226165771484,37.656341552734375,36.878177642822266,36.49657440185547,35.693138122558594,34.71310806274414,34.36568069458008,33.37664031982422,32.38827133178711,31.575305938720703,30.805843353271484,29.614185333251953,28.861740112304688,27.20294189453125,27.20294189453125,26.0,25.079872131347656,22.825424194335938,22.360679626464844,20.59126091003418,20.248456954956055,18.601076126098633,18.601076126098633,17.029386520385742,16.278820037841797,14.21267032623291,13.892443656921387,12.529964447021484,11.704699516296387,11.401754379272461,11.045360565185547,10.0
0,-43.0,-96,17,15,85.0,82.20097351074219,81.4002456665039,77.6208724975586,74.65252685546875,70.43436431884766,69.20259857177734,65.4369888305664,62.00806427001953,60.605281829833984,58.41232681274414,55.60575485229492,53.00943374633789,49.648765563964844,47.434165954589844,47.70744323730469,45.27692413330078,44.41846466064453,43.416587829589844,42.05948257446289,40.31128692626953,38.910152435302734,38.01315689086914,37.57658767700195,36.67424011230469,35.34119415283203,34.438350677490234,34.01470184326172,32.202484130859375,33.541019439697266,30.4138126373291,30.01666259765625,29.154760360717773,28.301942825317383,27.80287742614746,26.62705421447754,25.612497329711914,24.041629791259766,22.627416610717773,20.51828384399414,20.615528106689453,18.601076126098633,19.72308349609375,17.0,16.155494689941406,14.560219764709473,13.601470947265625,13.03840446472168,12.0,10.049875259399414,10.198039054870605,8.5440034866333
0,-43.0,-96,17,15,86.40023040771484,80.60397338867188,81.4002456665039,76.216796875,74.20242309570312,69.81404113769531,67.00746154785156,64.81512451171875,62.801273345947266,60.0,57.80138397216797,54.4058837890625,53.823787689208984,51.61395263671875,48.25971221923828,48.54894256591797,44.777225494384766,43.90899658203125,42.05948257446289,41.59326934814453,39.824615478515625,39.357337951660156,37.121421813964844,38.07886505126953,36.67424011230469,34.01470184326172,34.01470184326172,34.01470184326172,33.61547088623047,32.649654388427734,30.01666259765625,30.4138126373291,30.528675079345703,28.017850875854492,25.806976318359375,26.4007568359375,24.20743751525879,23.34523582458496,22.627416610717773,20.51828384399414,20.615528106689453,18.867961883544922,18.027755737304688,16.124515533447266,14.317821502685547,13.601470947265625,14.317821502685547,13.03840446472168,12.0,11.0,11.180339813232422,9.848857879638672
0,-43.0,-96,18,11,88.61715698242188,82.87943267822266,82.97589874267578,79.98124694824219,76.41989135742188,72.91776275634766,70.0927963256836,65.85590362548828,64.38167572021484,62.481998443603516,59.46427536010742,56.85068130493164,55.44366455078125,52.009613037109375,50.6063232421875,47.20169448852539,46.04345703125,44.40720748901367,43.26661682128906,42.72002029418945,41.34005355834961,41.34005355834961,38.587562561035156,38.94868469238281,36.715118408203125,36.2353401184082,35.35533905029297,34.98571014404297,33.61547088623047,31.064449310302734,31.064449310302734,30.232433319091797,30.0,27.80287742614746,26.248809814453125,25.495098114013672,24.041629791259766,24.083189010620117,22.671567916870117,21.40093421936035,20.124610900878906,18.788293838500977,18.788293838500977,17.0880069732666,16.492422103881836,15.29705810546875,13.152946472167969,13.0,12.0,13.03840446472168,10.770329475402832,9.433980941772461
0,-43.0,-96,17,16,87.00574493408203,83.00602722167969,82.00609588623047,78.60025787353516,76.40026092529297,71.61005401611328,67.42403411865234,65.802734375,63.0079345703125,61.400325775146484,59.203041076660156,54.81787872314453,54.671749114990234,52.49761962890625,49.57822036743164,48.83646011352539,44.55333709716797,43.84062194824219,42.44997024536133,42.44997024536133,41.03656768798828,39.69886779785156,38.94868469238281,37.80211639404297,37.013511657714844,35.46829605102539,34.058773040771484,34.058773040771484,32.649654388427734,32.649654388427734,30.4138126373291,30.4138126373291,29.0,27.658634185791016,26.248809814453125,26.4007568359375,25.0,23.021728515625,22.472204208374023,21.470911026000977,21.470911026000977,18.384777069091797,17.72004508972168,17.262676239013672,15.132745742797852,15.033296585083008,14.0,13.03840446472168,12.369317054748535,10.770329475402832,11.180339813232422,10.0
0,-43.0,-96,17,17,88.40814208984375,82.61961364746094,82.61961364746094,77.20103454589844,77.20103454589844,72.20111083984375,70.60453033447266,66.40029907226562,62.00806427001953,62.00806427001953,59.81638717651367,57.628116607666016,53.90732955932617,51.088157653808594,48.91830062866211,48.79549026489258,45.25483322143555,45.25483322143555,42.52058410644531,41.86884307861328,40.45985794067383,38.28837966918945,39.051246643066406,38.41874694824219,36.400550842285156,35.608985900878906,34.828147888183594,32.80244064331055,31.400636672973633,32.202484130859375,29.73213768005371,30.479501724243164,28.319604873657227,27.58622932434082,26.90724754333496,25.495098114013672,24.83948516845703,22.472204208374023,21.63330841064453,19.72308349609375,19.235383987426758,18.027755737304688,18.027755737304688,16.492422103881836,14.317821502685547,14.03566837310791,13.0,12.041594505310059,12.165525436401367,12.083045959472656,10.816654205322266,8.485280990600586
0,-43.0,-96,17,16,88.54377746582031,86.02325439453125,83.16850280761719,80.65357971191406,76.24303436279297,73.08214569091797,71.16881561279297,68.00735473632812,64.8459701538086,61.6846809387207,60.083274841308594,57.245086669921875,54.424259185791016,52.55473327636719,50.695167541503906,49.76947021484375,47.423622131347656,45.617977142333984,44.72135925292969,43.382022857666016,41.146080017089844,41.59326934814453,40.24922180175781,38.587562561035156,36.715118408203125,35.84689712524414,36.359317779541016,34.0,34.885528564453125,33.12099075317383,30.870698928833008,30.870698928833008,30.08321762084961,28.792360305786133,27.20294189453125,25.961509704589844,26.248809814453125,25.495098114013672,22.360679626464844,21.21320343017578,20.02498435974121,19.02629852294922,17.0,16.031219482421875,15.29705810546875,15.132745742797852,13.928388595581055,12.083045959472656,11.661903381347656,11.401754379272461,9.433980941772461,9.433980941772461
0,-43.0,-96,18,13,93.5574722290039,88.81441497802734,87.29833984375,85.32877349853516,78.26238250732422,75.50496673583984,72.36711883544922,69.05070495605469,67.26811981201172,65.11528015136719,62.96824645996094,60.8276252746582,58.54912567138672,55.73149871826172,53.33854293823242,51.35172653198242,48.25971221923828,47.095645904541016,46.010868072509766,45.09988784790039,44.10215377807617,44.04542922973633,40.01249694824219,40.0,40.0,39.0,38.0,37.013511657714844,36.013885498046875,33.0151481628418,32.24903106689453,32.140316009521484,31.575305938720703,30.4138126373291,28.635643005371094,27.658634185791016,25.70992088317871,25.298221588134766,22.472204208374023,23.25940704345703,21.02379608154297,18.867961883544922,18.601076126098633,16.278820037841797,16.278820037841797,14.866068840026855,14.422204971313477,12.529964447021484,12.529964447021484,11.045360565185547,11.0,9.0
0,-43.0,-96,17,17,89.05054473876953,85.0,86.02325439453125,80.0,78.4091796875,72.80110168457031,70.0,66.40029907226562,64.40496826171875,63.60031509399414,60.80295944213867,56.859474182128906,56.30275344848633,53.5350341796875,51.312767028808594,49.24428939819336,46.52956008911133,46.52956008911133,44.283180236816406,43.382022857666016,42.48529052734375,41.62931823730469,40.71854782104492,38.62641525268555,38.07886505126953,35.84689712524414,34.928497314453125,34.1760139465332,33.61547088623047,34.01470184326172,30.870698928833008,30.4138126373291,30.4138126373291,28.17800521850586,27.784887313842773,26.07680892944336,23.600847244262695,23.430749893188477,23.430749893188477,20.51828384399414,19.10497283935547,18.439088821411133,16.401220321655273,16.124515533447266,14.317821502685547,13.416407585144043,13.34166431427002,12.369317054748535,12.0,12.0,9.219544410705566,8.9442720413208
0,-44.0,-96,17,17,91.78779602050781,89.55445098876953,84.11896514892578,83.6480712890625,78.29431915283203,74.70609283447266,72.00694274902344,69.83551788330078,68.0,62.7694206237793,62.64982223510742,59.53990173339844,56.603885650634766,55.226806640625,53.5350341796875,51.312767028808594,49.648765563964844,45.486263275146484,45.80392837524414,42.8018684387207,41.400482177734375,41.231056213378906,39.824615478515625,39.051246643066406,39.824615478515625,38.28837966918945,37.64305877685547,35.608985900878906,34.828147888183594,32.015621185302734,30.805843353271484,31.064449310302734,30.805843353271484,29.154760360717773,28.17800521850586,26.832815170288086,25.495098114013672,25.079872131347656,24.351591110229492,23.76972770690918,19.646883010864258,19.235383987426758,19.235383987426758,17.0,15.0,16.124515533447266,14.142135620117188,13.416407585144043,12.083045959472656,10.816654205322266,9.219544410705566,8.602325439453125
0,-44.0,-96,17,18,92.6498794555664,89.73851013183594,85.37564086914062,84.48076629638672,78.84795379638672,75.96051788330078,72.80110168457031,69.6419448852539,67.44627380371094,64.03124237060547,62.09669876098633,58.46366500854492,57.070133209228516,53.75872039794922,51.97114562988281,51.62363815307617,48.66210174560547,47.67599105834961,46.27094268798828,43.28972244262695,42.296573638916016,41.1096076965332,40.112342834472656,40.01249694824219,40.01249694824219,38.05259704589844,38.05259704589844,36.055511474609375,34.058773040771484,32.24903106689453,32.24903106689453,31.400636672973633,29.614185333251953,28.861740112304688,28.861740112304688,26.248809814453125,25.298221588134766,24.351591110229492,22.360679626464844,21.540658950805664,19.72308349609375,20.0,17.804492950439453,17.69180679321289,15.620499610900879,14.422204971313477,13.892443656921387,12.083045959472656,11.180339813232422,11.0,10.0,9.05538558959961
0,-44.0,-96,18,14,91.83136749267578,86.21485137939453,84.81155395507812,80.43009185791016,78.24320983886719,73.10950469970703,72.00694274902344,69.02897644042969,65.6048812866211,62.801273345947266,60.80295944213867,58.8217658996582,55.217750549316406,52.430908203125,49.09175109863281,48.87739944458008,46.14108657836914,46.14108657836914,44.29446792602539,42.94182205200195,40.70626449584961,39.81205749511719,38.910152435302734,38.07886505126953,36.24913787841797,36.67424011230469,35.7770881652832,34.438350677490234,33.541019439697266,34.0,30.01666259765625,29.154760360717773,29.681644439697266,27.459060668945312,26.4007568359375,25.0,24.083189010620117,21.931713104248047,21.931713104248047,19.84943389892578,19.209373474121094,17.492855072021484,17.0,16.155494689941406,13.928388595581055,13.34166431427002,13.0,12.0,12.041594505310059,10.198039054870605,10.29563045501709,9.219544410705566
0,-44.0,-96,18,14,88.86506652832031,86.03487396240234,83.48652648925781,80.65357971191406,78.77182006835938,74.3303451538086,69.28924560546875,67.06713104248047,65.19202423095703,61.6846809387207,59.4810905456543,56.32051086425781,54.81787872314453,52.63079071044922,50.695167541503906,47.85394287109375,46.69047164916992,45.7055778503418,43.416587829589844,41.773197174072266,40.4474983215332,40.31128692626953,39.20458984375,39.0128173828125,37.05401611328125,35.05709457397461,36.055511474609375,32.140316009521484,32.06243896484375,31.064449310302734,32.24903106689453,31.575305938720703,28.635643005371094,26.476404190063477,25.961509704589844,25.0,24.041629791259766,22.472204208374023,21.540658950805664,19.72308349609375,18.357559204101562,18.601076126098633,17.20465087890625,15.55634880065918,14.422204971313477,12.806248664855957,14.317821502685547,12.649110794067383,11.180339813232422,11.045360565185547,11.0,9.486832618713379
0,-44.0,-96,18,14,89.44271850585938,84.53401947021484,82.76472473144531,79.62411499023438,74.6860122680664,70.21395874023438,69.31810760498047,65.29930877685547,63.50590515136719,60.373836517333984,59.03388977050781,55.94640350341797,54.58937454223633,51.97114562988281,49.73931884765625,48.02082824707031,44.65422821044922,42.43819046020508,42.20189666748047,42.01190185546875,40.0,38.41874694824219,37.64305877685547,37.64305877685547,36.878177642822266,35.608985900878906,34.058773040771484,33.42155075073242,30.610456466674805,30.610456466674805,29.4108829498291,28.600698471069336,28.844409942626953,26.925823211669922,25.05992889404297,25.495098114013672,23.409399032592773,22.472204208374023,20.615528106689453,19.646883010864258,18.11077117919922,16.031219482421875,16.0,15.0,15.033296585083008,13.152946472167969,12.649110794067383,12.529964447021484,11.401754379272461,9.899495124816895,10.0,9.486832618713379
0,-44.0,-96,18,14,88.45903015136719,87.0,82.07313537597656,81.32035064697266,75.66372680664062,73.53910827636719,69.29646301269531,67.89698028564453,64.35060119628906,60.20797348022461,58.0,56.7274169921875,54.671749114990234,51.855567932128906,51.22499465942383,47.01063537597656,47.20169448852539,42.20189666748047,43.26661682128906,41.04875183105469,40.804412841796875,38.832977294921875,37.2155876159668,36.715118408203125,36.359317779541016,35.84689712524414,33.2866325378418,31.906112670898438,32.4499626159668,30.232433319091797,30.0,29.20616340637207,28.42534065246582,26.172504425048828,25.45584487915039,23.34523582458496,24.083189010620117,21.40093421936035,20.808652877807617,19.72308349609375,18.384777069091797,18.384777069091797,16.492422103881836,16.278820037841797,15.033296585083008,16.0,14.03566837310791,14.317821502685547,11.401754379272461,11.180339813232422,12.806248664855957,11.313708305358887
0,-44.0,-96,18,14,89.55445098876953,87.32124328613281,83.38465118408203,80.11241912841797,77.87811279296875,74.24958038330078,71.58910369873047,68.02940368652344,66.21178436279297,61.84658432006836,60.926185607910156,58.30952072143555,55.36244201660156,52.201534271240234,50.9215087890625,49.648765563964844,47.434165954589844,45.880279541015625,44.384681701660156,41.231056213378906,41.231056213378906,40.79215621948242,39.051246643066406,38.63935852050781,36.878177642822266,36.878177642822266,34.928497314453125,32.98484420776367,32.75667953491211,32.98484420776367,32.280025482177734,30.08321762084961,29.73213768005371,28.23118782043457,26.4007568359375,26.4007568359375,25.553865432739258,23.021728515625,22.803508758544922,20.615528106689453,21.260292053222656,19.10497283935547,17.804492950439453,17.20465087890625,16.124515533447266,14.866068840026855,14.560219764709473,14.142135620117188,14.0,13.0,11.180339813232422,11.704699516296387
0,-44.0,-96,18,15,95.33625030517578,93.64827728271484,87.57283020019531,88.36288452148438,79.4040298461914,78.31346893310547,74.24284362792969,71.44927978515625,69.18092346191406,65.6201171875,64.77654266357422,62.96824645996094,59.03388977050781,57.070133209228516,55.90169906616211,52.17279052734375,52.39274597167969,47.29693603515625,47.53945541381836,45.35416030883789,45.607017517089844,43.96589660644531,41.761226654052734,42.379241943359375,41.43669891357422,41.1096076965332,39.217342376708984,37.947330474853516,37.64305877685547,35.44009017944336,34.928497314453125,33.734256744384766,33.541019439697266,32.140316009521484,31.14482307434082,28.017850875854492,28.0,28.0,25.0,24.1867733001709,22.203603744506836,21.587032318115234,19.92485809326172,18.384777069091797,18.357559204101562,16.401220321655273,16.278820037841797,15.55634880065918,15.0,13.892443656921387,12.649110794067383,14.03566837310791
0,-44.0,-96,18,15,91.78779602050781,87.23531341552734,86.8158950805664,84.09518432617188,79.2022705078125,75.58438873291016,73.34848022460938,69.7782211303711,66.70832061767578,65.39112854003906,62.7694206237793,59.80802536010742,58.52349853515625,55.36244201660156,52.201534271240234,51.244510650634766,48.50773239135742,46.57252502441406,45.35416030883789,45.35416030883789,44.384681701660156,44.14748001098633,41.9761848449707,40.4474983215332,41.59326934814453,38.470767974853516,37.85498809814453,37.656341552734375,35.693138122558594,34.928497314453125,34.20526123046875,34.48188018798828,32.893768310546875,31.95309066772461,29.154760360717773,27.312999725341797,26.832815170288086,25.05992889404297,25.238859176635742,22.803508758544922,21.260292053222656,19.79899024963379,19.84943389892578,18.601076126098633,17.0,16.155494689941406,15.81138801574707,15.29705810546875,15.033296585083008,13.0,13.152946472167969,12.649110794067383
0,-44.0,-96,19,12,100.43903350830078,96.26006317138672,91.60785675048828,90.44335174560547,86.83892822265625,81.84130859375,78.23681640625,75.45197296142578,73.00685119628906,69.40460968017578,66.40029907226562,64.66065216064453,63.25345993041992,60.30754470825195,57.384666442871094,55.865909576416016,53.740116119384766,50.20956039428711,50.2493782043457,48.83646011352539,45.96738052368164,47.423622131347656,44.59820556640625,44.821868896484375,44.68780517578125,42.52058410644531,42.63801193237305,40.360870361328125,38.94868469238281,37.53664779663086,36.06937789916992,36.06937789916992,35.46829605102539,33.42155075073242,31.400636672973633,29.681644439697266,28.844409942626953,28.65309715270996,26.832815170288086,26.4007568359375,23.0867919921875,23.0867919921875,21.21320343017578,19.10497283935547,20.0,18.027755737304688,17.11724281311035,16.492422103881836,15.231546401977539,16.6433162689209,15.0,14.21267032623291
0,-44.0,-96,18,15,95.2732925415039,93.98403930664062,90.2496566772461,87.66413116455078,82.63776397705078,80.65357971191406,75.61084747314453,71.16881561279297,70.22820281982422,65.92420196533203,65.79513549804688,62.64982223510742,61.269893646240234,57.706153869628906,55.90169906616211,51.97114562988281,50.6063232421875,48.3735466003418,48.25971221923828,48.25971221923828,44.94440841674805,46.04345703125,43.011627197265625,41.400482177734375,42.8018684387207,40.804412841796875,40.0,38.60051727294922,38.832977294921875,36.619667053222656,36.359317779541016,34.48188018798828,34.0,31.78049659729004,31.95309066772461,28.792360305786133,28.792360305786133,26.925823211669922,25.495098114013672,23.34523582458496,23.0867919921875,22.0,21.0,19.02629852294922,18.439088821411133,16.76305389404297,17.8885440826416,15.264337539672852,14.21267032623291,14.142135620117188,13.601470947265625,13.416407585144043
0,-44.0,-96,18,14,84.40379333496094,82.0,78.10249328613281,76.68767547607422,72.7804946899414,69.85699462890625,66.70832061767578,64.03124237060547,61.84658432006836,58.94064712524414,57.28001403808594,55.36244201660156,52.49761962890625,50.59644317626953,48.703182220458984,47.16990661621094,44.94440841674805,43.46262741088867,42.95346450805664,41.62931823730469,40.31128692626953,40.71854782104492,37.57658767700195,37.121421813964844,37.121421813964844,36.67424011230469,35.7770881652832,34.885528564453125,33.61547088623047,34.01470184326172,31.016124725341797,31.016124725341797,29.4108829498291,29.120439529418945,26.68332862854004,24.515300750732422,25.317977905273438,24.1867733001709,22.022714614868164,22.0,20.02498435974121,19.10497283935547,18.248287200927734,16.492422103881836,15.81138801574707,15.65247631072998,15.264337539672852,14.422204971313477,13.45362377166748,12.806248664855957,11.661903381347656,11.401754379272461
0,-44.0,-96,18,16,96.79875946044922,93.19334411621094,90.97252655029297,87.92041778564453,83.23461151123047,79.88116455078125,77.93586730957031,72.94518280029297,70.1783447265625,66.8879623413086,65.51335906982422,62.7694206237793,59.53990173339844,56.35601043701172,53.66563034057617,53.712196350097656,52.0,50.695167541503906,47.75981521606445,46.81879806518555,44.59820556640625,43.96589660644531,43.32435989379883,42.05948257446289,42.05948257446289,40.804412841796875,39.217342376708984,37.0,37.0,37.336307525634766,35.84689712524414,35.84689712524414,33.541019439697266,31.30495262145996,30.01666259765625,29.681644439697266,28.017850875854492,26.4007568359375,24.75883674621582,23.34523582458496,21.931713104248047,20.0,20.248456954956055,18.357559204101562,17.464248657226562,16.492422103881836,16.278820037841797,16.0,16.031219482421875,15.29705810546875,14.866068840026855,13.892443656921387
0,-44.0,-96,18,17,98.81295776367188,97.6524429321289,92.0869140625,91.26335144042969,84.62860107421875,82.09750366210938,79.32212829589844,76.27581787109375,73.49829864501953,67.80117797851562,69.81404113769531,64.03124237060547,63.12685775756836,59.54829788208008,58.79625701904297,55.226806640625,53.037723541259766,49.497474670410156,50.20956039428711,48.79549026489258,48.08325958251953,46.69047164916992,44.59820556640625,45.45327377319336,44.68780517578125,43.27817153930664,42.52058410644531,40.360870361328125,41.01219177246094,38.20994567871094,36.79673767089844,36.878177642822266,34.828147888183594,33.0151481628418,33.0151481628418,30.01666259765625,29.529645919799805,27.73084831237793,26.4007568359375,25.63201141357422,23.53720474243164,23.194826126098633,21.095022201538086,20.0,19.0,18.11077117919922,15.524174690246582,15.81138801574707,14.764822959899902,13.601470947265625,13.45362377166748,14.422204971313477
0,-44.0,-96,19,12,96.54014587402344,93.86160278320312,90.13877868652344,86.05230712890625,83.24061584472656,79.02531433105469,75.43209075927734,72.34638977050781,69.65629577636719,65.94694519042969,63.78087615966797,64.38167572021484,60.10823440551758,57.28001403808594,56.56854248046875,53.75872039794922,51.6623649597168,48.91830062866211,46.86149978637695,46.097721099853516,45.45327377319336,44.68780517578125,43.416587829589844,41.617305755615234,40.804412841796875,42.01190185546875,40.804412841796875,38.41874694824219,37.64305877685547,36.878177642822266,33.970577239990234,33.241539001464844,33.30165100097656,29.73213768005371,30.0,28.600698471069336,28.017850875854492,25.942243576049805,25.495098114013672,22.847318649291992,22.135944366455078,20.615528106689453,20.39607810974121,17.029386520385742,17.0,17.11724281311035,16.124515533447266,16.76305389404297,16.552946090698242,15.264337539672852,16.278820037841797,14.422204971313477
0,-44.0,-96,19,12,97.6370849609375,96.25486755371094,92.9139404296875,91.26883697509766,86.53323364257812,81.83519744873047,79.07591247558594,74.625732421875,73.23933410644531,68.818603515625,66.2872543334961,64.40496826171875,62.801273345947266,59.81638717651367,59.03388977050781,55.31726837158203,53.81449508666992,50.990196228027344,51.62363815307617,49.497474670410156,46.66904830932617,46.66904830932617,45.27692413330078,44.59820556640625,45.25483322143555,43.13930892944336,43.13930892944336,39.59798049926758,39.59798049926758,36.79673767089844,36.12478256225586,36.878177642822266,35.0,33.0151481628418,32.75667953491211,31.38471031188965,30.4138126373291,28.23118782043457,26.0,25.298221588134766,23.53720474243164,23.34523582458496,21.095022201538086,21.0,20.0,17.262676239013672,18.439088821411133,17.464248657226562,16.552946090698242,15.81138801574707,16.278820037841797,15.0
0,-44.0,-96,19,13,100.0,98.49365234375,91.76055908203125,92.04889678955078,85.4400405883789,83.24061584472656,78.44743347167969,73.49829864501953,72.12489318847656,69.37578582763672,67.91170501708984,65.73431396484375,64.53681182861328,61.188232421875,59.228370666503906,55.90169906616211,53.600372314453125,51.4781494140625,52.345008850097656,50.48762130737305,48.093658447265625,47.095645904541016,45.09988784790039,45.0444221496582,45.09988784790039,44.10215377807617,41.19466018676758,41.30375289916992,41.30375289916992,37.656341552734375,38.63935852050781,36.878177642822266,36.13862228393555,35.44009017944336,33.52610778808594,31.016124725341797,30.870698928833008,28.65309715270996,28.301942825317383,26.62705421447754,24.20743751525879,23.34523582458496,21.931713104248047,21.40093421936035,19.72308349609375,17.464248657226562,16.76305389404297,18.439088821411133,16.124515533447266,15.0,15.033296585083008,14.317821502685547
0,-44.0,-96,18,16,96.64884948730469,94.82615661621094,90.91754150390625,89.89437866210938,84.11896514892578,82.2982406616211,77.89736938476562,73.82411193847656,70.71067810058594,69.35416412353516,67.60177612304688,64.66065216064453,61.587337493896484,59.07622146606445,57.42821502685547,54.20331954956055,54.20331954956055,51.22499465942383,50.32891845703125,48.166378021240234,47.423622131347656,46.69047164916992,45.96738052368164,45.96738052368164,44.55333709716797,43.84062194824219,41.72529220581055,41.03656768798828,40.360870361328125,39.051246643066406,36.2353401184082,37.013511657714844,36.619667053222656,34.13209533691406,31.906112670898438,31.38471031188965,29.96664810180664,29.154760360717773,27.85677719116211,26.248809814453125,24.515300750732422,23.34523582458496,23.021728515625,20.0,19.0,18.11077117919922,17.262676239013672,17.464248657226562,16.552946090698242,16.124515533447266,14.21267032623291,14.422204971313477
0,-44.0,-96,18,16,94.3663101196289,92.13034057617188,90.3382568359375,86.35391998291016,81.41252899169922,77.82672882080078,74.24284362792969,72.00694274902344,69.31810760498047,67.97793579101562,64.88451385498047,61.32699203491211,60.539241790771484,57.00876998901367,54.7813835144043,53.141319274902344,51.54609680175781,49.33558654785156,49.04079818725586,48.764739990234375,46.57252502441406,46.57252502441406,44.384681701660156,44.14748001098633,43.416587829589844,42.20189666748047,40.52159881591797,38.60051727294922,39.560081481933594,37.64305877685547,36.055511474609375,35.46829605102539,34.928497314453125,33.105892181396484,32.24903106689453,30.886890411376953,28.844409942626953,26.4007568359375,25.612497329711914,24.83948516845703,23.34523582458496,23.34523582458496,22.203603744506836,21.095022201538086,17.8885440826416,18.027755737304688,16.278820037841797,16.278820037841797,16.0,15.0,14.317821502685547,14.317821502685547
0,-44.0,-96,18,15,95.63471984863281,88.6848373413086,88.6848373413086,83.72574615478516,81.61495208740234,76.79192352294922,75.66372680664062,71.84706115722656,68.4689712524414,66.37017059326172,64.49806213378906,62.20128631591797,59.13543701171875,57.03507614135742,55.03635025024414,54.0,51.0,51.0,47.095645904541016,47.04253387451172,46.0,46.04345703125,45.0111083984375,44.18144226074219,43.104522705078125,42.04759216308594,40.01249694824219,39.0128173828125,39.0,39.0,35.0,35.05709457397461,34.01470184326172,33.13608169555664,33.37664031982422,31.575305938720703,29.614185333251953,29.120439529418945,26.570659637451172,26.0,24.166091918945312,22.825424194335938,23.323806762695312,20.615528106689453,20.51828384399414,18.384777069091797,17.804492950439453,18.027755737304688,16.552946090698242,17.72004508972168,15.29705810546875,15.0
0,-44.0,-96,18,15,93.40770721435547,90.82400512695312,87.66413116455078,84.30895233154297,80.77747344970703,77.2528305053711,74.46475982666016,70.57620239257812,69.89277648925781,65.78753662109375,63.5688591003418,62.297672271728516,58.52349853515625,57.567352294921875,54.120235443115234,54.34151077270508,51.195701599121094,49.030601501464844,47.67599105834961,46.52956008911133,46.389652252197266,44.18144226074219,44.40720748901367,43.185646057128906,43.28972244262695,42.296573638916016,40.31128692626953,39.20458984375,38.470767974853516,38.63935852050781,35.693138122558594,34.928497314453125,34.20526123046875,32.98484420776367,31.95309066772461,31.016124725341797,29.546573638916016,27.73084831237793,25.553865432739258,24.698177337646484,23.853721618652344,23.600847244262695,22.627416610717773,19.84943389892578,18.601076126098633,18.867961883544922,17.8885440826416,16.155494689941406,16.278820037841797,15.0,15.0,14.142135620117188
0,-44.0,-96,18,15,92.35800170898438,90.47651672363281,86.03487396240234,83.93450164794922,78.18567657470703,75.3923110961914,71.16881561279297,69.57010650634766,68.62215423583984,64.8459701538086,62.64183807373047,60.16643524169922,57.723480224609375,55.10898208618164,55.10898208618164,53.15073013305664,51.97114562988281,49.648765563964844,46.27094268798828,45.39823913574219,45.17742919921875,44.18144226074219,44.18144226074219,42.01190185546875,43.104522705078125,41.1096076965332,40.04996871948242,40.04996871948242,38.20994567871094,36.22154235839844,35.35533905029297,34.36568069458008,33.734256744384766,32.98484420776367,33.241539001464844,31.048349380493164,29.154760360717773,26.570659637451172,26.4007568359375,25.05992889404297,23.853721618652344,23.021728515625,21.21320343017578,19.84943389892578,17.69180679321289,17.804492950439453,18.027755737304688,16.552946090698242,15.524174690246582,15.29705810546875,14.0,14.0
0,-44.0,-96,18,15,91.76055908203125,90.13877868652344,86.40023040771484,83.81526947021484,79.69943237304688,76.5375747680664,73.37574768066406,70.88018035888672,68.96376037597656,65.25334930419922,62.817195892333984,61.392181396484375,58.051700592041016,58.051700592041016,55.90169906616211,51.62363815307617,51.35172653198242,48.3735466003418,47.16990661621094,46.173583984375,46.173583984375,45.0444221496582,44.0113639831543,43.0,43.0,43.011627197265625,41.04875183105469,40.01249694824219,39.051246643066406,37.013511657714844,36.22154235839844,35.22782897949219,34.525352478027344,33.734256744384766,32.75667953491211,31.048349380493164,30.675724029541016,27.85677719116211,28.23118782043457,25.495098114013672,24.1867733001709,23.323806762695312,22.803508758544922,21.260292053222656,19.84943389892578,17.029386520385742,18.867961883544922,18.357559204101562,18.027755737304688,15.81138801574707,16.031219482421875,16.0
0,-43.0,-96,18,15,94.3663101196289,90.68627166748047,87.86353302001953,85.70297241210938,82.87943267822266,77.15568542480469,75.07329559326172,72.34638977050781,69.52696990966797,67.47592163085938,64.53681182861328,61.84658432006836,60.605281829833984,57.42821502685547,55.0,53.823787689208984,53.25410842895508,49.09175109863281,49.24428939819336,48.3735466003418,46.14108657836914,46.14108657836914,44.777225494384766,45.17742919921875,44.29446792602539,42.05948257446289,40.31128692626953,39.96248245239258,39.96248245239258,39.11521530151367,38.01315689086914,38.27531814575195,35.608985900878906,35.608985900878906,32.557640075683594,31.827661514282227,30.4138126373291,29.068883895874023,28.42534065246582,26.07680892944336,26.419689178466797,24.59674835205078,24.59674835205078,22.135944366455078,20.880613327026367,20.39607810974121,19.02629852294922,19.0,18.027755737304688,16.278820037841797,16.155494689941406,14.764822959899902
0,-43.0,-96,18,13,93.08598327636719,88.00568389892578,89.08984375,83.05419921875,82.05486297607422,76.02631378173828,74.1080322265625,71.0633544921875,70.1783447265625,67.26811981201172,65.27633666992188,62.28964614868164,59.53990173339844,57.706153869628906,54.58937454223633,55.10898208618164,51.195701599121094,50.990196228027344,46.840152740478516,48.50773239135742,46.57252502441406,46.173583984375,44.643028259277344,45.221675872802734,43.65776062011719,42.05948257446289,41.1096076965332,41.1096076965332,39.84971618652344,39.84971618652344,36.13862228393555,37.85498809814453,36.67424011230469,34.525352478027344,34.2344856262207,32.24903106689453,32.24903106689453,29.0,29.0,26.019224166870117,26.172504425048828,24.1867733001709,23.76972770690918,22.803508758544922,21.189620971679688,20.124610900878906,19.72308349609375,18.601076126098633,17.69180679321289,16.970561981201172,15.620499610900879,14.764822959899902
0,-43.0,-96,17,18,91.21403503417969,87.09190368652344,86.34812927246094,81.74349975585938,80.77747344970703,74.21590423583984,74.46475982666016,69.37578582763672,66.94026947021484,66.94026947021484,64.03124237060547,61.392181396484375,58.24946212768555,56.08921432495117,53.600372314453125,54.451812744140625,49.36598205566406,50.35871505737305,48.041648864746094,47.04253387451172,46.04345703125,46.04345703125,44.18144226074219,43.0,42.01190185546875,41.04875183105469,41.01219177246094,40.01249694824219,39.0128173828125,39.0128173828125,37.2155876159668,38.20994567871094,35.510562896728516,32.75667953491211,32.98484420776367,32.98484420776367,31.62277603149414,28.792360305786133,27.312999725341797,26.4007568359375,25.553865432739258,24.698177337646484,25.0,21.931713104248047,21.21320343017578,19.10497283935547,20.0,18.027755737304688,17.8885440826416,16.76305389404297,16.278820037841797,15.033296585083008
0,-43.0,-96,17,18,92.28217315673828,88.6848373413086,84.59905242919922,82.76472473144531,80.13114166259766,75.1797866821289,73.43023681640625,70.8307876586914,68.09552001953125,65.51335906982422,62.7694206237793,62.12889862060547,59.07622146606445,57.42821502685547,54.64430618286133,52.801513671875,51.22499465942383,49.81967544555664,48.27007293701172,47.50789260864258,45.343135833740234,46.010868072509766,44.55333709716797,43.13930892944336,45.25483322143555,42.42640686035156,41.72529220581055,41.231056213378906,40.31128692626953,40.360870361328125,37.013511657714844,37.202152252197266,36.400550842285156,33.2866325378418,33.2866325378418,33.61547088623047,31.30495262145996,29.546573638916016,28.23118782043457,27.513633728027344,25.298221588134766,25.0,23.34523582458496,22.203603744506836,20.02498435974121,21.0,19.0,19.416488647460938,18.439088821411133,16.155494689941406,14.764822959899902,14.422204971313477
0,-43.0,-96,17,18,91.3509750366211,89.35882568359375,86.28441619873047,84.38008880615234,79.30951690673828,76.32168579101562,72.17340087890625,71.11258697509766,69.065185546875,65.12296295166016,64.07027435302734,62.032249450683594,60.0,57.0,55.0,53.037723541259766,53.0848388671875,49.09175109863281,49.25444030761719,47.381431579589844,48.25971221923828,46.389652252197266,43.416587829589844,44.72135925292969,43.5660400390625,42.57933807373047,41.59326934814453,40.607879638671875,40.31128692626953,38.327537536621094,38.11823654174805,37.121421813964844,36.013885498046875,35.0142822265625,34.0,32.015621185302734,31.14482307434082,30.265491485595703,29.27456283569336,27.658634185791016,25.961509704589844,25.0,23.76972770690918,21.540658950805664,20.59126091003418,20.0,19.209373474121094,19.10497283935547,16.401220321655273,16.6433162689209,15.231546401977539,13.34166431427002
0,-43.0,-96,17,18,92.19544219970703,87.14356231689453,87.14356231689453,85.05292510986328,81.09870910644531,76.05918884277344,74.1080322265625,72.06246948242188,69.2603759765625,66.18912506103516,65.27633666992188,62.513999938964844,59.6824951171875,57.87054443359375,54.7448616027832,53.36665725708008,51.41984176635742,51.195701599121094,50.0,49.04079818725586,47.53945541381836,47.12748718261719,45.221675872802734,44.0113639831543,43.32435989379883,42.379241943359375,41.78516387939453,42.72002029418945,41.1096076965332,40.804412841796875,38.327537536621094,38.07886505126953,36.878177642822266,35.902645111083984,34.36568069458008,33.37664031982422,32.140316009521484,32.015621185302734,29.0,27.0,26.019224166870117,24.083189010620117,24.331050872802734,22.56102752685547,20.880613327026367,19.697715759277344,18.788293838500977,18.357559204101562,18.027755737304688,17.029386520385742,15.620499610900879,15.264337539672852
0,-43.0,-96,17,18,87.28115844726562,82.38932037353516,81.39410400390625,80.39900207519531,74.4311752319336,73.43704986572266,69.2603759765625,66.18912506103516,64.1248779296875,62.032249450683594,60.0333251953125,59.00847244262695,56.0,53.0,52.0,50.03998565673828,50.15974426269531,48.093658447265625,48.3735466003418,45.54119110107422,44.55333709716797,43.5660400390625,40.607879638671875,41.9761848449707,41.0,39.81205749511719,39.81205749511719,38.832977294921875,37.656341552734375,37.48332977294922,36.34556198120117,34.13209533691406,33.13608169555664,33.0151481628418,32.0,31.0,30.01666259765625,28.017850875854492,26.172504425048828,24.331050872802734,24.515300750732422,24.041629791259766,23.409399032592773,21.931713104248047,17.8885440826416,18.357559204101562,17.20465087890625,16.401220321655273,16.278820037841797,17.20465087890625,15.264337539672852,13.928388595581055
0,-43.0,-96,19,8,80.80223083496094,78.00640869140625,78.23681640625,73.60027313232422,72.20111083984375,67.00746154785156,66.0302963256836,63.24555206298828,61.29437255859375,60.464866638183594,56.035701751708984,54.64430618286133,52.47856521606445,51.62363815307617,48.87739944458008,48.764739990234375,45.617977142333984,45.617977142333984,44.777225494384766,43.46262741088867,41.231056213378906,40.853397369384766,39.924930572509766,40.49691390991211,39.924930572509766,37.6961555480957,36.769554138183594,37.6961555480957,35.46829605102539,36.24913787841797,34.438350677490234,34.438350677490234,33.541019439697266,31.38471031188965,30.01666259765625,30.232433319091797,28.844409942626953,27.018512725830078,26.248809814453125,25.45584487915039,23.34523582458496,22.022714614868164,21.40093421936035,19.72308349609375,18.357559204101562,18.384777069091797,16.76305389404297,16.76305389404297,17.262676239013672,15.0,15.033296585083008,14.560219764709473
0,-43.0,-96,17,17,89.02246856689453,85.02352905273438,83.00602722167969,80.0,78.00640869140625,73.0,72.02777099609375,69.065185546875,66.06814575195312,64.03124237060547,62.00806427001953,60.074954986572266,58.215118408203125,56.22277069091797,52.239830017089844,52.46903991699219,50.635955810546875,49.648765563964844,48.05205535888672,46.87216567993164,45.89117431640625,45.35416030883789,43.931766510009766,44.14748001098633,41.9761848449707,41.0,40.26164245605469,39.623226165771484,38.832977294921875,37.656341552734375,36.49657440185547,36.34556198120117,37.2155876159668,34.058773040771484,34.01470184326172,32.0,31.016124725341797,29.27456283569336,27.166154861450195,27.459060668945312,25.495098114013672,24.73863410949707,23.409399032592773,21.540658950805664,21.470911026000977,19.416488647460938,19.209373474121094,18.439088821411133,16.970561981201172,16.401220321655273,15.65247631072998,15.231546401977539
0,-43.0,-96,17,18,90.04998779296875,89.08984375,87.02298736572266,83.09632873535156,81.05553436279297,77.02597045898438,73.10950469970703,70.06425476074219,68.06614685058594,65.0076904296875,64.0,62.0,59.0,57.00876998901367,54.037025451660156,53.23532485961914,52.239830017089844,50.2493782043457,49.497474670410156,48.3735466003418,47.381431579589844,46.389652252197266,45.54119110107422,42.7551155090332,42.7551155090332,41.59326934814453,40.607879638671875,40.607879638671875,40.4474983215332,40.607879638671875,38.11823654174805,36.055511474609375,37.05401611328125,36.0,35.0142822265625,33.0151481628418,32.140316009521484,31.14482307434082,28.44292449951172,27.658634185791016,25.961509704589844,25.298221588134766,25.63201141357422,23.25940704345703,21.02379608154297,20.615528106689453,19.84943389892578,18.384777069091797,18.601076126098633,17.20465087890625,16.552946090698242,15.524174690246582
0,-43.0,-96,17,17,87.41853332519531,84.20214080810547,85.44589233398438,79.4040298461914,78.81623840332031,73.60027313232422,72.20111083984375,67.20118713378906,66.0302963256836,64.07027435302734,61.29437255859375,60.20797348022461,57.45433044433594,55.07267761230469,51.97114562988281,53.23532485961914,49.19349670410156,50.08992004394531,47.92702865600586,47.01063537597656,46.097721099853516,45.694637298583984,44.384681701660156,44.59820556640625,43.65776062011719,40.49691390991211,40.853397369384766,39.924930572509766,38.62641525268555,39.0,37.161808013916016,36.2353401184082,36.2353401184082,34.98571014404297,32.4499626159668,32.4499626159668,30.805843353271484,30.0,27.58622932434082,26.870058059692383,26.172504425048828,24.20743751525879,24.20743751525879,22.472204208374023,21.470911026000977,20.615528106689453,19.92485809326172,18.973665237426758,18.248287200927734,18.11077117919922,17.0,15.29705810546875
0,-43.0,-96,18,14,93.04837799072266,90.022216796875,88.09085845947266,86.05230712890625,84.09518432617188,78.05767059326172,76.02631378173828,73.17103576660156,71.17584228515625,65.19202423095703,65.12296295166016,65.27633666992188,63.3876953125,58.54912567138672,57.55866622924805,54.7448616027832,53.75872039794922,51.195701599121094,51.92301940917969,50.695167541503906,47.801673889160156,49.33558654785156,46.840152740478516,46.48655700683594,45.221675872802734,43.96589660644531,44.271888732910156,42.05948257446289,41.761226654052734,40.52159881591797,40.024993896484375,40.024993896484375,38.832977294921875,37.656341552734375,36.22154235839844,33.060550689697266,33.0,32.0,31.0,30.066593170166016,28.284271240234375,27.294687271118164,26.476404190063477,25.0,24.351591110229492,20.615528106689453,20.615528106689453,20.248456954956055,19.84943389892578,17.69180679321289,18.601076126098633,16.6433162689209
0,-43.0,-96,18,13,91.60785675048828,88.60022735595703,83.81526947021484,82.80096435546875,78.00640869140625,77.20103454589844,73.40980529785156,71.21797180175781,69.20259857177734,66.61080932617188,64.07027435302734,61.587337493896484,60.20797348022461,56.93856430053711,55.226806640625,53.851646423339844,51.4781494140625,50.537113189697266,49.19349670410156,50.08992004394531,47.423622131347656,46.51881408691406,45.18849563598633,45.31004333496094,43.46262741088867,43.46262741088867,43.382022857666016,42.04759216308594,41.62931823730469,39.357337951660156,39.824615478515625,37.735923767089844,37.735923767089844,36.619667053222656,36.055511474609375,32.649654388427734,33.42155075073242,31.14482307434082,29.73213768005371,29.068883895874023,26.248809814453125,25.0,25.806976318359375,24.1867733001709,22.472204208374023,21.189620971679688,20.880613327026367,20.2237491607666,19.02629852294922,19.0,17.0,15.524174690246582
0,-43.0,-96,17,17,89.3756103515625,85.91275024414062,82.87943267822266,82.46211242675781,76.5767593383789,75.92759704589844,72.62230682373047,68.11754608154297,67.35725402832031,62.96824645996094,62.93647766113281,60.81118392944336,59.41380310058594,56.63920974731445,53.75872039794922,51.7397346496582,51.855567932128906,49.04079818725586,49.40647888183594,47.801673889160156,45.607017517089844,45.221675872802734,44.65422821044922,44.41846466064453,44.10215377807617,43.5660400390625,41.88078308105469,40.49691390991211,40.224369049072266,38.832977294921875,39.408119201660156,38.41874694824219,38.28837966918945,34.65544509887695,33.941123962402344,33.241539001464844,33.241539001464844,31.14482307434082,30.610456466674805,28.600698471069336,26.62705421447754,26.419689178466797,25.05992889404297,23.25940704345703,23.0867919921875,20.615528106689453,20.39607810974121,19.10497283935547,19.0,19.0,17.029386520385742,14.560219764709473
0,-43.0,-96,17,18,91.24143981933594,89.26925659179688,86.31338500976562,83.54639434814453,79.07591247558594,76.48529052734375,73.97972869873047,70.85901641845703,68.88395690917969,65.6201171875,64.49806213378906,62.20128631591797,61.20457458496094,58.215118408203125,56.080299377441406,55.009090423583984,54.0,50.0,50.0,49.0,48.0,48.010414123535156,46.010868072509766,45.17742919921875,45.09988784790039,45.09988784790039,44.10215377807617,43.046485900878906,41.01219177246094,40.01249694824219,40.0,40.0,39.051246643066406,37.2155876159668,37.336307525634766,33.541019439697266,32.75667953491211,31.78049659729004,30.08321762084961,29.120439529418945,27.513633728027344,26.4007568359375,25.495098114013672,23.021728515625,21.63330841064453,21.260292053222656,20.51828384399414,19.84943389892578,19.416488647460938,17.8885440826416,15.81138801574707,16.492422103881836
0,-43.0,-96,18,14,94.2602767944336,90.13877868652344,89.27485656738281,86.09297180175781,82.15229797363281,79.05693817138672,75.05997467041016,73.10950469970703,71.0633544921875,68.26419067382812,65.27633666992188,63.50590515136719,61.52235412597656,58.85575485229492,57.55866622924805,55.90169906616211,54.7448616027832,51.97114562988281,51.41984176635742,50.21951675415039,49.030601501464844,49.47726821899414,47.53945541381836,48.383880615234375,46.840152740478516,45.880279541015625,44.384681701660156,43.17406463623047,42.95346450805664,40.79215621948242,40.607879638671875,40.4474983215332,40.31128692626953,38.05259704589844,38.01315689086914,36.013885498046875,34.0,33.0151481628418,32.140316009521484,30.4138126373291,29.614185333251953,27.892650604248047,27.20294189453125,24.351591110229492,24.59674835205078,23.323806762695312,21.63330841064453,21.260292053222656,20.51828384399414,18.439088821411133,18.867961883544922,17.464248657226562
0,-43.0,-96,18,13,86.97700500488281,85.0,82.87339782714844,80.8949966430664,75.80237579345703,74.96665954589844,71.84706115722656,68.88395690917969,67.60177612304688,63.3876953125,62.28964614868164,59.21148681640625,58.07753372192383,56.035701751708984,54.037025451660156,52.0,52.0,50.0,49.09175109863281,47.04253387451172,46.097721099853516,45.17742919921875,45.09988784790039,44.40720748901367,44.283180236816406,44.283180236816406,41.1096076965332,40.31128692626953,40.112342834472656,41.04875183105469,39.0,38.0,37.0,36.055511474609375,34.058773040771484,33.241539001464844,32.557640075683594,30.4138126373291,28.861740112304688,28.160255432128906,26.248809814453125,25.63201141357422,24.59674835205078,25.05992889404297,22.472204208374023,20.808652877807617,20.51828384399414,18.384777069091797,18.601076126098633,18.027755737304688,15.65247631072998,16.76305389404297
0,-43.0,-96,18,15,93.4772720336914,88.23265075683594,87.92041778564453,83.81526947021484,82.09750366210938,76.843994140625,74.88658142089844,71.28113555908203,69.3397445678711,67.41661834716797,64.66065216064453,63.28506851196289,61.400325775146484,60.41522979736328,57.30619430541992,55.90169906616211,53.22593307495117,50.56678771972656,50.15974426269531,49.76947021484375,48.84669876098633,48.46648406982422,47.53945541381836,47.16990661621094,47.16990661621094,45.54119110107422,44.59820556640625,44.0113639831543,43.08131790161133,42.154476165771484,41.146080017089844,40.24922180175781,38.94868469238281,38.07886505126953,37.735923767089844,36.055511474609375,35.0,34.058773040771484,31.827661514282227,30.4138126373291,29.068883895874023,28.42534065246582,27.80287742614746,26.07680892944336,25.05992889404297,23.25940704345703,22.135944366455078,21.587032318115234,21.3775577545166,20.0,19.0,18.439088821411133
0,-43.0,-96,18,14,91.4111557006836,90.09439849853516,85.5102310180664,85.0,80.0624771118164,78.91767883300781,73.16419982910156,72.36711883544922,68.06614685058594,65.51335906982422,63.78871536254883,63.06346130371094,59.4810905456543,59.4810905456543,57.28001403808594,54.08327102661133,54.08327102661133,50.9215087890625,50.695167541503906,48.46648406982422,49.39635467529297,47.92702865600586,46.097721099853516,45.650848388671875,46.06517028808594,44.283180236816406,44.283180236816406,42.54409408569336,43.46262741088867,39.39543151855469,41.78516387939453,40.49691390991211,38.60051727294922,38.327537536621094,36.13862228393555,35.902645111083984,33.541019439697266,32.24903106689453,31.14482307434082,31.016124725341797,29.0,28.017850875854492,26.019224166870117,24.1867733001709,23.76972770690918,22.472204208374023,22.472204208374023,21.02379608154297,18.357559204101562,20.0,18.384777069091797,17.20465087890625
0,-43.0,-96,18,14,90.07774353027344,87.8464584350586,87.09190368652344,85.08818817138672,80.62257385253906,77.077880859375,73.53910827636719,70.38465881347656,69.28924560546875,67.41661834716797,63.324562072753906,62.297672271728516,60.728904724121094,58.24087905883789,58.24087905883789,54.5710563659668,53.36665725708008,51.195701599121094,50.635955810546875,49.648765563964844,49.648765563964844,49.497474670410156,46.52956008911133,46.389652252197266,47.51841735839844,45.27692413330078,44.283180236816406,43.5660400390625,41.59326934814453,40.607879638671875,40.79215621948242,39.81205749511719,40.024993896484375,38.327537536621094,35.735137939453125,35.46829605102539,34.539833068847656,34.01470184326172,32.649654388427734,30.01666259765625,28.844409942626953,28.017850875854492,28.017850875854492,25.495098114013672,23.34523582458496,23.430749893188477,23.021728515625,21.095022201538086,20.615528106689453,20.248456954956055,19.416488647460938,18.0
0,-43.0,-96,18,14,92.34716796875,89.27485656738281,89.20201873779297,84.2140121459961,82.2192153930664,76.32168579101562,75.1664810180664,72.11102294921875,70.028564453125,67.06713104248047,65.12296295166016,64.0078125,62.0,59.00847244262695,56.035701751708984,57.14017868041992,53.23532485961914,53.33854293823242,49.648765563964844,49.648765563964844,49.648765563964844,48.83646011352539,48.66210174560547,47.85394287109375,46.87216567993164,45.89117431640625,44.72135925292969,45.7055778503418,42.7551155090332,43.5660400390625,40.199501037597656,40.199501037597656,40.112342834472656,39.0128173828125,39.0,37.0,35.05709457397461,33.13608169555664,32.38827133178711,31.575305938720703,30.5941162109375,27.20294189453125,27.20294189453125,25.63201141357422,24.166091918945312,25.05992889404297,23.853721618652344,20.615528106689453,22.627416610717773,20.0,19.416488647460938,17.8885440826416
0,-43.0,-96,18,15,96.26006317138672,94.86833190917969,88.7524642944336,89.30845642089844,81.54139709472656,79.88116455078125,77.10382843017578,75.7165756225586,72.94518280029297,68.26419067382812,67.74215698242188,65.86349487304688,62.64982223510742,61.773780822753906,59.4810905456543,58.13776779174805,57.697486877441406,53.712196350097656,53.3104133605957,52.39274597167969,50.695167541503906,50.695167541503906,48.46648406982422,48.383880615234375,48.46648406982422,47.75981521606445,47.16990661621094,46.2385139465332,46.615447998046875,42.95346450805664,42.94182205200195,42.05948257446289,40.31128692626953,39.96248245239258,39.66106414794922,37.44329071044922,36.400550842285156,34.828147888183594,33.970577239990234,33.241539001464844,30.479501724243164,29.832868576049805,27.80287742614746,26.925823211669922,25.05992889404297,24.166091918945312,23.409399032592773,22.360679626464844,21.21320343017578,22.0,20.0,19.10497283935547
0,-43.0,-96,18,15,95.2732925415039,93.04837799072266,90.2496566772461,88.0227279663086,83.57032775878906,79.47956085205078,77.077880859375,73.53910827636719,72.61542510986328,68.54196166992188,68.54196166992188,65.79513549804688,63.071388244628906,61.717098236083984,59.9416389465332,58.30952072143555,55.226806640625,52.47856521606445,53.5350341796875,53.25410842895508,51.312767028808594,50.21951675415039,48.82622146606445,49.40647888183594,48.82622146606445,47.434165954589844,47.20169448852539,45.486263275146484,44.41846466064453,44.94440841674805,43.046485900878906,43.416587829589844,41.18252182006836,38.4837646484375,38.07886505126953,36.400550842285156,35.735137939453125,34.48188018798828,32.75667953491211,32.557640075683594,30.265491485595703,29.068883895874023,29.017236709594727,27.0,25.01999282836914,23.34523582458496,23.53720474243164,23.0867919921875,22.847318649291992,21.095022201538086,19.416488647460938,17.69180679321289
0,-43.0,-96,18,14,90.78546142578125,87.20664978027344,86.45230102539062,84.38601684570312,80.80841827392578,75.82215881347656,75.1664810180664,70.93659210205078,70.83784484863281,67.20863342285156,65.0691909790039,62.22539520263672,60.14149856567383,58.728187561035156,55.17245864868164,55.31726837158203,53.413482666015625,51.22499465942383,50.6063232421875,50.0,50.0,49.40647888183594,47.20169448852539,47.16990661621094,47.70744323730469,44.65422821044922,44.65422821044922,43.011627197265625,42.43819046020508,40.804412841796875,40.607879638671875,41.86884307861328,39.623226165771484,38.18376541137695,36.12478256225586,35.38361358642578,34.058773040771484,33.60059356689453,30.805843353271484,30.528675079345703,28.65309715270996,27.312999725341797,26.0,25.298221588134766,24.515300750732422,23.34523582458496,23.0867919921875,22.0,20.02498435974121,19.10497283935547,18.973665237426758,17.8885440826416
0,-43.0,-96,18,15,96.10411071777344,93.94147491455078,90.60904693603516,89.8220443725586,84.5280990600586,81.78630828857422,79.24645233154297,76.94153594970703,71.84706115722656,68.59300231933594,67.60177612304688,67.26811981201172,64.19501495361328,61.032779693603516,59.00847244262695,58.0,57.0,55.009090423583984,53.0848388671875,53.15073013305664,52.08646774291992,51.244510650634766,49.25444030761719,49.36598205566406,48.3735466003418,47.26520919799805,46.389652252197266,45.39823913574219,45.27692413330078,44.10215377807617,44.04542922973633,42.04759216308594,42.0,39.0,39.051246643066406,38.05259704589844,35.22782897949219,33.541019439697266,33.541019439697266,32.98484420776367,30.364452362060547,29.73213768005371,28.23118782043457,25.495098114013672,25.05992889404297,23.853721618652344,23.430749893188477,21.931713104248047,21.260292053222656,20.808652877807617,18.867961883544922,18.384777069091797
0,-43.0,-96,18,14,89.87213134765625,87.04596710205078,84.17243957519531,82.75868225097656,78.51751708984375,78.51751708984375,73.66138458251953,71.58910369873047,67.26811981201172,65.29930877685547,65.19202423095703,61.84658432006836,60.0,57.20139694213867,54.4058837890625,55.4707145690918,52.69725036621094,49.92995071411133,49.24428939819336,50.11985778808594,47.88528060913086,47.50789260864258,46.52956008911133,46.06517028808594,45.17742919921875,45.17742919921875,43.382022857666016,43.416587829589844,42.05948257446289,41.67733383178711,41.04875183105469,38.27531814575195,38.27531814575195,37.80211639404297,36.2353401184082,35.46829605102539,33.941123962402344,31.827661514282227,31.240999221801758,29.068883895874023,28.844409942626953,28.301942825317383,25.942243576049805,25.079872131347656,24.351591110229492,23.0867919921875,22.360679626464844,22.090721130371094,20.0,20.02498435974121,18.248287200927734,18.027755737304688
0,-43.0,-96,18,15,96.25486755371094,92.1791763305664,92.28217315673828,87.23531341552734,85.95928955078125,78.77182006835938,77.02597045898438,75.80237579345703,73.9256362915039,71.34423828125,67.41661834716797,65.73431396484375,63.24555206298828,63.0079345703125,58.00862121582031,58.41232681274414,56.22277069091797,54.671749114990234,52.345008850097656,52.40229034423828,51.6623649597168,51.62363815307617,49.51767349243164,48.79549026489258,47.381431579589844,46.66904830932617,46.66904830932617,47.381431579589844,45.27692413330078,44.59820556640625,43.27817153930664,41.231056213378906,41.400482177734375,40.224369049072266,39.66106414794922,38.587562561035156,36.2353401184082,34.01470184326172,32.69556427001953,31.95309066772461,30.364452362060547,28.160255432128906,27.658634185791016,25.179357528686523,26.019224166870117,23.0,22.022714614868164,22.360679626464844,21.3775577545166,20.880613327026367,19.235383987426758,18.601076126098633
0,-43.0,-96,18,15,94.14881896972656,92.19544219970703,90.02777099609375,88.0738296508789,83.9523696899414,80.80841827392578,78.26238250732422,75.31268310546875,72.18032836914062,68.88395690917969,66.91038513183594,66.48307800292969,64.38167572021484,62.3939094543457,60.20797348022461,58.07753372192383,55.009090423583984,55.009090423583984,54.0,53.00943374633789,51.009803771972656,51.009803771972656,48.041648864746094,49.09175109863281,48.093658447265625,47.095645904541016,46.097721099853516,46.04345703125,45.0,44.0113639831543,44.0,43.0,41.04875183105469,41.19466018676758,39.31920623779297,36.34556198120117,34.71310806274414,35.1710090637207,33.52610778808594,31.95309066772461,31.016124725341797,27.73084831237793,28.17800521850586,26.07680892944336,24.413110733032227,24.083189010620117,23.34523582458496,23.430749893188477,21.63330841064453,21.954498291015625,20.615528106689453,19.416488647460938
0,-43.0,-96,18,15,97.94386291503906,90.42676544189453,92.35800170898438,85.4400405883789,86.28441619873047,79.61155700683594,78.77182006835938,74.3303451538086,71.84706115722656,71.28113555908203,67.42403411865234,66.2872543334961,63.60031509399414,61.22091293334961,58.41232681274414,59.54829788208008,53.90732955932617,55.226806640625,53.037723541259766,53.037723541259766,50.93132781982422,50.93132781982422,50.20956039428711,48.83646011352539,48.79549026489258,46.66904830932617,46.66904830932617,46.66904830932617,44.55333709716797,45.343135833740234,43.27817153930664,42.01190185546875,41.400482177734375,39.66106414794922,39.11521530151367,38.07886505126953,36.2353401184082,36.24913787841797,32.31098937988281,32.572994232177734,31.62277603149414,28.861740112304688,28.635643005371094,28.07133674621582,27.0,24.0,25.079872131347656,22.360679626464844,22.803508758544922,22.472204208374023,21.095022201538086,20.0
0,-43.0,-96,18,15,96.15092468261719,92.59049987792969,90.42676544189453,86.76981353759766,85.0,79.60527801513672,75.66372680664062,73.35530090332031,72.06941223144531,70.71067810058594,67.60177612304688,64.49806213378906,63.28506851196289,62.96824645996094,58.24946212768555,57.00876998901367,55.60575485229492,53.413482666015625,54.037025451660156,51.088157653808594,50.32891845703125,50.20956039428711,49.57822036743164,48.10405349731445,48.83646011352539,47.423622131347656,46.010868072509766,47.381431579589844,43.931766510009766,44.68780517578125,43.416587829589844,40.804412841796875,40.224369049072266,39.66106414794922,38.07886505126953,37.58989334106445,36.67424011230469,34.539833068847656,32.893768310546875,32.893768310546875,30.08321762084961,29.614185333251953,29.27456283569336,27.073972702026367,26.0,25.0,24.083189010620117,23.34523582458496,23.0867919921875,22.472204208374023,21.470911026000977,20.808652877807617
0,-43.0,-96,19,12,101.0197982788086,100.08995819091797,94.9210205078125,94.70480346679688,88.95504760742188,88.39117431640625,84.8646011352539,80.77747344970703,76.89603424072266,74.0,73.05477142333984,70.60453033447266,69.12307739257812,65.96968841552734,64.03124237060547,62.585941314697266,62.169124603271484,57.070133209228516,58.694122314453125,55.73149871826172,54.918121337890625,53.46026611328125,51.4781494140625,53.15073013305664,52.15361785888672,52.345008850097656,50.35871505737305,48.3735466003418,50.48762130737305,47.67599105834961,47.85394287109375,46.3249397277832,44.643028259277344,42.72002029418945,41.78516387939453,40.31128692626953,40.31128692626953,37.57658767700195,36.67424011230469,35.35533905029297,32.75667953491211,33.60059356689453,30.610456466674805,29.068883895874023,29.068883895874023,25.612497329711914,24.413110733032227,25.553865432739258,24.166091918945312,23.0867919921875,21.587032318115234,21.095022201538086
0,-43.0,-96,18,15,96.79875946044922,92.6498794555664,89.58794403076172,89.35882568359375,84.38008880615234,80.4549560546875,78.23043060302734,75.7165756225586,72.94518280029297,68.818603515625,68.00735473632812,66.40029907226562,65.4369888305664,61.84658432006836,60.4400520324707,58.79625701904297,56.63920974731445,54.5618896484375,55.154327392578125,53.037723541259766,52.345008850097656,52.32590103149414,48.83646011352539,49.57822036743164,48.83646011352539,48.10405349731445,47.381431579589844,46.66904830932617,45.96738052368164,45.25483322143555,43.27817153930664,42.63801193237305,42.63801193237305,40.804412841796875,40.224369049072266,39.11521530151367,37.2155876159668,35.7770881652832,34.01470184326172,33.61547088623047,30.675724029541016,31.320919036865234,30.08321762084961,27.294687271118164,26.07680892944336,25.0,24.0,23.0867919921875,23.34523582458496,21.840330123901367,20.615528106689453,19.72308349609375
0,-43.0,-96,18,15,94.00531768798828,94.0,88.0,90.0,84.0,82.0,77.0,76.0,72.00694274902344,69.02897644042969,68.02940368652344,66.18912506103516,64.28063201904297,61.29437255859375,60.406951904296875,56.718605041503906,57.87054443359375,54.918121337890625,56.08921432495117,54.12947463989258,52.17279052734375,52.39274597167969,48.50773239135742,49.47726821899414,49.47726821899414,48.50773239135742,47.53945541381836,46.3249397277832,47.07440948486328,43.931766510009766,44.72135925292969,43.416587829589844,43.28972244262695,41.04875183105469,40.01249694824219,37.0,38.0,36.013885498046875,34.2344856262207,33.241539001464844,31.575305938720703,31.048349380493164,29.120439529418945,26.925823211669922,25.495098114013672,25.05992889404297,25.238859176635742,24.20743751525879,22.671567916870117,21.260292053222656,20.248456954956055,18.788293838500977
0,-43.0,-96,18,16,100.0199966430664,93.0,95.04735565185547,89.0,88.00568389892578,82.00609588623047,80.02499389648438,78.00640869140625,74.06078338623047,73.06161499023438,69.18092346191406,67.26811981201172,65.4904556274414,63.50590515136719,60.67124557495117,61.0,56.08921432495117,57.070133209228516,55.785301208496094,53.851646423339844,53.36665725708008,52.201534271240234,51.92301940917969,51.54609680175781,50.59644317626953,50.0,49.04079818725586,48.08325958251953,45.607017517089844,47.29693603515625,44.14748001098633,44.72135925292969,42.42640686035156,42.19004440307617,41.1096076965332,40.01249694824219,39.0128173828125,36.0,35.05709457397461,34.36568069458008,33.241539001464844,31.400636672973633,32.015621185302734,28.460498809814453,27.312999725341797,25.495098114013672,25.553865432739258,24.20743751525879,24.083189010620117,22.627416610717773,22.022714614868164,20.248456954956055
0,-43.0,-96,18,15,94.11163330078125,91.48223876953125,90.52071380615234,87.36132049560547,82.2800064086914,80.08120727539062,77.49193572998047,73.68174743652344,71.47027587890625,69.57010650634766,68.94925689697266,64.8459701538086,62.96824645996094,59.61543273925781,59.09314727783203,57.697486877441406,56.35601043701172,54.120235443115234,52.839378356933594,53.0,52.15361785888672,51.107730865478516,49.39635467529297,49.92995071411133,49.92995071411133,48.54894256591797,45.486263275146484,47.16990661621094,45.27692413330078,44.41846466064453,42.94182205200195,43.416587829589844,41.146080017089844,40.31128692626953,39.0,37.947330474853516,36.400550842285156,34.928497314453125,33.734256744384766,30.5941162109375,31.14482307434082,30.066593170166016,29.0,27.018512725830078,26.172504425048828,24.515300750732422,24.515300750732422,23.409399032592773,22.360679626464844,20.248456954956055,20.0,19.10497283935547
0,-43.0,-96,18,16,98.76234436035156,96.16651916503906,90.9560317993164,89.5600357055664,87.09190368652344,83.24061584472656,80.08120727539062,77.36924743652344,74.46475982666016,71.80529022216797,69.85699462890625,68.24954223632812,66.91038513183594,63.50590515136719,62.513999938964844,59.41380310058594,59.21148681640625,56.14267349243164,55.009090423583984,54.00925827026367,53.00943374633789,53.0,51.009803771972656,51.009803771972656,51.009803771972656,50.0,50.0,49.01020431518555,48.010414123535156,45.0111083984375,45.09988784790039,45.17742919921875,43.416587829589844,41.59326934814453,41.773197174072266,40.024993896484375,39.051246643066406,36.68787384033203,36.055511474609375,35.84689712524414,32.202484130859375,31.764760971069336,29.154760360717773,28.017850875854492,28.42534065246582,24.75883674621582,25.45584487915039,23.600847244262695,23.021728515625,22.360679626464844,21.931713104248047,20.615528106689453
0,-43.0,-96,18,15,95.01578521728516,89.69392395019531,89.69392395019531,86.09297180175781,83.86298370361328,77.17512512207031,77.17512512207031,75.47184753417969,70.1783447265625,68.50547790527344,66.85057830810547,65.802734375,62.00806427001953,59.81638717651367,58.2580451965332,58.79625701904297,53.75872039794922,53.75872039794922,52.345008850097656,50.91168975830078,50.93132781982422,48.83646011352539,49.57822036743164,50.32891845703125,48.83646011352539,47.423622131347656,48.166378021240234,45.27692413330078,45.27692413330078,44.59820556640625,43.13930892944336,42.44997024536133,41.86884307861328,39.824615478515625,39.408119201660156,37.202152252197266,35.510562896728516,35.35533905029297,33.541019439697266,30.870698928833008,31.95309066772461,28.460498809814453,29.120439529418945,26.68332862854004,25.179357528686523,25.0,24.0,23.021728515625,22.203603744506836,21.840330123901367,20.248456954956055,19.72308349609375
0,-43.0,-96,18,15,93.77099609375,91.78779602050781,88.95504760742188,88.6848373413086,81.74349975585938,79.76214599609375,76.94153594970703,73.82411193847656,71.19690704345703,68.06614685058594,67.26811981201172,64.76110076904297,63.06346130371094,59.4810905456543,58.24087905883789,56.920997619628906,57.584720611572266,52.201534271240234,53.3104133605957,52.0,51.62363815307617,50.56678771972656,48.332183837890625,48.30113983154297,48.30113983154297,48.30113983154297,48.332183837890625,45.18849563598633,45.18849563598633,44.384681701660156,43.65776062011719,42.72002029418945,41.761226654052734,40.52159881591797,39.293766021728516,36.878177642822266,35.902645111083984,35.22782897949219,33.13608169555664,33.0151481628418,32.0,30.0,29.154760360717773,27.294687271118164,25.70992088317871,24.698177337646484,24.166091918945312,24.59674835205078,24.1867733001709,21.40093421936035,20.51828384399414,19.209373474121094
0,-43.0,-96,19,12,99.64437103271484,96.25486755371094,96.04165649414062,91.80958557128906,89.8888168334961,82.92768096923828,80.15609741210938,78.54934692382812,77.17512512207031,74.79304504394531,70.23532104492188,68.88395690917969,67.5351791381836,66.21178436279297,62.169124603271484,61.84658432006836,59.61543273925781,57.93962478637695,55.973209381103516,55.71355438232422,53.48831558227539,54.08327102661133,52.49761962890625,51.92301940917969,52.49761962890625,51.54609680175781,49.97999572753906,50.59644317626953,47.75981521606445,47.75981521606445,47.01063537597656,45.18849563598633,45.617977142333984,42.54409408569336,43.046485900878906,41.04875183105469,39.11521530151367,37.44329071044922,36.2353401184082,34.71310806274414,34.65544509887695,31.240999221801758,30.610456466674805,29.681644439697266,29.154760360717773,27.294687271118164,27.513633728027344,25.961509704589844,25.495098114013672,22.090721130371094,23.0,22.203603744506836
0,-43.0,-96,18,15,95.81753540039062,91.39474487304688,88.25531005859375,87.59566497802734,81.27114868164062,80.95677947998047,77.49193572998047,73.73601531982422,72.44998168945312,68.70953369140625,67.41661834716797,64.47480010986328,63.976558685302734,61.717098236083984,60.41522979736328,56.82429122924805,56.080299377441406,51.62363815307617,53.25410842895508,52.430908203125,51.865211486816406,51.61395263671875,48.25971221923828,49.20365905761719,48.60041046142578,48.82622146606445,47.801673889160156,45.80392837524414,45.80392837524414,43.600460052490234,42.72002029418945,41.88078308105469,42.19004440307617,39.824615478515625,39.81205749511719,38.4837646484375,36.769554138183594,34.78505325317383,34.78505325317383,34.20526123046875,32.557640075683594,31.575305938720703,30.066593170166016,27.0,27.0,25.01999282836914,25.179357528686523,24.515300750732422,23.0867919921875,22.847318649291992,22.825424194335938,22.203603744506836
0,-43.0,-96,19,12,99.85990142822266,99.02020263671875,94.33981323242188,92.6498794555664,87.46427917480469,88.20430755615234,83.76156616210938,80.4549560546875,78.03204345703125,73.9256362915039,72.94518280029297,70.23532104492188,67.97793579101562,66.21178436279297,63.976558685302734,62.2414665222168,60.74536895751953,57.584720611572266,57.245086669921875,56.30275344848633,55.36244201660156,53.45091247558594,52.49761962890625,54.120235443115234,51.6623649597168,51.92301940917969,51.244510650634766,50.59644317626953,51.54609680175781,47.75981521606445,47.53945541381836,46.2385139465332,44.283180236816406,42.94182205200195,42.54409408569336,41.34005355834961,39.66106414794922,39.408119201660156,37.80211639404297,35.46829605102539,33.241539001464844,33.970577239990234,30.479501724243164,30.0,30.528675079345703,28.17800521850586,27.312999725341797,26.248809814453125,25.961509704589844,23.194826126098633,22.0,23.0
0,-43.0,-96,18,16,100.80178833007812,99.86490631103516,92.41753387451172,93.23089599609375,87.41853332519531,85.21150207519531,83.00602722167969,80.0,77.801025390625,72.62230682373047,72.4706802368164,70.93659210205078,67.94115447998047,65.11528015136719,65.11528015136719,60.81118392944336,61.52235412597656,57.384666442871094,57.48912811279297,55.973209381103516,54.5618896484375,55.31726837158203,52.63079071044922,53.600372314453125,52.63079071044922,52.63079071044922,51.855567932128906,50.447994232177734,50.32891845703125,47.50789260864258,47.423622131347656,46.66904830932617,45.27692413330078,43.931766510009766,43.27817153930664,40.607879638671875,40.224369049072266,37.735923767089844,37.735923767089844,35.35533905029297,34.928497314453125,33.61547088623047,31.016124725341797,31.048349380493164,29.42787742614746,26.172504425048828,28.0,26.0,25.01999282836914,24.1867733001709,24.041629791259766,22.472204208374023
0,-43.0,-96,19,12,102.8250961303711,99.60923767089844,96.6281509399414,94.76286315917969,90.55384826660156,87.69264221191406,84.38008880615234,81.39410400390625,79.22752380371094,77.16217041015625,74.06078338623047,71.0,70.0,68.00735473632812,65.0076904296875,64.07027435302734,61.073726654052734,60.20797348022461,59.53990173339844,58.4208869934082,56.4358024597168,55.578773498535156,54.58937454223633,54.7448616027832,54.12947463989258,53.75872039794922,51.788028717041016,50.80354309082031,50.2493782043457,49.36598205566406,49.162994384765625,48.010414123535156,48.0,45.0,44.0,42.04759216308594,40.112342834472656,38.20994567871094,38.470767974853516,37.10795211791992,33.95585250854492,33.83784866333008,32.31098937988281,30.886890411376953,30.01666259765625,27.20294189453125,26.4007568359375,25.495098114013672,25.45584487915039,25.612497329711914,22.825424194335938,21.540658950805664
0,-43.0,-96,18,16,97.41663360595703,95.21029663085938,93.4772720336914,92.0869140625,87.6584243774414,84.62860107421875,81.27114868164062,78.77182006835938,75.1664810180664,73.24616241455078,70.49113464355469,68.60028839111328,66.73080444335938,63.1347770690918,63.06346130371094,60.008331298828125,59.09314727783203,57.775428771972656,57.00876998901367,56.30275344848633,54.424259185791016,53.141319274902344,52.201534271240234,52.49761962890625,52.81098556518555,51.54609680175781,49.648765563964844,49.648765563964844,49.97999572753906,48.10405349731445,46.2385139465332,46.51881408691406,45.18849563598633,42.54409408569336,42.19004440307617,40.49691390991211,40.224369049072266,37.013511657714844,36.2353401184082,34.71310806274414,33.970577239990234,31.890438079833984,31.400636672973633,30.232433319091797,29.681644439697266,28.17800521850586,27.85677719116211,26.248809814453125,24.515300750732422,24.083189010620117,25.0,23.194826126098633
0,-43.0,-96,18,16,99.02020263671875,93.04837799072266,94.15412902832031,90.2496566772461,90.2496566772461,83.57032775878906,81.1541748046875,78.79086303710938,75.23961639404297,73.82411193847656,72.44998168945312,69.77105712890625,67.11929321289062,64.0078125,60.90156173706055,59.90826416015625,57.688819885253906,59.07622146606445,57.00876998901367,56.61272048950195,54.20331954956055,53.413482666015625,52.63079071044922,52.49761962890625,51.855567932128906,51.22499465942383,50.447994232177734,48.91830062866211,46.86149978637695,48.60041046142578,46.615447998046875,46.615447998046875,44.41846466064453,44.41846466064453,41.59326934814453,41.146080017089844,39.39543151855469,38.62641525268555,35.11410140991211,34.20526123046875,33.95585250854492,32.557640075683594,32.140316009521484,30.01666259765625,29.0,28.017850875854492,26.172504425048828,25.317977905273438,23.76972770690918,23.76972770690918,22.825424194335938,21.40093421936035
0,-43.0,-96,18,16,99.63935089111328,97.49359130859375,92.57429504394531,90.42676544189453,86.4927749633789,85.5102310180664,81.21575927734375,78.64476776123047,75.31268310546875,72.7804946899414,70.3420181274414,69.6419448852539,67.72000885009766,63.24555206298828,62.93647766113281,60.406951904296875,58.872745513916016,55.71355438232422,56.46237564086914,55.54277801513672,53.851646423339844,53.851646423339844,52.39274597167969,51.88448715209961,51.89412307739258,51.429561614990234,49.24428939819336,48.84669876098633,49.04079818725586,46.615447998046875,45.880279541015625,46.173583984375,43.680660247802734,42.20189666748047,41.773197174072266,37.85498809814453,39.623226165771484,37.121421813964844,38.11823654174805,35.0,33.0151481628418,33.241539001464844,31.400636672973633,29.614185333251953,30.08321762084961,27.312999725341797,26.4007568359375,25.238859176635742,25.0,24.83948516845703,22.627416610717773,21.63330841064453
0,-43.0,-96,18,17,101.0197982788086,99.64437103271484,96.3846435546875,94.66783905029297,90.55384826660156,86.45230102539062,82.85529327392578,79.25907135009766,77.82672882080078,76.02631378173828,73.35530090332031,72.00694274902344,69.7782211303711,67.11929321289062,64.07807922363281,62.032249450683594,62.62587356567383,58.8217658996582,58.52349853515625,57.9741325378418,57.00876998901367,55.54277801513672,53.600372314453125,54.5710563659668,54.5710563659668,52.63079071044922,52.39274597167969,50.96076965332031,50.695167541503906,49.72926712036133,48.383880615234375,47.434165954589844,47.16990661621094,44.384681701660156,42.04759216308594,41.59326934814453,40.8166618347168,39.11521530151367,38.27531814575195,37.202152252197266,36.12478256225586,34.71310806274414,33.241539001464844,31.240999221801758,30.0,28.844409942626953,28.17800521850586,26.4007568359375,25.298221588134766,25.317977905273438,24.020824432373047,23.0
0,-43.0,-96,18,16,99.72462463378906,98.31072998046875,93.34880828857422,94.76286315917969,87.69264221191406,86.27861785888672,83.4385986328125,79.20858764648438,76.38062286376953,73.59347534179688,72.91776275634766,70.83784484863281,67.47592163085938,64.81512451171875,63.411354064941406,62.20128631591797,61.29437255859375,57.688819885253906,57.982757568359375,57.14017868041992,54.708316802978516,54.20331954956055,54.20331954956055,53.23532485961914,53.23532485961914,52.77309799194336,51.0,49.24428939819336,50.2493782043457,46.647613525390625,47.434165954589844,46.615447998046875,45.221675872802734,43.416587829589844,43.27817153930664,41.773197174072266,40.31128692626953,38.94868469238281,37.64305877685547,37.013511657714844,33.83784866333008,34.13209533691406,31.764760971069336,30.870698928833008,29.546573638916016,28.160255432128906,28.44292449951172,27.166154861450195,26.0,25.0,24.331050872802734,23.0867919921875
0,-43.0,-96,18,17,102.92716217041016,96.5660400390625,98.73702239990234,89.69392395019531,91.80958557128906,83.21658325195312,82.09750366210938,80.15609741210938,80.15609741210938,76.6093978881836,72.67048645019531,70.0,69.20259857177734,67.47592163085938,62.62587356567383,63.70243453979492,59.46427536010742,60.20797348022461,56.58621597290039,56.56854248046875,55.154327392578125,55.90169906616211,53.75872039794922,53.15073013305664,53.075416564941406,51.6623649597168,50.93132781982422,50.2493782043457,49.497474670410156,50.20956039428711,46.69047164916992,46.75468063354492,47.01063537597656,44.821868896484375,43.600460052490234,43.26661682128906,40.8166618347168,38.94868469238281,37.161808013916016,36.769554138183594,34.78505325317383,33.734256744384766,33.734256744384766,31.400636672973633,31.14482307434082,29.017236709594727,30.01666259765625,29.154760360717773,27.294687271118164,25.70992088317871,26.570659637451172,25.05992889404297
0,-43.0,-96,18,16,102.0,99.0,97.02061462402344,94.0,89.005615234375,85.0058822631836,83.05419921875,80.09993743896484,79.00633239746094,75.23961639404297,73.10950469970703,71.34423828125,69.46221923828125,66.75328063964844,64.62971496582031,63.78871536254883,61.0,59.03388977050781,58.94064712524414,56.75385284423828,55.081756591796875,56.32051086425781,52.88667297363281,52.49761962890625,53.45091247558594,52.201534271240234,52.201534271240234,51.6623649597168,50.695167541503906,51.195701599121094,47.85394287109375,46.69047164916992,47.381431579589844,44.18144226074219,45.0444221496582,44.0113639831543,42.0,40.01249694824219,38.11823654174805,37.2155876159668,34.71310806274414,35.44009017944336,34.20526123046875,31.95309066772461,30.463092803955078,31.30495262145996,28.301942825317383,28.017850875854492,26.90724754333496,25.495098114013672,25.806976318359375,24.698177337646484
0,-43.0,-96,18,16,97.62171936035156,94.06912231445312,94.75231170654297,90.55384826660156,89.10667419433594,84.8646011352539,83.4385986328125,77.79460144042969,74.2765121459961,73.59347534179688,72.18032836914062,69.52696990966797,66.70832061767578,64.20280456542969,62.20128631591797,61.29437255859375,59.90826416015625,59.36328887939453,57.80138397216797,57.30619430541992,55.56977462768555,53.23532485961914,54.58937454223633,52.801513671875,51.88448715209961,51.429561614990234,50.08992004394531,50.537113189697266,46.52956008911133,48.764739990234375,47.01063537597656,47.16990661621094,46.04345703125,43.011627197265625,43.600460052490234,42.63801193237305,40.45985794067383,37.53664779663086,38.897300720214844,35.38361358642578,34.20526123046875,33.60059356689453,33.2866325378418,31.38471031188965,29.529645919799805,28.635643005371094,28.160255432128906,27.892650604248047,27.459060668945312,26.019224166870117,25.0,22.090721130371094
0,-43.0,-96,18,17,104.54663848876953,102.35721588134766,97.52947998046875,97.26766967773438,91.92388153076172,89.02246856689453,85.4400405883789,82.9698715209961,78.74642944335938,76.24303436279297,75.58438873291016,74.67261505126953,71.51223754882812,70.38465881347656,66.85057830810547,63.976558685302734,63.95310592651367,60.373836517333984,60.90156173706055,59.05929183959961,57.706153869628906,56.93856430053711,55.56977462768555,55.226806640625,55.226806640625,53.851646423339844,53.33854293823242,51.62363815307617,53.712196350097656,50.6063232421875,51.429561614990234,48.754486083984375,48.46648406982422,47.16990661621094,46.173583984375,43.680660247802734,42.20189666748047,41.9761848449707,39.458839416503906,39.31920623779297,36.12478256225586,36.013885498046875,34.0,33.060550689697266,32.24903106689453,29.614185333251953,29.832868576049805,29.73213768005371,26.4007568359375,27.459060668945312,25.0,23.34523582458496
0,-43.0,-96,18,17,103.61949920654297,99.72462463378906,98.79270935058594,95.63471984863281,94.70480346679688,87.46427917480469,84.8646011352539,80.99382781982422,79.71198272705078,78.10890197753906,74.63243103027344,72.53275299072266,71.30918884277344,68.44705963134766,65.73431396484375,64.93843078613281,61.98386764526367,60.67124557495117,59.41380310058594,59.53990173339844,57.55866622924805,58.215118408203125,56.14267349243164,57.03507614135742,54.08327102661133,54.147945404052734,52.15361785888672,53.23532485961914,51.35172653198242,51.35172653198242,49.497474670410156,49.648765563964844,47.85394287109375,45.607017517089844,45.221675872802734,43.680660247802734,43.08131790161133,40.853397369384766,38.910152435302734,38.01315689086914,36.715118408203125,34.66987228393555,36.400550842285156,32.557640075683594,31.11269760131836,30.479501724243164,29.4108829498291,28.844409942626953,27.784887313842773,26.925823211669922,25.298221588134766,25.179357528686523
0,-43.0,-96,19,13,99.74467468261719,97.08243560791016,95.7131118774414,92.57429504394531,88.10221099853516,84.9705810546875,83.18653869628906,78.71467590332031,76.94153594970703,73.9256362915039,72.20111083984375,70.49113464355469,68.79679870605469,66.0302963256836,64.637451171875,62.20128631591797,59.203041076660156,58.41232681274414,57.384666442871094,55.973209381103516,55.31726837158203,54.488529205322266,53.075416564941406,50.91168975830078,51.62363815307617,50.93132781982422,50.20956039428711,50.93132781982422,50.2493782043457,48.10405349731445,46.097721099853516,47.6340217590332,47.20169448852539,44.65422821044922,43.5660400390625,41.67733383178711,41.59326934814453,38.910152435302734,38.07886505126953,36.769554138183594,35.44009017944336,35.1710090637207,32.557640075683594,32.24903106689453,31.064449310302734,29.0,28.0,27.166154861450195,26.305892944335938,25.961509704589844,24.698177337646484,23.323806762695312
0,-43.0,-96,18,18,106.4048843383789,104.0,100.46392059326172,97.30878448486328,94.5409927368164,90.07774353027344,87.32124328613281,84.09518432617188,80.95677947998047,77.82030487060547,76.92203521728516,74.24284362792969,71.69379425048828,69.97142028808594,67.74215698242188,66.2872543334961,64.637451171875,61.85466766357422,61.400325775146484,59.81638717651367,58.41232681274414,57.628116607666016,56.85068130493164,56.63920974731445,55.973209381103516,55.90169906616211,54.5618896484375,53.90732955932617,53.26349639892578,51.855567932128906,50.6063232421875,49.40647888183594,48.82622146606445,47.16990661621094,46.14108657836914,44.29446792602539,42.95346450805664,42.154476165771484,39.560081481933594,40.16217041015625,37.36308288574219,36.878177642822266,36.49657440185547,34.13209533691406,32.06243896484375,31.016124725341797,32.140316009521484,30.4138126373291,29.120439529418945,28.792360305786133,26.832815170288086,26.62705421447754
0,-43.0,-96,19,13,94.84724426269531,89.9388656616211,90.68627166748047,86.37129211425781,84.2911605834961,79.39773559570312,75.92759704589844,74.5184555053711,72.4706802368164,69.81404113769531,69.20259857177734,65.45991516113281,63.51377868652344,61.29437255859375,58.52349853515625,59.16925048828125,55.07267761230469,55.07267761230469,54.5618896484375,54.12947463989258,51.89412307739258,49.658836364746094,50.990196228027344,51.078372955322266,49.76947021484375,48.46648406982422,47.01063537597656,47.423622131347656,47.01063537597656,46.51881408691406,45.17742919921875,44.29446792602539,43.046485900878906,41.617305755615234,41.617305755615234,42.20189666748047,39.824615478515625,36.878177642822266,34.65544509887695,33.241539001464844,34.71310806274414,32.649654388427734,33.0151481628418,30.01666259765625,28.17800521850586,27.312999725341797,27.20294189453125,26.68332862854004,27.294687271118164,26.019224166870117,23.021728515625,23.34523582458496
0,-43.0,-96,18,17,101.0197982788086,98.0051040649414,95.21029663085938,93.60021209716797,90.21086120605469,85.21150207519531,84.31488800048828,80.99382781982422,77.93586730957031,74.94664764404297,74.94664764404297,70.32780456542969,69.83551788330078,67.5351791381836,65.29930877685547,64.40496826171875,61.32699203491211,59.50630187988281,58.694122314453125,57.00876998901367,56.30275344848633,56.64803695678711,53.48831558227539,53.45091247558594,53.75872039794922,52.49761962890625,51.54609680175781,50.9215087890625,50.695167541503906,49.76947021484375,49.24428939819336,48.332183837890625,46.957427978515625,44.777225494384766,44.41846466064453,41.88078308105469,42.20189666748047,40.0,39.051246643066406,37.48332977294922,37.48332977294922,34.71310806274414,34.20526123046875,34.4093017578125,31.38471031188965,30.4138126373291,29.154760360717773,29.120439529418945,28.635643005371094,26.172504425048828,26.0,26.07680892944336
0,-43.0,-96,18,17,101.40019989013672,99.4032211303711,98.0051040649414,95.0,90.44335174560547,88.00568389892578,84.05355072021484,80.70935821533203,77.38862609863281,75.47184753417969,74.09453582763672,72.20111083984375,70.32780456542969,67.11929321289062,66.64833068847656,62.64982223510742,61.84658432006836,58.694122314453125,60.406951904296875,58.872745513916016,56.30275344848633,55.973209381103516,55.02726745605469,55.36244201660156,54.708316802978516,52.201534271240234,52.201534271240234,51.54609680175781,51.865211486816406,49.97999572753906,49.76947021484375,49.24428939819336,47.01063537597656,44.72135925292969,44.29446792602539,43.046485900878906,41.88078308105469,41.04875183105469,39.824615478515625,37.64305877685547,37.48332977294922,36.769554138183594,36.12478256225586,33.60059356689453,32.202484130859375,31.38471031188965,29.96664810180664,29.73213768005371,28.160255432128906,28.44292449951172,27.073972702026367,28.0
0,-43.0,-96,19,13,109.41663360595703,105.36128234863281,103.73042297363281,99.92997741699219,97.40636444091797,93.60555267333984,90.47651672363281,86.37708282470703,84.8646011352539,81.70679473876953,78.92401123046875,76.967529296875,75.1531753540039,72.89718627929688,70.21395874023438,66.73080444335938,66.37017059326172,65.0,62.96824645996094,61.85466766357422,60.464866638183594,60.216278076171875,58.8217658996582,57.20139694213867,58.00862121582031,55.60575485229492,56.40035629272461,55.60575485229492,54.4058837890625,53.823787689208984,51.865211486816406,52.15361785888672,49.73931884765625,48.764739990234375,47.85394287109375,47.423622131347656,46.2385139465332,43.32435989379883,41.1096076965332,40.26164245605469,39.81205749511719,38.832977294921875,37.2155876159668,35.0142822265625,35.0,34.01470184326172,33.13608169555664,33.541019439697266,31.320919036865234,30.08321762084961,29.96664810180664,28.301942825317383
0,-43.0,-96,19,15,111.08555603027344,110.72488403320312,103.46980285644531,104.54663848876953,95.2732925415039,95.85926818847656,89.8109130859375,88.25531005859375,84.15461730957031,83.16850280761719,82.861328125,79.30951690673828,77.36924743652344,72.7804946899414,70.40596771240234,69.63475799560547,66.2872543334961,63.95310592651367,62.513999938964844,63.3876953125,62.64982223510742,60.29925537109375,60.29925537109375,61.13100814819336,59.21148681640625,59.21148681640625,57.21887969970703,56.22277069091797,56.4358024597168,55.578773498535156,53.15073013305664,53.15073013305664,53.15073013305664,50.0,49.33558654785156,49.04079818725586,47.53945541381836,43.863426208496094,43.8292121887207,42.05948257446289,40.224369049072266,38.60051727294922,37.80211639404297,35.38361358642578,36.06937789916992,34.20526123046875,33.42155075073242,31.906112670898438,30.4138126373291,29.73213768005371,29.120439529418945,28.284271240234375
0,-43.0,-96,19,13,103.4069595336914,99.48869323730469,99.48869323730469,97.6166000366211,93.23625946044922,88.23831176757812,87.96590423583984,83.73768615722656,82.2192153930664,78.74642944335938,78.64476776123047,72.91776275634766,72.86288452148438,70.00714111328125,65.79513549804688,65.19202423095703,63.12685775756836,61.22091293334961,59.81638717651367,60.80295944213867,57.80138397216797,58.00862121582031,57.20139694213867,56.61272048950195,55.0,55.803226470947266,55.217750549316406,52.201534271240234,52.201534271240234,52.009613037109375,51.7397346496582,50.990196228027344,50.20956039428711,48.08325958251953,46.69047164916992,46.097721099853516,45.607017517089844,42.43819046020508,41.34005355834961,39.96248245239258,38.470767974853516,38.01315689086914,36.769554138183594,35.11410140991211,33.241539001464844,33.541019439697266,32.140316009521484,33.0151481628418,30.0,29.27456283569336,27.658634185791016,25.63201141357422
0,-43.0,-96,18,18,105.01904296875,104.01922607421875,99.00505065917969,96.00521087646484,94.02127075195312,90.00555419921875,87.00574493408203,84.0238037109375,81.00617218017578,79.05693817138672,78.23043060302734,74.3303451538086,73.43704986572266,70.45565795898438,67.60177612304688,68.24954223632812,65.30696868896484,63.56099319458008,62.585941314697266,61.392181396484375,60.41522979736328,58.94064712524414,57.9741325378418,58.52349853515625,58.52349853515625,56.32051086425781,56.04462432861328,55.081756591796875,54.5710563659668,53.600372314453125,54.12947463989258,52.77309799194336,51.4781494140625,50.15974426269531,49.09175109863281,46.04345703125,46.010868072509766,44.0113639831543,42.10700607299805,41.43669891357422,40.607879638671875,39.051246643066406,38.60051727294922,36.400550842285156,34.928497314453125,32.649654388427734,32.75667953491211,32.202484130859375,31.890438079833984,31.827661514282227,29.832868576049805,27.294687271118164
0,-43.0,-96,19,14,107.71257781982422,104.13932800292969,101.91172790527344,99.15644073486328,98.35140991210938,91.3509750366211,89.87213134765625,84.17243957519531,83.4385986328125,82.73451232910156,78.49203491210938,77.077880859375,75.00666809082031,70.1783447265625,70.29224395751953,69.20259857177734,64.637451171875,65.21502685546875,62.96824645996094,62.96824645996094,62.12889862060547,60.20797348022461,58.830265045166016,58.30952072143555,58.52349853515625,56.603885650634766,56.603885650634766,56.080299377441406,55.75840759277344,54.918121337890625,53.00943374633789,53.00943374633789,52.801513671875,49.67897033691406,48.166378021240234,48.08325958251953,46.010868072509766,44.04542922973633,42.8018684387207,40.224369049072266,40.49691390991211,39.4461669921875,38.01315689086914,37.161808013916016,34.539833068847656,33.95585250854492,33.734256744384766,33.37664031982422,31.064449310302734,30.066593170166016,30.4138126373291,28.460498809814453
0,-43.0,-96,19,14,106.28263854980469,104.40306854248047,101.39033508300781,98.08159637451172,93.40770721435547,90.13877868652344,88.0227279663086,85.61541748046875,83.38465118408203,78.79086303710938,77.38862609863281,76.48529052734375,72.94518280029297,71.19690704345703,69.83551788330078,67.23094177246094,64.66065216064453,62.433963775634766,61.61168670654297,61.400325775146484,61.032779693603516,59.81638717651367,57.628116607666016,57.628116607666016,57.48912811279297,55.60575485229492,56.40035629272461,56.40035629272461,54.4058837890625,53.600372314453125,52.69725036621094,52.69725036621094,51.62363815307617,48.3735466003418,48.30113983154297,47.85394287109375,45.31004333496094,44.0113639831543,42.379241943359375,40.804412841796875,41.0,38.832977294921875,36.22154235839844,36.055511474609375,35.0,34.058773040771484,33.241539001464844,32.98484420776367,30.364452362060547,29.546573638916016,29.068883895874023,26.62705421447754
0,-43.0,-96,19,14,109.80892181396484,103.4069595336914,104.48445129394531,100.42410278320312,98.23441314697266,91.83136749267578,89.49860382080078,85.91275024414062,82.97589874267578,82.87943267822266,79.30951690673828,76.48529052734375,75.66372680664062,70.72481536865234,69.35416412353516,68.11754608154297,65.29930877685547,64.66065216064453,64.20280456542969,62.20128631591797,62.20128631591797,60.464866638183594,59.40538787841797,59.90826416015625,59.07622146606445,57.42821502685547,57.14017868041992,57.42821502685547,54.918121337890625,54.4058837890625,53.413482666015625,54.037025451660156,51.7397346496582,50.990196228027344,48.79549026489258,50.2493782043457,46.097721099853516,45.0,44.40720748901367,43.26661682128906,42.19004440307617,40.8166618347168,39.357337951660156,36.769554138183594,37.0,36.13862228393555,35.693138122558594,33.241539001464844,33.0151481628418,32.06243896484375,31.400636672973633,30.364452362060547
0,-43.0,-96,19,15,110.86027526855469,106.04244232177734,105.08092498779297,99.72462463378906,98.76234436035156,91.76055908203125,91.76055908203125,88.8875732421875,86.33075714111328,82.2192153930664,80.05622863769531,77.6208724975586,74.46475982666016,73.40980529785156,71.17584228515625,68.88395690917969,65.86349487304688,64.88451385498047,62.433963775634766,61.400325775146484,62.7694206237793,61.587337493896484,59.36328887939453,58.8217658996582,58.52349853515625,58.24946212768555,58.52349853515625,59.07622146606445,54.918121337890625,54.918121337890625,53.712196350097656,53.712196350097656,53.66563034057617,50.15974426269531,50.15974426269531,49.97999572753906,47.434165954589844,46.57252502441406,45.12205505371094,41.9761848449707,41.30375289916992,40.31128692626953,40.04996871948242,37.0,37.121421813964844,34.36568069458008,33.95585250854492,34.20526123046875,31.95309066772461,31.30495262145996,31.064449310302734,28.42534065246582
0,-43.0,-96,18,18,107.70329284667969,104.78549194335938,103.07764434814453,100.89598846435547,97.51409912109375,91.67878723144531,87.86353302001953,85.70297241210938,85.32877349853516,80.23091888427734,78.26238250732422,77.78174591064453,75.66372680664062,71.44927978515625,69.2603759765625,69.065185546875,66.0302963256836,65.0076904296875,64.0078125,63.03173828125,62.032249450683594,61.073726654052734,58.13776779174805,58.215118408203125,59.13543701171875,58.13776779174805,57.314918518066406,57.14017868041992,55.081756591796875,55.03635025024414,54.0,52.0,52.009613037109375,51.03919982910156,50.2493782043457,48.50773239135742,46.69047164916992,45.607017517089844,44.92215347290039,43.680660247802734,41.1096076965332,41.62931823730469,39.81205749511719,38.07886505126953,35.510562896728516,34.20526123046875,34.71310806274414,33.241539001464844,32.557640075683594,31.064449310302734,32.24903106689453,29.73213768005371
0,-43.0,-96,18,18,107.20541381835938,104.35516357421875,102.48902130126953,100.88111877441406,96.16651916503906,91.76055908203125,89.84430694580078,87.36132049560547,84.77027893066406,81.4923324584961,80.04998779296875,76.48529052734375,75.13321685791016,71.84706115722656,70.85901641845703,67.60177612304688,67.26811981201172,64.19501495361328,65.0691909790039,62.12889862060547,62.12889862060547,62.032249450683594,60.0,60.0333251953125,60.008331298828125,58.00862121582031,57.00876998901367,56.0,57.00876998901367,55.03635025024414,55.081756591796875,54.230987548828125,52.345008850097656,51.62363815307617,49.81967544555664,48.05205535888672,46.3249397277832,44.92215347290039,43.32435989379883,44.59820556640625,42.54409408569336,42.05948257446289,38.470767974853516,36.619667053222656,37.013511657714844,33.970577239990234,33.941123962402344,34.058773040771484,32.80244064331055,31.064449310302734,31.30495262145996,29.4108829498291
0,-43.0,-96,19,15,111.83023071289062,106.30146026611328,103.94229125976562,101.20276641845703,97.49359130859375,93.94147491455078,91.4111557006836,88.45903015136719,87.29833984375,83.02409362792969,82.03657531738281,79.6303939819336,78.4091796875,75.32595825195312,73.17103576660156,72.11102294921875,68.02940368652344,66.0,64.03124237060547,64.03124237060547,62.032249450683594,62.07253646850586,61.073726654052734,60.20797348022461,60.074954986572266,60.13318634033203,60.13318634033203,57.00876998901367,57.03507614135742,56.00892639160156,55.03635025024414,55.009090423583984,54.08327102661133,51.244510650634766,50.48762130737305,50.80354309082031,49.47726821899414,47.53945541381836,46.48655700683594,45.54119110107422,42.95346450805664,42.04759216308594,41.59326934814453,39.11521530151367,38.01315689086914,36.12478256225586,34.65544509887695,36.12478256225586,34.20526123046875,31.906112670898438,31.78049659729004,31.016124725341797
0,-43.0,-96,20,9,101.07422637939453,97.1287841796875,97.1287841796875,94.5145492553711,90.04998779296875,88.6848373413086,83.52843475341797,80.26206970214844,77.38862609863281,77.10382843017578,74.625732421875,72.67048645019531,69.63475799560547,67.20118713378906,66.21932983398438,63.89052963256836,62.28964614868164,59.46427536010742,60.8276252746582,59.46427536010742,58.0,56.63920974731445,54.451812744140625,57.314918518066406,54.5618896484375,54.488529205322266,53.81449508666992,53.15073013305664,53.075416564941406,51.6623649597168,50.20956039428711,50.20956039428711,50.20956039428711,48.166378021240234,47.01063537597656,44.65422821044922,44.41846466064453,43.046485900878906,41.67733383178711,40.70626449584961,39.0,38.27531814575195,36.68787384033203,35.1710090637207,33.541019439697266,34.2344856262207,34.01470184326172,33.0,31.064449310302734,30.5941162109375,30.364452362060547,29.546573638916016
0,-43.0,-96,20,9,106.77546691894531,106.77546691894531,101.13851928710938,101.83319854736328,95.4620361328125,94.06912231445312,89.87213134765625,87.04596710205078,85.70297241210938,82.2192153930664,80.15609741210938,77.46611785888672,76.216796875,73.81734466552734,73.81734466552734,67.67569732666016,67.41661834716797,62.96824645996094,66.73080444335938,63.1347770690918,62.265560150146484,61.773780822753906,58.5918083190918,61.269893646240234,59.9416389465332,58.5918083190918,59.4810905456543,58.18075180053711,55.94640350341797,55.07267761230469,55.56977462768555,53.5350341796875,53.25410842895508,52.801513671875,50.447994232177734,46.75468063354492,48.166378021240234,45.96738052368164,44.55333709716797,44.68780517578125,42.01190185546875,41.88078308105469,39.96248245239258,38.470767974853516,37.57658767700195,35.735137939453125,35.44009017944336,34.71310806274414,32.24903106689453,34.01470184326172,32.0,30.265491485595703
0,-43.0,-96,19,16,112.40106964111328,109.25199890136719,108.6876220703125,104.69479370117188,102.88343048095703,96.17691802978516,93.94147491455078,90.8019790649414,89.44271850585938,86.35391998291016,85.0,80.62257385253906,79.4040298461914,77.38862609863281,74.3303451538086,73.23933410644531,69.40460968017578,68.00735473632812,68.11754608154297,66.70832061767578,66.06814575195312,64.53681182861328,63.12685775756836,64.35060119628906,62.2414665222168,61.61980056762695,60.20797348022461,60.87692642211914,60.20797348022461,58.2580451965332,57.628116607666016,57.628116607666016,56.035701751708984,55.4707145690918,53.33854293823242,51.0,51.429561614990234,49.658836364746094,47.53945541381836,45.54119110107422,45.221675872802734,44.384681701660156,41.59326934814453,40.31128692626953,40.112342834472656,39.0128173828125,38.11823654174805,37.2155876159668,34.71310806274414,34.48188018798828,34.928497314453125,33.2866325378418
0,-43.0,-96,20,9,104.01922607421875,102.2007827758789,99.6242904663086,95.8018798828125,92.20086669921875,88.00568389892578,86.02325439453125,83.23461151123047,82.09750366210938,78.23043060302734,76.00657653808594,75.47184753417969,70.8307876586914,71.58910369873047,67.60177612304688,65.79513549804688,63.56099319458008,62.64982223510742,61.09828186035156,59.236812591552734,59.80802536010742,59.46427536010742,56.64803695678711,55.973209381103516,57.245086669921875,55.973209381103516,56.920997619628906,54.08327102661133,53.141319274902344,51.26402282714844,50.15974426269531,51.4781494140625,50.56678771972656,47.85394287109375,47.50789260864258,47.16990661621094,44.65422821044922,42.8018684387207,43.416587829589844,42.52058410644531,40.31128692626953,40.31128692626953,38.94868469238281,35.608985900878906,35.22782897949219,34.48188018798828,34.01470184326172,33.61547088623047,32.98484420776367,30.4138126373291,31.064449310302734,30.0
0,-43.0,-96,19,15,109.04127502441406,105.32331085205078,102.9611587524414,99.82484436035156,97.08243560791016,93.39164733886719,90.47099304199219,88.76936340332031,84.40379333496094,82.71033477783203,80.36167907714844,78.43468475341797,76.216796875,73.38937377929688,69.6419448852539,68.94200134277344,68.02940368652344,64.47480010986328,65.29930877685547,62.169124603271484,62.60990524291992,61.29437255859375,60.41522979736328,60.539241790771484,59.16925048828125,58.830265045166016,56.93856430053711,56.93856430053711,57.30619430541992,55.94640350341797,55.46169662475586,55.03635025024414,53.3104133605957,52.55473327636719,49.97999572753906,50.59644317626953,49.04079818725586,48.05205535888672,46.87216567993164,44.72135925292969,43.28972244262695,42.04759216308594,41.0,40.04996871948242,38.327537536621094,37.85498809814453,37.10795211791992,35.11410140991211,35.34119415283203,34.0,33.0151481628418,30.4138126373291
0,-43.0,-96,19,15,109.40292358398438,103.00485229492188,106.25440979003906,99.86490631103516,98.47334289550781,90.69729614257812,89.30845642089844,86.8216552734375,86.60831451416016,84.90583038330078,79.07591247558594,77.5241928100586,76.5375747680664,72.89718627929688,70.66116333007812,68.94200134277344,65.55150604248047,66.85057830810547,64.51356506347656,64.19501495361328,61.35144805908203,62.64183807373047,59.77457809448242,61.13100814819336,60.728904724121094,58.52349853515625,57.9741325378418,59.4810905456543,56.32051086425781,57.567352294921875,55.02726745605469,55.71355438232422,53.3104133605957,52.801513671875,50.537113189697266,50.6063232421875,49.24428939819336,47.70744323730469,45.80392837524414,43.416587829589844,43.27817153930664,40.31128692626953,41.773197174072266,39.051246643066406,38.60051727294922,37.2155876159668,37.121421813964844,35.34119415283203,36.400550842285156,33.734256744384766,34.2344856262207,32.0
0,-43.0,-96,19,16,116.66190338134766,111.57060241699219,109.1421127319336,105.26158142089844,101.63660430908203,96.7729263305664,96.10411071777344,92.76313781738281,89.8220443725586,87.132080078125,84.01190185546875,81.74349975585938,79.4040298461914,78.31346893310547,74.24284362792969,75.05997467041016,70.00714111328125,68.0,67.06713104248047,67.06713104248047,66.06814575195312,65.27633666992188,64.19501495361328,62.513999938964844,63.28506851196289,62.20128631591797,62.28964614868164,60.29925537109375,60.20797348022461,59.13543701171875,59.07622146606445,56.080299377441406,58.00862121582031,54.00925827026367,54.037025451660156,52.15361785888672,50.35871505737305,48.50773239135742,46.87216567993164,46.3249397277832,44.643028259277344,43.65776062011719,41.78516387939453,42.04759216308594,38.587562561035156,36.8917350769043,37.80211639404297,35.46829605102539,37.48332977294922,34.828147888183594,33.83784866333008,31.78049659729004
0,-43.0,-96,20,10,114.2365951538086,113.46365356445312,107.91200256347656,106.77546691894531,101.0197982788086,100.08995819091797,95.4620361328125,91.76055908203125,90.47651672363281,86.33075714111328,85.38150024414062,82.56512451171875,80.28075408935547,77.36924743652344,76.15773010253906,73.75635528564453,71.58910369873047,70.21395874023438,68.73136138916016,66.91038513183594,64.77654266357422,65.4904556274414,64.49806213378906,63.19810104370117,63.19810104370117,63.28506851196289,61.52235412597656,61.52235412597656,61.400325775146484,57.706153869628906,59.03388977050781,56.29387283325195,56.75385284423828,55.785301208496094,54.08327102661133,51.865211486816406,52.201534271240234,49.24428939819336,49.658836364746094,48.764739990234375,44.10215377807617,44.65422821044922,44.204071044921875,41.773197174072266,41.01219177246094,39.69886779785156,38.41874694824219,38.587562561035156,38.07886505126953,37.161808013916016,34.539833068847656,33.95585250854492
0,-43.0,-96,19,16,115.97413635253906,107.20074462890625,109.8954086303711,105.22357177734375,104.23531341552734,96.87621307373047,94.64142608642578,92.43917083740234,88.56636047363281,88.27796936035156,84.05355072021484,80.0062484741211,81.0,76.00657653808594,73.00685119628906,73.10950469970703,69.2603759765625,69.2603759765625,66.61080932617188,66.48307800292969,65.4904556274414,65.76473236083984,62.96824645996094,62.817195892333984,61.61168670654297,60.20797348022461,61.0,60.01666259765625,59.6824951171875,59.03388977050781,57.42821502685547,58.4208869934082,57.314918518066406,55.03635025024414,52.009613037109375,52.009613037109375,50.03998565673828,49.09175109863281,47.26520919799805,45.39823913574219,44.9110221862793,43.17406463623047,43.011627197265625,40.49691390991211,39.924930572509766,38.94868469238281,38.587562561035156,36.619667053222656,37.64305877685547,36.06937789916992,34.828147888183594,34.66987228393555
0,-43.0,-96,19,16,116.01724243164062,114.0,109.00458526611328,108.00463104248047,102.0,99.0,96.0,92.04889678955078,91.0054931640625,85.09406280517578,85.09406280517578,82.2982406616211,80.5046615600586,80.62257385253906,77.78174591064453,73.16419982910156,71.38627624511719,68.65857696533203,67.6830825805664,65.96968841552734,66.4906005859375,66.48307800292969,63.06346130371094,63.89052963256836,64.19501495361328,63.60031509399414,62.64183807373047,60.16643524169922,60.87692642211914,58.94064712524414,58.24946212768555,58.24946212768555,57.706153869628906,57.314918518066406,55.3263053894043,51.088157653808594,51.03919982910156,50.0099983215332,49.162994384765625,48.25971221923828,46.389652252197266,43.73785400390625,45.12205505371094,41.761226654052734,40.16217041015625,40.24922180175781,38.07886505126953,37.735923767089844,36.400550842285156,35.38361358642578,34.828147888183594,33.0151481628418
0,-43.0,-96,19,16,112.80514526367188,110.8873291015625,106.82696533203125,106.82696533203125,101.04454803466797,98.85848236083984,96.04686737060547,89.64373779296875,87.61849212646484,85.21150207519531,82.6619644165039,80.99382781982422,79.07591247558594,75.80237579345703,76.32168579101562,72.56031799316406,71.11258697509766,67.08203887939453,68.94200134277344,68.02940368652344,65.79513549804688,65.39112854003906,62.7694206237793,62.62587356567383,62.96824645996094,61.46543884277344,59.80802536010742,59.236812591552734,60.16643524169922,60.008331298828125,57.697486877441406,57.245086669921875,56.4358024597168,55.226806640625,53.851646423339844,51.03919982910156,50.21951675415039,49.81967544555664,48.41487503051758,46.010868072509766,44.55333709716797,43.931766510009766,42.63801193237305,41.617305755615234,41.18252182006836,37.57658767700195,38.62641525268555,36.055511474609375,37.36308288574219,33.541019439697266,33.13608169555664,33.060550689697266
0,-43.0,-96,19,16,114.00438690185547,110.00454711914062,109.00458526611328,104.0,102.01960754394531,97.04637908935547,95.02104949951172,91.13726043701172,88.0511245727539,84.2911605834961,83.2946548461914,80.62257385253906,79.90619659423828,76.11833190917969,73.82411193847656,71.19690704345703,70.40596771240234,69.85699462890625,67.05221557617188,66.0984115600586,63.89052963256836,63.24555206298828,62.93647766113281,63.324562072753906,61.09828186035156,62.297672271728516,59.46427536010742,59.77457809448242,58.8217658996582,59.203041076660156,57.723480224609375,55.54277801513672,56.08921432495117,54.918121337890625,54.58937454223633,52.239830017089844,50.2493782043457,49.09175109863281,47.01063537597656,46.04345703125,46.173583984375,44.283180236816406,42.7551155090332,40.26164245605469,40.804412841796875,37.161808013916016,37.57658767700195,36.359317779541016,35.80502700805664,36.12478256225586,33.941123962402344,33.42155075073242
0,-43.0,-96,19,16,111.60645294189453,111.01801300048828,106.8316421508789,104.40306854248047,99.86490631103516,97.08243560791016,93.19334411621094,90.97252655029297,88.20430755615234,84.90583038330078,82.15229797363281,81.12335968017578,77.89736938476562,74.6860122680664,73.34848022460938,71.17584228515625,68.54196166992188,66.85057830810547,67.06713104248047,65.19202423095703,63.90618133544922,63.24555206298828,62.62587356567383,63.06346130371094,62.64183807373047,61.032779693603516,61.13100814819336,59.203041076660156,58.24087905883789,57.87054443359375,55.71355438232422,55.71355438232422,54.230987548828125,53.712196350097656,54.120235443115234,51.0,49.92995071411133,47.70744323730469,47.01063537597656,46.40043258666992,43.13930892944336,43.185646057128906,42.44997024536133,39.20458984375,39.20458984375,36.8917350769043,38.07886505126953,38.62641525268555,35.735137939453125,35.1710090637207,33.37664031982422,34.01470184326172
0,-43.0,-96,19,17,121.04957580566406,114.75626373291016,117.63077545166016,108.90821838378906,109.3846435546875,101.63660430908203,101.6513671875,96.3016128540039,93.68030548095703,91.0933609008789,89.8109130859375,85.70297241210938,83.57032775878906,79.84986114501953,77.077880859375,76.02631378173828,72.89718627929688,73.34848022460938,70.71067810058594,69.83551788330078,69.35416412353516,67.23094177246094,66.37017059326172,66.2872543334961,64.66065216064453,65.19202423095703,65.19202423095703,64.14047241210938,61.587337493896484,62.7694206237793,60.0333251953125,59.9416389465332,58.600341796875,56.46237564086914,55.71355438232422,56.30275344848633,54.708316802978516,52.88667297363281,50.21951675415039,47.85394287109375,47.381431579589844,45.27692413330078,47.04253387451172,43.0,42.19004440307617,40.607879638671875,40.024993896484375,40.024993896484375,41.78516387939453,40.71854782104492,36.359317779541016,34.828147888183594
0,-43.0,-96,19,17,121.20230865478516,117.68601989746094,116.18089294433594,113.35784149169922,109.1421127319336,103.5857162475586,102.35721588134766,97.80081939697266,96.84007263183594,90.9560317993164,89.84430694580078,86.64871978759766,84.43340301513672,81.93289947509766,79.47956085205078,77.47257232666016,75.1531753540039,73.34848022460938,71.5541763305664,70.71067810058594,69.83551788330078,68.09552001953125,67.23094177246094,66.37017059326172,67.74215698242188,64.49806213378906,65.51335906982422,64.66065216064453,62.7694206237793,62.7694206237793,60.8276252746582,62.60990524291992,60.41522979736328,58.30952072143555,57.384666442871094,56.920997619628906,53.851646423339844,53.600372314453125,52.17279052734375,50.635955810546875,47.381431579589844,46.27094268798828,46.04345703125,43.011627197265625,43.046485900878906,41.43669891357422,41.9761848449707,42.20189666748047,42.379241943359375,37.57658767700195,37.735923767089844,36.2353401184082
0,-43.0,-96,20,9,100.95543670654297,98.73702239990234,95.8018798828125,94.04785919189453,91.02197265625,86.02325439453125,83.40863037109375,82.00609588623047,78.24320983886719,78.10249328613281,74.02702331542969,72.34638977050781,70.83784484863281,67.89698028564453,65.76473236083984,63.65532302856445,62.36986541748047,59.54829788208008,58.41232681274414,60.0,58.00862121582031,57.20139694213867,55.60575485229492,55.217750549316406,56.035701751708984,53.600372314453125,54.64430618286133,54.64430618286133,51.61395263671875,52.801513671875,50.6063232421875,50.447994232177734,51.088157653808594,48.91830062866211,48.08325958251953,46.69047164916992,45.343135833740234,43.416587829589844,42.20189666748047,42.43819046020508,40.8166618347168,39.4461669921875,38.4837646484375,37.161808013916016,36.055511474609375,35.44009017944336,34.525352478027344,34.2344856262207,34.01470184326172,34.0,33.241539001464844,30.805843353271484
0,-44.0,-96,19,16,117.4137954711914,113.00442504882812,111.83023071289062,108.00463104248047,105.11898040771484,99.04544067382812,96.51942443847656,93.49331665039062,90.73587799072266,89.69392395019531,84.72307586669922,85.58621215820312,82.2982406616211,77.82030487060547,77.38862609863281,74.73285675048828,70.38465881347656,69.6419448852539,68.94925689697266,67.35725402832031,66.40782928466797,65.802734375,63.60031509399414,65.96968841552734,63.06346130371094,62.09669876098633,63.78871536254883,61.84658432006836,60.87692642211914,59.90826416015625,59.13543701171875,59.13543701171875,55.36244201660156,55.154327392578125,55.46169662475586,53.22593307495117,51.429561614990234,51.107730865478516,49.92995071411133,49.40647888183594,47.01063537597656,44.04542922973633,46.010868072509766,41.72529220581055,41.1096076965332,40.0,40.49691390991211,38.07886505126953,39.560081481933594,37.64305877685547,38.832977294921875,36.22154235839844
0,-43.0,-96,20,11,112.60550689697266,110.9414291381836,108.45275115966797,105.68348693847656,100.40418243408203,97.34988403320312,94.03190612792969,91.26883697509766,89.04492950439453,86.83317565917969,83.6480712890625,83.19255065917969,80.11241912841797,78.54934692382812,73.00685119628906,71.30918884277344,70.57620239257812,66.48307800292969,68.62215423583984,66.0984115600586,65.78753662109375,62.93647766113281,62.09669876098633,62.585941314697266,62.585941314697266,61.392181396484375,60.87692642211914,60.87692642211914,61.400325775146484,58.52349853515625,57.567352294921875,59.13543701171875,57.584720611572266,56.46237564086914,54.5618896484375,52.32590103149414,51.429561614990234,50.11985778808594,48.87739944458008,47.434165954589844,44.04542922973633,43.27817153930664,42.44997024536133,41.773197174072266,41.231056213378906,38.01315689086914,41.18252182006836,37.121421813964844,36.24913787841797,37.947330474853516,34.928497314453125,34.2344856262207
0,-44.0,-96,20,11,107.00466918945312,105.51303100585938,102.88343048095703,100.42410278320312,95.60334777832031,93.68030548095703,89.84430694580078,87.93179321289062,84.48076629638672,80.65357971191406,80.41144561767578,77.47257232666016,74.73285675048828,70.68238830566406,69.35416412353516,68.42514038085938,66.24198150634766,63.52952194213867,62.7694206237793,62.7694206237793,61.91122817993164,61.057350158691406,57.688819885253906,60.605281829833984,58.00862121582031,56.61272048950195,58.24946212768555,56.859474182128906,57.14017868041992,54.08327102661133,54.708316802978516,53.712196350097656,52.35456085205078,51.89412307739258,50.56678771972656,49.24428939819336,48.46648406982422,47.16990661621094,44.92215347290039,45.35416030883789,42.57933807373047,41.43669891357422,42.04759216308594,40.04996871948242,39.051246643066406,37.336307525634766,36.49657440185547,37.10795211791992,34.78505325317383,35.46829605102539,32.649654388427734,31.62277603149414
0,-43.0,-96,19,17,120.3702621459961,117.59677124023438,115.6633071899414,110.9414291381836,107.61505126953125,103.46497344970703,99.64437103271484,96.5660400390625,94.66783905029297,90.91754150390625,88.1929702758789,85.8836441040039,86.31338500976562,81.43709564208984,77.38862609863281,78.54934692382812,74.09453582763672,71.51223754882812,71.7844009399414,70.21395874023438,69.57010650634766,68.680419921875,65.802734375,66.94026947021484,67.18630981445312,66.48307800292969,63.78871536254883,65.25334930419922,64.56005096435547,63.60031509399414,60.083274841308594,59.46427536010742,58.872745513916016,58.694122314453125,56.79788589477539,55.94640350341797,54.20331954956055,51.107730865478516,51.61395263671875,50.0,49.04079818725586,46.010868072509766,45.96738052368164,44.59820556640625,42.8018684387207,41.04875183105469,40.31128692626953,38.910152435302734,38.07886505126953,36.400550842285156,38.63935852050781,37.05401611328125
0,-43.0,-96,19,17,119.85408020019531,114.75626373291016,116.70903778076172,107.2800064086914,107.07940673828125,101.78899383544922,99.2471694946289,96.31718444824219,93.62158203125,90.47099304199219,89.49860382080078,84.89994049072266,84.20214080810547,80.3243408203125,75.96051788330078,78.54934692382812,72.09021759033203,71.69379425048828,69.35416412353516,68.88395690917969,68.42514038085938,67.60177612304688,66.24198150634766,64.49806213378906,63.1347770690918,63.06346130371094,63.631752014160156,65.0,60.90156173706055,61.29437255859375,60.373836517333984,59.93329620361328,59.61543273925781,57.00876998901367,56.080299377441406,55.081756591796875,53.851646423339844,51.6623649597168,50.635955810546875,49.497474670410156,47.381431579589844,45.09988784790039,47.0,42.04759216308594,43.28972244262695,40.607879638671875,40.26164245605469,42.05948257446289,38.07886505126953,38.470767974853516,36.619667053222656,34.058773040771484
0,-44.0,-96,20,11,113.44161224365234,109.37092590332031,106.23088073730469,106.23088073730469,100.12492370605469,93.19334411621094,92.0869140625,91.0494384765625,88.0227279663086,84.00595092773438,83.00602722167969,81.0,78.16009521484375,76.16429901123047,72.3394775390625,73.55270385742188,68.73136138916016,66.0984115600586,66.4906005859375,64.76110076904297,63.348243713378906,63.60031509399414,61.84658432006836,61.13100814819336,62.09669876098633,59.203041076660156,61.13100814819336,58.94064712524414,57.723480224609375,58.694122314453125,56.08921432495117,57.070133209228516,53.93514633178711,53.46026611328125,53.23532485961914,53.15073013305664,50.0099983215332,48.010414123535156,46.173583984375,46.173583984375,44.40720748901367,43.5660400390625,42.44997024536133,40.804412841796875,40.49691390991211,39.0,37.58989334106445,36.8917350769043,36.400550842285156,35.38361358642578,34.65544509887695,32.4499626159668
0,-44.0,-96,19,18,121.07848358154297,116.86744689941406,117.27318572998047,112.53887939453125,111.08555603027344,102.55242919921875,102.85912322998047,98.41239929199219,95.2732925415039,94.81033325195312,91.30169677734375,87.8179931640625,82.15229797363281,80.99382781982422,77.69813537597656,77.801025390625,73.24616241455078,72.80110168457031,73.10950469970703,70.93659210205078,68.88395690917969,69.35416412353516,68.680419921875,67.17886352539062,66.48307800292969,63.70243453979492,64.38167572021484,65.76473236083984,62.96824645996094,64.38167572021484,61.717098236083984,60.4400520324707,60.4400520324707,57.688819885253906,57.688819885253906,56.603885650634766,55.56977462768555,51.429561614990234,51.89412307739258,50.15974426269531,50.59644317626953,46.173583984375,49.24428939819336,43.5660400390625,43.28972244262695,41.04875183105469,41.01219177246094,42.10700607299805,41.43669891357422,39.81205749511719,38.897300720214844,36.67424011230469
0,-43.0,-96,20,11,111.40017700195312,109.123779296875,107.35455322265625,104.21611785888672,101.55294036865234,96.17691802978516,93.10746765136719,89.31964874267578,87.46427917480469,86.72946166992188,82.54090118408203,79.37883758544922,78.16009521484375,75.96051788330078,73.24616241455078,70.8307876586914,68.24954223632812,67.26811981201172,66.75328063964844,64.77654266357422,63.639610290527344,63.50590515136719,61.29437255859375,63.12685775756836,61.29437255859375,61.29437255859375,60.20797348022461,59.304298400878906,59.304298400878906,57.314918518066406,56.56854248046875,55.90169906616211,54.12947463989258,54.12947463989258,53.600372314453125,52.201534271240234,50.59644317626953,49.04079818725586,48.84669876098633,47.423622131347656,45.27692413330078,43.5660400390625,44.10215377807617,41.400482177734375,39.623226165771484,38.897300720214844,38.94868469238281,39.20458984375,37.735923767089844,38.07886505126953,34.928497314453125,35.1710090637207
0,-44.0,-96,20,11,113.54734802246094,108.16654205322266,107.91200256347656,104.40306854248047,100.90093994140625,95.85926818847656,93.98403930664062,89.53770446777344,88.76936340332031,86.8158950805664,84.69356536865234,81.43709564208984,79.60527801513672,76.05918884277344,73.35530090332031,71.86793518066406,68.79679870605469,67.67569732666016,67.42403411865234,65.6048812866211,63.82006072998047,64.81512451171875,63.25345993041992,62.481998443603516,60.4400520324707,61.073726654052734,62.36986541748047,61.073726654052734,59.03388977050781,59.66573715209961,57.20139694213867,56.40035629272461,55.75840759277344,54.708316802978516,54.20331954956055,50.11985778808594,49.658836364746094,50.15974426269531,47.75981521606445,47.434165954589844,46.173583984375,44.14748001098633,43.17406463623047,42.42640686035156,42.296573638916016,40.01249694824219,41.01219177246094,39.20458984375,39.623226165771484,38.60051727294922,36.055511474609375,34.438350677490234
0,-44.0,-96,19,17,118.94956970214844,112.8716049194336,114.73883056640625,107.56393432617188,107.56393432617188,99.60923767089844,99.2471694946289,94.2602767944336,93.19334411621094,91.13726043701172,88.0227279663086,85.0058822631836,82.00609588623047,80.05622863769531,76.10519409179688,77.3175277709961,70.71067810058594,70.71067810058594,68.24954223632812,68.88395690917969,68.24954223632812,67.26811981201172,66.4906005859375,66.21932983398438,64.53681182861328,64.03124237060547,64.03124237060547,63.06346130371094,60.16643524169922,62.585941314697266,57.87054443359375,61.98386764526367,59.53990173339844,57.21887969970703,56.32051086425781,55.081756591796875,54.037025451660156,51.03919982910156,49.09175109863281,49.162994384765625,49.36598205566406,44.72135925292969,45.89117431640625,43.96589660644531,42.379241943359375,42.95346450805664,41.59326934814453,39.4461669921875,41.400482177734375,39.623226165771484,38.18376541137695,36.619667053222656
0,-44.0,-96,20,11,117.33712005615234,111.64676666259766,111.1395492553711,107.54068756103516,104.44615936279297,98.61541748046875,97.94386291503906,94.87360382080078,90.73587799072266,88.48163604736328,84.62860107421875,83.6002426147461,80.60397338867188,77.6208724975586,74.65252685546875,75.1664810180664,70.76722717285156,70.03570556640625,67.89698028564453,67.88224792480469,66.4680404663086,65.76473236083984,64.38167572021484,63.89052963256836,64.53681182861328,63.78087615966797,63.03173828125,62.2414665222168,60.10823440551758,60.10823440551758,59.396968841552734,58.694122314453125,58.79625701904297,56.85068130493164,55.60575485229492,53.00943374633789,53.5350341796875,51.107730865478516,50.6063232421875,47.85394287109375,47.53945541381836,46.2385139465332,46.173583984375,43.680660247802734,42.95346450805664,40.31128692626953,41.19466018676758,40.01249694824219,40.04996871948242,37.656341552734375,34.928497314453125,34.01470184326172
0,-44.0,-96,20,11,109.71326446533203,103.4794692993164,103.5857162475586,99.2471694946289,97.30878448486328,90.78546142578125,88.09085845947266,85.6037368774414,84.20214080810547,82.00609588623047,79.8122787475586,77.42092895507812,72.67048645019531,70.72481536865234,68.79679870605469,68.96376037597656,65.29930877685547,65.29930877685547,62.64982223510742,61.84658432006836,60.539241790771484,60.16643524169922,60.16643524169922,59.61543273925781,58.30952072143555,58.872745513916016,56.30275344848633,57.00876998901367,54.7813835144043,57.00876998901367,53.712196350097656,51.4781494140625,52.77309799194336,51.429561614990234,50.6063232421875,49.39635467529297,48.82622146606445,47.01063537597656,46.86149978637695,43.185646057128906,43.13930892944336,41.03656768798828,41.1096076965332,37.80211639404297,37.202152252197266,37.2155876159668,35.34119415283203,34.539833068847656,35.44009017944336,34.71310806274414,33.13608169555664,32.015621185302734
0,-44.0,-96,19,17,119.28118133544922,113.71894836425781,114.03946685791016,109.85900115966797,106.8316421508789,99.6242904663086,98.0051040649414,96.26006317138672,93.60021209716797,91.40021514892578,87.61849212646484,84.38601684570312,83.54639434814453,79.20858764648438,77.10382843017578,74.24958038330078,72.91776275634766,70.93659210205078,68.88395690917969,68.88395690917969,67.35725402832031,67.62396240234375,66.21932983398438,65.21502685546875,66.61080932617188,63.411354064941406,63.411354064941406,63.0079345703125,61.032779693603516,61.400325775146484,59.54829788208008,60.20797348022461,60.14149856567383,56.56854248046875,55.90169906616211,55.973209381103516,53.413482666015625,52.201534271240234,50.21951675415039,50.477718353271484,48.764739990234375,46.06517028808594,46.097721099853516,43.08131790161133,43.011627197265625,40.79215621948242,41.773197174072266,40.112342834472656,39.0128173828125,38.05259704589844,38.327537536621094,36.68787384033203
0,-44.0,-96,19,17,118.1270523071289,118.1270523071289,111.83023071289062,111.83023071289062,103.94229125976562,103.36827087402344,98.65596771240234,95.52486419677734,92.22798156738281,89.10667419433594,89.67720031738281,85.37564086914062,81.1541748046875,80.09993743896484,78.025634765625,74.00675964355469,75.02666473388672,70.06425476074219,71.25306701660156,67.26811981201172,66.37017059326172,67.47592163085938,65.37583923339844,65.30696868896484,63.95310592651367,64.77654266357422,63.95310592651367,60.01666259765625,62.64982223510742,59.6824951171875,59.41380310058594,59.304298400878906,57.14017868041992,57.07889175415039,55.03635025024414,55.0,55.009090423583984,51.088157653808594,51.35172653198242,49.497474670410156,47.67599105834961,47.07440948486328,44.92215347290039,43.32435989379883,42.54409408569336,42.04759216308594,39.4461669921875,39.11521530151367,37.80211639404297,38.897300720214844,38.28837966918945,35.22782897949219
0,-44.0,-96,19,15,105.81587982177734,105.11898040771484,104.29285430908203,96.83490753173828,94.86833190917969,89.58794403076172,85.0,83.48652648925781,81.27114868164062,74.81310272216797,77.46611785888672,73.87828063964844,71.70076751708984,68.7677230834961,68.11754608154297,65.76473236083984,64.38167572021484,62.2414665222168,62.28964614868164,60.30754470825195,58.79625701904297,59.03388977050781,56.85068130493164,55.803226470947266,56.40035629272461,55.60575485229492,55.803226470947266,53.600372314453125,54.20331954956055,53.600372314453125,51.855567932128906,53.075416564941406,51.62363815307617,50.990196228027344,48.27007293701172,47.6340217590332,46.22769546508789,44.40720748901367,44.10215377807617,42.54409408569336,42.54409408569336,41.59326934814453,40.853397369384766,38.897300720214844,35.735137939453125,37.10795211791992,37.2155876159668,37.2155876159668,34.01470184326172,34.13209533691406,31.78049659729004,31.320919036865234
0,-44.0,-96,20,12,115.97413635253906,111.64676666259766,110.8873291015625,106.0660171508789,103.09703826904297,95.88534545898438,95.35198211669922,92.19544219970703,90.02777099609375,85.14693450927734,83.54639434814453,82.9698715209961,80.08120727539062,77.49193572998047,76.24303436279297,71.51223754882812,71.51223754882812,67.779052734375,67.11929321289062,65.30696868896484,64.88451385498047,64.41273498535156,61.717098236083984,61.773780822753906,61.29437255859375,59.53990173339844,61.29437255859375,59.53990173339844,58.5918083190918,57.706153869628906,55.90169906616211,57.27128601074219,55.154327392578125,53.851646423339844,52.49761962890625,52.49761962890625,49.72926712036133,49.030601501464844,48.66210174560547,47.51841735839844,45.17742919921875,45.0111083984375,44.0,42.10700607299805,40.31128692626953,40.79215621948242,41.0,39.560081481933594,36.769554138183594,37.58989334106445,36.055511474609375,35.46829605102539
0,-44.0,-96,20,11,118.25819396972656,114.69088745117188,112.69871520996094,109.7861557006836,104.9952392578125,99.90495300292969,96.54014587402344,93.86160278320312,92.45539093017578,88.23831176757812,85.6037368774414,83.00602722167969,82.09750366210938,78.77182006835938,77.38862609863281,73.24616241455078,72.56031799316406,70.8307876586914,68.42514038085938,67.5425796508789,65.7419204711914,67.08203887939453,63.56099319458008,64.47480010986328,64.88451385498047,63.158531188964844,62.64982223510742,61.741397857666016,61.717098236083984,60.373836517333984,57.706153869628906,60.0333251953125,57.45433044433594,56.30275344848633,55.803226470947266,53.413482666015625,50.447994232177734,50.990196228027344,50.2493782043457,48.83646011352539,47.801673889160156,45.80392837524414,45.221675872802734,42.19004440307617,42.94182205200195,42.154476165771484,40.804412841796875,40.26164245605469,39.81205749511719,39.11521530151367,39.0,38.20994567871094
0,-44.0,-96,19,18,127.56566619873047,120.5985107421875,123.9112548828125,114.85643005371094,115.84903717041016,107.67079162597656,107.05606079101562,100.9752426147461,97.01546478271484,97.86214447021484,93.5574722290039,89.26925659179688,86.58522033691406,86.12781524658203,78.84795379638672,81.90848541259766,75.27283477783203,76.5506362915039,73.9256362915039,73.00685119628906,71.69379425048828,72.91776275634766,68.44705963134766,68.42514038085938,67.08203887939453,67.08203887939453,66.18912506103516,68.47627258300781,63.95310592651367,65.7419204711914,62.64982223510742,64.62197875976562,61.09828186035156,61.032779693603516,59.203041076660156,57.9741325378418,58.94064712524414,53.600372314453125,52.46903991699219,51.35172653198242,51.088157653808594,49.04079818725586,50.0099983215332,47.095645904541016,47.381431579589844,44.55333709716797,44.384681701660156,44.271888732910156,43.382022857666016,42.48529052734375,39.96248245239258,38.41874694824219
0,-44.0,-96,20,11,119.85408020019531,116.82893371582031,111.83023071289062,110.67971801757812,106.60675048828125,101.60708618164062,100.20977783203125,95.60334777832031,94.81033325195312,88.86506652832031,85.04116821289062,84.2911605834961,81.3449478149414,79.20858764648438,77.10382843017578,74.95331573486328,72.24956512451172,68.680419921875,68.88395690917969,68.88395690917969,66.06814575195312,65.0,65.4369888305664,66.40029907226562,65.21502685546875,63.24555206298828,64.20280456542969,63.411354064941406,61.22091293334961,59.203041076660156,58.2580451965332,58.79625701904297,58.0,57.28001403808594,55.226806640625,55.973209381103516,52.63079071044922,53.00943374633789,49.648765563964844,50.2493782043457,47.85394287109375,46.957427978515625,45.31004333496094,43.32435989379883,43.416587829589844,40.79215621948242,42.57933807373047,42.19004440307617,39.0,40.199501037597656,39.458839416503906,35.735137939453125
0,-44.0,-96,19,18,122.91867065429688,121.8072280883789,115.73245239257812,115.84903717041016,109.17874908447266,107.05606079101562,103.09703826904297,100.0199966430664,96.50906372070312,91.21951293945312,92.19544219970703,88.05680084228516,86.83317565917969,83.24061584472656,81.60882568359375,77.49193572998047,76.216796875,71.51223754882812,73.00685119628906,72.09021759033203,71.17584228515625,69.7782211303711,66.18912506103516,67.5425796508789,67.97793579101562,67.08203887939453,65.76473236083984,65.30696868896484,66.21178436279297,59.50630187988281,61.46543884277344,62.3939094543457,59.46427536010742,60.083274841308594,58.24087905883789,57.48912811279297,55.10898208618164,53.600372314453125,52.345008850097656,52.239830017089844,49.01020431518555,49.01020431518555,46.010868072509766,47.16990661621094,44.55333709716797,43.17406463623047,43.011627197265625,41.78516387939453,40.71854782104492,42.54409408569336,38.01315689086914,36.06937789916992
0,-44.0,-96,20,11,118.79393768310547,114.55130004882812,113.17243194580078,108.2081298828125,106.10372161865234,99.08582305908203,96.26006317138672,92.02173614501953,91.43850708007812,89.49860382080078,85.14693450927734,84.64632415771484,80.21221923828125,78.81623840332031,77.10382843017578,73.7834701538086,71.86793518066406,69.97142028808594,67.5351791381836,67.11929321289062,66.64833068847656,66.21178436279297,64.40496826171875,65.39112854003906,65.0,60.835845947265625,62.64982223510742,62.64982223510742,62.169124603271484,58.600341796875,58.18075180053711,59.05929183959961,56.4358024597168,54.37830352783203,55.4707145690918,52.801513671875,52.49761962890625,49.67897033691406,48.83646011352539,47.381431579589844,47.6340217590332,43.416587829589844,42.20189666748047,42.72002029418945,42.54409408569336,42.154476165771484,40.853397369384766,40.16217041015625,40.024993896484375,38.327537536621094,38.01315689086914,37.121421813964844
0,-44.0,-96,19,18,125.19584655761719,121.10326385498047,120.20399475097656,116.21101379394531,113.21660614013672,106.23088073730469,104.58011627197266,102.48902130126953,97.62171936035156,95.75489807128906,90.93404388427734,89.26925659179688,87.66413116455078,80.80841827392578,79.30951690673828,79.30951690673828,76.65507507324219,74.63243103027344,73.38937377929688,70.83784484863281,69.6419448852539,70.57620239257812,67.779052734375,67.97793579101562,66.30987548828125,66.21178436279297,64.07807922363281,65.92420196533203,65.0,62.032249450683594,62.62587356567383,62.297672271728516,61.032779693603516,59.90826416015625,59.43904495239258,58.051700592041016,56.88584899902344,52.345008850097656,52.08646774291992,50.03998565673828,50.0099983215332,49.04079818725586,47.16990661621094,46.52956008911133,43.5660400390625,43.680660247802734,43.65776062011719,43.382022857666016,39.4461669921875,39.66106414794922,38.41874694824219,38.20994567871094
0,-44.0,-96,19,17,119.63277435302734,113.4063491821289,115.43396759033203,110.0,108.811767578125,99.4032211303711,99.04544067382812,94.86833190917969,90.13877868652344,90.97252655029297,88.5098876953125,83.00602722167969,82.49242401123047,78.77182006835938,74.24284362792969,74.32361602783203,71.69379425048828,70.26378631591797,69.6419448852539,68.3081283569336,68.00735473632812,66.48307800292969,64.8459701538086,66.0984115600586,63.60031509399414,61.6846809387207,60.4400520324707,60.4400520324707,60.728904724121094,61.6846809387207,58.18934631347656,59.80802536010742,59.236812591552734,56.46237564086914,55.03635025024414,56.35601043701172,53.851646423339844,51.312767028808594,50.21951675415039,48.41487503051758,48.41487503051758,45.343135833740234,45.25483322143555,41.773197174072266,41.231056213378906,40.8166618347168,40.8166618347168,39.824615478515625,39.924930572509766,38.60051727294922,38.63935852050781,35.05709457397461
0,-43.0,-96,20,11,112.5877456665039,110.11357879638672,105.51303100585938,104.04806518554688,97.98469543457031,94.11163330078125,91.48223876953125,87.64131164550781,85.72631072998047,82.56512451171875,82.861328125,79.37883758544922,77.8331527709961,73.16419982910156,71.30918884277344,68.87670135498047,66.64833068847656,64.41273498535156,65.3681869506836,62.7694206237793,61.400325775146484,62.12889862060547,57.45433044433594,60.74536895751953,58.830265045166016,60.464866638183594,59.64059066772461,57.42821502685547,57.14017868041992,54.918121337890625,54.708316802978516,53.23532485961914,52.35456085205078,52.32590103149414,52.801513671875,48.84669876098633,48.703182220458984,47.801673889160156,45.880279541015625,47.29693603515625,43.931766510009766,43.416587829589844,43.28972244262695,40.04996871948242,39.0128173828125,39.20458984375,38.327537536621094,38.470767974853516,37.947330474853516,35.11410140991211,34.98571014404297,34.66987228393555
0,-44.0,-96,20,9,89.3756103515625,96.51942443847656,91.52595520019531,89.8888168334961,90.97252655029297,83.00602722167969,81.54139709472656,75.1664810180664,75.7165756225586,73.7834701538086,70.72481536865234,68.26419067382812,65.51335906982422,63.28506851196289,62.265560150146484,60.8276252746582,59.09314727783203,59.03388977050781,57.00876998901367,56.080299377441406,54.230987548828125,53.48831558227539,52.55473327636719,51.62363815307617,51.62363815307617,50.32891845703125,52.55473327636719,49.76947021484375,47.92702865600586,49.76947021484375,47.423622131347656,48.764739990234375,47.88528060913086,47.16990661621094,44.10215377807617,45.0,42.8018684387207,41.773197174072266,41.72529220581055,39.623226165771484,39.623226165771484,38.28837966918945,38.832977294921875,36.8917350769043,35.35533905029297,33.541019439697266,33.83784866333008,32.98484420776367,33.37664031982422,33.0151481628418,31.0,29.154760360717773
0,-44.0,-96,19,18,123.16655731201172,123.8587875366211,117.17507934570312,120.15406799316406,110.49434661865234,107.33592224121094,101.843017578125,100.5683822631836,99.02020263671875,92.02716827392578,92.02716827392578,89.4930191040039,86.40023040771484,85.86617279052734,82.46211242675781,77.66595458984375,78.44743347167969,72.00694274902344,72.83543395996094,72.69112396240234,70.45565795898438,71.34423828125,67.47592163085938,69.18092346191406,69.2603759765625,67.26811981201172,67.18630981445312,65.37583923339844,68.35934448242188,61.400325775146484,61.814239501953125,62.96824645996094,62.585941314697266,58.46366500854492,58.94064712524414,55.6596794128418,55.36244201660156,53.712196350097656,52.32590103149414,54.58937454223633,48.02082824707031,49.648765563964844,48.010414123535156,46.097721099853516,43.84062194824219,43.931766510009766,42.01190185546875,40.804412841796875,38.94868469238281,40.31128692626953,38.897300720214844,38.63935852050781
0,-44.0,-96,19,18,128.03515625,123.03658294677734,121.6552505493164,116.0,113.21660614013672,106.8877944946289,104.80458068847656,100.5683822631836,98.49365234375,95.90099334716797,93.08598327636719,88.60022735595703,86.60831451416016,83.81526947021484,80.44873809814453,81.27114868164062,75.80237579345703,76.32168579101562,71.58910369873047,73.35530090332031,69.35416412353516,69.31810760498047,69.77105712890625,67.11929321289062,67.11929321289062,68.02940368652344,66.64083099365234,65.7419204711914,64.8459701538086,65.29930877685547,60.90156173706055,61.91122817993164,59.36328887939453,58.8217658996582,58.600341796875,57.80138397216797,55.44366455078125,54.488529205322266,53.740116119384766,50.32891845703125,51.22499465942383,48.41487503051758,47.70744323730469,44.94440841674805,45.17742919921875,44.384681701660156,44.59820556640625,42.44997024536133,42.7551155090332,40.31128692626953,40.01249694824219,38.11823654174805
0,-44.0,-96,20,12,116.01724243164062,116.00431060791016,109.00458526611328,109.01834869384766,103.00485229492188,100.00499725341797,95.00526428222656,93.08598327636719,92.02173614501953,86.14522552490234,85.28775024414062,82.38932037353516,79.5110092163086,77.64663696289062,75.66372680664062,71.02112579345703,69.63475799560547,69.63475799560547,68.680419921875,67.44627380371094,65.0,63.60031509399414,62.93647766113281,63.5688591003418,62.62587356567383,61.6846809387207,61.6846809387207,59.77457809448242,60.083274841308594,58.8217658996582,57.48912811279297,57.48912811279297,56.88584899902344,54.58937454223633,55.44366455078125,52.345008850097656,49.09175109863281,50.03998565673828,50.0099983215332,48.041648864746094,46.27094268798828,46.389652252197266,44.72135925292969,41.48493576049805,41.1096076965332,39.217342376708984,39.39543151855469,38.587562561035156,37.44329071044922,37.80211639404297,36.769554138183594,35.46829605102539
0,-44.0,-96,20,11,115.80155181884766,109.04127502441406,112.32987213134766,104.62313079833984,105.43718719482422,95.44107818603516,94.86833190917969,91.26335144042969,88.20430755615234,87.98295593261719,83.35466766357422,81.00617218017578,78.72102355957031,75.1531753540039,72.44998168945312,73.9256362915039,66.30987548828125,67.23094177246094,66.128662109375,66.48307800292969,64.51356506347656,63.24555206298828,63.24555206298828,63.06346130371094,62.09669876098633,59.203041076660156,59.4810905456543,59.4810905456543,57.28001403808594,58.8217658996582,55.973209381103516,57.584720611572266,54.625999450683594,54.5618896484375,52.32590103149414,52.35456085205078,51.4781494140625,49.09175109863281,46.87216567993164,45.80392837524414,46.86149978637695,41.72529220581055,43.13930892944336,39.051246643066406,40.0,39.4461669921875,38.470767974853516,37.57658767700195,38.27531814575195,34.48188018798828,36.49657440185547,34.058773040771484
0,-44.0,-96,20,12,117.99152374267578,115.24755859375,112.68096923828125,106.8503646850586,105.47511291503906,99.12618255615234,95.41488647460938,94.03190612792969,91.52595520019531,87.92041778564453,84.62860107421875,82.20097351074219,79.2022705078125,76.83749389648438,74.65252685546875,75.74298858642578,70.72481536865234,67.17886352539062,66.4680404663086,65.11528015136719,65.05382537841797,63.70243453979492,62.28964614868164,63.25345993041992,61.717098236083984,61.073726654052734,62.481998443603516,61.61980056762695,58.79625701904297,59.46427536010742,57.28001403808594,56.58621597290039,56.63920974731445,53.413482666015625,54.20331954956055,52.430908203125,50.477718353271484,49.73931884765625,48.3735466003418,46.957427978515625,45.694637298583984,43.32435989379883,43.96589660644531,41.9761848449707,41.59326934814453,39.20458984375,39.0128173828125,40.01249694824219,38.20994567871094,37.48332977294922,35.735137939453125,34.928497314453125
0,-44.0,-96,20,11,115.96551513671875,114.28035736083984,107.89810180664062,109.0,103.17460632324219,100.68763732910156,97.41663360595703,94.40338897705078,90.8019790649414,84.64632415771484,84.0238037109375,80.28075408935547,80.05622863769531,77.89736938476562,77.10382843017578,71.4212875366211,71.50524139404297,67.20863342285156,68.11754608154297,66.06814575195312,64.53681182861328,65.4369888305664,60.605281829833984,63.0079345703125,61.61168670654297,61.29437255859375,61.29437255859375,58.8217658996582,60.0,58.41232681274414,56.7274169921875,56.85068130493164,55.31726837158203,54.488529205322266,53.037723541259766,50.32891845703125,50.32891845703125,48.010414123535156,49.648765563964844,48.25971221923828,44.777225494384766,45.617977142333984,42.04759216308594,41.78516387939453,40.16217041015625,40.024993896484375,40.607879638671875,39.31920623779297,36.013885498046875,38.11823654174805,37.85498809814453,34.20526123046875
0,-44.0,-96,20,12,117.71150970458984,114.75626373291016,110.16805267333984,110.47624206542969,103.94710540771484,99.98500061035156,96.7470932006836,93.53608703613281,91.54779815673828,86.37129211425781,85.28775024414062,84.05355072021484,81.00617218017578,79.00633239746094,76.00657653808594,74.00675964355469,73.10950469970703,67.18630981445312,68.4689712524414,65.4904556274414,65.6201171875,65.76473236083984,62.64982223510742,62.36986541748047,62.36986541748047,61.188232421875,60.67124557495117,59.84145736694336,60.67124557495117,57.55866622924805,57.21887969970703,56.22277069091797,57.07889175415039,54.00925827026367,55.0,51.03919982910156,50.03998565673828,49.162994384765625,47.51841735839844,48.05205535888672,43.680660247802734,45.880279541015625,43.32435989379883,42.72002029418945,42.04759216308594,39.4461669921875,37.735923767089844,38.41874694824219,36.12478256225586,37.53664779663086,37.013511657714844,34.98571014404297
0,-44.0,-96,20,12,118.81077575683594,113.00442504882812,111.82575988769531,107.80074310302734,105.26158142089844,101.212646484375,97.00515747070312,93.08598327636719,90.90654754638672,88.61715698242188,85.14693450927734,83.63013458251953,81.3449478149414,75.69015502929688,76.3675308227539,72.91776275634766,70.0927963256836,70.0927963256836,66.84310150146484,66.21932983398438,63.411354064941406,64.40496826171875,63.411354064941406,65.45991516113281,63.0079345703125,59.64059066772461,60.0,61.400325775146484,60.0,59.203041076660156,56.85068130493164,58.898216247558594,57.314918518066406,55.154327392578125,53.075416564941406,52.49761962890625,52.009613037109375,50.21951675415039,48.25971221923828,46.647613525390625,46.52956008911133,44.283180236816406,45.694637298583984,42.379241943359375,43.416587829589844,40.024993896484375,41.30375289916992,38.11823654174805,40.01249694824219,38.11823654174805,37.656341552734375,35.735137939453125
0,-44.0,-96,20,12,114.98260498046875,112.14722442626953,106.30146026611328,98.61541748046875,103.3924560546875,101.49384307861328,98.50888061523438,94.2602767944336,92.43917083740234,84.09518432617188,86.0,78.0,81.05553436279297,75.23961639404297,74.3303451538086,73.82411193847656,68.35934448242188,66.61080932617188,65.11528015136719,64.77654266357422,61.188232421875,63.150611877441406,59.228370666503906,64.51356506347656,62.817195892333984,59.84145736694336,59.90826416015625,55.785301208496094,60.728904724121094,56.51548385620117,55.31726837158203,57.27128601074219,56.08921432495117,54.58937454223633,55.3263053894043,54.33230972290039,50.2493782043457,49.0,47.0,45.0111083984375,44.55333709716797,41.43669891357422,42.95346450805664,42.20189666748047,42.05948257446289,40.16217041015625,41.18252182006836,36.359317779541016,37.44329071044922,37.013511657714844,33.941123962402344,35.46829605102539
0,-44.0,-96,19,18,126.6214828491211,122.34786224365234,120.91732788085938,113.84638977050781,113.14591979980469,106.0660171508789,102.55242919921875,100.4987564086914,96.2081069946289,93.50936126708984,91.3509750366211,88.72992706298828,85.6037368774414,82.80096435546875,79.8122787475586,81.84130859375,75.1664810180664,73.24616241455078,69.83551788330078,70.32780456542969,68.09552001953125,68.88395690917969,68.42514038085938,66.18912506103516,66.18912506103516,66.18912506103516,66.18912506103516,65.29930877685547,62.265560150146484,63.52952194213867,60.20797348022461,61.91122817993164,60.20797348022461,58.24946212768555,58.600341796875,57.48912811279297,55.226806640625,53.037723541259766,51.6623649597168,51.088157653808594,49.20365905761719,48.60041046142578,47.16990661621094,44.777225494384766,43.382022857666016,43.08131790161133,44.271888732910156,41.48493576049805,41.773197174072266,40.112342834472656,40.0,38.327537536621094
0,-44.0,-96,20,12,118.37651824951172,115.41230773925781,112.8716049194336,108.90362548828125,104.8093490600586,99.84988403320312,97.73944854736328,94.42987060546875,91.54779815673828,88.36288452148438,86.09297180175781,84.05355072021484,81.00617218017578,78.0,76.00657653808594,74.1080322265625,70.34912872314453,69.2603759765625,67.47592163085938,67.60177612304688,66.48307800292969,65.6201171875,63.95310592651367,63.150611877441406,62.96824645996094,62.169124603271484,61.0,61.188232421875,60.8276252746582,58.85575485229492,58.30952072143555,58.215118408203125,57.14017868041992,54.00925827026367,56.00892639160156,54.00925827026367,51.088157653808594,49.25444030761719,48.66210174560547,47.67599105834961,45.12205505371094,44.643028259277344,43.96589660644531,42.154476165771484,42.04759216308594,39.96248245239258,40.49691390991211,39.20458984375,36.79673767089844,37.48332977294922,36.2353401184082,34.13209533691406
0,-44.0,-96,19,18,121.59358215332031,122.44998931884766,116.28413391113281,114.90866088867188,108.75660705566406,106.53168487548828,102.62553405761719,99.04544067382812,96.51942443847656,91.21403503417969,89.40357971191406,87.61849212646484,84.50444030761719,81.46778869628906,78.64476776123047,77.8331527709961,75.66372680664062,70.71067810058594,71.50524139404297,69.42621612548828,67.94115447998047,69.42621612548828,66.06814575195312,66.40029907226562,67.00746154785156,65.4369888305664,64.20280456542969,61.84658432006836,63.25345993041992,60.4400520324707,60.95900344848633,59.46427536010742,57.982757568359375,58.0,55.973209381103516,53.90732955932617,53.600372314453125,52.201534271240234,52.15361785888672,50.2493782043457,47.01063537597656,47.85394287109375,45.31004333496094,44.271888732910156,43.680660247802734,40.607879638671875,42.19004440307617,40.112342834472656,39.0128173828125,37.2155876159668,38.63935852050781,36.68787384033203
0,-44.0,-96,19,18,126.09916687011719,123.1015853881836,118.10588836669922,118.10588836669922,113.0398178100586,108.04165649414062,105.01904296875,102.00489807128906,97.0,94.02127075195312,94.04785919189453,89.14033508300781,87.3670425415039,81.3019027709961,80.62257385253906,78.08969116210938,78.08969116210938,73.34848022460938,73.75635528564453,71.84010314941406,70.0927963256836,69.92138671875,65.802734375,69.57010650634766,66.40782928466797,68.00735473632812,64.8459701538086,63.24555206298828,62.93647766113281,62.361846923828125,62.09669876098633,60.87692642211914,61.392181396484375,57.55866622924805,57.55866622924805,56.4358024597168,56.14267349243164,52.0,50.03998565673828,52.08646774291992,48.093658447265625,47.51841735839844,48.05205535888672,45.607017517089844,42.72002029418945,41.43669891357422,41.231056213378906,42.05948257446289,39.66106414794922,39.69886779785156,38.20994567871094,36.400550842285156
0,-44.0,-96,20,12,114.56002807617188,118.00423431396484,107.56393432617188,110.72488403320312,100.88111877441406,102.2007827758789,96.76776123046875,91.08238220214844,91.4166259765625,85.23497009277344,84.30895233154297,81.93900299072266,79.62411499023438,76.02631378173828,77.41446685791016,70.23532104492188,71.58910369873047,66.37017059326172,67.67569732666016,64.40496826171875,66.0302963256836,63.60031509399414,61.61168670654297,62.62587356567383,62.62587356567383,62.801273345947266,61.22091293334961,59.203041076660156,59.81638717651367,53.600372314453125,56.30275344848633,56.859474182128906,56.30275344848633,52.47856521606445,51.88448715209961,51.0,50.56678771972656,49.39635467529297,47.53945541381836,47.12748718261719,42.20189666748047,45.12205505371094,42.57933807373047,42.296573638916016,41.1096076965332,39.0,39.11521530151367,38.327537536621094,36.878177642822266,34.78505325317383,34.539833068847656,36.359317779541016
0,-44.0,-96,20,10,107.20074462890625,102.2007827758789,103.00485229492188,97.6166000366211,96.60745239257812,88.81441497802734,88.48163604736328,84.62860107421875,81.27114868164062,80.99382781982422,76.85050201416016,77.5241928100586,72.94518280029297,70.23532104492188,68.42514038085938,66.64083099365234,64.88451385498047,60.41522979736328,59.61543273925781,61.09828186035156,59.236812591552734,58.18934631347656,58.52349853515625,56.61272048950195,57.28001403808594,55.36244201660156,54.708316802978516,56.30275344848633,55.02726745605469,53.48831558227539,51.078372955322266,52.39274597167969,50.56678771972656,48.764739990234375,49.24428939819336,48.02082824707031,46.3249397277832,46.615447998046875,44.04542922973633,43.27817153930664,42.44997024536133,40.31128692626953,41.1096076965332,37.80211639404297,37.735923767089844,36.715118408203125,35.84689712524414,35.46829605102539,34.78505325317383,35.693138122558594,34.058773040771484,33.060550689697266
0,-44.0,-96,20,12,116.6190414428711,117.34564208984375,110.11357879638672,111.36426544189453,102.12247467041016,102.17631530761719,97.04637908935547,95.02104949951172,93.00537872314453,85.0058822631836,86.00581359863281,84.00595092773438,82.05486297607422,78.10249328613281,78.23043060302734,70.45565795898438,72.56031799316406,66.61080932617188,68.24954223632812,65.30696868896484,65.30696868896484,65.51335906982422,60.20797348022461,62.585941314697266,61.61168670654297,62.817195892333984,62.09669876098633,58.694122314453125,61.61168670654297,57.070133209228516,57.706153869628906,57.87054443359375,56.56854248046875,55.226806640625,54.08327102661133,50.03998565673828,50.0099983215332,48.093658447265625,47.26520919799805,48.3735466003418,44.72135925292969,45.12205505371094,43.416587829589844,43.011627197265625,40.853397369384766,41.146080017089844,43.046485900878906,39.408119201660156,37.64305877685547,38.18376541137695,36.878177642822266,36.055511474609375
0,-44.0,-96,19,18,124.7798080444336,120.0333251953125,119.68291473388672,114.2716064453125,112.29425811767578,105.22357177734375,102.956298828125,98.85848236083984,96.7470932006836,95.2575454711914,90.27181243896484,86.14522552490234,85.02352905273438,83.02409362792969,79.0,79.05693817138672,72.11102294921875,74.1687240600586,69.46221923828125,69.46221923828125,68.35934448242188,69.72087097167969,66.48307800292969,66.2872543334961,66.0984115600586,63.150611877441406,66.0984115600586,64.13267517089844,61.0,61.52235412597656,59.41380310058594,61.20457458496094,59.13543701171875,57.00876998901367,57.0,57.00876998901367,53.037723541259766,52.15361785888672,49.162994384765625,49.648765563964844,48.50773239135742,47.53945541381836,48.08325958251953,44.384681701660156,44.283180236816406,42.05948257446289,43.5660400390625,41.400482177734375,42.52058410644531,41.01219177246094,38.28837966918945,37.735923767089844
0,-44.0,-96,20,12,116.34861755371094,113.35784149169922,110.22250366210938,110.36756896972656,105.1712875366211,101.12368774414062,98.12747192382812,95.02104949951172,91.02197265625,86.00581359863281,85.05292510986328,83.15046691894531,82.15229797363281,78.4091796875,76.2364730834961,73.68174743652344,70.71067810058594,68.73136138916016,67.46851348876953,66.0984115600586,64.32728576660156,64.53681182861328,63.78871536254883,62.93647766113281,63.60031509399414,62.64183807373047,61.6846809387207,62.64183807373047,60.16643524169922,57.9741325378418,58.46366500854492,56.29387283325195,55.90169906616211,54.58937454223633,52.46903991699219,51.35172653198242,50.08992004394531,50.0099983215332,49.01020431518555,46.04345703125,45.27692413330078,45.7055778503418,44.9110221862793,42.44997024536133,41.761226654052734,39.0,40.31128692626953,39.11521530151367,36.619667053222656,36.400550842285156,36.06937789916992,35.80502700805664
0,-44.0,-96,20,12,118.07201385498047,110.01818084716797,111.35977935791016,106.43777465820312,106.45186614990234,97.04637908935547,96.25486755371094,93.10746765136719,90.47099304199219,88.76936340332031,83.93450164794922,83.21658325195312,79.71198272705078,77.49193572998047,73.37574768066406,74.72616577148438,67.26811981201172,68.65857696533203,67.26811981201172,65.76473236083984,63.78871536254883,63.50590515136719,62.513999938964844,62.28964614868164,62.513999938964844,60.29925537109375,60.20797348022461,61.29437255859375,57.314918518066406,58.4208869934082,55.44366455078125,56.88584899902344,55.10898208618164,52.17279052734375,52.88667297363281,50.96076965332031,50.32891845703125,48.46648406982422,47.85394287109375,47.85394287109375,45.650848388671875,43.5660400390625,44.65422821044922,40.607879638671875,39.69886779785156,39.623226165771484,39.69886779785156,37.80211639404297,37.44329071044922,36.67424011230469,34.78505325317383,35.1710090637207
0,-44.0,-96,20,12,114.75626373291016,112.80514526367188,111.08555603027344,108.68302154541016,103.3247299194336,100.43903350830078,97.52947998046875,94.11163330078125,90.13877868652344,86.02325439453125,85.070556640625,83.48652648925781,80.65357971191406,76.15773010253906,73.9256362915039,72.01388549804688,68.42514038085938,68.42514038085938,66.73080444335938,66.37017059326172,64.14047241210938,65.73431396484375,61.587337493896484,61.61168670654297,60.464866638183594,59.07622146606445,59.64059066772461,58.24946212768555,56.61272048950195,57.688819885253906,56.603885650634766,56.080299377441406,54.20331954956055,54.5618896484375,52.801513671875,51.62363815307617,51.62363815307617,48.383880615234375,46.57252502441406,45.607017517089844,44.9110221862793,44.40720748901367,43.416587829589844,40.01249694824219,40.0,40.04996871948242,39.458839416503906,37.48332977294922,38.60051727294922,35.46829605102539,36.715118408203125,34.66987228393555
0,-44.0,-96,20,12,117.0469970703125,111.82575988769531,108.93116760253906,107.00466918945312,103.07764434814453,98.49365234375,97.01546478271484,93.62158203125,88.84255981445312,86.12200927734375,85.14693450927734,80.41144561767578,79.90619659423828,76.94153594970703,74.5452880859375,70.25667572021484,70.25667572021484,67.06713104248047,65.0076904296875,64.0,62.0,63.12685775756836,60.008331298828125,61.073726654052734,61.00819778442383,60.0333251953125,59.07622146606445,57.07889175415039,58.03447341918945,58.00862121582031,56.035701751708984,55.081756591796875,56.22277069091797,51.4781494140625,52.46903991699219,50.80354309082031,49.24428939819336,47.801673889160156,45.54119110107422,46.81879806518555,44.777225494384766,42.94182205200195,44.29446792602539,40.49691390991211,39.408119201660156,38.28837966918945,37.48332977294922,38.28837966918945,36.400550842285156,35.84689712524414,34.928497314453125,34.20526123046875
0,-44.0,-96,21,8,116.6190414428711,113.46365356445312,111.61540985107422,108.07867431640625,107.01869201660156,101.23734283447266,96.66436767578125,93.94147491455078,92.13577270507812,87.6584243774414,85.47514343261719,83.72574615478516,79.92496490478516,76.85050201416016,75.45197296142578,73.23933410644531,71.40028381347656,69.81404113769531,67.47592163085938,65.29930877685547,65.94694519042969,63.03173828125,63.70243453979492,62.22539520263672,63.639610290527344,62.2414665222168,60.81118392944336,60.10823440551758,57.982757568359375,57.982757568359375,58.051700592041016,57.384666442871094,56.080299377441406,53.600372314453125,53.25410842895508,53.25410842895508,50.774009704589844,47.88528060913086,47.85394287109375,46.51881408691406,44.271888732910156,44.59820556640625,43.416587829589844,42.20189666748047,41.43669891357422,40.199501037597656,42.01190185546875,40.01249694824219,39.20458984375,38.470767974853516,35.1710090637207,34.928497314453125
0,-44.0,-96,20,12,120.80562591552734,115.13470458984375,113.60017395019531,110.36756896972656,105.6503677368164,101.53324890136719,99.04039764404297,95.60334777832031,90.9560317993164,88.05680084228516,86.58522033691406,82.22530364990234,80.23091888427734,78.91767883300781,75.95393371582031,74.4311752319336,72.24956512451172,68.18357849121094,68.11754608154297,67.11929321289062,65.12296295166016,65.0076904296875,62.00806427001953,64.0078125,62.0,61.0,60.0,60.0,59.00847244262695,59.00847244262695,59.13543701171875,57.14017868041992,55.3263053894043,54.58937454223633,51.788028717041016,52.17279052734375,51.195701599121094,49.04079818725586,48.46648406982422,45.880279541015625,47.423622131347656,43.416587829589844,43.90899658203125,44.10215377807617,42.01190185546875,39.69886779785156,38.897300720214844,39.051246643066406,37.202152252197266,37.2155876159668,37.57658767700195,35.735137939453125
0,-44.0,-96,20,12,116.66190338134766,111.6646728515625,109.87720489501953,105.64563751220703,104.13932800292969,97.94896697998047,93.4344711303711,93.38094329833984,89.8276138305664,86.27861785888672,84.89994049072266,82.03657531738281,79.90619659423828,75.69015502929688,73.0,72.4706802368164,69.20259857177734,67.80117797851562,66.2872543334961,67.11929321289062,61.29437255859375,64.14047241210938,60.74536895751953,60.539241790771484,62.265560150146484,58.830265045166016,57.30619430541992,59.6824951171875,57.982757568359375,56.603885650634766,54.64430618286133,56.40035629272461,54.4058837890625,54.20331954956055,50.990196228027344,50.990196228027344,48.83646011352539,48.27007293701172,47.20169448852539,45.80392837524414,45.79301071166992,43.5660400390625,43.90899658203125,41.59326934814453,40.853397369384766,39.84971618652344,40.52159881591797,38.63935852050781,38.11823654174805,37.0,38.327537536621094,36.67424011230469
0,-44.0,-96,20,10,108.93116760253906,101.39033508300781,104.56098937988281,98.95453643798828,97.01546478271484,88.76936340332031,88.29496002197266,84.92938232421875,83.9523696899414,83.18653869628906,81.21575927734375,76.79192352294922,74.4311752319336,70.25667572021484,66.37017059326172,67.11929321289062,65.03076171875,64.03124237060547,61.032779693603516,61.032779693603516,60.008331298828125,58.13776779174805,58.13776779174805,57.314918518066406,56.22277069091797,55.226806640625,55.3263053894043,56.32051086425781,54.230987548828125,55.081756591796875,53.0,52.009613037109375,51.009803771972656,49.09175109863281,49.162994384765625,49.36598205566406,47.381431579589844,45.89117431640625,44.14748001098633,42.44997024536133,43.32435989379883,40.49691390991211,41.231056213378906,38.910152435302734,39.96248245239258,40.0,37.64305877685547,36.06937789916992,36.79673767089844,35.80502700805664,34.13209533691406,34.438350677490234
0,-44.0,-96,20,12,117.01708984375,114.03946685791016,114.00438690185547,111.01801300048828,106.00471496582031,99.0,97.00515747070312,96.02082824707031,92.04889678955078,87.09190368652344,84.148681640625,83.2946548461914,81.39410400390625,78.63841247558594,74.81310272216797,75.13321685791016,69.42621612548828,68.44705963134766,67.91170501708984,65.73431396484375,65.0,65.14598846435547,63.60031509399414,62.62587356567383,62.297672271728516,62.032249450683594,60.406951904296875,61.35144805908203,59.77457809448242,59.203041076660156,57.723480224609375,56.75385284423828,55.90169906616211,55.90169906616211,52.46903991699219,50.2493782043457,50.15974426269531,50.08992004394531,49.01020431518555,48.041648864746094,47.26520919799805,45.54119110107422,44.72135925292969,42.44997024536133,40.804412841796875,39.560081481933594,40.31128692626953,38.587562561035156,38.832977294921875,37.013511657714844,38.18376541137695,35.608985900878906
0,-44.0,-96,20,13,120.81390380859375,115.43396759033203,116.10771179199219,110.72488403320312,106.6255111694336,99.95999145507812,99.16148376464844,96.5660400390625,91.92388153076172,89.96110534667969,86.92525482177734,85.42832946777344,82.2982406616211,78.39005279541016,74.4311752319336,73.49829864501953,69.89277648925781,69.065185546875,67.80117797851562,67.20118713378906,65.6048812866211,65.4369888305664,63.25345993041992,63.65532302856445,62.96824645996094,60.95900344848633,60.95900344848633,60.14149856567383,58.051700592041016,59.54829788208008,57.00876998901367,57.00876998901367,55.217750549316406,53.25410842895508,54.37830352783203,52.839378356933594,48.764739990234375,49.19349670410156,47.92702865600586,46.615447998046875,45.880279541015625,43.416587829589844,44.14748001098633,42.57933807373047,42.19004440307617,41.04875183105469,41.01219177246094,40.112342834472656,38.63935852050781,39.051246643066406,36.400550842285156,34.885528564453125
0,-44.0,-96,21,9,125.87295532226562,123.04470825195312,119.60350799560547,115.97413635253906,111.07205200195312,104.80458068847656,104.06248474121094,100.4987564086914,99.15644073486328,94.64142608642578,92.00543212890625,87.80091094970703,86.02325439453125,83.76156616210938,79.61155700683594,79.4040298461914,75.29276275634766,72.06941223144531,73.34848022460938,71.11258697509766,68.87670135498047,70.68238830566406,68.02940368652344,69.07966613769531,67.06713104248047,65.92420196533203,62.96824645996094,65.92420196533203,62.3939094543457,63.158531188964844,59.93329620361328,61.269893646240234,60.41522979736328,60.0333251953125,57.45433044433594,56.30275344848633,55.4707145690918,52.801513671875,51.22499465942383,49.57822036743164,48.79549026489258,48.27007293701172,46.75468063354492,46.40043258666992,43.046485900878906,42.94182205200195,42.95346450805664,41.78516387939453,40.52159881591797,40.024993896484375,40.31128692626953,39.0
0,-44.0,-96,20,12,118.71394348144531,113.53413391113281,113.74533081054688,109.55364227294922,105.9292221069336,99.84988403320312,98.73196411132812,95.03683471679688,91.92388153076172,88.28363037109375,85.90692901611328,83.19855499267578,80.08120727539062,76.24303436279297,75.28611755371094,73.38937377929688,72.11102294921875,69.6419448852539,65.79513549804688,65.79513549804688,64.47480010986328,64.8459701538086,63.071388244628906,63.52952194213867,62.64982223510742,59.05929183959961,60.539241790771484,59.53990173339844,58.18075180053711,58.18075180053711,55.90169906616211,56.36488342285156,55.54277801513672,53.851646423339844,53.48831558227539,53.16013717651367,50.695167541503906,49.24428939819336,47.85394287109375,46.52956008911133,44.283180236816406,44.18144226074219,44.0113639831543,41.04875183105469,40.199501037597656,40.4474983215332,40.024993896484375,38.327537536621094,39.924930572509766,35.7770881652832,36.8917350769043,35.608985900878906
0,-44.0,-96,20,12,115.80155181884766,116.4001693725586,110.43550109863281,110.0,101.40019989013672,103.6001968383789,99.20181274414062,92.9139404296875,92.41753387451172,85.44589233398438,86.28441619873047,82.15229797363281,78.892333984375,75.1797866821289,76.05918884277344,72.44998168945312,71.17584228515625,64.47480010986328,67.62396240234375,65.92420196533203,65.0,62.96824645996094,59.80802536010742,62.09669876098633,61.6846809387207,61.98386764526367,60.728904724121094,57.87054443359375,59.13543701171875,57.584720611572266,57.93962478637695,56.859474182128906,55.46169662475586,53.712196350097656,54.20331954956055,50.774009704589844,48.87739944458008,49.40647888183594,48.41487503051758,47.6340217590332,43.185646057128906,44.55333709716797,43.27817153930664,41.400482177734375,40.224369049072266,38.94868469238281,38.62641525268555,38.62641525268555,38.60051727294922,36.878177642822266,37.2155876159668,36.013885498046875
0,-44.0,-96,20,13,122.70289611816406,119.54078674316406,116.38728332519531,113.54734802246094,107.51744079589844,105.9480972290039,102.78618621826172,95.88013458251953,95.50916290283203,91.92388153076172,90.24411010742188,87.86353302001953,84.17243957519531,80.23091888427734,79.24645233154297,75.66372680664062,74.4311752319336,71.34423828125,71.11258697509766,69.1158447265625,67.11929321289062,66.0302963256836,65.03076171875,66.00757598876953,65.03076171875,66.0,65.0076904296875,62.0,61.032779693603516,62.00806427001953,59.21148681640625,58.215118408203125,58.4208869934082,56.4358024597168,55.10898208618164,54.918121337890625,54.5710563659668,50.695167541503906,49.648765563964844,49.39635467529297,47.01063537597656,47.41307830810547,47.01063537597656,45.486263275146484,43.600460052490234,42.44997024536133,41.72529220581055,41.1096076965332,40.607879638671875,39.11521530151367,38.470767974853516,38.07886505126953
0,-44.0,-96,20,12,119.28118133544922,115.9353256225586,115.6633071899414,110.11357879638672,105.11898040771484,100.95543670654297,97.94386291503906,93.81364440917969,90.42676544189453,89.69392395019531,85.08818817138672,83.6480712890625,82.73451232910156,80.52949523925781,75.1531753540039,73.00685119628906,70.38465881347656,68.3520278930664,67.35725402832031,66.40782928466797,66.40782928466797,66.0984115600586,62.64183807373047,62.817195892333984,62.817195892333984,60.63827133178711,61.61168670654297,61.13100814819336,58.94064712524414,58.94064712524414,58.18934631347656,58.52349853515625,56.080299377441406,54.625999450683594,53.66563034057617,51.88448715209961,50.11985778808594,50.774009704589844,49.39635467529297,48.82622146606445,47.01063537597656,44.59820556640625,43.863426208496094,41.773197174072266,40.804412841796875,40.224369049072266,39.96248245239258,41.59326934814453,39.217342376708984,38.327537536621094,37.656341552734375,39.11521530151367
0,-44.0,-96,20,12,119.15116119384766,118.06777954101562,113.0177001953125,111.07205200195312,104.01922607421875,103.0436782836914,98.0051040649414,97.00515747070312,93.0,88.14192962646484,85.05292510986328,84.2911605834961,82.38932037353516,77.64663696289062,75.66372680664062,72.99314880371094,71.19690704345703,67.08203887939453,68.88395690917969,66.70832061767578,64.03124237060547,64.03124237060547,62.64183807373047,63.24555206298828,63.24555206298828,62.297672271728516,61.98386764526367,61.98386764526367,61.6846809387207,57.9741325378418,57.723480224609375,57.48912811279297,57.070133209228516,54.918121337890625,55.3263053894043,54.58937454223633,51.088157653808594,49.01020431518555,49.0,49.09175109863281,46.27094268798828,46.389652252197266,44.72135925292969,41.9761848449707,41.761226654052734,41.1096076965332,40.853397369384766,39.11521530151367,40.224369049072266,37.80211639404297,37.48332977294922,36.878177642822266
0,-44.0,-96,21,8,116.21101379394531,111.77208709716797,111.51681518554688,106.53168487548828,102.08329772949219,99.02020263671875,96.3846435546875,91.92388153076172,88.6848373413086,87.32124328613281,85.95928955078125,83.18653869628906,80.52949523925781,75.64390563964844,72.49827575683594,73.73601531982422,68.94925689697266,68.3520278930664,66.7607650756836,65.52098846435547,62.64183807373047,62.817195892333984,62.817195892333984,61.61168670654297,60.87692642211914,61.61168670654297,59.228370666503906,60.20797348022461,57.27128601074219,58.46366500854492,57.00876998901367,57.723480224609375,56.920997619628906,53.48831558227539,53.851646423339844,52.0,50.990196228027344,47.50789260864258,48.87739944458008,47.70744323730469,47.20169448852539,43.416587829589844,43.931766510009766,43.13930892944336,41.03656768798828,40.45985794067383,40.224369049072266,39.96248245239258,39.39543151855469,38.27531814575195,38.07886505126953,36.49657440185547
0,-44.0,-96,20,13,120.22062683105469,118.86967468261719,115.41230773925781,114.14026641845703,106.7052001953125,104.56098937988281,98.99494934082031,95.63471984863281,93.64827728271484,90.3548583984375,89.27485656738281,85.28775024414062,83.05419921875,79.02531433105469,78.00640869140625,76.0,74.06078338623047,70.06425476074219,69.2603759765625,67.36467742919922,66.48307800292969,67.60177612304688,64.77654266357422,63.95310592651367,64.77654266357422,63.348243713378906,62.585941314697266,59.84145736694336,59.84145736694336,59.41380310058594,61.400325775146484,58.30952072143555,56.22277069091797,56.035701751708984,55.0,55.0,53.0848388671875,52.08646774291992,51.4781494140625,49.648765563964844,46.87216567993164,45.880279541015625,44.92215347290039,44.0113639831543,42.54409408569336,40.31128692626953,39.96248245239258,39.408119201660156,38.94868469238281,40.31128692626953,37.013511657714844,37.735923767089844
0,-44.0,-96,20,12,116.7775650024414,116.10340118408203,109.87720489501953,112.60994720458984,104.9952392578125,100.76705932617188,98.08159637451172,93.86160278320312,91.40021514892578,88.40814208984375,85.0,82.6619644165039,80.15609741210938,78.77182006835938,76.85050201416016,72.56031799316406,71.11962127685547,67.97793579101562,68.94200134277344,65.92420196533203,65.0,63.90618133544922,62.3939094543457,62.96824645996094,61.6846809387207,62.032249450683594,62.297672271728516,60.406951904296875,60.406951904296875,59.80802536010742,58.30952072143555,59.61543273925781,56.859474182128906,54.5618896484375,53.66563034057617,51.97114562988281,50.774009704589844,49.648765563964844,49.20365905761719,48.27007293701172,44.59820556640625,44.55333709716797,42.44997024536133,43.27817153930664,40.607879638671875,40.49691390991211,39.4461669921875,40.24922180175781,39.217342376708984,39.051246643066406,38.63935852050781,36.055511474609375
0,-44.0,-96,21,9,125.19584655761719,119.70797729492188,119.57006072998047,114.73883056640625,112.8716049194336,103.94229125976562,104.8093490600586,98.41239929199219,94.41397857666016,93.4772720336914,90.3382568359375,88.10221099853516,85.86617279052734,80.62257385253906,79.84986114501953,79.12016296386719,73.37574768066406,70.88018035888672,71.56814575195312,70.0927963256836,68.4105224609375,67.6830825805664,65.96968841552734,66.2872543334961,65.73431396484375,64.32728576660156,63.348243713378906,62.585941314697266,63.348243713378906,62.585941314697266,60.16643524169922,60.728904724121094,59.13543701171875,56.920997619628906,56.46237564086914,55.03635025024414,55.03635025024414,52.839378356933594,51.107730865478516,49.92995071411133,48.60041046142578,47.6340217590332,46.75468063354492,45.27692413330078,43.931766510009766,42.63801193237305,43.046485900878906,43.416587829589844,42.54409408569336,40.49691390991211,40.79215621948242,40.31128692626953
0,-44.0,-96,20,12,118.69709014892578,114.75626373291016,111.00450134277344,110.81967163085938,107.07940673828125,101.78899383544922,97.29337310791016,95.56673431396484,93.39164733886719,89.9888916015625,86.12781524658203,84.20214080810547,81.27114868164062,76.89603424072266,74.67261505126953,73.16419982910156,72.49827575683594,69.85699462890625,67.97793579101562,67.08203887939453,66.18912506103516,66.24198150634766,64.0078125,64.49806213378906,62.7694206237793,61.057350158691406,60.539241790771484,60.539241790771484,59.6824951171875,58.30952072143555,56.82429122924805,57.245086669921875,56.36488342285156,56.46237564086914,54.7813835144043,52.201534271240234,51.92301940917969,51.41984176635742,49.030601501464844,47.67599105834961,46.27094268798828,46.173583984375,46.010868072509766,43.0,42.10700607299805,42.57933807373047,42.95346450805664,41.231056213378906,40.853397369384766,39.0,38.07886505126953,36.400550842285156
0,-44.0,-96,20,13,121.8072280883789,115.84903717041016,116.10771179199219,109.8954086303711,110.16805267333984,102.956298828125,100.62306213378906,96.8813705444336,92.57429504394531,90.02777099609375,88.28363037109375,82.97589874267578,82.46211242675781,79.30951690673828,75.69015502929688,73.68174743652344,72.44998168945312,70.57620239257812,69.46221923828125,68.02940368652344,66.70832061767578,64.8459701538086,63.50590515136719,64.40496826171875,62.169124603271484,62.169124603271484,61.773780822753906,60.8276252746582,59.03388977050781,59.03388977050781,57.384666442871094,58.30952072143555,57.93962478637695,56.30275344848633,54.4058837890625,52.88667297363281,53.15073013305664,50.80354309082031,51.244510650634766,47.095645904541016,46.04345703125,45.0111083984375,47.095645904541016,43.185646057128906,43.416587829589844,40.79215621948242,41.48493576049805,42.379241943359375,38.4837646484375,40.49691390991211,38.60051727294922,37.48332977294922
0,-44.0,-96,20,11,100.12991333007812,95.13148498535156,95.33625030517578,99.72462463378906,90.3548583984375,84.48076629638672,85.32877349853516,79.6303939819336,77.92945861816406,76.29547882080078,73.75635528564453,73.24616241455078,69.37578582763672,65.52098846435547,64.51356506347656,61.6846809387207,60.74536895751953,58.694122314453125,57.775428771972656,57.27128601074219,56.36488342285156,55.4707145690918,52.35456085205078,54.58937454223633,53.33854293823242,52.47856521606445,51.107730865478516,51.107730865478516,51.107730865478516,49.73931884765625,49.648765563964844,48.754486083984375,47.01063537597656,46.615447998046875,45.880279541015625,44.94440841674805,43.680660247802734,44.643028259277344,42.20189666748047,41.9761848449707,40.4474983215332,39.20458984375,39.051246643066406,37.013511657714844,36.013885498046875,34.2344856262207,34.525352478027344,33.95585250854492,34.48188018798828,33.241539001464844,31.764760971069336,31.62277603149414
0,-44.0,-96,20,13,119.64112854003906,118.68024444580078,115.13470458984375,113.32254791259766,109.76793670654297,103.44564056396484,101.53324890136719,96.76776123046875,94.86833190917969,90.47651672363281,87.66413116455078,85.61541748046875,83.25863647460938,79.7057113647461,77.87811279296875,74.6860122680664,72.00694274902344,70.21395874023438,67.74215698242188,66.8879623413086,67.11929321289062,66.2872543334961,64.35060119628906,64.637451171875,65.21502685546875,63.82006072998047,61.85466766357422,61.29437255859375,61.85466766357422,59.6824951171875,59.16925048828125,59.53990173339844,57.706153869628906,55.90169906616211,56.859474182128906,53.851646423339844,53.141319274902344,51.54609680175781,49.04079818725586,48.27007293701172,46.52956008911133,47.51841735839844,46.04345703125,44.0113639831543,45.0111083984375,42.19004440307617,42.42640686035156,40.79215621948242,41.1096076965332,40.31128692626953,39.357337951660156,38.27531814575195
0,-44.0,-96,20,13,122.93087768554688,118.84864044189453,116.81181335449219,111.78997802734375,107.33592224121094,105.10946655273438,101.0197982788086,97.14422607421875,94.9210205078125,90.44335174560547,88.8875732421875,85.16454315185547,82.0,80.60397338867188,77.66595458984375,76.29547882080078,73.68174743652344,70.45565795898438,70.25667572021484,68.26419067382812,67.26811981201172,66.12110137939453,65.19202423095703,65.0,66.0,65.0,64.0078125,62.032249450683594,62.00806427001953,63.071388244628906,59.13543701171875,57.42821502685547,59.41380310058594,56.718605041503906,56.08921432495117,54.7448616027832,55.10898208618164,52.88667297363281,52.81098556518555,48.46648406982422,48.332183837890625,47.01063537597656,46.957427978515625,45.486263275146484,43.600460052490234,42.52058410644531,42.44997024536133,41.773197174072266,40.607879638671875,39.66106414794922,37.58989334106445,39.924930572509766
0,-44.0,-96,20,13,121.5647964477539,118.40608215332031,115.13470458984375,114.56002807617188,108.15729522705078,104.9952392578125,100.24469757080078,98.03060913085938,94.57801055908203,92.11405944824219,87.66413116455078,85.61541748046875,83.77350616455078,81.43709564208984,76.47875213623047,74.79304504394531,74.94664764404297,70.32780456542969,69.89277648925781,69.63475799560547,67.67569732666016,66.61080932617188,64.40496826171875,66.84310150146484,65.4369888305664,63.411354064941406,63.25345993041992,62.62587356567383,64.03124237060547,60.4400520324707,57.42821502685547,60.464866638183594,58.830265045166016,57.45433044433594,56.82429122924805,53.712196350097656,52.32590103149414,51.078372955322266,50.695167541503906,50.96076965332031,46.840152740478516,47.29693603515625,45.54119110107422,45.39823913574219,43.185646057128906,42.0,42.04759216308594,42.19004440307617,41.43669891357422,40.024993896484375,40.49691390991211,37.121421813964844
0,-44.0,-96,21,10,125.0,122.12288665771484,118.40608215332031,117.0469970703125,113.05308532714844,106.32027435302734,102.2007827758789,98.23441314697266,97.01546478271484,91.98369598388672,89.62700653076172,88.1192398071289,86.83317565917969,83.86298370361328,80.8949966430664,78.4091796875,76.2364730834961,72.17340087890625,72.02777099609375,70.00714111328125,70.028564453125,68.0,67.00746154785156,67.11929321289062,67.11929321289062,66.06814575195312,66.0302963256836,66.0,65.0076904296875,61.0,60.008331298828125,59.13543701171875,59.21148681640625,59.304298400878906,56.88584899902344,54.58937454223633,57.070133209228516,52.63079071044922,51.244510650634766,50.695167541503906,50.15974426269531,48.754486083984375,46.52956008911133,46.647613525390625,45.221675872802734,43.27817153930664,42.44997024536133,44.59820556640625,40.45985794067383,41.04875183105469,38.94868469238281,37.336307525634766
0,-44.0,-96,20,13,121.23530578613281,120.83045959472656,117.33712005615234,115.00434875488281,108.78418731689453,107.04204559326172,102.57679748535156,97.94386291503906,96.04165649414062,92.96235656738281,89.58794403076172,87.92041778564453,83.81526947021484,80.60397338867188,80.60397338867188,76.69419860839844,74.3303451538086,68.7677230834961,70.72481536865234,70.00714111328125,69.29646301269531,67.94115447998047,65.76473236083984,65.94694519042969,65.85590362548828,63.70243453979492,63.70243453979492,62.2414665222168,62.28964614868164,60.87692642211914,61.52235412597656,59.396968841552734,59.46427536010742,57.48912811279297,56.40035629272461,54.4058837890625,54.08327102661133,52.47856521606445,51.4781494140625,50.08992004394531,48.84669876098633,47.53945541381836,45.54119110107422,44.384681701660156,44.72135925292969,42.296573638916016,42.10700607299805,42.01190185546875,40.199501037597656,40.607879638671875,40.26164245605469,38.07886505126953
0,-44.0,-96,20,13,124.03628540039062,119.70797729492188,116.5203857421875,115.52488708496094,107.46627044677734,106.47064971923828,102.23991394042969,98.18350219726562,94.13288116455078,92.0869140625,90.04998779296875,88.00568389892578,83.02409362792969,80.05622863769531,78.10249328613281,77.23341369628906,76.41989135742188,71.34423828125,70.85901641845703,70.21395874023438,68.24954223632812,66.4906005859375,65.30696868896484,66.21932983398438,65.73431396484375,64.53681182861328,65.0,62.817195892333984,64.76110076904297,61.98386764526367,59.84145736694336,58.54912567138672,57.314918518066406,57.314918518066406,56.080299377441406,56.080299377441406,55.009090423583984,52.239830017089844,50.2493782043457,50.35871505737305,47.67599105834961,47.07440948486328,45.880279541015625,45.54119110107422,44.0113639831543,42.95346450805664,42.54409408569336,41.88078308105469,39.824615478515625,41.01219177246094,39.69886779785156,37.44329071044922
0,-44.0,-96,20,13,121.2476806640625,115.108642578125,115.12167358398438,110.38568878173828,108.72441864013672,103.17460632324219,102.08329772949219,98.47842407226562,94.66783905029297,90.55384826660156,88.1929702758789,85.42247772216797,83.63013458251953,79.7057113647461,76.55716705322266,74.84651184082031,73.38937377929688,71.7844009399414,68.96376037597656,68.680419921875,65.802734375,67.18630981445312,65.96968841552734,66.2872543334961,64.53681182861328,63.56099319458008,63.56099319458008,60.63827133178711,62.585941314697266,62.585941314697266,58.52349853515625,60.4400520324707,58.52349853515625,56.64803695678711,55.71355438232422,56.859474182128906,55.03635025024414,52.35456085205078,51.107730865478516,48.54894256591797,48.25971221923828,47.20169448852539,47.01063537597656,44.55333709716797,43.84062194824219,43.27817153930664,42.20189666748047,41.88078308105469,41.146080017089844,40.853397369384766,39.560081481933594,38.63935852050781
0,-44.0,-96,20,14,123.0,117.01708984375,120.03749084472656,114.03946685791016,113.0398178100586,102.04410552978516,104.30723571777344,96.51942443847656,96.51942443847656,93.53608703613281,90.19977569580078,86.5794448852539,85.70880889892578,79.90619659423828,77.27871704101562,77.87811279296875,72.03471374511719,73.76313781738281,71.47027587890625,68.94925689697266,66.0984115600586,67.41661834716797,66.128662109375,67.06713104248047,63.90618133544922,62.96824645996094,63.158531188964844,63.324562072753906,62.032249450683594,63.324562072753906,60.406951904296875,59.13543701171875,57.245086669921875,58.94064712524414,55.10898208618164,54.918121337890625,53.33854293823242,52.15361785888672,52.009613037109375,50.03998565673828,49.04079818725586,47.095645904541016,48.3735466003418,44.72135925292969,43.17406463623047,42.44997024536133,42.379241943359375,40.71854782104492,42.54409408569336,41.04875183105469,40.45985794067383,39.051246643066406
0,-44.0,-96,20,13,120.95040130615234,119.26860809326172,116.76471710205078,116.21101379394531,109.28861236572266,105.68821716308594,103.46497344970703,98.18350219726562,96.26006317138672,93.81364440917969,90.8019790649414,86.21485137939453,84.50444030761719,81.56592559814453,80.80841827392578,76.48529052734375,74.24958038330078,70.71067810058594,72.86288452148438,68.680419921875,67.20863342285156,68.01470184326172,65.94694519042969,64.81512451171875,65.6048812866211,63.89052963256836,65.29930877685547,61.717098236083984,62.36986541748047,60.87692642211914,59.41380310058594,60.8276252746582,60.20797348022461,57.384666442871094,55.803226470947266,55.803226470947266,55.217750549316406,52.69725036621094,50.774009704589844,49.658836364746094,49.24428939819336,48.10405349731445,47.75981521606445,46.840152740478516,45.89117431640625,44.283180236816406,43.046485900878906,43.046485900878906,43.104522705078125,41.43669891357422,42.20189666748047,41.78516387939453
0,-44.0,-96,20,13,119.92080688476562,116.76043701171875,115.52056121826172,113.32254791259766,108.24047088623047,103.58088684082031,98.08159637451172,95.60334777832031,94.25497436523438,90.02777099609375,88.0738296508789,87.132080078125,83.72574615478516,81.39410400390625,76.65507507324219,75.53807067871094,74.3303451538086,71.17584228515625,69.02897644042969,68.11754608154297,67.18630981445312,67.02984619140625,65.0,64.07027435302734,64.07027435302734,64.03124237060547,64.0078125,62.0,62.00806427001953,61.032779693603516,59.07622146606445,61.20457458496094,57.55866622924805,57.706153869628906,56.88584899902344,55.10898208618164,54.12947463989258,52.88667297363281,51.865211486816406,49.97999572753906,48.332183837890625,46.097721099853516,46.52956008911133,46.3249397277832,44.821868896484375,42.44997024536133,43.13930892944336,43.27817153930664,41.231056213378906,39.66106414794922,39.4461669921875,37.336307525634766
0,-44.0,-96,20,13,118.33004760742188,118.92855072021484,112.27198791503906,115.108642578125,106.56922912597656,106.56922912597656,99.92997741699219,96.4624252319336,93.00537872314453,88.05680084228516,88.5268325805664,84.92938232421875,83.9523696899414,80.41144561767578,79.24645233154297,75.66372680664062,74.5452880859375,67.26811981201172,70.1783447265625,68.11754608154297,67.02984619140625,66.0302963256836,63.03173828125,66.0302963256836,64.0,65.0076904296875,63.03173828125,61.0,63.0079345703125,59.00847244262695,63.071388244628906,61.073726654052734,58.30952072143555,57.314918518066406,55.44366455078125,53.600372314453125,53.93514633178711,50.695167541503906,49.33558654785156,52.49761962890625,46.2385139465332,47.423622131347656,46.06517028808594,45.27692413330078,43.600460052490234,41.86884307861328,42.52058410644531,41.72529220581055,40.360870361328125,39.408119201660156,38.94868469238281,39.924930572509766
0,-44.0,-96,20,13,119.8207015991211,117.9576187133789,115.97413635253906,112.8716049194336,109.77249145507812,102.59142303466797,100.84146118164062,98.41239929199219,94.5304183959961,90.13877868652344,88.09085845947266,86.00581359863281,85.0058822631836,81.09870910644531,77.0064926147461,76.05918884277344,73.17103576660156,73.33484649658203,68.59300231933594,68.4689712524414,67.60177612304688,66.48307800292969,65.76473236083984,64.76110076904297,64.76110076904297,63.78871536254883,64.32728576660156,62.801273345947266,59.84145736694336,61.66035842895508,59.41380310058594,59.304298400878906,59.13543701171875,57.03507614135742,57.0,55.009090423583984,54.037025451660156,54.037025451660156,52.345008850097656,50.48762130737305,48.27007293701172,48.27007293701172,47.12748718261719,44.94440841674805,44.283180236816406,43.046485900878906,43.046485900878906,41.400482177734375,40.45985794067383,39.59798049926758,39.824615478515625,38.587562561035156
0,-44.0,-96,20,13,117.9237060546875,117.79643249511719,114.8651351928711,112.29425811767578,105.75916290283203,103.71113586425781,98.49365234375,95.52486419677734,92.69843292236328,89.10667419433594,88.41380310058594,84.8646011352539,82.134033203125,77.89736938476562,76.5767593383789,75.92759704589844,72.00694274902344,70.0,69.89277648925781,67.95587158203125,67.95587158203125,65.51335906982422,62.96824645996094,64.0078125,64.49806213378906,63.1347770690918,60.90156173706055,61.400325775146484,61.400325775146484,59.6824951171875,58.52349853515625,57.42821502685547,58.00862121582031,55.60575485229492,55.226806640625,53.90732955932617,54.451812744140625,52.40229034423828,51.088157653808594,49.20365905761719,48.010414123535156,46.87216567993164,45.650848388671875,45.617977142333984,43.08131790161133,41.43669891357422,42.44997024536133,40.79215621948242,40.31128692626953,40.04996871948242,39.0128173828125,39.20458984375
0,-44.0,-96,20,13,125.2557373046875,117.42657470703125,119.50732421875,114.43775939941406,111.7586669921875,102.59142303466797,101.96568298339844,99.14131164550781,96.02603912353516,92.39588928222656,91.24143981933594,86.68333435058594,84.17243957519531,80.28075408935547,78.58753204345703,77.20103454589844,73.37574768066406,72.42237091064453,70.00714111328125,69.46221923828125,67.23094177246094,69.85699462890625,68.02940368652344,67.5425796508789,65.30696868896484,64.8459701538086,63.95310592651367,62.60990524291992,63.071388244628906,61.741397857666016,58.30952072143555,61.09828186035156,59.80802536010742,57.567352294921875,57.28001403808594,56.51548385620117,54.918121337890625,51.4781494140625,52.345008850097656,50.2493782043457,50.08992004394531,50.0099983215332,49.09175109863281,45.39823913574219,43.5660400390625,42.7551155090332,43.011627197265625,42.72002029418945,42.04759216308594,39.96248245239258,40.607879638671875,38.18376541137695
0,-44.0,-96,20,13,121.41252136230469,116.21101379394531,114.1095962524414,111.22050476074219,105.11898040771484,100.12492370605469,98.0204086303711,97.04637908935547,92.00543212890625,90.00555419921875,87.00574493408203,85.05292510986328,81.09870910644531,80.22468566894531,75.32595825195312,74.67261505126953,73.82411193847656,68.73136138916016,68.44705963134766,67.6830825805664,67.46851348876953,66.94026947021484,63.56099319458008,65.52098846435547,63.324562072753906,63.06346130371094,63.06346130371094,61.400325775146484,60.16643524169922,59.66573715209961,59.03388977050781,56.88584899902344,56.718605041503906,56.32051086425781,55.226806640625,54.08327102661133,53.00943374633789,51.03919982910156,50.03998565673828,47.26520919799805,46.389652252197266,45.54119110107422,45.35416030883789,43.32435989379883,43.65776062011719,42.04759216308594,40.31128692626953,40.8166618347168,40.607879638671875,38.20994567871094,38.28837966918945,37.44329071044922
0,-44.0,-96,20,11,105.54619598388672,102.59142303466797,99.2471694946289,99.82484436035156,94.72592163085938,92.76313781738281,87.32124328613281,84.40379333496094,83.6779556274414,78.58753204345703,78.16009521484375,74.04052734375,72.42237091064453,71.7844009399414,68.3520278930664,65.39112854003906,64.88451385498047,62.2414665222168,62.17716598510742,60.41522979736328,59.05929183959961,59.53990173339844,56.4358024597168,57.982757568359375,56.080299377441406,55.75840759277344,55.226806640625,54.708316802978516,54.20331954956055,51.97114562988281,52.35456085205078,52.77309799194336,50.990196228027344,51.078372955322266,49.76947021484375,47.16990661621094,47.434165954589844,45.607017517089844,45.12205505371094,44.9110221862793,43.5660400390625,43.416587829589844,42.19004440307617,40.01249694824219,40.04996871948242,38.327537536621094,37.85498809814453,37.85498809814453,34.1760139465332,36.24913787841797,35.84689712524414,33.60059356689453
0,-44.0,-96,21,9,121.26417541503906,114.69088745117188,116.04309844970703,110.45361328125,108.97705841064453,101.91172790527344,96.93812561035156,96.16651916503906,95.48298645019531,91.24143981933594,86.97700500488281,84.17243957519531,82.134033203125,80.15609741210938,75.92759704589844,74.65252685546875,72.00694274902344,68.818603515625,68.50547790527344,67.95587158203125,66.0378646850586,66.37017059326172,64.14047241210938,65.0,64.66065216064453,64.0078125,64.49806213378906,61.057350158691406,61.91122817993164,59.36328887939453,58.52349853515625,61.032779693603516,57.00876998901367,55.60575485229492,56.63920974731445,54.488529205322266,53.75872039794922,50.32891845703125,50.6063232421875,50.0,49.92995071411133,47.88528060913086,46.06517028808594,44.72135925292969,45.31004333496094,43.011627197265625,43.416587829589844,41.773197174072266,42.10700607299805,42.01190185546875,40.199501037597656,41.0
0,-44.0,-96,20,13,121.8072280883789,117.68601989746094,117.08544158935547,114.14026641845703,112.17842864990234,105.11898040771484,104.39348602294922,98.0051040649414,94.20191192626953,92.6552734375,89.94442749023438,87.69264221191406,83.21658325195312,79.15807342529297,79.05693817138672,78.025634765625,73.0,76.0,70.06425476074219,70.25667572021484,68.26419067382812,68.26419067382812,67.36467742919922,66.61080932617188,65.4904556274414,64.49806213378906,64.49806213378906,64.38167572021484,63.3876953125,64.19501495361328,62.12889862060547,61.073726654052734,58.03447341918945,58.0,58.03447341918945,55.145263671875,55.44366455078125,53.600372314453125,52.17279052734375,50.21951675415039,51.244510650634766,46.48655700683594,48.46648406982422,43.8292121887207,45.17742919921875,41.88078308105469,42.20189666748047,43.185646057128906,41.03656768798828,41.231056213378906,40.224369049072266,37.121421813964844
0,-44.0,-96,20,13,119.70797729492188,117.51595306396484,114.43775939941406,112.44554138183594,106.38138580322266,102.48902130126953,99.2471694946289,97.18538665771484,92.0869140625,89.08984375,87.02298736572266,85.0,85.02352905273438,79.10120391845703,77.05841827392578,74.3303451538086,71.44927978515625,67.60177612304688,68.73136138916016,66.61080932617188,65.76473236083984,64.93843078613281,63.95310592651367,64.76110076904297,63.56099319458008,62.817195892333984,63.06346130371094,62.585941314697266,59.66573715209961,58.46366500854492,58.54912567138672,59.53990173339844,56.32051086425781,56.22277069091797,55.03635025024414,52.009613037109375,54.037025451660156,51.088157653808594,50.2493782043457,49.497474670410156,46.69047164916992,47.29693603515625,46.173583984375,44.271888732910156,42.54409408569336,42.54409408569336,43.046485900878906,41.04875183105469,40.360870361328125,39.623226165771484,39.69886779785156,38.27531814575195
0,-44.0,-96,20,13,120.30377960205078,117.15374755859375,115.95257568359375,112.80514526367188,107.70329284667969,103.3247299194336,100.68763732910156,96.5660400390625,93.68030548095703,92.34716796875,89.8109130859375,84.75848388671875,83.57032775878906,79.30951690673828,79.30951690673828,75.64390563964844,72.91776275634766,71.11962127685547,69.35416412353516,67.11929321289062,67.11929321289062,68.60028839111328,65.51335906982422,66.2872543334961,63.812225341796875,65.45991516113281,65.45991516113281,63.28506851196289,63.28506851196289,61.057350158691406,59.53990173339844,60.41522979736328,57.697486877441406,57.775428771972656,57.93962478637695,56.30275344848633,53.75872039794922,54.120235443115234,52.88667297363281,50.80354309082031,50.48762130737305,47.16990661621094,47.095645904541016,44.0,44.04542922973633,43.185646057128906,41.773197174072266,42.20189666748047,41.48493576049805,40.853397369384766,39.824615478515625,39.66106414794922
0,-44.0,-96,20,12,116.45600128173828,115.8792495727539,112.00892639160156,110.13627624511719,106.28263854980469,99.6242904663086,97.40636444091797,93.96276092529297,90.13877868652344,87.09190368652344,85.86617279052734,85.14693450927734,80.41144561767578,79.24645233154297,75.31268310546875,74.67261505126953,72.56031799316406,68.4689712524414,68.18357849121094,67.18630981445312,65.03076171875,65.03076171875,64.0078125,64.0078125,65.0,63.03173828125,62.00806427001953,61.0,61.032779693603516,60.0333251953125,58.13776779174805,59.21148681640625,58.30952072143555,57.314918518066406,55.90169906616211,52.95280838012695,51.41984176635742,51.6623649597168,49.33558654785156,48.703182220458984,47.01063537597656,47.41307830810547,45.650848388671875,44.41846466064453,41.04875183105469,40.607879638671875,41.03656768798828,40.31128692626953,38.94868469238281,37.44329071044922,38.07886505126953,35.84689712524414
0,-44.0,-96,20,13,119.95415496826172,117.72000885009766,115.10430145263672,112.7696762084961,107.04204559326172,102.57679748535156,101.3558120727539,97.09788513183594,94.03190612792969,90.69729614257812,88.7524642944336,85.0,83.24061584472656,79.64923095703125,77.98717498779297,75.07329559326172,72.91776275634766,72.18032836914062,69.35416412353516,67.94115447998047,67.94115447998047,66.60330200195312,65.85590362548828,65.4369888305664,65.29930877685547,64.03124237060547,63.25345993041992,61.717098236083984,63.25345993041992,60.87692642211914,60.14149856567383,59.396968841552734,58.694122314453125,58.728187561035156,56.7274169921875,54.81787872314453,54.20331954956055,51.03919982910156,50.477718353271484,49.39635467529297,48.754486083984375,47.423622131347656,46.2385139465332,45.54119110107422,45.12205505371094,40.607879638671875,42.296573638916016,42.10700607299805,40.0,39.11521530151367,38.470767974853516,36.68787384033203
0,-44.0,-96,21,9,126.82665252685547,124.61942291259766,120.33287048339844,120.2081527709961,114.72576141357422,108.24047088623047,105.99056243896484,102.61091613769531,99.2471694946289,94.14881896972656,93.94147491455078,89.44271850585938,87.132080078125,82.60750579833984,80.39900207519531,82.2982406616211,79.10120391845703,73.10950469970703,75.0,73.02738952636719,70.028564453125,70.06425476074219,68.02940368652344,70.25667572021484,68.26419067382812,68.18357849121094,67.36467742919922,65.19202423095703,66.18912506103516,65.12296295166016,63.03173828125,63.03173828125,63.03173828125,61.13100814819336,59.13543701171875,58.13776779174805,56.56854248046875,54.918121337890625,55.081756591796875,52.63079071044922,49.33558654785156,49.04079818725586,49.76947021484375,47.01063537597656,46.52956008911133,46.04345703125,44.04542922973633,43.185646057128906,43.13930892944336,42.63801193237305,40.49691390991211,38.470767974853516
0,-44.0,-96,20,13,119.8832778930664,115.88356018066406,113.74093627929688,112.29425811767578,107.04204559326172,103.44564056396484,99.12618255615234,96.04165649414062,92.96235656738281,88.7524642944336,88.48163604736328,84.40379333496094,82.80096435546875,80.60397338867188,78.24320983886719,73.66138458251953,72.18032836914062,70.72481536865234,70.71067810058594,67.89698028564453,65.0691909790039,66.60330200195312,63.03173828125,63.25345993041992,63.89052963256836,63.411354064941406,64.03124237060547,61.717098236083984,60.95900344848633,61.073726654052734,59.46427536010742,58.694122314453125,57.982757568359375,56.58621597290039,55.973209381103516,54.037025451660156,53.413482666015625,49.648765563964844,50.477718353271484,47.88528060913086,50.08992004394531,46.51881408691406,46.615447998046875,43.65776062011719,43.17406463623047,42.57933807373047,41.43669891357422,41.1096076965332,40.0,41.19466018676758,38.470767974853516,39.293766021728516
0,-44.0,-96,21,8,113.00442504882812,111.0,110.04090118408203,105.0,104.00480651855469,96.00521087646484,95.13148498535156,92.0869140625,87.20664978027344,85.21150207519531,83.2946548461914,80.3056640625,78.63841247558594,75.80237579345703,72.83543395996094,70.61161041259766,67.91170501708984,67.44627380371094,65.52098846435547,64.51356506347656,63.24555206298828,63.90618133544922,62.96824645996094,61.46543884277344,60.16643524169922,59.236812591552734,58.694122314453125,58.30952072143555,56.859474182128906,56.080299377441406,57.245086669921875,55.02726745605469,56.32051086425781,52.39274597167969,52.39274597167969,51.788028717041016,50.48762130737305,49.36598205566406,48.093658447265625,45.0444221496582,47.0,44.04542922973633,44.18144226074219,42.57933807373047,41.773197174072266,40.52159881591797,38.897300720214844,38.27531814575195,38.470767974853516,37.44329071044922,38.28837966918945,36.769554138183594
0,-44.0,-96,20,14,109.60382843017578,109.65856170654297,104.00480651855469,105.36128234863281,97.62171936035156,95.48298645019531,92.76313781738281,89.27485656738281,84.95881652832031,83.86894226074219,81.68843078613281,79.02531433105469,77.801025390625,73.81734466552734,72.42237091064453,69.89277648925781,68.79679870605469,63.28506851196289,65.3681869506836,64.41273498535156,63.06346130371094,60.8276252746582,60.8276252746582,60.539241790771484,61.32699203491211,57.27128601074219,56.859474182128906,57.697486877441406,57.697486877441406,55.009090423583984,57.30619430541992,54.58937454223633,55.75840759277344,53.25410842895508,51.61395263671875,50.447994232177734,49.67897033691406,48.10405349731445,47.381431579589844,45.27692413330078,44.04542922973633,43.011627197265625,42.43819046020508,41.34005355834961,42.05948257446289,38.07886505126953,40.49691390991211,39.293766021728516,38.832977294921875,39.31920623779297,37.013511657714844,37.121421813964844
0,-44.0,-96,20,13,116.90166473388672,111.00450134277344,110.81967163085938,105.11898040771484,103.16007232666016,96.31718444824219,97.51409912109375,91.0054931640625,88.76936340332031,87.80091094970703,85.61541748046875,81.04319763183594,79.05693817138672,75.61084747314453,73.16419982910156,72.61542510986328,70.26378631591797,68.15423583984375,66.18912506103516,68.42514038085938,63.06346130371094,64.0078125,63.52952194213867,63.28506851196289,60.90156173706055,61.400325775146484,60.0333251953125,60.539241790771484,58.66856002807617,60.41522979736328,57.706153869628906,58.5918083190918,56.79788589477539,53.851646423339844,53.141319274902344,53.45091247558594,50.96076965332031,51.6623649597168,49.81967544555664,47.51841735839844,49.25444030761719,45.17742919921875,45.0444221496582,44.10215377807617,42.10700607299805,40.31128692626953,40.79215621948242,40.26164245605469,39.560081481933594,38.910152435302734,38.27531814575195,36.400550842285156
0,-44.0,-96,20,13,120.91732788085938,118.10588836669922,116.04309844970703,113.14591979980469,109.62207794189453,102.55242919921875,99.82484436035156,95.58765411376953,93.60555267333984,90.27181243896484,86.68333435058594,84.81155395507812,83.6002426147461,82.09750366210938,78.49203491210938,75.47184753417969,73.06161499023438,72.20111083984375,69.77105712890625,69.31810760498047,68.42514038085938,65.7419204711914,67.11929321289062,65.92420196533203,67.62396240234375,63.56099319458008,63.158531188964844,63.071388244628906,62.64982223510742,59.93329620361328,59.9416389465332,61.29437255859375,60.539241790771484,57.45433044433594,56.035701751708984,54.64430618286133,53.413482666015625,52.63079071044922,52.49761962890625,50.93132781982422,49.57822036743164,49.04079818725586,47.20169448852539,45.486263275146484,43.90899658203125,44.283180236816406,45.694637298583984,43.011627197265625,42.20189666748047,40.607879638671875,41.19466018676758,40.01249694824219
0,-44.0,-96,20,13,120.41594696044922,123.17467498779297,111.83023071289062,116.81181335449219,105.68821716308594,108.45275115966797,100.12492370605469,97.6524429321289,95.96353149414062,89.20201873779297,90.42676544189453,86.05230712890625,85.14693450927734,82.87943267822266,80.65978240966797,75.66372680664062,77.077880859375,69.35416412353516,70.83784484863281,70.1783447265625,66.60330200195312,68.24954223632812,64.81512451171875,67.20118713378906,65.802734375,65.802734375,65.0,61.073726654052734,66.21932983398438,59.66573715209961,60.95900344848633,59.54829788208008,60.10823440551758,58.694122314453125,56.63920974731445,53.90732955932617,55.44366455078125,53.413482666015625,52.201534271240234,53.25410842895508,47.88528060913086,49.658836364746094,44.283180236816406,46.2385139465332,45.54119110107422,42.95346450805664,42.57933807373047,43.28972244262695,41.1096076965332,41.0,40.112342834472656,38.327537536621094
0,-44.0,-96,20,13,123.00406646728516,119.00420379638672,117.01708984375,114.00438690185547,111.04053497314453,104.01922607421875,102.12247467041016,100.17984008789062,97.1287841796875,92.26592254638672,90.27181243896484,86.5794448852539,82.73451232910156,81.04936981201172,77.66595458984375,78.85429382324219,75.43209075927734,72.53275299072266,69.92138671875,69.2603759765625,68.00735473632812,68.62215423583984,66.40782928466797,67.06713104248047,65.78753662109375,65.19202423095703,64.47480010986328,62.96824645996094,63.324562072753906,61.46543884277344,60.728904724121094,60.728904724121094,58.52349853515625,57.48912811279297,57.070133209228516,56.08921432495117,54.7448616027832,54.451812744140625,52.15361785888672,50.03998565673828,49.0,49.04079818725586,49.25444030761719,45.54119110107422,44.9110221862793,43.96589660644531,42.72002029418945,43.46262741088867,41.59326934814453,40.49691390991211,41.231056213378906,38.20994567871094
0,-44.0,-96,20,12,115.36463928222656,116.10340118408203,113.14591979980469,108.30050659179688,105.418212890625,100.41912078857422,96.8968505859375,93.38094329833984,89.09545135498047,88.39117431640625,84.148681640625,83.54639434814453,81.46778869628906,78.24320983886719,76.216796875,74.40430450439453,72.42237091064453,69.065185546875,67.95587158203125,68.26419067382812,66.37017059326172,64.0078125,64.49806213378906,63.50590515136719,63.95310592651367,60.8276252746582,62.17716598510742,60.539241790771484,60.0333251953125,57.80138397216797,58.830265045166016,58.52349853515625,56.859474182128906,55.60575485229492,54.037025451660156,53.81449508666992,53.75872039794922,49.51767349243164,50.2493782043457,49.81967544555664,48.60041046142578,45.79301071166992,45.650848388671875,43.382022857666016,43.863426208496094,40.16217041015625,40.52159881591797,39.81205749511719,38.327537536621094,39.0128173828125,39.051246643066406,38.63935852050781
0,-44.0,-96,20,12,117.17507934570312,114.01753997802734,113.88591003417969,108.52188873291016,105.6503677368164,98.76234436035156,94.5568618774414,92.02716827392578,90.47651672363281,88.60022735595703,85.4400405883789,83.77350616455078,79.7057113647461,75.1531753540039,74.24284362792969,72.4706802368164,71.34423828125,69.6419448852539,69.065185546875,66.61080932617188,67.20118713378906,65.4369888305664,64.40496826171875,63.25345993041992,63.411354064941406,63.25345993041992,61.717098236083984,61.073726654052734,59.66573715209961,60.605281829833984,56.61272048950195,58.00862121582031,56.30275344848633,56.603885650634766,54.20331954956055,54.120235443115234,51.429561614990234,50.15974426269531,48.703182220458984,48.08325958251953,48.08325958251953,46.3249397277832,45.89117431640625,44.40720748901367,43.185646057128906,42.04759216308594,42.04759216308594,41.19466018676758,39.458839416503906,38.07886505126953,36.055511474609375,36.67424011230469
0,-44.0,-96,20,12,118.22859191894531,114.01753997802734,115.20850372314453,106.21205139160156,104.20172882080078,99.20181274414062,99.20181274414062,97.00515747070312,91.40021514892578,87.92041778564453,83.76156616210938,83.86298370361328,79.75587463378906,78.77182006835938,73.43023681640625,75.1797866821289,72.01388549804688,70.26378631591797,66.85057830810547,67.23094177246094,65.0,65.55150604248047,64.8459701538086,62.93647766113281,62.297672271728516,61.98386764526367,60.728904724121094,61.35144805908203,58.8217658996582,59.80802536010742,58.30952072143555,59.09314727783203,57.27128601074219,55.009090423583984,55.94640350341797,53.851646423339844,51.62363815307617,49.648765563964844,50.0,47.6340217590332,46.69047164916992,43.13930892944336,45.343135833740234,42.63801193237305,44.10215377807617,42.05948257446289,41.146080017089844,39.560081481933594,40.804412841796875,39.051246643066406,39.31920623779297,37.013511657714844
0,-44.0,-96,20,13,121.49897003173828,117.72000885009766,116.96580505371094,112.75193786621094,109.8954086303711,103.5857162475586,101.27191162109375,98.47842407226562,94.5409927368164,92.57429504394531,89.62700653076172,85.14693450927734,83.43260955810547,78.33900451660156,77.88452911376953,76.5375747680664,72.44998168945312,71.86793518066406,70.38465881347656,69.46221923828125,68.54196166992188,68.87670135498047,64.88451385498047,65.30696868896484,64.40496826171875,63.06346130371094,63.06346130371094,63.071388244628906,60.373836517333984,61.741397857666016,58.694122314453125,59.80802536010742,59.236812591552734,58.18934631347656,56.04462432861328,56.51548385620117,53.93514633178711,52.611785888671875,51.35172653198242,50.15974426269531,51.03919982910156,49.0,47.095645904541016,45.27692413330078,44.55333709716797,42.20189666748047,43.011627197265625,42.379241943359375,42.04759216308594,40.8166618347168,38.60051727294922,38.20994567871094
0,-44.0,-96,20,12,117.64778137207031,113.2519302368164,114.49017333984375,110.01818084716797,105.99056243896484,101.07917785644531,97.50897216796875,95.75489807128906,91.28527069091797,89.31964874267578,87.09190368652344,82.2800064086914,81.27114868164062,77.79460144042969,75.89466094970703,74.72616577148438,69.85699462890625,68.65857696533203,69.42621612548828,66.91038513183594,65.76473236083984,66.75328063964844,63.50590515136719,63.28506851196289,63.28506851196289,63.50590515136719,61.400325775146484,61.66035842895508,60.406951904296875,60.67124557495117,57.706153869628906,59.03388977050781,58.46366500854492,56.75385284423828,53.45091247558594,54.08327102661133,51.62363815307617,50.56678771972656,50.08992004394531,48.30113983154297,48.87739944458008,46.3249397277832,44.40720748901367,42.52058410644531,41.72529220581055,40.360870361328125,41.1096076965332,40.0,39.96248245239258,38.470767974853516,39.924930572509766,38.07886505126953
0,-44.0,-96,20,9,106.6208267211914,100.31948852539062,103.36827087402344,100.22474670410156,96.66436767578125,90.47099304199219,87.20664978027344,84.9705810546875,81.41252899169922,81.00617218017578,78.29431915283203,76.15773010253906,72.71863555908203,71.02112579345703,67.11929321289062,67.20118713378906,63.60031509399414,62.20128631591797,60.30754470825195,60.20797348022461,59.46427536010742,58.728187561035156,57.314918518066406,56.56854248046875,56.58621597290039,55.154327392578125,54.451812744140625,56.56854248046875,53.81449508666992,53.81449508666992,52.49761962890625,52.49761962890625,51.855567932128906,50.80354309082031,47.70744323730469,48.54894256591797,47.50789260864258,46.06517028808594,45.617977142333984,43.08131790161133,43.65776062011719,42.72002029418945,41.231056213378906,39.81205749511719,38.470767974853516,38.11823654174805,37.013511657714844,37.013511657714844,35.12833786010742,35.693138122558594,34.78505325317383,35.34119415283203
0,-44.0,-96,20,10,105.10946655273438,105.10946655273438,98.35140991210938,98.08159637451172,94.57801055908203,92.02716827392578,87.59566497802734,84.75848388671875,82.2192153930664,77.20103454589844,77.88452911376953,75.43209075927734,72.56720733642578,71.38627624511719,69.42621612548828,64.93843078613281,65.92420196533203,61.52235412597656,62.28964614868164,60.29925537109375,59.304298400878906,60.20797348022461,57.21887969970703,57.03507614135742,57.03507614135742,56.035701751708984,56.035701751708984,53.23532485961914,55.226806640625,53.33854293823242,53.600372314453125,51.62363815307617,52.17279052734375,52.39274597167969,51.6623649597168,47.53945541381836,47.12748718261719,47.16990661621094,46.097721099853516,44.283180236816406,42.94182205200195,43.5660400390625,40.224369049072266,39.20458984375,38.94868469238281,37.48332977294922,36.06937789916992,36.400550842285156,36.619667053222656,34.885528564453125,34.438350677490234,34.78505325317383
0,-44.0,-96,20,12,116.67475891113281,113.17243194580078,112.48555755615234,108.93116760253906,104.69001770019531,101.86265563964844,98.41239929199219,93.4344711303711,90.68627166748047,88.61715698242188,87.32124328613281,83.24061584472656,80.21221923828125,77.42092895507812,74.88658142089844,74.09453582763672,70.8307876586914,70.8307876586914,67.11929321289062,68.88395690917969,65.76473236083984,65.7419204711914,63.95310592651367,65.39112854003906,63.56099319458008,62.64982223510742,61.741397857666016,61.32699203491211,62.169124603271484,62.17716598510742,58.18075180053711,59.16925048828125,57.45433044433594,55.217750549316406,55.0,54.037025451660156,52.009613037109375,53.037723541259766,48.08325958251953,47.381431579589844,47.6340217590332,47.01063537597656,45.486263275146484,43.5660400390625,42.94182205200195,40.853397369384766,41.1096076965332,41.231056213378906,40.79215621948242,39.11521530151367,39.0,37.121421813964844
0,-44.0,-96,20,12,113.28282928466797,116.2755355834961,109.22454071044922,111.22050476074219,101.31633758544922,102.31324768066406,97.25225067138672,94.33981323242188,88.36288452148438,84.85281372070312,86.4927749633789,82.97589874267578,81.02468872070312,78.58753204345703,77.6208724975586,72.53275299072266,72.73238372802734,68.3081283569336,69.28924560546875,67.67569732666016,66.128662109375,66.48307800292969,62.2414665222168,64.40496826171875,63.50590515136719,62.169124603271484,61.84658432006836,61.741397857666016,61.84658432006836,56.859474182128906,59.80802536010742,60.083274841308594,57.9741325378418,55.785301208496094,55.10898208618164,52.17279052734375,50.990196228027344,49.81967544555664,48.50773239135742,49.09175109863281,46.010868072509766,48.010414123535156,45.09988784790039,43.28972244262695,43.73785400390625,41.0,42.05948257446289,39.924930572509766,37.161808013916016,38.470767974853516,38.832977294921875,36.878177642822266
0,-44.0,-96,19,18,122.1883773803711,119.47384643554688,119.0,114.94781494140625,111.82575988769531,106.43777465820312,103.31021118164062,98.84330749511719,93.52005004882812,94.02127075195312,90.62008666992188,86.72946166992188,86.03487396240234,80.0062484741211,80.0062484741211,78.16009521484375,76.92203521728516,73.00685119628906,73.34848022460938,70.61161041259766,70.21395874023438,68.24954223632812,68.24954223632812,67.74215698242188,68.88395690917969,66.75328063964844,65.4904556274414,63.95310592651367,66.91038513183594,62.169124603271484,62.36986541748047,62.585941314697266,60.16643524169922,59.4810905456543,58.52349853515625,54.7813835144043,55.54277801513672,52.39274597167969,52.32590103149414,49.73931884765625,49.648765563964844,48.60041046142578,49.20365905761719,46.75468063354492,44.55333709716797,43.931766510009766,42.8018684387207,41.04875183105469,42.05948257446289,39.924930572509766,40.16217041015625,38.832977294921875
0,-44.0,-96,20,12,112.28534698486328,112.04016876220703,110.45361328125,106.30146026611328,103.0,97.02061462402344,95.00526428222656,93.34345245361328,91.0878677368164,85.28775024414062,83.05419921875,81.22191619873047,78.31346893310547,76.41989135742188,74.4311752319336,73.82411193847656,69.05070495605469,69.05070495605469,67.91170501708984,67.46851348876953,63.78871536254883,64.03124237060547,63.56099319458008,63.78871536254883,60.63827133178711,61.61168670654297,60.20797348022461,60.63827133178711,58.051700592041016,59.84145736694336,57.706153869628906,58.4208869934082,56.22277069091797,57.03507614135742,54.00925827026367,55.009090423583984,51.244510650634766,48.3735466003418,47.85394287109375,46.87216567993164,46.57252502441406,45.880279541015625,45.18849563598633,44.283180236816406,42.05948257446289,42.72002029418945,41.1096076965332,39.623226165771484,39.69886779785156,37.80211639404297,37.735923767089844,34.928497314453125
0,-44.0,-96,20,12,116.28413391113281,111.51681518554688,109.07795715332031,107.91200256347656,100.4987564086914,98.27003479003906,95.01578521728516,91.06591033935547,90.3548583984375,86.31338500976562,84.59905242919922,82.29216003417969,79.2022705078125,75.3923110961914,74.32361602783203,72.11102294921875,70.51950073242188,65.45991516113281,67.91170501708984,65.96968841552734,64.03124237060547,63.348243713378906,61.392181396484375,63.95310592651367,61.0,63.150611877441406,61.0,58.24946212768555,58.051700592041016,59.228370666503906,59.43904495239258,57.9741325378418,54.120235443115234,53.141319274902344,53.48831558227539,52.0,51.89412307739258,48.754486083984375,46.14108657836914,48.02082824707031,45.221675872802734,44.40720748901367,43.931766510009766,43.13930892944336,40.31128692626953,40.45985794067383,39.408119201660156,38.587562561035156,37.57658767700195,38.27531814575195,37.36308288574219,37.48332977294922
0,-44.0,-96,20,12,115.52056121826172,112.5877456665039,108.17115783691406,107.48953247070312,102.83968353271484,99.68952178955078,95.88013458251953,93.68030548095703,89.1852035522461,86.97700500488281,85.070556640625,82.54090118408203,78.77182006835938,77.2528305053711,73.00685119628906,72.91776275634766,70.66116333007812,68.88395690917969,67.60177612304688,65.0,65.0,62.7694206237793,60.74536895751953,61.29437255859375,61.29437255859375,59.64059066772461,59.07622146606445,59.07622146606445,59.90826416015625,55.4707145690918,56.603885650634766,57.80138397216797,54.58937454223633,54.5618896484375,52.801513671875,52.0,49.648765563964844,49.33558654785156,49.04079818725586,47.07440948486328,45.7055778503418,44.55333709716797,45.17742919921875,44.0113639831543,42.01190185546875,41.04875183105469,40.4474983215332,39.623226165771484,39.560081481933594,36.400550842285156,38.470767974853516,36.619667053222656
0,-44.0,-96,20,12,116.10771179199219,112.37882232666016,110.05907440185547,109.17874908447266,104.65657806396484,99.36296844482422,94.81033325195312,93.03762817382812,90.3382568359375,87.23531341552734,83.19255065917969,83.25863647460938,80.23091888427734,79.47956085205078,74.67261505126953,73.68174743652344,72.42237091064453,67.72000885009766,68.88395690917969,67.46851348876953,66.4906005859375,64.93843078613281,61.392181396484375,63.95310592651367,63.150611877441406,63.348243713378906,60.8276252746582,60.41522979736328,61.188232421875,59.228370666503906,59.66573715209961,57.9741325378418,57.87054443359375,54.08327102661133,53.3104133605957,54.230987548828125,51.429561614990234,50.6063232421875,49.39635467529297,48.25971221923828,46.40043258666992,46.22769546508789,43.863426208496094,43.13930892944336,41.86884307861328,42.01190185546875,41.04875183105469,41.67733383178711,39.0,38.897300720214844,38.63935852050781,37.2155876159668
0,-44.0,-96,20,12,117.32433319091797,115.108642578125,112.00892639160156,107.91200256347656,105.10946655273438,98.68130493164062,97.86214447021484,93.04837799072266,91.54779815673828,89.05054473876953,85.42832946777344,83.63013458251953,79.64923095703125,78.03204345703125,76.15773010253906,74.625732421875,70.45565795898438,70.45565795898438,69.02897644042969,69.20259857177734,64.03124237060547,66.06814575195312,63.25345993041992,63.70243453979492,63.03173828125,63.03173828125,61.61980056762695,61.55485534667969,59.54829788208008,59.46427536010742,58.2580451965332,58.41232681274414,58.24946212768555,54.918121337890625,54.708316802978516,53.33854293823242,51.88448715209961,50.537113189697266,49.24428939819336,47.53945541381836,46.81879806518555,43.96589660644531,44.643028259277344,43.5660400390625,42.42640686035156,42.10700607299805,41.0,40.04996871948242,39.458839416503906,38.63935852050781,38.327537536621094,37.57658767700195
0,-44.0,-96,20,12,119.20150756835938,117.20068359375,112.16059875488281,110.60289001464844,103.85566711425781,102.61579132080078,99.35794067382812,95.13148498535156,93.7229995727539,87.04596710205078,87.04596710205078,84.17243957519531,82.02438354492188,80.62257385253906,78.51751708984375,74.65252685546875,72.80110168457031,70.0,68.24221801757812,68.24221801757812,67.42403411865234,67.11929321289062,65.45991516113281,63.631752014160156,64.66065216064453,63.28506851196289,63.631752014160156,60.20797348022461,61.587337493896484,59.16925048828125,59.64059066772461,57.42821502685547,56.85068130493164,56.080299377441406,56.63920974731445,54.451812744140625,50.2493782043457,51.088157653808594,49.81967544555664,50.80354309082031,47.434165954589844,46.647613525390625,45.650848388671875,44.72135925292969,43.08131790161133,40.804412841796875,42.20189666748047,40.607879638671875,40.199501037597656,41.1096076965332,38.20994567871094,37.656341552734375
0,-44.0,-96,20,12,119.70797729492188,112.50777435302734,112.16059875488281,107.70329284667969,106.32967376708984,98.79270935058594,97.09788513183594,95.41488647460938,90.69729614257812,88.23265075683594,88.81441497802734,83.40863037109375,81.05553436279297,77.33692169189453,75.92759704589844,75.74298858642578,70.72481536865234,70.00714111328125,67.94115447998047,67.20863342285156,67.26811981201172,65.19202423095703,63.89052963256836,65.4369888305664,63.25345993041992,61.84658432006836,62.62587356567383,63.12685775756836,61.61980056762695,60.30754470825195,59.46427536010742,59.396968841552734,58.694122314453125,57.314918518066406,53.26349639892578,54.20331954956055,52.801513671875,51.312767028808594,50.2493782043457,49.24428939819336,48.30113983154297,46.097721099853516,45.880279541015625,44.271888732910156,43.17406463623047,41.773197174072266,41.30375289916992,40.112342834472656,40.0,40.112342834472656,36.878177642822266,36.055511474609375
0,-44.0,-96,20,12,116.76043701171875,114.17967987060547,112.36102294921875,108.811767578125,105.77334594726562,99.72462463378906,98.49365234375,94.83142852783203,90.47099304199219,89.05054473876953,85.32877349853516,84.85281372070312,81.49846649169922,80.39900207519531,76.53103637695312,75.1664810180664,72.02777099609375,70.028564453125,70.00714111328125,69.0,66.0,66.0302963256836,64.07027435302734,65.37583923339844,65.19202423095703,65.19202423095703,61.20457458496094,63.12685775756836,61.073726654052734,61.032779693603516,59.00847244262695,59.00847244262695,59.07622146606445,56.080299377441406,56.22277069091797,54.230987548828125,52.239830017089844,51.788028717041016,49.030601501464844,48.764739990234375,47.75981521606445,45.54119110107422,45.694637298583984,43.416587829589844,42.19004440307617,40.804412841796875,40.0,39.69886779785156,39.623226165771484,38.28837966918945,36.619667053222656,34.885528564453125
0,-44.0,-96,19,17,120.2081527709961,117.0042724609375,112.64546203613281,115.80155181884766,108.22661590576172,104.29285430908203,100.70252990722656,95.96353149414062,92.96235656738281,90.55384826660156,89.69392395019531,86.83317565917969,83.6480712890625,79.15807342529297,80.11241912841797,75.23961639404297,75.02666473388672,69.6419448852539,71.7844009399414,70.88018035888672,68.3081283569336,66.48307800292969,66.48307800292969,66.70832061767578,65.96968841552734,65.25334930419922,65.73431396484375,61.13100814819336,64.03124237060547,61.400325775146484,60.083274841308594,60.406951904296875,59.13543701171875,56.080299377441406,56.46237564086914,55.03635025024414,55.4707145690918,52.47856521606445,50.477718353271484,48.82622146606445,47.6340217590332,46.097721099853516,43.863426208496094,44.55333709716797,43.27817153930664,42.01190185546875,39.96248245239258,39.96248245239258,38.4837646484375,39.217342376708984,38.832977294921875,38.20994567871094
0,-44.0,-96,19,19,129.24395751953125,121.07848358154297,124.08464813232422,118.70130920410156,117.27318572998047,106.6208267211914,107.83784484863281,102.41581726074219,100.62306213378906,97.06183624267578,93.4772720336914,89.94442749023438,87.46427917480469,85.98255920410156,82.92768096923828,81.60882568359375,76.40026092529297,77.0064926147461,72.4706802368164,72.24956512451172,72.24956512451172,72.18032836914062,72.24956512451172,71.4212875366211,69.29646301269531,68.62215423583984,67.88224792480469,69.29646301269531,65.05382537841797,65.0691909790039,63.78087615966797,63.12685775756836,62.62587356567383,60.0,61.032779693603516,57.14017868041992,56.4358024597168,55.4707145690918,53.66563034057617,53.22593307495117,52.201534271240234,48.703182220458984,49.72926712036133,46.3249397277832,45.39823913574219,45.17742919921875,43.046485900878906,45.0111083984375,42.04759216308594,40.4474983215332,41.48493576049805,38.910152435302734
0,-44.0,-96,20,12,114.2365951538086,110.69326782226562,109.00458526611328,104.3886947631836,103.07764434814453,96.93296813964844,92.4770278930664,90.75791931152344,88.60022735595703,86.02325439453125,81.90848541259766,82.2800064086914,79.30951690673828,77.36924743652344,72.2772445678711,70.40596771240234,69.05070495605469,67.74215698242188,65.37583923339844,65.6201171875,63.28506851196289,64.38167572021484,62.28964614868164,61.032779693603516,61.073726654052734,60.074954986572266,60.13318634033203,60.20797348022461,58.4208869934082,56.4358024597168,56.4358024597168,56.718605041503906,56.08921432495117,53.15073013305664,51.92301940917969,51.92301940917969,47.75981521606445,48.46648406982422,48.754486083984375,46.957427978515625,45.27692413330078,43.5660400390625,43.8292121887207,40.45985794067383,38.94868469238281,38.18376541137695,38.28837966918945,38.01315689086914,37.44329071044922,36.24913787841797,35.46829605102539,33.95585250854492
0,-44.0,-96,20,11,114.54257202148438,110.69326782226562,109.77249145507812,104.78549194335938,101.23734283447266,95.85405731201172,94.93682098388672,89.31964874267578,87.09190368652344,86.37708282470703,83.81526947021484,81.32035064697266,77.20103454589844,76.65507507324219,70.3420181274414,70.8307876586914,67.26811981201172,68.24954223632812,63.95310592651367,62.801273345947266,62.96824645996094,62.64982223510742,62.64982223510742,62.12889862060547,60.29925537109375,59.304298400878906,60.406951904296875,59.53990173339844,56.56854248046875,57.87054443359375,55.10898208618164,56.51548385620117,55.785301208496094,52.81098556518555,53.75872039794922,52.201534271240234,50.695167541503906,47.85394287109375,45.650848388671875,46.14108657836914,45.486263275146484,42.01190185546875,42.52058410644531,40.31128692626953,38.94868469238281,39.20458984375,37.735923767089844,37.2155876159668,37.161808013916016,36.055511474609375,35.44009017944336,36.22154235839844
0,-44.0,-96,19,17,119.941650390625,115.97413635253906,115.43396759033203,111.7586669921875,109.55364227294922,102.48902130126953,100.40418243408203,95.42536163330078,92.19544219970703,91.0878677368164,88.0227279663086,83.00602722167969,86.00581359863281,80.05622863769531,78.05767059326172,76.32168579101562,73.43704986572266,73.55270385742188,69.72087097167969,68.73136138916016,67.60177612304688,68.24954223632812,65.51335906982422,65.0,65.51335906982422,65.51335906982422,62.585941314697266,64.32728576660156,61.98386764526367,60.01666259765625,59.53990173339844,61.29437255859375,59.304298400878906,58.13776779174805,56.00892639160156,55.0,54.00925827026367,52.08646774291992,51.35172653198242,49.648765563964844,47.07440948486328,46.840152740478516,44.92215347290039,42.72002029418945,42.95346450805664,40.31128692626953,40.49691390991211,41.400482177734375,39.69886779785156,39.59798049926758,37.80211639404297,36.8917350769043
0,-44.0,-96,19,18,121.03718566894531,117.15374755859375,116.18089294433594,112.16059875488281,109.22454071044922,104.9952392578125,100.6578369140625,97.67292022705078,94.9210205078125,91.3509750366211,88.5268325805664,85.58621215820312,84.85281372070312,82.03657531738281,79.98124694824219,77.23341369628906,75.28611755371094,71.21797180175781,71.61005401611328,71.40028381347656,69.40460968017578,70.45565795898438,66.40029907226562,67.67569732666016,65.45991516113281,65.21502685546875,63.82006072998047,65.0,62.801273345947266,61.29437255859375,61.073726654052734,62.481998443603516,59.46427536010742,56.58621597290039,58.0,54.671749114990234,54.037025451660156,51.03919982910156,50.2493782043457,51.312767028808594,47.85394287109375,46.957427978515625,47.01063537597656,44.271888732910156,43.680660247802734,42.57933807373047,42.296573638916016,41.1096076965332,41.01219177246094,41.19466018676758,39.623226165771484,39.217342376708984
0,-44.0,-96,19,17,121.10326385498047,114.21470642089844,113.28282928466797,109.22454071044922,106.23088073730469,101.17806243896484,100.4987564086914,95.42536163330078,91.66242218017578,89.10667419433594,87.96590423583984,83.18653869628906,83.54639434814453,79.42921447753906,77.1297607421875,75.96051788330078,72.80110168457031,72.42237091064453,70.57620239257812,68.70953369140625,65.92420196533203,67.23094177246094,64.07807922363281,66.70832061767578,62.2414665222168,63.56099319458008,60.41522979736328,61.741397857666016,59.236812591552734,61.09828186035156,59.80802536010742,59.46427536010742,58.52349853515625,56.04462432861328,55.785301208496094,56.08921432495117,53.600372314453125,52.345008850097656,50.08992004394531,46.04345703125,49.01020431518555,47.04253387451172,46.173583984375,44.40720748901367,42.7551155090332,41.0,41.48493576049805,40.853397369384766,39.824615478515625,38.587562561035156,37.80211639404297,38.897300720214844
0,-44.0,-96,19,18,122.93087768554688,123.13001251220703,114.38968658447266,119.40267944335938,107.70329284667969,108.07867431640625,102.55242919921875,99.92497253417969,96.66436767578125,90.3382568359375,89.89994812011719,87.6584243774414,85.47514343261719,81.98780059814453,82.49242401123047,77.69813537597656,77.20103454589844,71.84706115722656,75.60423278808594,70.0,70.21395874023438,69.02897644042969,64.66065216064453,65.94694519042969,66.70832061767578,68.11754608154297,66.70832061767578,62.62587356567383,65.29930877685547,61.84658432006836,62.801273345947266,61.400325775146484,59.90826416015625,58.30952072143555,57.80138397216797,55.4707145690918,54.5618896484375,53.48831558227539,51.865211486816406,51.865211486816406,47.53945541381836,50.21951675415039,46.69047164916992,47.095645904541016,44.04542922973633,42.04759216308594,43.185646057128906,42.42640686035156,41.231056213378906,41.1096076965332,39.924930572509766,38.07886505126953
0,-44.0,-96,19,17,117.83463287353516,117.9576187133789,111.01801300048828,111.87940216064453,105.07616424560547,101.96568298339844,99.14131164550781,95.52486419677734,93.38094329833984,89.8220443725586,88.6453628540039,84.40379333496094,82.9698715209961,78.84795379638672,77.88452911376953,74.3303451538086,73.68174743652344,69.2603759765625,71.30918884277344,69.46221923828125,68.54196166992188,68.54196166992188,64.47480010986328,64.40496826171875,65.7419204711914,64.8459701538086,63.071388244628906,62.169124603271484,63.56099319458008,59.61543273925781,58.872745513916016,59.13543701171875,58.18934631347656,56.32051086425781,55.785301208496094,53.93514633178711,53.600372314453125,51.244510650634766,49.162994384765625,51.03919982910156,47.0,46.04345703125,45.27692413330078,44.55333709716797,41.773197174072266,41.231056213378906,41.43669891357422,41.62931823730469,39.357337951660156,37.735923767089844,39.051246643066406,37.48332977294922
0,-44.0,-96,19,18,119.70797729492188,119.57006072998047,114.61238861083984,112.8716049194336,108.78418731689453,106.0660171508789,99.29753112792969,98.38699340820312,95.7131118774414,91.7060546875,89.47066497802734,86.00581359863281,85.61541748046875,82.63776397705078,80.99382781982422,77.79460144042969,77.20103454589844,72.80110168457031,73.49829864501953,70.8307876586914,68.88395690917969,69.23149871826172,66.4906005859375,67.89698028564453,68.06614685058594,67.08203887939453,66.0984115600586,64.53681182861328,63.150611877441406,62.36986541748047,61.84658432006836,61.13100814819336,58.24087905883789,59.46427536010742,56.64803695678711,55.03635025024414,55.90169906616211,53.23532485961914,50.2493782043457,50.2493782043457,48.60041046142578,48.41487503051758,45.343135833740234,43.13930892944336,43.863426208496094,41.400482177734375,43.5660400390625,39.96248245239258,38.01315689086914,37.336307525634766,38.832977294921875,39.31920623779297
0,-44.0,-96,19,18,126.77933502197266,118.43141174316406,122.06555938720703,112.32987213134766,113.46365356445312,104.04325866699219,103.2279052734375,99.20181274414062,96.40020751953125,97.6166000366211,92.80086517333984,88.72992706298828,86.55634307861328,83.54639434814453,77.8331527709961,82.03657531738281,74.24958038330078,76.48529052734375,71.21797180175781,74.02702331542969,71.21797180175781,71.40028381347656,69.02897644042969,70.0,68.4105224609375,65.6048812866211,65.0,66.40029907226562,62.20128631591797,64.81512451171875,61.073726654052734,63.03173828125,61.61980056762695,60.10823440551758,58.051700592041016,58.13776779174805,54.81787872314453,53.25410842895508,52.69725036621094,49.39635467529297,50.11985778808594,46.52956008911133,47.16990661621094,43.65776062011719,44.59820556640625,42.7551155090332,42.42640686035156,40.199501037597656,41.0,39.31920623779297,38.63935852050781,35.735137939453125
0,-44.0,-96,20,11,110.53506469726562,110.05907440185547,105.0951919555664,104.65657806396484,97.94896697998047,96.17691802978516,92.13034057617188,90.8019790649414,87.20664978027344,84.17243957519531,81.1541748046875,79.47956085205078,76.89603424072266,72.44998168945312,71.16881561279297,71.47027587890625,69.2603759765625,65.52098846435547,64.03124237060547,63.78871536254883,63.56099319458008,63.56099319458008,60.63827133178711,61.0,60.01666259765625,59.03388977050781,58.051700592041016,58.46366500854492,56.51548385620117,56.51548385620117,55.36244201660156,55.6596794128418,55.02726745605469,53.48831558227539,53.3104133605957,49.658836364746094,49.19349670410156,47.50789260864258,46.3249397277832,45.486263275146484,41.86884307861328,42.44997024536133,41.01219177246094,39.69886779785156,38.41874694824219,38.27531814575195,36.359317779541016,36.24913787841797,34.928497314453125,35.1710090637207,33.541019439697266,33.13608169555664
0,-44.0,-96,19,18,121.59358215332031,122.64175415039062,116.28413391113281,114.90866088867188,109.60382843017578,108.16654205322266,102.90287017822266,101.25709533691406,96.60745239257812,94.40338897705078,91.8368148803711,87.61849212646484,84.64632415771484,81.56592559814453,78.64476776123047,77.8331527709961,79.19596099853516,74.24958038330078,72.18032836914062,70.1783447265625,69.42621612548828,69.02897644042969,69.02897644042969,67.20118713378906,66.06814575195312,65.802734375,65.0,64.20280456542969,65.4369888305664,62.62587356567383,62.36986541748047,61.61980056762695,60.8276252746582,57.982757568359375,56.58621597290039,56.63920974731445,54.20331954956055,53.25410842895508,50.477718353271484,49.73931884765625,50.56678771972656,47.85394287109375,45.31004333496094,44.59820556640625,43.416587829589844,41.59326934814453,41.43669891357422,41.19466018676758,41.01219177246094,42.296573638916016,37.48332977294922,38.897300720214844
0,-44.0,-96,19,17,121.67169189453125,116.29703521728516,115.39497375488281,110.46266174316406,108.6876220703125,101.07422637939453,99.76472473144531,96.64884948730469,93.1504135131836,89.1852035522461,89.55445098876953,85.23497009277344,83.21658325195312,80.15609741210938,77.10382843017578,75.80237579345703,73.00685119628906,70.60453033447266,70.29224395751953,68.01470184326172,67.35725402832031,67.20863342285156,65.85590362548828,65.0691909790039,64.38167572021484,65.05382537841797,63.639610290527344,62.28964614868164,60.20797348022461,63.25345993041992,61.073726654052734,60.4400520324707,59.64059066772461,56.61272048950195,56.30275344848633,54.708316802978516,53.23532485961914,50.56678771972656,50.695167541503906,49.648765563964844,49.04079818725586,45.35416030883789,45.7055778503418,42.42640686035156,42.296573638916016,42.10700607299805,42.01190185546875,41.30375289916992,38.470767974853516,39.560081481933594,37.6961555480957,37.121421813964844
0,-44.0,-96,20,11,111.7586669921875,106.15083312988281,109.04127502441406,104.00480651855469,102.64988708496094,93.4344711303711,91.43850708007812,90.02777099609375,86.55634307861328,85.2760238647461,81.68843078613281,79.8122787475586,75.80237579345703,73.81734466552734,69.89277648925781,71.56116485595703,67.23094177246094,66.64833068847656,65.76473236083984,64.41273498535156,63.95310592651367,63.071388244628906,61.717098236083984,60.41522979736328,61.741397857666016,59.03388977050781,58.13776779174805,59.09314727783203,56.79788589477539,58.5918083190918,55.56977462768555,54.708316802978516,53.0,53.823787689208984,53.00943374633789,51.22499465942383,48.91830062866211,49.51767349243164,46.010868072509766,44.68780517578125,45.607017517089844,44.40720748901367,42.72002029418945,40.70626449584961,40.71854782104492,40.853397369384766,38.897300720214844,38.07886505126953,39.458839416503906,37.05401611328125,34.01470184326172,36.34556198120117
0,-44.0,-96,19,17,121.10326385498047,116.01724243164062,114.00438690185547,111.01801300048828,106.04244232177734,104.04325866699219,101.0197982788086,95.00526428222656,92.00543212890625,90.04998779296875,89.005615234375,86.14522552490234,83.21658325195312,79.30951690673828,75.42546081542969,76.79192352294922,75.13321685791016,70.21395874023438,70.8307876586914,68.88395690917969,67.91170501708984,66.48307800292969,65.73431396484375,67.44627380371094,65.52098846435547,65.0,63.324562072753906,61.400325775146484,62.817195892333984,60.41522979736328,59.43904495239258,58.85575485229492,56.56854248046875,56.32051086425781,56.14267349243164,54.037025451660156,55.0,52.009613037109375,51.244510650634766,50.2493782043457,49.497474670410156,45.89117431640625,45.35416030883789,45.221675872802734,43.46262741088867,42.95346450805664,43.416587829589844,41.34005355834961,39.824615478515625,38.897300720214844,38.20994567871094,37.44329071044922
0,-44.0,-96,20,11,113.454833984375,112.80514526367188,105.42295837402344,107.93516540527344,98.85848236083984,98.71676635742188,94.81033325195312,90.60353088378906,90.0,83.48652648925781,83.23461151123047,80.44873809814453,78.77182006835938,76.85050201416016,74.4311752319336,72.56031799316406,71.5541763305664,66.64083099365234,67.23094177246094,64.88451385498047,63.56099319458008,64.07807922363281,61.84658432006836,62.032249450683594,61.46543884277344,61.09828186035156,59.46427536010742,58.30952072143555,59.236812591552734,58.694122314453125,59.03388977050781,56.36488342285156,55.94640350341797,53.712196350097656,53.851646423339844,51.865211486816406,51.03919982910156,49.04079818725586,46.86149978637695,46.69047164916992,43.84062194824219,43.931766510009766,42.01190185546875,41.617305755615234,40.49691390991211,38.94868469238281,37.57658767700195,39.217342376708984,37.36308288574219,36.49657440185547,34.13209533691406,34.058773040771484
0,-44.0,-96,19,17,118.44407653808594,115.52056121826172,114.02192687988281,112.69871520996094,106.21675872802734,102.72779846191406,99.08582305908203,95.48298645019531,91.93476104736328,90.52071380615234,88.39117431640625,84.89994049072266,85.14693450927734,80.15609741210938,75.92759704589844,75.80237579345703,74.63243103027344,70.45565795898438,70.32780456542969,69.6419448852539,67.23094177246094,67.60177612304688,64.49806213378906,64.41273498535156,65.76473236083984,63.52952194213867,60.8276252746582,62.17716598510742,62.17716598510742,61.400325775146484,60.539241790771484,59.6824951171875,58.52349853515625,56.40035629272461,54.81787872314453,53.90732955932617,53.75872039794922,50.93132781982422,49.57822036743164,49.04079818725586,47.01063537597656,47.434165954589844,46.3249397277832,44.777225494384766,43.382022857666016,41.231056213378906,41.1096076965332,39.293766021728516,39.623226165771484,35.12833786010742,37.013511657714844,37.2155876159668
0,-44.0,-96,20,9,99.6242904663086,97.40636444091797,95.81753540039062,93.6375961303711,90.44335174560547,85.070556640625,82.861328125,79.8122787475586,79.12016296386719,76.15773010253906,74.21590423583984,70.40596771240234,70.03570556640625,66.91038513183594,65.92420196533203,63.3876953125,61.400325775146484,59.13543701171875,59.00847244262695,58.03447341918945,59.00847244262695,57.03507614135742,54.0,56.0,56.0,54.00925827026367,54.00925827026367,53.0,52.009613037109375,51.009803771972656,50.03998565673828,50.03998565673828,49.162994384765625,48.25971221923828,46.52956008911133,44.72135925292969,43.931766510009766,42.20189666748047,41.761226654052734,40.49691390991211,40.31128692626953,38.01315689086914,38.470767974853516,35.35533905029297,35.80502700805664,34.058773040771484,33.970577239990234,33.241539001464844,33.42155075073242,31.62277603149414,30.4138126373291,31.016124725341797
0,-43.0,-96,20,11,104.78549194335938,104.78549194335938,99.20181274414062,99.92497253417969,92.41753387451172,90.70832061767578,87.80091094970703,85.16454315185547,82.56512451171875,78.10890197753906,78.10890197753906,73.73601531982422,71.30918884277344,71.17584228515625,68.44705963134766,66.64083099365234,66.64833068847656,62.60990524291992,64.14047241210938,61.057350158691406,60.0333251953125,59.36328887939453,57.45433044433594,60.80295944213867,56.61272048950195,57.42821502685547,57.688819885253906,55.4707145690918,57.14017868041992,53.5350341796875,54.20331954956055,52.47856521606445,52.77309799194336,50.56678771972656,50.15974426269531,47.16990661621094,47.16990661621094,46.173583984375,45.880279541015625,44.14748001098633,42.57933807373047,43.416587829589844,41.19466018676758,40.01249694824219,39.0128173828125,37.336307525634766,38.470767974853516,36.878177642822266,33.52610778808594,33.241539001464844,33.541019439697266,31.62277603149414
0,-44.0,-96,19,17,119.85408020019531,114.03946685791016,114.28472900390625,111.83023071289062,108.72441864013672,99.86490631103516,101.2422866821289,94.03190612792969,91.06591033935547,91.92388153076172,87.8179931640625,84.59905242919922,82.73451232910156,77.38862609863281,76.48529052734375,75.3923110961914,71.51223754882812,71.51223754882812,69.2603759765625,70.21395874023438,67.05221557617188,67.44627380371094,66.21932983398438,66.4906005859375,65.96968841552734,64.76110076904297,62.817195892333984,63.78871536254883,59.66573715209961,64.28841400146484,58.52349853515625,60.083274841308594,58.52349853515625,57.00876998901367,53.851646423339844,55.009090423583984,54.12947463989258,51.107730865478516,49.39635467529297,48.25971221923828,48.41487503051758,45.343135833740234,45.343135833740234,44.55333709716797,43.27817153930664,44.204071044921875,41.34005355834961,40.8166618347168,40.71854782104492,37.6961555480957,38.07886505126953,37.336307525634766
0,-44.0,-96,19,18,122.20065307617188,118.06777954101562,115.21284484863281,115.15641784667969,108.16654205322266,106.169677734375,100.24469757080078,98.18350219726562,95.33625030517578,90.55384826660156,90.79647827148438,86.31338500976562,85.32877349853516,81.78630828857422,80.60397338867188,76.92203521728516,75.0,72.80110168457031,73.37574768066406,70.88018035888672,69.2603759765625,69.89277648925781,63.5688591003418,67.23094177246094,65.55150604248047,64.62197875976562,65.55150604248047,62.96824645996094,63.5688591003418,60.74536895751953,62.361846923828125,60.63827133178711,60.63827133178711,57.87054443359375,57.87054443359375,56.32051086425781,54.230987548828125,51.088157653808594,51.009803771972656,49.04079818725586,48.166378021240234,47.26520919799805,46.69047164916992,45.35416030883789,43.011627197265625,40.853397369384766,42.48529052734375,42.05948257446289,39.11521530151367,38.60051727294922,37.53664779663086,38.41874694824219
0,-44.0,-96,20,11,111.04053497314453,105.42295837402344,108.60018157958984,103.4069595336914,100.0,93.60021209716797,92.6552734375,90.21086120605469,86.26702880859375,85.14693450927734,80.15609741210938,79.92496490478516,78.03204345703125,74.79304504394531,70.71067810058594,73.34848022460938,68.02940368652344,67.11929321289062,63.694583892822266,64.25729370117188,63.694583892822266,62.7694206237793,62.7694206237793,61.98386764526367,61.6846809387207,60.406951904296875,59.80802536010742,59.13543701171875,55.973209381103516,59.236812591552734,54.7813835144043,55.94640350341797,55.90169906616211,53.712196350097656,52.839378356933594,53.0,50.477718353271484,47.801673889160156,46.40043258666992,43.931766510009766,45.96738052368164,42.44997024536133,42.63801193237305,41.400482177734375,39.11521530151367,38.94868469238281,39.39543151855469,38.27531814575195,37.36308288574219,37.656341552734375,37.121421813964844,36.013885498046875
0,-43.0,-96,19,17,122.02458953857422,115.6243896484375,115.42096710205078,110.11357879638672,107.29864501953125,103.07764434814453,100.42410278320312,96.40020751953125,94.20191192626953,90.44335174560547,90.13877868652344,86.60831451416016,82.49242401123047,80.62257385253906,75.66372680664062,77.36924743652344,75.1531753540039,72.01388549804688,70.00714111328125,70.7742919921875,68.02940368652344,67.779052734375,66.128662109375,67.35725402832031,66.40782928466797,65.45991516113281,64.19501495361328,62.297672271728516,61.6846809387207,62.032249450683594,58.30952072143555,61.32699203491211,59.9416389465332,57.706153869628906,56.4358024597168,54.708316802978516,53.851646423339844,53.00943374633789,50.80354309082031,49.81967544555664,48.91830062866211,45.96738052368164,47.423622131347656,43.416587829589844,42.8018684387207,42.54409408569336,41.146080017089844,41.62931823730469,42.379241943359375,39.051246643066406,38.470767974853516,37.05401611328125
0,-43.0,-96,19,17,119.85408020019531,119.85408020019531,113.1591796875,114.03946685791016,104.69479370117188,106.92988586425781,100.22474670410156,97.69339752197266,94.5409927368164,90.47651672363281,91.18113708496094,86.03487396240234,85.070556640625,79.8122787475586,79.4040298461914,76.15773010253906,75.70997619628906,71.58910369873047,73.68174743652344,69.87130737304688,68.73136138916016,68.59300231933594,66.48307800292969,67.26811981201172,66.27216339111328,67.36467742919922,66.27216339111328,63.3876953125,63.28506851196289,62.513999938964844,58.694122314453125,61.98386764526367,59.43904495239258,59.203041076660156,55.6596794128418,54.708316802978516,54.7813835144043,50.695167541503906,50.990196228027344,49.648765563964844,46.52956008911133,47.16990661621094,47.434165954589844,46.40043258666992,43.27817153930664,42.42640686035156,42.63801193237305,42.01190185546875,39.11521530151367,38.470767974853516,37.161808013916016,38.07886505126953
0,-43.0,-96,20,11,116.28413391113281,114.38968658447266,109.29318237304688,109.07795715332031,103.17460632324219,100.40418243408203,97.6370849609375,95.13148498535156,93.4772720336914,86.40023040771484,86.21485137939453,83.86894226074219,80.80841827392578,78.56844329833984,77.15568542480469,74.2765121459961,73.53910827636719,70.03570556640625,69.42621612548828,67.26811981201172,66.52819061279297,68.11754608154297,64.03124237060547,65.21502685546875,65.0,63.82006072998047,63.60031509399414,61.22091293334961,61.84658432006836,59.81638717651367,59.54829788208008,58.051700592041016,57.982757568359375,55.90169906616211,55.973209381103516,54.488529205322266,52.009613037109375,50.0,50.21951675415039,49.92995071411133,45.17742919921875,47.423622131347656,44.777225494384766,41.78516387939453,42.72002029418945,40.79215621948242,40.79215621948242,41.19466018676758,39.051246643066406,38.05259704589844,37.336307525634766,35.1710090637207
0,-43.0,-96,20,11,110.9414291381836,110.9414291381836,107.35455322265625,105.58882141113281,100.62306213378906,96.60227966308594,94.81033325195312,90.3382568359375,88.56636047363281,84.69356536865234,82.63776397705078,82.2800064086914,78.10890197753906,77.49193572998047,75.58438873291016,69.92138671875,71.56814575195312,67.18630981445312,67.91170501708984,65.51335906982422,64.53681182861328,64.53681182861328,62.169124603271484,63.78871536254883,63.95310592651367,62.801273345947266,61.0,59.03388977050781,58.051700592041016,58.46366500854492,58.24087905883789,56.61272048950195,56.61272048950195,54.424259185791016,54.424259185791016,52.39274597167969,50.56678771972656,49.648765563964844,48.3735466003418,47.16990661621094,45.0,43.416587829589844,41.86884307861328,41.01219177246094,40.45985794067383,39.20458984375,38.27531814575195,38.470767974853516,35.34119415283203,36.769554138183594,35.44009017944336,33.37664031982422
0,-43.0,-96,19,16,116.5203857421875,113.53413391113281,110.76551818847656,109.55364227294922,104.69001770019531,100.84146118164062,96.02603912353516,92.77930450439453,91.24143981933594,87.86353302001953,86.4927749633789,84.17243957519531,81.25269317626953,80.08120727539062,76.92203521728516,75.89466094970703,71.51223754882812,69.28924560546875,70.38465881347656,68.15423583984375,67.23094177246094,67.11929321289062,63.976558685302734,65.29930877685547,64.8459701538086,63.95310592651367,63.06346130371094,62.169124603271484,61.741397857666016,61.269893646240234,59.61543273925781,59.236812591552734,58.18934631347656,57.00876998901367,56.04462432861328,53.36665725708008,52.17279052734375,50.635955810546875,50.35871505737305,49.25444030761719,47.04253387451172,46.0,45.0111083984375,43.185646057128906,43.416587829589844,41.0,39.560081481933594,40.16217041015625,39.0,36.715118408203125,38.01315689086914,35.38361358642578
0,-43.0,-96,19,18,124.06449890136719,120.066650390625,115.15641784667969,112.07140350341797,111.11255645751953,105.07616424560547,103.12128448486328,97.18538665771484,96.13011932373047,90.66973114013672,90.55384826660156,88.1192398071289,88.28363037109375,81.78630828857422,81.78630828857422,79.30951690673828,76.40026092529297,74.46475982666016,72.42237091064453,70.88018035888672,70.21395874023438,68.94925689697266,68.94925689697266,66.30987548828125,66.85057830810547,65.55150604248047,65.78753662109375,65.78753662109375,64.8459701538086,63.5688591003418,62.09669876098633,61.84658432006836,60.87692642211914,58.24946212768555,58.54912567138672,57.42821502685547,57.14017868041992,53.15073013305664,52.009613037109375,51.0,49.09175109863281,48.25971221923828,48.66210174560547,44.384681701660156,45.221675872802734,42.154476165771484,41.62931823730469,39.824615478515625,39.11521530151367,38.60051727294922,37.64305877685547,37.64305877685547
0,-43.0,-96,20,10,115.31695556640625,109.65856170654297,109.3846435546875,104.56098937988281,102.61091613769531,94.3663101196289,95.33625030517578,89.9888916015625,89.5600357055664,87.36132049560547,84.77027893066406,82.2192153930664,80.3243408203125,76.5506362915039,74.46475982666016,72.01388549804688,68.87670135498047,68.87670135498047,68.42514038085938,66.73080444335938,65.76473236083984,65.51335906982422,65.0,64.14047241210938,63.28506851196289,61.91122817993164,60.539241790771484,60.20797348022461,60.0333251953125,60.90156173706055,57.245086669921875,57.697486877441406,57.27128601074219,57.384666442871094,54.7813835144043,53.75872039794922,53.16013717651367,50.447994232177734,47.85394287109375,46.389652252197266,47.26520919799805,44.18144226074219,45.0111083984375,43.011627197265625,40.31128692626953,39.623226165771484,40.26164245605469,38.60051727294922,40.16217041015625,38.01315689086914,36.055511474609375,34.20526123046875
0,-43.0,-96,19,17,117.59251403808594,117.59251403808594,112.69871520996094,114.02192687988281,103.3924560546875,103.5857162475586,97.83660125732422,95.90099334716797,93.60555267333984,88.60022735595703,87.41853332519531,87.92041778564453,81.6333236694336,78.892333984375,79.07591247558594,77.02597045898438,74.70609283447266,70.66116333007812,70.68238830566406,69.35416412353516,67.11929321289062,68.94200134277344,65.19202423095703,64.51356506347656,64.8459701538086,64.8459701538086,65.78753662109375,60.16643524169922,61.46543884277344,59.61543273925781,60.835845947265625,60.373836517333984,58.66856002807617,56.93856430053711,55.4707145690918,53.5350341796875,52.430908203125,51.400390625,48.41487503051758,50.2493782043457,46.69047164916992,46.097721099853516,44.204071044921875,43.011627197265625,41.34005355834961,39.357337951660156,41.231056213378906,40.16217041015625,38.327537536621094,35.693138122558594,37.2155876159668,35.0142822265625
0,-43.0,-96,19,16,114.61238861083984,110.14535522460938,112.2541732788086,106.94390869140625,105.54619598388672,99.76472473144531,96.17691802978516,92.57429504394531,90.3382568359375,89.0,86.33075714111328,82.46211242675781,81.1541748046875,77.8331527709961,73.73601531982422,73.68174743652344,70.88018035888672,68.96376037597656,69.37578582763672,66.94026947021484,66.48307800292969,65.51335906982422,64.53681182861328,63.150611877441406,64.32728576660156,61.188232421875,61.188232421875,61.392181396484375,60.41522979736328,60.87692642211914,58.8217658996582,59.13543701171875,58.872745513916016,56.46237564086914,54.12947463989258,52.77309799194336,52.35456085205078,50.6063232421875,48.25971221923828,47.434165954589844,47.6340217590332,43.931766510009766,43.863426208496094,41.773197174072266,39.20458984375,39.66106414794922,41.18252182006836,40.24922180175781,39.217342376708984,37.947330474853516,37.656341552734375,34.058773040771484
0,-43.0,-96,19,16,123.96773529052734,102.1077880859375,108.811767578125,102.2007827758789,100.57833099365234,97.98469543457031,92.41753387451172,89.28605651855469,89.02246856689453,84.77027893066406,82.56512451171875,80.65357971191406,77.79460144042969,76.5506362915039,74.67261505126953,69.85699462890625,70.7742919921875,68.02940368652344,68.42514038085938,65.7419204711914,64.88451385498047,66.64833068847656,62.17716598510742,62.7694206237793,61.29437255859375,61.717098236083984,62.64982223510742,62.17716598510742,59.05929183959961,60.373836517333984,57.706153869628906,56.859474182128906,55.54277801513672,55.71355438232422,53.45091247558594,53.851646423339844,51.41984176635742,48.66210174560547,49.36598205566406,49.162994384765625,48.041648864746094,46.0,45.0444221496582,43.416587829589844,42.42640686035156,41.0,41.1096076965332,41.1096076965332,39.39543151855469,39.11521530151367,39.408119201660156,38.94868469238281
0,-43.0,-96,20,11,116.81181335449219,112.36102294921875,110.63905334472656,107.70329284667969,103.94229125976562,99.98500061035156,98.61541748046875,92.28217315673828,93.1504135131836,88.1929702758789,88.54942321777344,85.42832946777344,81.02468872070312,78.0,74.46475982666016,75.61084747314453,71.16881561279297,70.51950073242188,68.680419921875,68.00735473632812,67.35725402832031,64.56005096435547,65.0,65.30696868896484,63.06346130371094,63.78871536254883,62.09669876098633,60.16643524169922,61.13100814819336,60.728904724121094,59.77457809448242,58.52349853515625,59.61543273925781,56.859474182128906,56.36488342285156,54.5618896484375,54.120235443115234,51.312767028808594,49.09175109863281,48.60041046142578,47.01063537597656,44.59820556640625,44.55333709716797,42.63801193237305,41.400482177734375,39.96248245239258,41.18252182006836,40.24922180175781,39.560081481933594,39.560081481933594,36.878177642822266,36.12478256225586
0,-43.0,-96,19,17,122.1883773803711,116.84605407714844,116.10771179199219,109.77249145507812,108.90821838378906,102.72779846191406,102.08329772949219,96.25486755371094,95.41488647460938,91.52595520019531,90.44335174560547,87.20092010498047,86.21485137939453,81.68843078613281,78.8733139038086,79.30951690673828,74.2765121459961,74.2765121459961,70.71067810058594,72.12489318847656,68.62215423583984,68.680419921875,67.94115447998047,68.11754608154297,67.35725402832031,65.19202423095703,65.85590362548828,65.19202423095703,62.28964614868164,63.70243453979492,59.396968841552734,60.14149856567383,60.30754470825195,59.03388977050781,57.20139694213867,56.035701751708984,52.69725036621094,53.5350341796875,50.537113189697266,47.85394287109375,47.92702865600586,45.880279541015625,47.75981521606445,45.35416030883789,43.73785400390625,42.296573638916016,41.04875183105469,42.0,42.10700607299805,40.31128692626953,36.13862228393555,36.24913787841797
0,-43.0,-96,19,16,119.06720733642578,114.1095962524414,111.16204071044922,110.16351318359375,104.12012481689453,99.2471694946289,96.42095184326172,93.53608703613281,93.4344711303711,87.69264221191406,86.5794448852539,84.71717834472656,82.20097351074219,80.41144561767578,77.46611785888672,74.46475982666016,72.80110168457031,69.92138671875,68.94925689697266,68.00735473632812,67.67569732666016,67.779052734375,65.55150604248047,65.0,65.55150604248047,63.694583892822266,61.84658432006836,62.96824645996094,61.35144805908203,59.13543701171875,58.8217658996582,59.77457809448242,58.94064712524414,57.27128601074219,56.88584899902344,54.7448616027832,54.33230972290039,52.15361785888672,50.03998565673828,50.0,47.04253387451172,46.27094268798828,43.416587829589844,42.7551155090332,41.231056213378906,39.84971618652344,39.924930572509766,39.924930572509766,38.07886505126953,37.44329071044922,36.06937789916992,36.06937789916992
0,-43.0,-96,20,11,116.93160247802734,112.04463195800781,111.39569091796875,109.22454071044922,104.48445129394531,98.85848236083984,96.04686737060547,92.61749267578125,91.40021514892578,88.81441497802734,84.05355072021484,82.09750366210938,80.4549560546875,78.892333984375,77.5241928100586,75.1797866821289,71.5541763305664,69.35416412353516,69.46221923828125,66.70832061767578,67.23094177246094,67.23094177246094,64.62197875976562,63.89052963256836,63.90618133544922,63.90618133544922,64.25729370117188,62.032249450683594,61.09828186035156,60.539241790771484,58.694122314453125,58.13776779174805,56.82429122924805,57.30619430541992,54.708316802978516,53.5350341796875,53.25410842895508,50.80354309082031,49.04079818725586,48.27007293701172,45.25483322143555,46.010868072509766,42.63801193237305,43.26661682128906,41.04875183105469,38.07886505126953,41.62931823730469,39.0,38.60051727294922,37.656341552734375,37.336307525634766,36.0
0,-43.0,-96,19,18,124.0,118.0,118.06777954101562,115.03912353515625,112.04016876220703,104.00480651855469,103.12128448486328,98.12747192382812,95.18928527832031,94.5304183959961,92.26592254638672,87.69264221191406,86.83317565917969,82.37718200683594,79.24645233154297,78.85429382324219,77.6208724975586,76.40026092529297,71.7844009399414,71.7844009399414,71.7844009399414,71.51223754882812,68.94925689697266,67.779052734375,67.779052734375,65.19202423095703,65.78753662109375,66.48307800292969,63.90618133544922,65.45991516113281,61.98386764526367,61.400325775146484,60.87692642211914,58.24946212768555,59.03388977050781,56.4358024597168,56.22277069091797,52.08646774291992,52.009613037109375,51.009803771972656,51.03919982910156,48.093658447265625,48.50773239135742,44.72135925292969,42.44997024536133,43.32435989379883,42.154476165771484,40.71854782104492,40.8166618347168,39.408119201660156,37.53664779663086,35.38361358642578
0,-43.0,-96,19,16,114.20157623291016,114.40279388427734,109.40292358398438,108.811767578125,102.64988708496094,101.0197982788086,96.51942443847656,94.03190612792969,89.35882568359375,87.132080078125,86.28441619873047,82.68010711669922,80.62257385253906,77.82672882080078,73.79024505615234,73.40980529785156,71.86793518066406,68.70953369140625,70.22820281982422,68.3081283569336,66.0984115600586,65.802734375,62.93647766113281,63.89052963256836,63.89052963256836,62.64183807373047,61.61168670654297,61.6846809387207,61.6846809387207,59.77457809448242,60.74536895751953,59.46427536010742,57.93962478637695,55.154327392578125,53.66563034057617,53.23532485961914,52.47856521606445,49.648765563964844,50.0,49.20365905761719,46.22769546508789,44.59820556640625,42.42640686035156,42.52058410644531,41.1096076965332,38.01315689086914,38.587562561035156,37.58989334106445,36.400550842285156,37.36308288574219,34.525352478027344,36.12478256225586
0,-43.0,-96,20,10,106.89247131347656,105.11898040771484,99.76472473144531,100.18482971191406,95.29428100585938,90.82400512695312,88.1929702758789,84.59905242919922,81.98780059814453,80.77747344970703,80.77747344970703,76.5506362915039,74.06078338623047,71.02816009521484,69.20259857177734,67.62396240234375,66.70832061767578,64.03124237060547,63.65532302856445,61.55485534667969,61.55485534667969,62.2414665222168,59.41380310058594,60.14149856567383,60.14149856567383,59.396968841552734,57.28001403808594,56.56854248046875,55.17245864868164,55.90169906616211,55.226806640625,53.26349639892578,53.413482666015625,52.009613037109375,51.03919982910156,49.92995071411133,47.50789260864258,46.06517028808594,44.72135925292969,44.384681701660156,43.65776062011719,42.72002029418945,39.051246643066406,39.623226165771484,38.20994567871094,37.05401611328125,37.013511657714844,35.05709457397461,34.525352478027344,33.95585250854492,32.893768310546875,32.649654388427734
0,-43.0,-96,20,10,105.36128234863281,105.36128234863281,100.44898986816406,101.82337951660156,94.76286315917969,93.34880828857422,89.09545135498047,85.6329345703125,84.2199478149414,79.5110092163086,80.15609741210938,76.216796875,74.40430450439453,73.23933410644531,71.61005401611328,67.67569732666016,67.41661834716797,63.28506851196289,64.0078125,63.1347770690918,62.265560150146484,62.17716598510742,57.245086669921875,59.50630187988281,59.93329620361328,57.697486877441406,57.245086669921875,56.35601043701172,58.5918083190918,53.33854293823242,56.080299377441406,55.75840759277344,52.430908203125,50.80354309082031,51.855567932128906,49.04079818725586,48.166378021240234,47.381431579589844,45.27692413330078,45.45327377319336,43.011627197265625,43.011627197265625,41.04875183105469,39.4461669921875,38.07886505126953,38.27531814575195,37.64305877685547,37.10795211791992,36.49657440185547,34.2344856262207,35.0,35.22782897949219
0,-43.0,-96,19,16,113.26517486572266,109.1421127319336,107.96759033203125,103.58088684082031,102.35721588134766,95.07891082763672,96.84007263183594,90.52071380615234,89.1852035522461,86.02325439453125,84.11896514892578,80.65357971191406,79.12016296386719,76.15773010253906,74.32361602783203,71.58910369873047,69.31810760498047,67.97793579101562,66.24198150634766,64.49806213378906,65.3681869506836,64.66065216064453,61.587337493896484,61.29437255859375,60.74536895751953,61.057350158691406,60.20797348022461,59.6824951171875,57.45433044433594,58.830265045166016,58.5918083190918,55.009090423583984,55.46169662475586,52.801513671875,53.851646423339844,51.54609680175781,50.0,49.24428939819336,48.66210174560547,47.67599105834961,46.389652252197266,46.097721099853516,45.0444221496582,42.01190185546875,41.1096076965332,41.30375289916992,39.623226165771484,39.293766021728516,39.217342376708984,36.715118408203125,36.055511474609375,35.0
0,-43.0,-96,19,16,117.34564208984375,114.82595825195312,111.83023071289062,110.13627624511719,104.00961303710938,98.27003479003906,95.52486419677734,92.78469848632812,90.55384826660156,86.35391998291016,85.8836441040039,84.9705810546875,81.43709564208984,79.30951690673828,75.7693862915039,72.80110168457031,71.16881561279297,69.89277648925781,70.21395874023438,67.05221557617188,67.35725402832031,67.44627380371094,64.03124237060547,63.56099319458008,65.96968841552734,63.56099319458008,62.817195892333984,62.64183807373047,61.13100814819336,58.24087905883789,60.406951904296875,59.80802536010742,58.30952072143555,56.36488342285156,55.90169906616211,54.120235443115234,51.4781494140625,51.312767028808594,48.25971221923828,48.60041046142578,48.27007293701172,45.27692413330078,43.863426208496094,42.63801193237305,41.400482177734375,40.49691390991211,41.59326934814453,39.39543151855469,39.217342376708984,38.327537536621094,38.470767974853516,36.055511474609375
0,-43.0,-96,19,17,122.00409698486328,117.0042724609375,114.00438690185547,114.00438690185547,106.07544708251953,104.01922607421875,101.07917785644531,98.12747192382812,93.13430786132812,91.3509750366211,89.45389556884766,86.70063781738281,84.17243957519531,80.23091888427734,80.60397338867188,77.87811279296875,77.36924743652344,73.49829864501953,72.12489318847656,70.51950073242188,68.96376037597656,69.57010650634766,67.06713104248047,67.779052734375,68.00735473632812,66.85057830810547,66.85057830810547,64.51356506347656,65.78753662109375,62.62587356567383,61.6846809387207,61.13100814819336,59.66573715209961,59.66573715209961,57.87054443359375,55.73149871826172,55.3263053894043,53.15073013305664,53.037723541259766,52.0,49.09175109863281,49.09175109863281,46.27094268798828,44.55333709716797,44.14748001098633,42.05948257446289,42.54409408569336,42.04759216308594,39.4461669921875,38.27531814575195,38.28837966918945,37.48332977294922
0,-43.0,-96,19,16,112.92918395996094,107.1680908203125,107.1680908203125,104.23531341552734,101.98039245605469,94.17536926269531,93.38094329833984,89.80534362792969,88.39117431640625,87.69264221191406,83.4505844116211,82.07313537597656,77.33692169189453,76.216796875,72.62230682373047,73.23933410644531,69.63475799560547,69.63475799560547,66.5732650756836,66.73080444335938,64.49806213378906,65.29930877685547,64.0078125,63.95310592651367,63.06346130371094,61.717098236083984,60.373836517333984,60.8276252746582,58.66856002807617,59.53990173339844,57.45433044433594,56.603885650634766,57.14017868041992,55.217750549316406,52.801513671875,53.413482666015625,51.62363815307617,49.51767349243164,48.83646011352539,44.59820556640625,46.22769546508789,42.01190185546875,44.10215377807617,39.96248245239258,40.70626449584961,40.31128692626953,38.897300720214844,39.293766021728516,37.85498809814453,36.22154235839844,36.0,33.37664031982422
0,-43.0,-96,20,11,109.4897232055664,102.59142303466797,106.30146026611328,98.65596771240234,98.84330749511719,91.24143981933594,93.17188262939453,87.86353302001953,85.37564086914062,83.43260955810547,80.52328491210938,77.88452911376953,77.49193572998047,72.73238372802734,68.94925689697266,69.6419448852539,65.92420196533203,66.85057830810547,64.40496826171875,63.50590515136719,63.50590515136719,62.17716598510742,60.8276252746582,60.41522979736328,59.53990173339844,58.5918083190918,56.82429122924805,59.9416389465332,55.90169906616211,57.697486877441406,54.230987548828125,53.851646423339844,55.154327392578125,51.865211486816406,52.201534271240234,51.6623649597168,48.27007293701172,47.67599105834961,46.52956008911133,44.18144226074219,46.010868072509766,42.01190185546875,43.046485900878906,40.31128692626953,38.63935852050781,37.10795211791992,37.64305877685547,35.46829605102539,35.35533905029297,33.83784866333008,32.80244064331055,31.827661514282227
0,-43.0,-96,19,17,114.84336853027344,111.40017700195312,113.05308532714844,106.32027435302734,105.26158142089844,97.51409912109375,96.31718444824219,93.17188262939453,90.8019790649414,89.62700653076172,87.4757080078125,82.73451232910156,82.60750579833984,79.5110092163086,75.32595825195312,75.1664810180664,71.0633544921875,71.00704193115234,69.00724792480469,69.0,68.00735473632812,68.06614685058594,66.06814575195312,66.18912506103516,64.19501495361328,64.1248779296875,63.19810104370117,64.1248779296875,61.073726654052734,61.032779693603516,61.0,61.00819778442383,59.03388977050781,57.14017868041992,55.44366455078125,55.44366455078125,53.75872039794922,51.195701599121094,48.764739990234375,48.383880615234375,47.75981521606445,43.46262741088867,45.18849563598633,42.94182205200195,39.96248245239258,39.408119201660156,40.45985794067383,38.897300720214844,38.20994567871094,35.80502700805664,34.98571014404297,34.01470184326172
0,-43.0,-96,19,16,116.2755355834961,113.14591979980469,109.59014892578125,107.78682708740234,104.65180206298828,99.29753112792969,97.1287841796875,93.64827728271484,90.55384826660156,87.98295593261719,85.75546264648438,84.31488800048828,79.88116455078125,78.00640869140625,75.0,75.43209075927734,73.10950469970703,71.0633544921875,67.94115447998047,67.89698028564453,66.52819061279297,65.0691909790039,65.05382537841797,62.96824645996094,63.65532302856445,63.65532302856445,62.93647766113281,62.93647766113281,61.52235412597656,60.81118392944336,59.54829788208008,58.2580451965332,57.628116607666016,56.035701751708984,56.859474182128906,53.5350341796875,53.33854293823242,50.537113189697266,48.332183837890625,47.01063537597656,46.173583984375,44.643028259277344,44.643028259277344,42.57933807373047,41.30375289916992,41.04875183105469,40.0,39.051246643066406,39.31920623779297,36.67424011230469,36.055511474609375,35.34119415283203
0,-43.0,-96,19,17,120.43255615234375,116.01724243164062,115.0,110.0,108.4066390991211,102.80078125,100.42410278320312,96.21330261230469,91.67878723144531,90.02777099609375,88.5268325805664,87.69264221191406,83.4385986328125,80.65978240966797,77.15568542480469,75.82215881347656,73.10950469970703,70.60453033447266,72.20111083984375,70.0,67.80117797851562,65.802734375,65.45991516113281,66.0378646850586,65.19202423095703,65.19202423095703,63.51377868652344,63.82006072998047,62.12889862060547,62.68173599243164,59.03388977050781,60.30754470825195,59.46427536010742,57.28001403808594,55.865909576416016,55.90169906616211,53.75872039794922,51.22499465942383,51.22499465942383,48.82622146606445,49.73931884765625,45.17742919921875,45.617977142333984,41.78516387939453,42.379241943359375,41.231056213378906,42.7551155090332,40.31128692626953,39.11521530151367,39.0128173828125,35.22782897949219,36.13862228393555
0,-43.0,-96,19,16,113.81124877929688,108.00463104248047,109.01834869384766,104.8093490600586,101.82828521728516,94.81033325195312,94.64142608642578,90.27181243896484,87.20664978027344,86.37129211425781,83.63013458251953,81.39410400390625,79.20858764648438,75.69015502929688,75.07329559326172,73.24616241455078,70.29224395751953,69.65629577636719,67.42403411865234,67.42403411865234,66.61080932617188,64.66065216064453,62.20128631591797,63.28506851196289,62.42595672607422,61.61168670654297,61.29437255859375,61.587337493896484,59.07622146606445,57.42821502685547,58.41232681274414,58.2580451965332,55.973209381103516,54.488529205322266,53.037723541259766,53.037723541259766,51.088157653808594,49.20365905761719,48.41487503051758,48.25971221923828,46.3249397277832,43.5660400390625,43.8292121887207,40.49691390991211,40.16217041015625,40.52159881591797,39.81205749511719,38.470767974853516,39.20458984375,37.0,34.2344856262207,33.734256744384766
0,-43.0,-96,19,16,112.37882232666016,111.40017700195312,107.70793914794922,104.78549194335938,100.43903350830078,99.92497253417969,93.62158203125,90.70832061767578,89.26925659179688,85.72631072998047,83.52245330810547,81.59656524658203,80.05622863769531,77.2528305053711,75.3923110961914,71.30918884277344,70.38465881347656,66.30987548828125,68.42514038085938,65.7419204711914,65.7419204711914,63.95310592651367,62.64982223510742,63.631752014160156,61.773780822753906,63.631752014160156,62.64982223510742,59.05929183959961,61.717098236083984,58.13776779174805,56.859474182128906,56.46237564086914,55.71355438232422,54.08327102661133,52.63079071044922,51.6623649597168,50.0099983215332,49.648765563964844,47.381431579589844,47.16990661621094,46.010868072509766,45.0111083984375,43.046485900878906,42.296573638916016,40.607879638671875,39.560081481933594,40.16217041015625,38.62641525268555,36.67424011230469,34.98571014404297,36.619667053222656,34.71310806274414
0,-43.0,-96,19,17,117.99152374267578,115.24755859375,108.90821838378906,110.45361328125,103.94229125976562,102.57679748535156,98.88377380371094,92.59049987792969,91.7060546875,86.76404571533203,88.54942321777344,83.77350616455078,82.46211242675781,78.92401123046875,78.54934692382812,74.67261505126953,74.63243103027344,70.21395874023438,71.30918884277344,70.3420181274414,68.4105224609375,66.94026947021484,65.0,66.4906005859375,65.30696868896484,65.30696868896484,64.76110076904297,60.87692642211914,64.03124237060547,60.4400520324707,61.032779693603516,60.406951904296875,58.52349853515625,57.384666442871094,55.54277801513672,54.12947463989258,52.839378356933594,50.774009704589844,49.09175109863281,50.21951675415039,46.097721099853516,46.010868072509766,45.25483322143555,43.931766510009766,43.416587829589844,40.49691390991211,39.96248245239258,39.357337951660156,39.924930572509766,39.293766021728516,37.656341552734375,35.35533905029297
0,-43.0,-96,19,17,123.71337890625,117.32433319091797,115.67626953125,111.77208709716797,109.85900115966797,103.17460632324219,100.68763732910156,97.41663360595703,95.8018798828125,92.80086517333984,89.02246856689453,87.45856475830078,84.38601684570312,82.97589874267578,79.24645233154297,79.19596099853516,74.96665954589844,74.96665954589844,71.0633544921875,70.93659210205078,68.7677230834961,69.02897644042969,69.02897644042969,67.62396240234375,66.21932983398438,67.62396240234375,67.00746154785156,66.21932983398438,65.29930877685547,64.66065216064453,60.14149856567383,60.8276252746582,60.81118392944336,59.46427536010742,58.898216247558594,56.22277069091797,54.4058837890625,53.25410842895508,52.47856521606445,49.648765563964844,49.648765563964844,46.615447998046875,45.880279541015625,45.880279541015625,43.17406463623047,42.57933807373047,42.19004440307617,42.01190185546875,42.04759216308594,39.31920623779297,37.85498809814453,36.68787384033203
0,-43.0,-96,19,16,113.77169799804688,111.98660278320312,110.47624206542969,104.92378234863281,102.25947570800781,97.01546478271484,95.88534545898438,91.66242218017578,90.44888305664062,86.46965026855469,84.2911605834961,81.09870910644531,79.05693817138672,77.0064926147461,74.00675964355469,74.06078338623047,73.10950469970703,69.1158447265625,67.47592163085938,66.37017059326172,66.37017059326172,64.62971496582031,63.3876953125,64.77654266357422,64.49806213378906,61.98386764526367,62.64982223510742,60.530982971191406,60.29925537109375,59.304298400878906,58.215118408203125,58.07753372192383,58.00862121582031,56.00892639160156,56.00892639160156,55.145263671875,51.35172653198242,48.50773239135742,47.67599105834961,47.07440948486328,44.92215347290039,45.221675872802734,43.65776062011719,40.31128692626953,42.05948257446289,38.27531814575195,40.0,38.41874694824219,38.897300720214844,35.38361358642578,34.4093017578125,34.885528564453125
0,-43.0,-96,19,16,113.46365356445312,108.22661590576172,107.00466918945312,104.40306854248047,102.00489807128906,96.40020751953125,95.42536163330078,93.08598327636719,87.96590423583984,86.45230102539062,83.24061584472656,80.15609741210938,79.93122100830078,76.3675308227539,72.13875579833984,73.10950469970703,70.93659210205078,67.35725402832031,68.4105224609375,67.42403411865234,65.6048812866211,64.40496826171875,63.60031509399414,61.587337493896484,63.24555206298828,62.42595672607422,59.90826416015625,59.90826416015625,59.90826416015625,58.8217658996582,57.628116607666016,58.41232681274414,57.48912811279297,55.226806640625,54.451812744140625,53.75872039794922,52.49761962890625,48.60041046142578,49.09175109863281,47.434165954589844,46.14108657836914,44.29446792602539,44.777225494384766,41.43669891357422,40.16217041015625,38.07886505126953,38.832977294921875,37.336307525634766,34.01470184326172,36.055511474609375,33.734256744384766,32.98484420776367
0,-43.0,-96,19,16,113.63538360595703,109.17874908447266,110.16805267333984,105.07616424560547,100.28459167480469,97.01546478271484,94.72592163085938,90.47099304199219,88.0738296508789,86.34812927246094,84.40379333496094,81.74349975585938,78.44743347167969,73.37574768066406,71.7844009399414,73.73601531982422,70.93659210205078,69.46221923828125,67.5425796508789,67.08203887939453,66.18912506103516,64.41273498535156,64.40496826171875,64.0078125,61.773780822753906,62.64982223510742,59.53990173339844,60.8276252746582,58.5918083190918,58.5918083190918,55.94640350341797,57.27128601074219,56.46237564086914,53.851646423339844,52.49761962890625,52.201534271240234,51.41984176635742,49.81967544555664,46.52956008911133,45.54119110107422,46.04345703125,43.011627197265625,45.0,40.04996871948242,40.199501037597656,39.051246643066406,39.051246643066406,37.947330474853516,34.539833068847656,35.510562896728516,35.510562896728516,34.71310806274414
0,-43.0,-96,19,16,114.28472900390625,110.44002532958984,106.32027435302734,105.08092498779297,101.53324890136719,97.1236343383789,93.96276092529297,91.08238220214844,91.08238220214844,85.79627227783203,84.8646011352539,81.93900299072266,80.52949523925781,76.92203521728516,74.24284362792969,74.30342864990234,70.8307876586914,69.6419448852539,69.3397445678711,67.11929321289062,65.73431396484375,66.85057830810547,63.411354064941406,63.411354064941406,64.03124237060547,63.411354064941406,62.62587356567383,62.20128631591797,60.80295944213867,60.0,57.45433044433594,57.14017868041992,56.4358024597168,55.07267761230469,55.90169906616211,52.801513671875,50.56678771972656,49.76947021484375,49.33558654785156,46.840152740478516,46.097721099853516,45.7055778503418,44.40720748901367,41.19466018676758,42.01190185546875,39.11521530151367,40.199501037597656,38.327537536621094,36.878177642822266,37.64305877685547,34.539833068847656,34.13209533691406
0,-43.0,-96,19,16,113.43721008300781,107.05606079101562,107.51744079589844,103.09703826904297,102.25947570800781,96.17691802978516,94.72592163085938,91.7823486328125,86.88497924804688,85.37564086914062,82.9698715209961,80.36167907714844,79.4040298461914,77.16217041015625,73.05477142333984,72.23572540283203,69.85699462890625,68.94200134277344,68.44705963134766,65.30696868896484,66.21178436279297,65.29930877685547,63.06346130371094,63.28506851196289,63.1347770690918,62.265560150146484,61.773780822753906,60.0333251953125,58.18075180053711,57.706153869628906,57.27128601074219,56.859474182128906,55.154327392578125,54.08327102661133,53.141319274902344,52.201534271240234,50.447994232177734,50.0099983215332,46.87216567993164,45.27692413330078,45.17742919921875,43.046485900878906,44.0113639831543,40.01249694824219,41.19466018676758,38.832977294921875,38.07886505126953,37.947330474853516,36.400550842285156,36.67424011230469,34.13209533691406,35.608985900878906
0,-43.0,-96,20,10,110.63905334472656,109.2748794555664,106.55046081542969,105.30906677246094,100.23971557617188,96.64884948730469,94.3663101196289,89.44271850585938,87.23531341552734,83.67198181152344,82.76472473144531,79.30951690673828,79.12016296386719,75.61084747314453,73.05477142333984,70.21395874023438,71.56814575195312,66.21932983398438,68.65857696533203,67.46851348876953,64.53681182861328,64.13267517089844,63.150611877441406,64.93843078613281,63.150611877441406,62.801273345947266,61.98386764526367,60.20797348022461,60.01666259765625,58.694122314453125,58.94064712524414,57.9741325378418,56.04462432861328,53.75872039794922,52.55473327636719,51.62363815307617,51.0,48.30113983154297,48.3735466003418,46.87216567993164,43.600460052490234,44.204071044921875,42.63801193237305,41.72529220581055,38.94868469238281,39.051246643066406,38.60051727294922,36.8917350769043,35.7770881652832,35.84689712524414,34.20526123046875,34.36568069458008
0,-43.0,-96,19,16,114.49017333984375,110.38568878173828,109.20164489746094,103.73042297363281,100.90093994140625,97.73944854736328,93.40770721435547,91.54779815673828,88.60022735595703,86.33075714111328,85.0,81.84130859375,79.17701721191406,77.5241928100586,75.66372680664062,73.06161499023438,73.24616241455078,69.6419448852539,67.42403411865234,66.85057830810547,66.85057830810547,66.0302963256836,63.60031509399414,63.25345993041992,61.22091293334961,61.22091293334961,61.61168670654297,61.400325775146484,58.8217658996582,60.464866638183594,58.830265045166016,56.4358024597168,57.30619430541992,53.66563034057617,55.54277801513672,51.4781494140625,50.32891845703125,49.04079818725586,47.801673889160156,47.07440948486328,46.69047164916992,45.27692413330078,43.185646057128906,43.011627197265625,42.0,39.20458984375,39.458839416503906,39.051246643066406,38.60051727294922,35.84689712524414,36.715118408203125,35.510562896728516
0,-43.0,-96,19,16,112.80071258544922,113.4063491821289,107.44766235351562,106.21205139160156,100.76705932617188,98.71676635742188,93.7229995727539,92.09777069091797,89.1964111328125,84.8646011352539,84.85281372070312,81.3449478149414,79.98124694824219,78.10249328613281,75.1664810180664,73.24616241455078,71.40028381347656,68.00735473632812,69.3397445678711,67.11929321289062,65.73431396484375,65.73431396484375,64.0078125,64.41273498535156,63.52952194213867,64.49806213378906,63.1347770690918,59.6824951171875,60.20797348022461,57.80138397216797,57.982757568359375,57.688819885253906,56.40035629272461,55.0,55.31726837158203,53.075416564941406,50.32891845703125,49.57822036743164,48.166378021240234,49.04079818725586,46.40043258666992,45.221675872802734,44.94440841674805,42.05948257446289,42.04759216308594,39.560081481933594,40.804412841796875,39.293766021728516,37.48332977294922,37.121421813964844,36.013885498046875,34.36568069458008
0,-43.0,-96,19,16,114.0570068359375,110.13627624511719,106.50821685791016,107.61505126953125,100.95543670654297,96.25486755371094,94.86833190917969,92.9139404296875,88.23265075683594,85.6037368774414,83.40863037109375,81.05553436279297,80.72174072265625,76.41989135742188,76.41989135742188,71.4212875366211,70.03570556640625,66.48307800292969,68.7677230834961,67.47592163085938,65.29930877685547,65.4369888305664,63.411354064941406,63.82006072998047,63.60031509399414,62.00806427001953,62.801273345947266,61.400325775146484,62.20128631591797,60.605281829833984,57.48912811279297,58.79625701904297,56.58621597290039,55.865909576416016,54.488529205322266,51.088157653808594,51.22499465942383,49.40647888183594,47.70744323730469,47.16990661621094,46.14108657836914,45.17742919921875,42.72002029418945,41.43669891357422,41.48493576049805,37.85498809814453,38.63935852050781,38.20994567871094,37.013511657714844,36.12478256225586,34.36568069458008,35.1710090637207
0,-43.0,-96,20,10,107.00466918945312,106.0,103.00485229492188,102.00489807128906,99.00505065917969,93.00537872314453,89.14033508300781,87.09190368652344,87.14356231689453,81.1541748046875,79.30951690673828,79.4040298461914,76.53103637695312,73.97972869873047,69.87130737304688,68.88395690917969,68.15423583984375,66.21932983398438,64.8459701538086,64.19501495361328,61.6846809387207,63.5688591003418,60.083274841308594,60.74536895751953,60.74536895751953,58.18934631347656,58.52349853515625,58.52349853515625,58.52349853515625,56.61272048950195,55.36244201660156,56.04462432861328,54.81787872314453,52.95280838012695,52.611785888671875,50.35871505737305,48.166378021240234,47.04253387451172,47.0,44.0113639831543,44.18144226074219,43.28972244262695,43.5660400390625,40.024993896484375,38.07886505126953,37.336307525634766,35.84689712524414,36.67424011230469,35.510562896728516,34.4093017578125,33.970577239990234,33.30165100097656
0,-43.0,-96,19,16,112.92475128173828,109.25199890136719,109.93180084228516,106.6208267211914,103.24727630615234,98.79270935058594,96.2081069946289,90.2496566772461,88.86506652832031,86.64871978759766,85.72631072998047,81.74349975585938,80.04998779296875,75.50496673583984,76.68767547607422,74.14849853515625,72.56031799316406,69.58448028564453,68.35934448242188,67.36467742919922,65.37583923339844,66.18912506103516,64.19501495361328,66.0,64.03124237060547,63.0,62.032249450683594,62.12889862060547,62.07253646850586,60.13318634033203,58.30952072143555,58.54912567138672,58.54912567138672,56.08921432495117,55.31726837158203,52.88667297363281,50.447994232177734,49.33558654785156,47.434165954589844,47.01063537597656,46.957427978515625,44.29446792602539,44.94440841674805,41.617305755615234,40.45985794067383,39.623226165771484,38.20994567871094,37.53664779663086,37.013511657714844,34.98571014404297,34.0,33.83784866333008
0,-43.0,-96,19,16,115.31695556640625,107.2800064086914,108.90821838378906,105.75916290283203,101.86756134033203,95.34149169921875,94.83142852783203,90.70832061767578,88.05680084228516,86.97700500488281,84.77027893066406,81.27114868164062,78.77182006835938,75.7693862915039,72.61542510986328,74.24958038330078,70.66116333007812,68.88395690917969,68.09552001953125,67.23094177246094,66.73080444335938,65.73431396484375,64.14047241210938,62.12889862060547,63.24555206298828,61.587337493896484,61.29437255859375,60.464866638183594,59.90826416015625,60.20797348022461,57.80138397216797,58.66856002807617,56.35601043701172,55.03635025024414,54.230987548828125,52.201534271240234,52.201534271240234,49.33558654785156,47.29693603515625,45.89117431640625,44.9110221862793,43.5660400390625,44.10215377807617,41.04875183105469,41.04875183105469,38.20994567871094,37.48332977294922,36.67424011230469,36.055511474609375,34.539833068847656,34.885528564453125,32.80244064331055
0,-43.0,-96,19,16,109.77249145507812,107.15409088134766,104.92378234863281,103.07764434814453,98.79270935058594,95.07891082763672,91.4166259765625,88.86506652832031,85.70297241210938,83.81526947021484,82.861328125,80.36167907714844,77.36924743652344,73.75635528564453,71.80529022216797,71.38627624511719,68.73136138916016,66.61080932617188,66.37017059326172,65.37583923339844,63.3876953125,63.28506851196289,62.20128631591797,62.12889862060547,63.12685775756836,60.13318634033203,60.13318634033203,59.304298400878906,58.30952072143555,59.304298400878906,57.55866622924805,55.90169906616211,55.10898208618164,51.41984176635742,52.88667297363281,50.28916549682617,49.39635467529297,48.332183837890625,46.51881408691406,45.650848388671875,45.27692413330078,42.72002029418945,41.400482177734375,40.45985794067383,38.897300720214844,36.79673767089844,37.64305877685547,35.80502700805664,35.84689712524414,33.105892181396484,33.52610778808594,33.95585250854492
0,-43.0,-96,20,10,106.0235824584961,104.69479370117188,101.98039245605469,99.74467468261719,95.7078857421875,92.13034057617188,90.3382568359375,86.31338500976562,84.53401947021484,81.4923324584961,79.4040298461914,77.38862609863281,75.45197296142578,72.42237091064453,69.065185546875,68.4105224609375,66.84310150146484,64.66065216064453,63.78087615966797,63.12685775756836,62.481998443603516,61.61980056762695,60.8276252746582,60.14149856567383,61.52235412597656,58.694122314453125,58.051700592041016,57.314918518066406,58.13776779174805,54.5618896484375,54.671749114990234,53.600372314453125,53.600372314453125,51.865211486816406,52.47856521606445,49.73931884765625,47.88528060913086,46.957427978515625,45.18849563598633,44.0113639831543,43.011627197265625,41.231056213378906,41.9761848449707,38.327537536621094,38.11823654174805,37.0,36.12478256225586,36.34556198120117,35.693138122558594,34.928497314453125,31.95309066772461,33.12099075317383
0,-43.0,-96,19,17,118.82760620117188,114.43775939941406,112.28534698486328,110.36756896972656,106.30146026611328,102.31324768066406,98.08159637451172,94.04785919189453,92.02173614501953,90.022216796875,88.09085845947266,86.00581359863281,85.0058822631836,80.02499389648438,79.10120391845703,77.23341369628906,75.42546081542969,71.56814575195312,70.85901641845703,69.87130737304688,69.23149871826172,68.44705963134766,66.91038513183594,66.70832061767578,65.92420196533203,65.30696868896484,66.4906005859375,63.95310592651367,63.78871536254883,62.513999938964844,59.41380310058594,59.304298400878906,58.07753372192383,58.03447341918945,57.0,56.035701751708984,55.226806640625,52.345008850097656,50.990196228027344,50.990196228027344,49.04079818725586,46.840152740478516,45.880279541015625,43.46262741088867,41.146080017089844,39.11521530151367,39.11521530151367,37.80211639404297,39.623226165771484,37.013511657714844,36.619667053222656,37.58989334106445
0,-43.0,-96,20,9,104.12012481689453,99.32774353027344,99.6242904663086,93.40770721435547,92.34716796875,86.02325439453125,86.64871978759766,82.54090118408203,80.65357971191406,77.8331527709961,75.3923110961914,73.9256362915039,73.82411193847656,69.7782211303711,67.97793579101562,67.23094177246094,63.28506851196289,64.14047241210938,62.12889862060547,61.29437255859375,60.20797348022461,61.29437255859375,58.24946212768555,57.20139694213867,58.00862121582031,57.20139694213867,57.20139694213867,55.217750549316406,54.64430618286133,54.08327102661133,52.15361785888672,52.839378356933594,51.0,50.08992004394531,50.56678771972656,47.92702865600586,46.81879806518555,45.221675872802734,43.416587829589844,43.17406463623047,41.0,39.458839416503906,40.112342834472656,38.01315689086914,36.0,35.12833786010742,34.36568069458008,34.71310806274414,34.20526123046875,33.83784866333008,30.4138126373291,29.681644439697266
0,-43.0,-96,19,15,112.43220520019531,109.62207794189453,106.8316421508789,104.00480651855469,99.82484436035156,95.67131042480469,92.95697784423828,91.21403503417969,88.72992706298828,84.64632415771484,82.46211242675781,80.60397338867188,78.00640869140625,75.21302795410156,73.49829864501953,74.625732421875,70.1783447265625,69.1158447265625,65.29930877685547,64.8459701538086,63.95310592651367,63.976558685302734,64.40496826171875,63.071388244628906,63.071388244628906,62.64982223510742,60.835845947265625,59.9416389465332,59.4810905456543,58.66856002807617,54.708316802978516,56.080299377441406,55.226806640625,53.25410842895508,54.81787872314453,52.63079071044922,50.990196228027344,49.51767349243164,48.166378021240234,44.68780517578125,46.40043258666992,43.5660400390625,43.90899658203125,38.94868469238281,38.470767974853516,38.62641525268555,38.897300720214844,37.85498809814453,37.48332977294922,36.013885498046875,36.013885498046875,32.557640075683594
0,-43.0,-96,19,15,110.02726745605469,105.07616424560547,103.09703826904297,98.73196411132812,98.0051040649414,93.05912017822266,91.08238220214844,88.28363037109375,87.132080078125,83.74365997314453,81.4923324584961,79.55501556396484,77.6208724975586,75.58438873291016,71.16881561279297,70.83784484863281,67.67569732666016,66.128662109375,64.62197875976562,65.0,62.7694206237793,64.07807922363281,62.64982223510742,60.8276252746582,61.717098236083984,61.269893646240234,59.09314727783203,58.600341796875,58.694122314453125,57.00876998901367,54.08327102661133,55.973209381103516,55.081756591796875,52.63079071044922,53.93514633178711,52.17279052734375,49.81967544555664,48.50773239135742,47.16990661621094,46.04345703125,45.0111083984375,43.046485900878906,42.296573638916016,39.31920623779297,39.051246643066406,38.60051727294922,35.46829605102539,37.161808013916016,35.35533905029297,33.83784866333008,32.80244064331055,31.827661514282227
0,-43.0,-96,19,15,110.69326782226562,106.6208267211914,106.10372161865234,104.0,99.80982208251953,92.70382690429688,91.78779602050781,89.44271850585938,86.76404571533203,84.11896514892578,83.24061584472656,80.26206970214844,77.38862609863281,75.45197296142578,71.61005401611328,72.00694274902344,69.65629577636719,67.62396240234375,65.85590362548828,65.19202423095703,65.94694519042969,63.65532302856445,63.65532302856445,63.65532302856445,62.93647766113281,60.81118392944336,60.8276252746582,60.8276252746582,60.10823440551758,58.694122314453125,57.384666442871094,56.7274169921875,54.81787872314453,53.600372314453125,53.25410842895508,51.312767028808594,49.39635467529297,49.24428939819336,46.957427978515625,46.097721099853516,45.31004333496094,43.65776062011719,42.05948257446289,40.26164245605469,38.63935852050781,37.336307525634766,38.11823654174805,38.0,37.05401611328125,33.37664031982422,33.95585250854492,32.69556427001953
0,-43.0,-96,19,16,109.11003875732422,109.11003875732422,105.36128234863281,103.44564056396484,99.04039764404297,96.16651916503906,91.76055908203125,89.9888916015625,87.09190368652344,83.43260955810547,80.60397338867188,80.41144561767578,78.91767883300781,75.53807067871094,73.55270385742188,72.3394775390625,69.065185546875,68.11754608154297,66.00757598876953,66.00757598876953,63.0079345703125,63.0079345703125,63.0,62.12889862060547,63.03173828125,62.032249450683594,60.008331298828125,60.008331298828125,60.008331298828125,59.0,58.07753372192383,56.14267349243164,57.42821502685547,54.451812744140625,52.95280838012695,51.97114562988281,50.21951675415039,48.50773239135742,45.880279541015625,45.54119110107422,43.08131790161133,43.863426208496094,42.94182205200195,39.11521530151367,39.408119201660156,37.64305877685547,36.769554138183594,36.2353401184082,35.608985900878906,33.2866325378418,34.0,33.241539001464844
0,-43.0,-96,19,16,108.46197509765625,107.83784484863281,102.88343048095703,103.46980285644531,99.31767272949219,95.2732925415039,91.23595428466797,88.54942321777344,86.76981353759766,83.24061584472656,82.85529327392578,79.61155700683594,77.17512512207031,73.49829864501953,73.49829864501953,72.00694274902344,70.0,66.21932983398438,65.94694519042969,65.19202423095703,63.78087615966797,63.70243453979492,62.2414665222168,62.2414665222168,60.81118392944336,61.52235412597656,60.81118392944336,58.728187561035156,59.46427536010742,58.728187561035156,56.85068130493164,56.40035629272461,55.0,53.5350341796875,52.69725036621094,50.774009704589844,50.11985778808594,50.08992004394531,47.423622131347656,45.880279541015625,45.221675872802734,43.416587829589844,41.59326934814453,40.607879638671875,40.31128692626953,38.01315689086914,39.0128173828125,38.20994567871094,36.67424011230469,37.10795211791992,32.69556427001953,32.649654388427734
0,-43.0,-96,19,15,107.1680908203125,104.23531341552734,105.47511291503906,100.6578369140625,98.41239929199219,92.02173614501953,90.52071380615234,86.26702880859375,84.8646011352539,82.75868225097656,80.61017608642578,77.8331527709961,75.07329559326172,74.65252685546875,70.29224395751953,69.81404113769531,66.61080932617188,67.42403411865234,64.8999252319336,65.73431396484375,63.28506851196289,62.7694206237793,60.20797348022461,60.90156173706055,61.057350158691406,59.6824951171875,59.16925048828125,57.982757568359375,57.45433044433594,57.14017868041992,56.035701751708984,56.40035629272461,54.20331954956055,53.26349639892578,53.075416564941406,51.62363815307617,48.91830062866211,47.01063537597656,45.607017517089844,44.65422821044922,43.90899658203125,42.05948257446289,42.48529052734375,39.924930572509766,38.27531814575195,38.327537536621094,38.07886505126953,36.49657440185547,37.05401611328125,34.058773040771484,33.241539001464844,32.015621185302734
0,-43.0,-96,19,16,111.22050476074219,108.29589080810547,108.66461944580078,101.40019989013672,101.71037292480469,94.42987060546875,93.77099609375,90.79647827148438,85.84288024902344,85.0,82.87339782714844,80.41144561767578,79.62411499023438,75.18643188476562,72.53275299072266,72.80110168457031,68.96376037597656,69.57010650634766,66.48307800292969,66.85057830810547,65.55150604248047,66.30987548828125,64.62197875976562,63.56099319458008,63.158531188964844,62.7694206237793,60.539241790771484,61.84658432006836,58.52349853515625,61.35144805908203,57.87054443359375,57.00876998901367,56.75385284423828,55.90169906616211,55.73149871826172,52.77309799194336,51.244510650634766,49.09175109863281,48.010414123535156,47.01063537597656,47.04253387451172,45.17742919921875,43.416587829589844,41.773197174072266,40.52159881591797,39.217342376708984,40.853397369384766,37.58989334106445,38.27531814575195,35.608985900878906,35.38361358642578,34.71310806274414
0,-43.0,-96,19,15,114.49017333984375,108.67382049560547,107.35455322265625,103.31505584716797,101.98039245605469,96.17691802978516,94.84724426269531,91.78779602050781,89.55445098876953,86.16263580322266,84.8646011352539,81.93289947509766,78.74642944335938,77.20103454589844,75.0,76.92203521728516,71.0633544921875,69.85699462890625,67.89698028564453,67.26811981201172,64.93843078613281,65.76473236083984,63.78871536254883,64.38167572021484,62.64982223510742,62.801273345947266,62.801273345947266,61.98386764526367,60.01666259765625,61.0,58.46366500854492,57.723480224609375,57.28001403808594,55.6596794128418,54.08327102661133,54.7813835144043,53.3104133605957,50.08992004394531,47.41307830810547,48.02082824707031,47.70744323730469,44.40720748901367,43.27817153930664,41.773197174072266,39.59798049926758,38.28837966918945,38.01315689086914,37.735923767089844,37.57658767700195,38.62641525268555,35.735137939453125,33.734256744384766
0,-43.0,-96,19,15,107.1680908203125,105.75916290283203,103.85566711425781,100.2646484375,98.08159637451172,94.02127075195312,89.8109130859375,85.8021011352539,84.20214080810547,81.84130859375,79.6303939819336,77.10382843017578,76.00657653808594,72.20111083984375,70.71067810058594,69.77105712890625,67.5351791381836,64.8459701538086,65.39112854003906,65.39112854003906,63.158531188964844,61.09828186035156,60.539241790771484,60.406951904296875,60.16643524169922,58.872745513916016,57.00876998901367,58.30952072143555,57.775428771972656,57.27128601074219,55.94640350341797,55.4707145690918,54.58937454223633,53.33854293823242,50.774009704589844,49.09175109863281,49.20365905761719,46.22769546508789,45.343135833740234,43.863426208496094,42.44997024536133,41.231056213378906,40.0,39.11521530151367,38.587562561035156,36.2353401184082,37.161808013916016,34.78505325317383,34.20526123046875,34.525352478027344,33.060550689697266,32.015621185302734
0,-43.0,-96,19,15,110.54862976074219,103.3924560546875,104.23531341552734,101.49384307861328,98.24967956542969,92.19544219970703,91.0494384765625,87.00574493408203,85.0058822631836,82.00609588623047,81.00617218017578,79.10120391845703,77.10382843017578,74.24284362792969,72.24956512451172,71.70076751708984,67.74215698242188,67.08203887939453,64.13267517089844,65.51335906982422,62.36986541748047,63.06346130371094,62.585941314697266,62.09669876098633,61.13100814819336,60.87692642211914,58.94064712524414,58.694122314453125,58.24946212768555,56.29387283325195,56.88584899902344,56.88584899902344,55.44366455078125,54.147945404052734,53.0848388671875,52.038448333740234,50.0,48.041648864746094,46.27094268798828,46.389652252197266,44.72135925292969,41.9761848449707,43.680660247802734,40.16217041015625,40.49691390991211,37.57658767700195,36.715118408203125,36.055511474609375,35.80502700805664,36.12478256225586,33.42155075073242,31.62277603149414
0,-43.0,-96,19,15,106.53168487548828,105.15226745605469,102.34255981445312,100.70252990722656,96.51942443847656,92.9139404296875,90.13877868652344,85.0,85.21150207519531,81.83519744873047,78.8733139038086,77.23341369628906,77.15568542480469,73.53910827636719,72.12489318847656,70.71067810058594,68.62215423583984,64.44377136230469,66.06814575195312,65.4369888305664,64.66065216064453,63.411354064941406,61.22091293334961,62.42595672607422,63.0079345703125,61.61168670654297,59.203041076660156,61.400325775146484,59.03388977050781,56.85068130493164,57.48912811279297,57.384666442871094,54.451812744140625,53.740116119384766,53.075416564941406,49.81967544555664,49.81967544555664,47.434165954589844,46.3249397277832,44.94440841674805,44.29446792602539,45.18849563598633,41.62931823730469,40.49691390991211,38.897300720214844,38.63935852050781,38.470767974853516,36.12478256225586,36.013885498046875,33.060550689697266,32.557640075683594,32.572994232177734
0,-43.0,-96,20,8,100.95543670654297,95.96353149414062,93.74433135986328,91.52595520019531,88.48163604736328,84.62860107421875,82.4196548461914,81.4002456665039,77.20103454589844,75.43209075927734,73.24616241455078,70.1783447265625,68.7677230834961,67.20863342285156,65.0691909790039,64.35060119628906,62.28964614868164,60.87692642211914,58.13776779174805,58.2580451965332,57.48912811279297,56.22277069091797,55.44366455078125,56.40035629272461,55.0,55.0,53.26349639892578,53.26349639892578,51.855567932128906,51.088157653808594,48.10405349731445,49.51767349243164,48.83646011352539,48.166378021240234,47.50789260864258,45.607017517089844,44.40720748901367,41.88078308105469,41.67733383178711,39.824615478515625,39.81205749511719,36.769554138183594,36.055511474609375,35.44009017944336,34.928497314453125,33.241539001464844,33.060550689697266,33.0,33.060550689697266,31.400636672973633,30.805843353271484,29.154760360717773
0,-43.0,-96,19,15,107.70329284667969,103.3247299194336,101.86756134033203,97.01546478271484,96.04686737060547,91.67878723144531,89.26925659179688,86.68333435058594,84.72307586669922,83.18653869628906,81.21575927734375,77.78174591064453,74.4311752319336,73.33484649658203,69.18092346191406,71.17584228515625,67.06713104248047,67.06713104248047,63.0079345703125,62.032249450683594,63.071388244628906,61.073726654052734,61.032779693603516,61.13100814819336,60.074954986572266,59.03388977050781,60.074954986572266,58.07753372192383,57.0,59.0,55.081756591796875,54.08327102661133,54.147945404052734,52.345008850097656,52.611785888671875,51.97114562988281,48.50773239135742,48.08325958251953,45.54119110107422,44.59820556640625,44.777225494384766,42.48529052734375,42.54409408569336,38.27531814575195,38.60051727294922,37.53664779663086,35.38361358642578,34.71310806274414,34.4093017578125,33.12099075317383,33.61547088623047,30.675724029541016
0,-43.0,-96,19,16,111.25196838378906,108.22661590576172,105.0,103.2279052734375,97.41663360595703,96.02082824707031,92.80086517333984,91.40021514892578,87.61849212646484,83.24061584472656,83.63013458251953,78.64476776123047,79.24645233154297,74.96665954589844,76.3675308227539,70.0927963256836,71.58910369873047,65.79513549804688,66.70832061767578,65.29930877685547,63.89052963256836,63.411354064941406,62.00806427001953,62.20128631591797,62.20128631591797,62.20128631591797,62.00806427001953,59.03388977050781,61.22091293334961,59.03388977050781,57.384666442871094,58.0,55.865909576416016,54.488529205322266,54.5618896484375,50.6063232421875,50.80354309082031,48.82622146606445,47.16990661621094,48.3735466003418,44.72135925292969,45.18849563598633,42.379241943359375,41.48493576049805,40.024993896484375,38.470767974853516,38.05259704589844,38.05259704589844,37.05401611328125,37.336307525634766,34.71310806274414,32.893768310546875
0,-43.0,-96,19,16,113.63538360595703,106.92988586425781,107.01869201660156,105.19029998779297,102.04410552978516,95.34149169921875,92.70382690429688,90.2496566772461,87.09190368652344,84.75848388671875,81.59656524658203,80.0062484741211,78.44743347167969,75.96051788330078,74.46475982666016,71.80529022216797,69.42621612548828,68.06614685058594,66.75328063964844,65.76473236083984,64.62971496582031,64.62971496582031,62.3939094543457,62.20128631591797,62.513999938964844,61.20457458496094,61.400325775146484,60.530982971191406,59.53990173339844,59.6824951171875,56.88584899902344,57.070133209228516,56.51548385620117,52.63079071044922,52.49761962890625,52.201534271240234,50.695167541503906,48.754486083984375,48.764739990234375,45.650848388671875,46.04345703125,42.20189666748047,42.8018684387207,40.360870361328125,38.897300720214844,37.53664779663086,38.41874694824219,36.055511474609375,36.715118408203125,34.438350677490234,33.83784866333008,32.75667953491211
0,-43.0,-96,20,9,106.52699279785156,102.72779846191406,100.5683822631836,98.49365234375,95.58765411376953,90.68627166748047,88.41380310058594,87.0,82.73451232910156,81.3449478149414,79.19596099853516,75.74298858642578,74.41101837158203,71.70076751708984,71.0633544921875,69.20259857177734,68.24221801757812,64.637451171875,62.96824645996094,63.28506851196289,63.28506851196289,64.14047241210938,61.400325775146484,61.29437255859375,60.0333251953125,57.80138397216797,57.80138397216797,59.6824951171875,57.982757568359375,55.75840759277344,55.217750549316406,55.217750549316406,53.600372314453125,53.26349639892578,50.990196228027344,48.79549026489258,48.79549026489258,46.75468063354492,47.01063537597656,43.416587829589844,43.26661682128906,41.34005355834961,40.70626449584961,37.57658767700195,38.62641525268555,36.055511474609375,36.13862228393555,34.525352478027344,34.13209533691406,34.0,33.060550689697266,31.575305938720703
0,-43.0,-96,19,15,109.04127502441406,108.46658325195312,101.13851928710938,100.66280364990234,95.07891082763672,93.62158203125,89.28605651855469,88.05680084228516,85.4400405883789,81.90848541259766,80.95677947998047,77.16217041015625,76.89603424072266,73.9256362915039,73.00685119628906,69.35416412353516,69.35416412353516,64.8459701538086,65.3681869506836,63.631752014160156,63.631752014160156,63.28506851196289,61.400325775146484,62.96824645996094,60.74536895751953,61.91122817993164,60.74536895751953,59.6824951171875,59.16925048828125,55.94640350341797,56.82429122924805,55.07267761230469,54.5618896484375,52.92447280883789,52.201534271240234,49.97999572753906,50.0,47.53945541381836,48.05205535888672,46.69047164916992,45.27692413330078,44.10215377807617,42.01190185546875,41.19466018676758,41.1096076965332,38.20994567871094,39.051246643066406,37.36308288574219,35.46829605102539,34.438350677490234,34.48188018798828,34.828147888183594
0,-43.0,-96,19,15,107.83784484863281,105.55093383789062,105.0951919555664,99.7296371459961,98.83824920654297,93.471923828125,91.7060546875,88.1929702758789,84.59905242919922,81.83519744873047,79.4040298461914,77.38862609863281,77.42092895507812,72.80110168457031,70.60453033447266,70.60453033447266,67.47592163085938,65.94694519042969,65.79513549804688,64.35060119628906,63.639610290527344,62.93647766113281,61.52235412597656,63.03173828125,61.52235412597656,60.14149856567383,59.41380310058594,59.41380310058594,58.728187561035156,57.982757568359375,55.90169906616211,55.973209381103516,54.81787872314453,54.81787872314453,51.865211486816406,51.62363815307617,49.39635467529297,48.764739990234375,46.51881408691406,45.18849563598633,45.31004333496094,43.32435989379883,42.05948257446289,39.81205749511719,39.623226165771484,38.20994567871094,38.05259704589844,37.013511657714844,37.2155876159668,36.49657440185547,33.241539001464844,33.61547088623047
0,-43.0,-96,19,16,110.47624206542969,106.53168487548828,107.20074462890625,100.62306213378906,101.11874389648438,94.76286315917969,91.66242218017578,87.82368469238281,85.47514343261719,85.37564086914062,81.1541748046875,78.16009521484375,78.10249328613281,74.02702331542969,73.00685119628906,73.02738952636719,69.065185546875,68.06614685058594,66.27216339111328,65.27633666992188,65.19202423095703,64.38167572021484,63.3876953125,62.801273345947266,62.64982223510742,60.530982971191406,60.530982971191406,61.29437255859375,60.29925537109375,57.21887969970703,55.081756591796875,57.0,56.00892639160156,55.03635025024414,52.15361785888672,51.35172653198242,49.648765563964844,48.83646011352539,46.3249397277832,45.607017517089844,45.221675872802734,42.154476165771484,43.382022857666016,39.4461669921875,39.11521530151367,38.41874694824219,37.64305877685547,38.94868469238281,36.2353401184082,36.400550842285156,34.0,34.1760139465332
0,-43.0,-96,19,15,110.42192077636719,106.51290893554688,101.41498565673828,102.61091613769531,96.31718444824219,94.83142852783203,90.9560317993164,87.64131164550781,83.93450164794922,81.90848541259766,80.65357971191406,78.18567657470703,77.2528305053711,74.32361602783203,72.23572540283203,69.7782211303711,68.87670135498047,66.18912506103516,66.64833068847656,65.76473236083984,64.0078125,63.631752014160156,61.91122817993164,62.12889862060547,62.12889862060547,63.24555206298828,60.74536895751953,60.0333251953125,58.66856002807617,56.93856430053711,57.706153869628906,56.79788589477539,55.94640350341797,53.3104133605957,53.48831558227539,51.54609680175781,50.59644317626953,49.72926712036133,47.07440948486328,48.05205535888672,45.27692413330078,45.17742919921875,43.011627197265625,41.01219177246094,40.04996871948242,38.470767974853516,38.63935852050781,38.07886505126953,35.46829605102539,36.24913787841797,34.13209533691406,32.015621185302734
0,-43.0,-96,19,16,111.61540985107422,106.23088073730469,107.42439270019531,103.46980285644531,100.22474670410156,93.10746765136719,92.13577270507812,89.89994812011719,87.20664978027344,86.83317565917969,83.24061584472656,80.26206970214844,77.69813537597656,76.5506362915039,72.67048645019531,72.42237091064453,69.20259857177734,68.00735473632812,66.06814575195312,65.29930877685547,65.29930877685547,65.85590362548828,63.12685775756836,63.65532302856445,63.70243453979492,62.36986541748047,62.28964614868164,63.12685775756836,59.46427536010742,60.30754470825195,55.60575485229492,57.20139694213867,56.859474182128906,54.918121337890625,53.23532485961914,53.23532485961914,50.990196228027344,50.15974426269531,48.46648406982422,46.173583984375,45.607017517089844,42.20189666748047,43.73785400390625,41.30375289916992,40.04996871948242,39.0128173828125,39.11521530151367,37.336307525634766,37.85498809814453,34.48188018798828,34.928497314453125,33.12099075317383
0,-43.0,-96,19,16,112.1115493774414,108.07405090332031,104.01922607421875,103.0436782836914,98.0,96.02082824707031,93.00537872314453,90.022216796875,86.02325439453125,84.09518432617188,83.15046691894531,79.15807342529297,77.41446685791016,75.53807067871094,73.82411193847656,73.16419982910156,69.05070495605469,68.24954223632812,67.6830825805664,65.52098846435547,64.56005096435547,63.60031509399414,62.09669876098633,64.19501495361328,62.297672271728516,62.64183807373047,62.64183807373047,60.16643524169922,60.16643524169922,58.694122314453125,58.24946212768555,57.070133209228516,56.88584899902344,54.33230972290039,54.147945404052734,51.088157653808594,50.0,49.09175109863281,47.04253387451172,46.27094268798828,44.72135925292969,44.72135925292969,42.20189666748047,41.1096076965332,39.560081481933594,36.67424011230469,37.58989334106445,36.055511474609375,36.2353401184082,35.35533905029297,34.828147888183594,33.0151481628418
0,-43.0,-96,19,16,112.43220520019531,108.18965148925781,104.69001770019531,101.17806243896484,99.03534698486328,94.11163330078125,91.3509750366211,88.5268325805664,87.32124328613281,84.38601684570312,83.24061584472656,79.2022705078125,76.6093978881836,74.06078338623047,72.11102294921875,71.34423828125,69.83551788330078,67.60177612304688,64.8459701538086,63.95310592651367,64.8459701538086,64.40496826171875,63.976558685302734,62.2414665222168,63.56099319458008,61.741397857666016,61.32699203491211,61.741397857666016,57.697486877441406,61.269893646240234,55.94640350341797,56.4358024597168,55.226806640625,53.25410842895508,53.00943374633789,53.413482666015625,50.447994232177734,47.381431579589844,45.96738052368164,45.343135833740234,46.22769546508789,42.01190185546875,44.41846466064453,41.67733383178711,40.24922180175781,38.62641525268555,36.055511474609375,36.878177642822266,37.48332977294922,34.01470184326172,34.0,33.241539001464844
0,-43.0,-96,19,15,106.60675048828125,104.40306854248047,102.14205932617188,98.37174224853516,94.25497436523438,92.34716796875,90.13877868652344,86.72946166992188,84.50444030761719,81.3449478149414,78.92401123046875,76.92203521728516,75.1531753540039,72.01388549804688,70.21395874023438,68.47627258300781,67.23094177246094,65.86349487304688,63.28506851196289,64.07027435302734,62.96824645996094,62.42595672607422,60.464866638183594,60.0,60.80295944213867,61.400325775146484,59.07622146606445,58.52349853515625,57.14017868041992,55.75840759277344,55.07267761230469,55.07267761230469,54.120235443115234,54.12947463989258,51.078372955322266,50.32891845703125,48.703182220458984,47.12748718261719,46.3249397277832,45.7055778503418,44.55333709716797,44.283180236816406,41.04875183105469,40.01249694824219,40.112342834472656,37.48332977294922,37.656341552734375,35.44009017944336,35.11410140991211,34.885528564453125,34.13209533691406,31.890438079833984
0,-43.0,-96,20,8,93.92018127441406,89.8109130859375,87.93179321289062,85.070556640625,81.60882568359375,80.36167907714844,75.96051788330078,74.72616577148438,72.2772445678711,69.85699462890625,68.88395690917969,68.65857696533203,65.11528015136719,63.78871536254883,59.53990173339844,59.304298400878906,58.13776779174805,56.14267349243164,55.009090423583984,54.08327102661133,53.037723541259766,53.0,53.00943374633789,53.0,52.0,51.0,51.0,50.0099983215332,50.0,50.08992004394531,47.16990661621094,46.27094268798828,47.51841735839844,44.72135925292969,43.931766510009766,43.416587829589844,42.05948257446289,40.16217041015625,39.39543151855469,37.57658767700195,37.121421813964844,35.35533905029297,36.359317779541016,34.13209533691406,32.80244064331055,31.14482307434082,31.827661514282227,30.479501724243164,31.064449310302734,29.529645919799805,29.068883895874023,27.20294189453125
0,-43.0,-96,20,9,105.0,101.04454803466797,98.23441314697266,93.40770721435547,93.08598327636719,86.68333435058594,86.83317565917969,82.87943267822266,82.97589874267578,78.51751708984375,75.69015502929688,74.96665954589844,72.83543395996094,72.18032836914062,68.01470184326172,66.70832061767578,64.03124237060547,62.62587356567383,61.400325775146484,60.216278076171875,59.64059066772461,60.464866638183594,59.64059066772461,58.8217658996582,56.859474182128906,58.52349853515625,57.688819885253906,56.61272048950195,55.803226470947266,55.0,51.22499465942383,53.26349639892578,52.49761962890625,49.51767349243164,48.79549026489258,48.08325958251953,48.10405349731445,44.204071044921875,43.8292121887207,44.10215377807617,41.18252182006836,38.910152435302734,40.71854782104492,36.769554138183594,36.68787384033203,34.928497314453125,34.71310806274414,35.05709457397461,34.13209533691406,34.0,32.140316009521484,29.832868576049805
0,-43.0,-96,19,15,107.20074462890625,104.63746643066406,100.89598846435547,101.67103576660156,96.67471313476562,92.09777069091797,87.86353302001953,87.04596710205078,83.48652648925781,82.03657531738281,79.98124694824219,77.077880859375,76.41989135742188,74.3303451538086,73.66138458251953,69.52696990966797,67.62396240234375,65.6048812866211,66.61080932617188,65.45991516113281,64.637451171875,62.12889862060547,57.688819885253906,61.587337493896484,61.587337493896484,60.74536895751953,59.07622146606445,59.07622146606445,58.00862121582031,55.0,56.40035629272461,57.48912811279297,56.080299377441406,53.037723541259766,52.345008850097656,50.32891845703125,49.81967544555664,48.010414123535156,45.486263275146484,46.3249397277832,44.72135925292969,44.283180236816406,42.54409408569336,41.1096076965332,40.52159881591797,38.832977294921875,39.458839416503906,36.12478256225586,36.0,36.22154235839844,36.49657440185547,34.78505325317383
0,-43.0,-96,20,9,109.4805908203125,106.04244232177734,104.9952392578125,100.6578369140625,99.35794067382812,92.76313781738281,90.68627166748047,89.14033508300781,86.27861785888672,84.148681640625,82.03657531738281,78.51751708984375,77.23341369628906,73.87828063964844,71.21797180175781,70.60453033447266,67.42403411865234,65.45991516113281,65.51335906982422,64.66065216064453,62.96824645996094,63.1347770690918,61.91122817993164,61.717098236083984,62.17716598510742,59.53990173339844,59.53990173339844,59.53990173339844,59.16925048828125,57.45433044433594,54.37830352783203,55.4707145690918,53.823787689208984,53.600372314453125,51.855567932128906,50.990196228027344,49.51767349243164,48.08325958251953,46.69047164916992,44.68780517578125,44.821868896484375,41.617305755615234,42.43819046020508,39.4461669921875,38.470767974853516,37.161808013916016,37.0,37.10795211791992,34.525352478027344,34.13209533691406,35.0,34.058773040771484
0,-43.0,-96,19,15,106.97663116455078,102.88343048095703,104.54663848876953,97.86214447021484,98.23441314697266,91.18113708496094,90.37699127197266,86.00581359863281,85.0,81.39410400390625,80.11241912841797,77.41446685791016,76.15773010253906,72.71863555908203,71.86793518066406,69.89277648925781,67.42403411865234,65.802734375,64.81512451171875,65.29930877685547,63.89052963256836,63.12685775756836,60.95900344848633,63.03173828125,60.95900344848633,58.79625701904297,60.20797348022461,59.54829788208008,57.48912811279297,58.2580451965332,55.0,55.0,53.823787689208984,53.0,51.107730865478516,51.0,48.754486083984375,47.92702865600586,45.880279541015625,44.59820556640625,44.384681701660156,44.14748001098633,42.7551155090332,40.31128692626953,38.11823654174805,38.0,36.013885498046875,34.2344856262207,36.67424011230469,34.48188018798828,33.61547088623047,33.12099075317383
0,-43.0,-96,20,9,102.78618621826172,101.843017578125,103.74005889892578,97.08243560791016,95.18928527832031,89.8109130859375,86.64871978759766,83.52245330810547,81.32035064697266,81.04319763183594,77.6208724975586,73.54590606689453,73.54590606689453,69.05070495605469,67.08203887939453,68.59300231933594,65.37583923339844,65.37583923339844,63.071388244628906,61.13100814819336,61.20457458496094,60.074954986572266,59.07622146606445,59.0,58.00862121582031,57.00876998901367,56.00892639160156,56.080299377441406,54.147945404052734,55.226806640625,52.46903991699219,52.46903991699219,50.80354309082031,49.47726821899414,49.72926712036133,48.08325958251953,46.48655700683594,44.94440841674805,42.54409408569336,41.146080017089844,41.67733383178711,39.96248245239258,40.607879638671875,37.64305877685547,36.769554138183594,33.941123962402344,35.608985900878906,35.22782897949219,33.61547088623047,32.202484130859375,33.61547088623047,29.832868576049805
0,-43.0,-96,20,9,103.09219360351562,102.45974731445312,98.67117309570312,99.32774353027344,90.75791931152344,90.47651672363281,86.72946166992188,83.38465118408203,80.05622863769531,77.077880859375,76.967529296875,74.24284362792969,73.79024505615234,70.71067810058594,68.96376037597656,65.0,65.51335906982422,61.587337493896484,62.68173599243164,61.61168670654297,60.216278076171875,60.0,57.00876998901367,57.48912811279297,56.85068130493164,56.85068130493164,56.7274169921875,56.22277069091797,54.81787872314453,54.037025451660156,54.08327102661133,51.61395263671875,50.477718353271484,51.62363815307617,47.88528060913086,47.01063537597656,46.51881408691406,44.777225494384766,44.59820556640625,43.011627197265625,40.024993896484375,41.9761848449707,38.470767974853516,37.121421813964844,36.0,35.0,34.058773040771484,34.36568069458008,34.525352478027344,33.52610778808594,31.38471031188965,30.886890411376953
0,-43.0,-96,19,16,110.90987396240234,110.01818084716797,105.55093383789062,106.0235824584961,99.74467468261719,97.08243560791016,91.28527069091797,88.63971710205078,87.8464584350586,83.57032775878906,83.81526947021484,79.71198272705078,77.49193572998047,75.96051788330078,75.0,69.63475799560547,71.38627624511719,67.26811981201172,68.73136138916016,65.76473236083984,64.49806213378906,63.3876953125,61.400325775146484,63.19810104370117,62.20128631591797,61.29437255859375,60.13318634033203,60.29925537109375,60.29925537109375,58.4208869934082,59.53990173339844,55.73149871826172,56.08921432495117,53.600372314453125,52.88667297363281,49.04079818725586,50.59644317626953,49.76947021484375,47.423622131347656,45.650848388671875,44.777225494384766,43.5660400390625,43.26661682128906,41.231056213378906,39.69886779785156,38.18376541137695,37.53664779663086,37.013511657714844,35.510562896728516,35.84689712524414,34.1760139465332,35.1710090637207
0,-43.0,-96,19,16,114.85643005371094,108.22661590576172,111.21150970458984,105.80170440673828,104.8093490600586,96.40020751953125,94.64142608642578,92.45539093017578,88.86506652832031,89.9388656616211,84.38601684570312,82.134033203125,80.65978240966797,80.62257385253906,75.74298858642578,73.75635528564453,71.58910369873047,71.70076751708984,70.0,68.4105224609375,68.4105224609375,67.80117797851562,65.6048812866211,64.8999252319336,66.61080932617188,62.801273345947266,61.61168670654297,64.20280456542969,60.80295944213867,61.22091293334961,58.051700592041016,59.46427536010742,59.41380310058594,56.56854248046875,55.226806640625,55.973209381103516,51.855567932128906,50.80354309082031,50.477718353271484,48.87739944458008,47.88528060913086,45.18849563598633,44.777225494384766,42.05948257446289,42.44997024536133,40.79215621948242,40.31128692626953,40.04996871948242,40.0,37.2155876159668,37.85498809814453,34.78505325317383
0,-43.0,-96,20,10,110.45361328125,108.22661590576172,102.07839965820312,102.23991394042969,97.08243560791016,95.08417510986328,91.0054931640625,89.02246856689453,86.00581359863281,83.00602722167969,81.00617218017578,80.05622863769531,76.2364730834961,73.33484649658203,72.56031799316406,69.58448028564453,71.02112579345703,66.2872543334961,67.6830825805664,64.03124237060547,62.817195892333984,64.56005096435547,61.84658432006836,62.09669876098633,63.06346130371094,61.84658432006836,60.16643524169922,57.723480224609375,60.87692642211914,56.08921432495117,56.88584899902344,56.08921432495117,55.73149871826172,53.23532485961914,53.15073013305664,51.009803771972656,50.08992004394531,48.166378021240234,46.27094268798828,47.381431579589844,43.73785400390625,45.12205505371094,41.761226654052734,40.853397369384766,38.62641525268555,37.161808013916016,38.07886505126953,38.27531814575195,37.013511657714844,35.38361358642578,34.71310806274414,34.4093017578125
0,-43.0,-96,19,16,112.44554138183594,110.6526107788086,105.9292221069336,104.58011627197266,99.84988403320312,96.87621307373047,93.21480560302734,91.7823486328125,87.86353302001953,84.5280990600586,83.54639434814453,80.52328491210938,79.30951690673828,76.65507507324219,73.37574768066406,72.11102294921875,70.22820281982422,68.70953369140625,67.23094177246094,66.21178436279297,64.88451385498047,64.8459701538086,63.071388244628906,63.95310592651367,63.95310592651367,61.717098236083984,60.8276252746582,61.269893646240234,59.50630187988281,57.697486877441406,59.236812591552734,56.859474182128906,57.584720611572266,55.36244201660156,53.16013717651367,50.96076965332031,50.0099983215332,49.648765563964844,48.25971221923828,46.27094268798828,45.17742919921875,44.0113639831543,42.04759216308594,41.19466018676758,39.31920623779297,38.63935852050781,37.36308288574219,35.11410140991211,36.24913787841797,35.84689712524414,33.60059356689453,32.557640075683594
0,-43.0,-96,20,8,100.07997131347656,98.08159637451172,97.0,93.04837799072266,88.00568389892578,86.0,83.0,80.02499389648438,79.05693817138672,74.1080322265625,73.17103576660156,70.34912872314453,70.45565795898438,67.60177612304688,66.91038513183594,63.95310592651367,63.348243713378906,60.41522979736328,60.16643524169922,60.16643524169922,58.24087905883789,57.28001403808594,56.04462432861328,54.708316802978516,55.6596794128418,55.6596794128418,54.4058837890625,53.45091247558594,53.16013717651367,52.201534271240234,50.21951675415039,51.6623649597168,50.80354309082031,48.66210174560547,47.26520919799805,46.27094268798828,47.04253387451172,45.0,43.0,43.046485900878906,39.20458984375,38.470767974853516,37.48332977294922,35.44009017944336,35.735137939453125,35.46829605102539,34.01470184326172,34.0,32.4499626159668,30.805843353271484,31.14482307434082,29.20616340637207
0,-43.0,-96,19,16,112.53887939453125,113.60017395019531,108.24047088623047,106.73799896240234,102.61579132080078,97.80081939697266,95.21029663085938,92.34716796875,89.4930191040039,86.64871978759766,86.03487396240234,80.99382781982422,79.84986114501953,76.15773010253906,74.84651184082031,72.44998168945312,71.5541763305664,68.42514038085938,68.09552001953125,66.24198150634766,66.24198150634766,65.51335906982422,64.14047241210938,65.73431396484375,61.587337493896484,62.12889862060547,60.539241790771484,61.057350158691406,60.0333251953125,59.53990173339844,60.373836517333984,56.36488342285156,56.46237564086914,54.7813835144043,53.851646423339844,52.201534271240234,51.6623649597168,49.030601501464844,48.66210174560547,47.381431579589844,45.09988784790039,44.0113639831543,44.0113639831543,42.296573638916016,40.4474983215332,38.832977294921875,39.293766021728516,38.897300720214844,35.84689712524414,35.84689712524414,35.80502700805664,34.65544509887695
0,-43.0,-96,19,16,112.61438751220703,107.51744079589844,106.7052001953125,101.11874389648438,101.27191162109375,93.90420532226562,93.38094329833984,89.26925659179688,86.88497924804688,86.12200927734375,83.43260955810547,81.04319763183594,78.44743347167969,73.05477142333984,71.7844009399414,72.80110168457031,69.07966613769531,69.07966613769531,65.79513549804688,65.39112854003906,63.694583892822266,65.30696868896484,63.56099319458008,63.52952194213867,63.06346130371094,60.373836517333984,62.64982223510742,60.835845947265625,58.5918083190918,59.09314727783203,58.30952072143555,55.36244201660156,56.04462432861328,52.88667297363281,52.17279052734375,51.97114562988281,50.0099983215332,47.51841735839844,45.27692413330078,44.04542922973633,44.0113639831543,44.04542922973633,43.185646057128906,40.31128692626953,39.051246643066406,37.64305877685547,36.400550842285156,35.34119415283203,34.98571014404297,34.4093017578125,34.058773040771484,32.557640075683594
0,-43.0,-96,19,16,109.55364227294922,110.38568878173828,103.46497344970703,102.90287017822266,97.09788513183594,94.87360382080078,91.4166259765625,89.69392395019531,86.95401000976562,83.72574615478516,82.36504364013672,79.17701721191406,76.02631378173828,73.34848022460938,72.49827575683594,70.38465881347656,70.22820281982422,65.19202423095703,67.35725402832031,65.14598846435547,65.14598846435547,63.60031509399414,61.98386764526367,61.84658432006836,61.13100814819336,61.13100814819336,59.90826416015625,59.90826416015625,58.24087905883789,58.8217658996582,55.71355438232422,56.080299377441406,55.54277801513672,52.32590103149414,52.35456085205078,50.11985778808594,49.39635467529297,47.434165954589844,47.20169448852539,47.01063537597656,43.863426208496094,43.13930892944336,40.360870361328125,40.45985794067383,39.20458984375,36.8917350769043,36.715118408203125,34.928497314453125,34.78505325317383,34.71310806274414,33.241539001464844,32.0
0,-43.0,-96,19,14,108.46658325195312,98.84330749511719,101.6513671875,98.95453643798828,89.9888916015625,88.32327270507812,84.20214080810547,83.24061584472656,80.36167907714844,78.16009521484375,76.843994140625,74.63243103027344,71.86793518066406,70.00714111328125,67.23094177246094,65.39112854003906,65.7419204711914,59.93329620361328,62.17716598510742,61.400325775146484,60.8276252746582,58.18075180053711,56.4358024597168,58.52349853515625,58.30952072143555,56.603885650634766,56.4358024597168,55.07267761230469,55.07267761230469,52.35456085205078,52.32590103149414,51.89412307739258,52.0,49.39635467529297,48.703182220458984,46.173583984375,46.3249397277832,45.12205505371094,44.9110221862793,43.28972244262695,40.01249694824219,41.01219177246094,38.01315689086914,37.121421813964844,36.34556198120117,33.95585250854492,34.20526123046875,34.78505325317383,32.69556427001953,33.61547088623047,30.805843353271484,31.11269760131836
0,-43.0,-96,19,16,110.30865478515625,107.15409088134766,106.6255111694336,102.69371795654297,101.0197982788086,95.85926818847656,92.02716827392578,89.4930191040039,85.070556640625,85.72631072998047,81.90848541259766,79.12016296386719,78.58753204345703,74.73285675048828,71.38627624511719,71.02112579345703,68.73136138916016,67.60177612304688,66.37017059326172,65.27633666992188,64.28063201904297,64.1248779296875,62.28964614868164,61.073726654052734,62.07253646850586,61.13100814819336,61.13100814819336,60.074954986572266,58.13776779174805,59.304298400878906,56.56854248046875,57.42821502685547,56.718605041503906,53.15073013305664,52.39274597167969,50.96076965332031,49.648765563964844,48.46648406982422,47.01063537597656,46.51881408691406,44.777225494384766,43.5660400390625,40.804412841796875,39.824615478515625,37.53664779663086,37.48332977294922,38.94868469238281,37.013511657714844,35.510562896728516,34.13209533691406,35.46829605102539,34.20526123046875
0,-43.0,-96,19,16,109.76793670654297,107.20541381835938,107.22406768798828,103.74005889892578,99.92997741699219,94.5568618774414,93.6375961303711,89.8888168334961,88.0227279663086,84.30895233154297,83.57032775878906,79.47956085205078,78.79086303710938,74.73285675048828,72.44998168945312,71.11962127685547,68.0,67.5351791381836,67.23094177246094,66.2872543334961,63.812225341796875,64.8999252319336,62.12889862060547,61.29437255859375,61.29437255859375,60.74536895751953,60.74536895751953,59.6824951171875,57.982757568359375,59.53990173339844,56.35601043701172,56.35601043701172,54.5618896484375,53.712196350097656,53.851646423339844,52.201534271240234,50.695167541503906,49.030601501464844,47.381431579589844,44.55333709716797,45.17742919921875,43.046485900878906,44.0,41.01219177246094,39.20458984375,39.623226165771484,39.051246643066406,37.947330474853516,36.24913787841797,36.359317779541016,34.4093017578125,33.970577239990234
0,-43.0,-96,19,16,115.1173324584961,111.15754699707031,110.76551818847656,107.05606079101562,102.70345306396484,97.86725616455078,95.63471984863281,93.64827728271484,91.3509750366211,87.28115844726562,85.09406280517578,82.02438354492188,81.00617218017578,79.05693817138672,75.05997467041016,76.10519409179688,70.25667572021484,69.46221923828125,67.60177612304688,66.75328063964844,65.6201171875,66.75328063964844,64.77654266357422,63.348243713378906,64.13267517089844,63.150611877441406,62.96824645996094,61.188232421875,59.84145736694336,59.6824951171875,59.53990173339844,58.215118408203125,58.13776779174805,58.0,55.009090423583984,54.00925827026367,51.088157653808594,49.25444030761719,49.497474670410156,47.67599105834961,47.07440948486328,45.607017517089844,44.271888732910156,42.72002029418945,39.39543151855469,38.07886505126953,39.408119201660156,38.60051727294922,38.20994567871094,36.769554138183594,35.46829605102539,35.510562896728516
0,-43.0,-96,19,15,111.80339813232422,109.56732940673828,105.54619598388672,103.31021118164062,100.18482971191406,94.82615661621094,92.28217315673828,90.04998779296875,88.83692932128906,86.28441619873047,83.52843475341797,80.70935821533203,78.23681640625,74.40430450439453,73.40980529785156,73.75635528564453,69.42621612548828,69.42621612548828,65.79513549804688,66.4680404663086,65.05382537841797,65.0691909790039,64.35060119628906,62.28964614868164,63.639610290527344,61.61980056762695,61.61980056762695,61.55485534667969,59.396968841552734,59.396968841552734,58.0,58.051700592041016,56.7274169921875,54.037025451660156,53.600372314453125,52.430908203125,49.73931884765625,50.11985778808594,47.85394287109375,47.423622131347656,45.694637298583984,44.0113639831543,43.96589660644531,42.44997024536133,39.81205749511719,38.63935852050781,38.11823654174805,37.013511657714844,38.11823654174805,37.336307525634766,33.95585250854492,32.31098937988281
0,-43.0,-96,19,16,114.58621215820312,110.98197937011719,108.45275115966797,106.53168487548828,103.73042297363281,97.90811920166016,94.57801055908203,91.52595520019531,89.87213134765625,87.61849212646484,84.81155395507812,81.21575927734375,80.72174072265625,77.23341369628906,75.82215881347656,74.2765121459961,71.4212875366211,69.29646301269531,67.26811981201172,65.85590362548828,65.11528015136719,64.44377136230469,63.89052963256836,63.411354064941406,64.03124237060547,62.481998443603516,61.073726654052734,61.717098236083984,60.95900344848633,59.46427536010742,58.694122314453125,57.982757568359375,57.314918518066406,56.7274169921875,53.00943374633789,52.201534271240234,52.430908203125,49.92995071411133,47.50789260864258,47.41307830810547,46.097721099853516,44.777225494384766,43.65776062011719,40.52159881591797,40.79215621948242,39.31920623779297,39.11521530151367,38.01315689086914,37.05401611328125,34.525352478027344,34.20526123046875,33.241539001464844
0,-43.0,-96,20,9,108.46658325195312,105.6219711303711,104.04325866699219,98.03060913085938,97.41663360595703,91.0933609008789,89.84430694580078,87.36132049560547,84.20214080810547,81.25269317626953,80.04998779296875,77.46611785888672,74.96665954589844,72.69112396240234,70.71067810058594,69.46221923828125,66.27216339111328,67.18630981445312,64.03124237060547,62.032249450683594,63.0079345703125,63.0,61.0,61.00819778442383,61.0,59.0,60.0,58.0,57.0,57.03507614135742,53.15073013305664,55.3263053894043,54.451812744140625,51.62363815307617,51.62363815307617,50.447994232177734,47.53945541381836,45.880279541015625,45.880279541015625,44.384681701660156,43.382022857666016,39.824615478515625,41.34005355834961,38.27531814575195,39.20458984375,36.79673767089844,37.48332977294922,34.828147888183594,35.22782897949219,34.0,33.105892181396484,32.280025482177734
0,-43.0,-96,19,16,115.73245239257812,112.5877456665039,106.8877944946289,107.07940673828125,100.62306213378906,99.63935089111328,95.03683471679688,92.9139404296875,90.79647827148438,85.58621215820312,84.48076629638672,82.2982406616211,81.1541748046875,78.025634765625,76.00657653808594,74.00675964355469,72.06246948242188,69.1158447265625,69.2603759765625,67.36467742919922,66.48307800292969,65.76473236083984,63.50590515136719,65.76473236083984,63.50590515136719,62.513999938964844,63.78871536254883,61.66035842895508,61.52235412597656,58.4208869934082,58.30952072143555,58.215118408203125,59.03388977050781,56.00892639160156,54.0,54.037025451660156,52.15361785888672,50.48762130737305,48.83646011352539,47.85394287109375,46.097721099853516,44.384681701660156,44.271888732910156,43.08131790161133,41.146080017089844,41.18252182006836,38.832977294921875,38.01315689086914,37.53664779663086,38.20994567871094,35.46829605102539,34.98571014404297
0,-43.0,-96,19,16,112.75193786621094,110.45361328125,109.37092590332031,103.48429870605469,101.31633758544922,96.33275604248047,93.08598327636719,91.0494384765625,88.0227279663086,85.0058822631836,84.00595092773438,80.0062484741211,79.05693817138672,76.05918884277344,74.1687240600586,73.43704986572266,69.72087097167969,69.72087097167969,68.24954223632812,66.2872543334961,65.11528015136719,65.51335906982422,62.36986541748047,63.78871536254883,61.61168670654297,60.41522979736328,60.87692642211914,61.392181396484375,60.20797348022461,59.03388977050781,57.55866622924805,57.42821502685547,56.56854248046875,55.145263671875,55.081756591796875,52.009613037109375,49.01020431518555,48.166378021240234,48.3735466003418,45.54119110107422,45.89117431640625,44.14748001098633,42.72002029418945,40.49691390991211,39.924930572509766,38.470767974853516,38.587562561035156,36.619667053222656,36.878177642822266,36.06937789916992,36.400550842285156,34.66987228393555
0,-43.0,-96,20,12,112.21853637695312,112.14722442626953,112.53887939453125,100.24469757080078,100.24469757080078,95.08417510986328,94.13288116455078,90.0888442993164,91.0494384765625,86.0,84.00595092773438,81.1541748046875,79.30951690673828,75.53807067871094,73.82411193847656,75.13321685791016,70.40596771240234,68.44705963134766,66.70832061767578,65.52098846435547,65.96968841552734,66.0984115600586,64.19501495361328,62.3939094543457,63.90618133544922,61.6846809387207,62.032249450683594,62.96824645996094,59.46427536010742,61.032779693603516,56.920997619628906,57.00876998901367,55.31726837158203,56.29387283325195,54.918121337890625,52.95280838012695,49.36598205566406,49.09175109863281,48.041648864746094,46.010868072509766,46.010868072509766,42.04759216308594,44.10215377807617,40.4474983215332,38.832977294921875,38.07886505126953,37.947330474853516,36.769554138183594,36.67424011230469,34.66987228393555,33.60059356689453,35.38361358642578
0,-43.0,-96,20,10,103.73042297363281,99.29753112792969,100.12492370605469,96.02082824707031,95.69221496582031,87.3670425415039,87.132080078125,85.4400405883789,81.3019027709961,81.12335968017578,77.5241928100586,76.94153594970703,73.79024505615234,71.11258697509766,68.44705963134766,68.54196166992188,63.694583892822266,64.25729370117188,62.297672271728516,61.98386764526367,61.032779693603516,62.64183807373047,60.4400520324707,59.90826416015625,60.4400520324707,56.04462432861328,55.081756591796875,57.567352294921875,56.61272048950195,56.61272048950195,53.48831558227539,53.3104133605957,52.92447280883789,50.990196228027344,49.648765563964844,50.2493782043457,46.87216567993164,45.221675872802734,44.204071044921875,42.01190185546875,42.44997024536133,41.01219177246094,41.03656768798828,37.80211639404297,36.400550842285156,35.510562896728516,35.7770881652832,35.34119415283203,34.1760139465332,32.98484420776367,31.575305938720703,30.0
0,-43.0,-96,19,16,113.95174407958984,109.7861557006836,107.1680908203125,105.75916290283203,100.2646484375,98.85848236083984,96.40020751953125,92.80086517333984,88.23265075683594,84.62860107421875,85.21150207519531,82.6619644165039,79.61155700683594,78.03204345703125,75.66372680664062,72.89718627929688,72.01388549804688,69.35416412353516,67.62396240234375,68.70953369140625,66.48307800292969,66.48307800292969,64.62197875976562,64.8459701538086,63.90618133544922,64.25729370117188,62.62587356567383,62.032249450683594,60.74536895751953,59.80802536010742,56.859474182128906,56.859474182128906,56.36488342285156,55.009090423583984,54.58937454223633,53.851646423339844,51.61395263671875,49.40647888183594,49.81967544555664,48.166378021240234,46.010868072509766,43.84062194824219,43.931766510009766,42.63801193237305,40.804412841796875,39.66106414794922,40.70626449584961,36.24913787841797,38.897300720214844,38.832977294921875,36.22154235839844,34.0
0,-43.0,-96,19,16,113.26517486572266,109.1421127319336,109.3846435546875,104.78549194335938,100.16985321044922,97.26766967773438,94.11163330078125,91.76055908203125,88.8875732421875,86.33075714111328,84.75848388671875,81.3449478149414,79.84986114501953,76.55716705322266,74.84651184082031,73.40980529785156,71.5541763305664,67.97793579101562,67.60177612304688,67.5351791381836,65.29930877685547,65.3681869506836,65.0,66.2872543334961,62.12889862060547,64.14047241210938,62.7694206237793,62.265560150146484,61.773780822753906,59.16925048828125,57.245086669921875,59.50630187988281,56.859474182128906,54.7813835144043,55.02726745605469,53.45091247558594,52.88667297363281,50.447994232177734,48.83646011352539,47.51841735839844,46.173583984375,45.0444221496582,44.0,42.04759216308594,40.199501037597656,39.623226165771484,40.024993896484375,39.217342376708984,37.947330474853516,35.34119415283203,34.66987228393555,34.828147888183594
0,-43.0,-96,20,10,112.27198791503906,105.6219711303711,105.9480972290039,101.19288635253906,99.95999145507812,92.97311401367188,91.4166259765625,90.47651672363281,87.46427917480469,83.38465118408203,82.85529327392578,80.05622863769531,77.36924743652344,76.05918884277344,72.4706802368164,72.06941223144531,68.60028839111328,66.0378646850586,65.21502685546875,65.73431396484375,64.637451171875,63.82006072998047,61.61168670654297,62.62587356567383,61.84658432006836,61.22091293334961,60.80295944213867,61.400325775146484,57.42821502685547,58.24946212768555,54.918121337890625,57.45433044433594,56.4358024597168,53.712196350097656,52.32590103149414,51.89412307739258,49.76947021484375,48.46648406982422,47.434165954589844,46.840152740478516,44.9110221862793,42.42640686035156,43.185646057128906,40.04996871948242,40.01249694824219,38.20994567871094,38.470767974853516,36.878177642822266,36.68787384033203,35.46829605102539,35.35533905029297,35.22782897949219
0,-43.0,-96,19,16,114.52947235107422,107.78218841552734,107.78682708740234,103.76897430419922,101.96568298339844,94.81033325195312,94.81033325195312,90.8019790649414,86.8158950805664,85.61541748046875,82.63776397705078,81.93289947509766,78.77182006835938,76.5375747680664,71.47027587890625,72.53275299072266,69.85699462890625,67.6830825805664,65.30696868896484,66.0984115600586,64.32728576660156,63.95310592651367,62.801273345947266,62.513999938964844,60.530982971191406,60.67124557495117,61.400325775146484,60.67124557495117,58.54912567138672,57.87054443359375,56.08921432495117,57.48912811279297,55.785301208496094,52.49761962890625,52.49761962890625,51.26402282714844,49.24428939819336,50.08992004394531,47.88528060913086,45.27692413330078,45.486263275146484,41.617305755615234,43.416587829589844,38.94868469238281,38.897300720214844,38.94868469238281,38.01315689086914,36.619667053222656,35.7770881652832,34.539833068847656,34.78505325317383,33.541019439697266
0,-43.0,-96,19,16,111.77208709716797,109.83624267578125,109.07795715332031,104.00961303710938,101.54801940917969,95.71833801269531,92.6498794555664,90.55384826660156,88.32327270507812,85.95928955078125,82.76472473144531,81.39410400390625,80.52949523925781,74.32361602783203,73.40980529785156,70.93659210205078,68.94925689697266,66.40782928466797,68.00735473632812,65.14598846435547,65.14598846435547,65.52098846435547,62.09669876098633,61.61168670654297,61.61168670654297,61.84658432006836,61.13100814819336,59.90826416015625,59.90826416015625,59.203041076660156,58.18934631347656,57.245086669921875,54.230987548828125,54.625999450683594,53.22593307495117,53.23532485961914,50.6063232421875,49.09175109863281,48.82622146606445,46.40043258666992,43.185646057128906,41.773197174072266,43.13930892944336,40.360870361328125,38.60051727294922,38.832977294921875,38.94868469238281,36.67424011230469,36.400550842285156,35.735137939453125,37.85498809814453,36.055511474609375
0,-43.0,-96,19,17,113.46365356445312,113.6529769897461,108.50345611572266,109.7861557006836,102.78618621826172,99.29753112792969,94.5568618774414,93.00537872314453,91.0933609008789,86.12781524658203,83.93450164794922,84.17243957519531,81.02468872070312,79.42921447753906,75.80237579345703,71.56814575195312,74.3303451538086,67.36467742919922,70.11418914794922,68.11754608154297,65.0691909790039,66.0302963256836,64.03124237060547,65.0,65.0076904296875,65.03076171875,64.0,61.00819778442383,62.032249450683594,58.07753372192383,58.13776779174805,58.215118408203125,58.30952072143555,55.578773498535156,55.90169906616211,53.15073013305664,51.92301940917969,51.244510650634766,49.97999572753906,47.53945541381836,46.51881408691406,45.17742919921875,44.29446792602539,41.04875183105469,41.231056213378906,39.69886779785156,38.897300720214844,39.623226165771484,37.202152252197266,36.8917350769043,37.57658767700195,35.735137939453125
0,-43.0,-96,19,16,114.20157623291016,105.60302734375,109.01834869384766,101.212646484375,101.212646484375,96.67471313476562,94.02127075195312,90.13877868652344,90.13877868652344,86.37129211425781,83.4505844116211,79.90619659423828,79.20858764648438,76.5767593383789,74.5184555053711,74.5184555053711,67.47592163085938,68.4105224609375,64.40496826171875,66.61080932617188,65.0,64.8999252319336,62.12889862060547,64.49806213378906,63.631752014160156,60.539241790771484,60.0333251953125,61.057350158691406,58.52349853515625,57.14017868041992,55.803226470947266,56.40035629272461,57.628116607666016,52.63079071044922,55.17245864868164,53.037723541259766,51.62363815307617,49.57822036743164,49.67897033691406,46.40043258666992,47.16990661621094,43.046485900878906,43.90899658203125,41.146080017089844,41.78516387939453,38.897300720214844,39.560081481933594,38.63935852050781,39.20458984375,36.0,36.055511474609375,33.541019439697266
0,-43.0,-96,19,17,115.15641784667969,114.2365951538086,108.2681884765625,109.93180084228516,101.95096588134766,101.39033508300781,96.79875946044922,93.98403930664062,91.4166259765625,87.59566497802734,86.33075714111328,83.24061584472656,81.4923324584961,78.58753204345703,78.10249328613281,76.68767547607422,75.31268310546875,69.23149871826172,70.45565795898438,69.72087097167969,66.48307800292969,66.37017059326172,63.3876953125,65.19202423095703,65.27633666992188,65.27633666992188,64.38167572021484,61.52235412597656,64.49806213378906,61.52235412597656,58.85575485229492,58.051700592041016,57.723480224609375,57.28001403808594,56.61272048950195,54.08327102661133,53.48831558227539,50.56678771972656,50.56678771972656,49.648765563964844,48.54894256591797,47.70744323730469,46.40043258666992,43.931766510009766,42.42640686035156,39.623226165771484,40.45985794067383,38.832977294921875,38.07886505126953,37.57658767700195,37.336307525634766,35.693138122558594
0,-43.0,-96,19,17,116.21101379394531,110.9414291381836,110.67971801757812,107.07473754882812,103.17460632324219,97.6524429321289,96.40020751953125,92.20086669921875,91.60785675048828,86.83317565917969,84.64632415771484,83.09632873535156,80.80841827392578,77.8331527709961,74.2765121459961,74.96665954589844,72.18032836914062,70.0927963256836,68.24954223632812,69.02897644042969,67.47592163085938,66.21932983398438,66.21932983398438,65.802734375,65.0,62.801273345947266,63.0079345703125,62.801273345947266,59.81638717651367,61.073726654052734,58.051700592041016,58.728187561035156,58.051700592041016,55.865909576416016,54.488529205322266,53.26349639892578,52.009613037109375,49.648765563964844,50.477718353271484,47.16990661621094,47.41307830810547,44.72135925292969,44.0113639831543,42.72002029418945,41.48493576049805,39.81205749511719,39.31920623779297,39.11521530151367,37.013511657714844,37.121421813964844,37.85498809814453,34.78505325317383
0,-43.0,-96,19,17,119.40686798095703,116.29703521728516,114.12712097167969,112.25862884521484,107.83784484863281,103.87010955810547,99.00505065917969,97.30878448486328,93.77632904052734,92.02716827392578,90.47651672363281,85.070556640625,84.77027893066406,79.8122787475586,78.84795379638672,77.1297607421875,76.15773010253906,72.18032836914062,71.84706115722656,72.18032836914062,69.72087097167969,69.58448028564453,66.27216339111328,67.18630981445312,68.26419067382812,65.27633666992188,65.37583923339844,64.49806213378906,64.62971496582031,61.52235412597656,60.01666259765625,62.817195892333984,59.66573715209961,60.16643524169922,57.87054443359375,55.02726745605469,55.71355438232422,51.4781494140625,50.08992004394531,49.648765563964844,48.54894256591797,46.87216567993164,47.434165954589844,43.931766510009766,43.863426208496094,40.360870361328125,42.01190185546875,40.224369049072266,39.4461669921875,38.910152435302734,37.336307525634766,35.693138122558594
0,-43.0,-96,19,16,117.15374755859375,108.57716369628906,113.35784149169922,106.4048843383789,105.55093383789062,99.2471694946289,97.0,93.50936126708984,89.80534362792969,90.5096664428711,86.26702880859375,82.75868225097656,81.46778869628906,77.33692169189453,73.87828063964844,76.216796875,71.61005401611328,72.42237091064453,67.67569732666016,69.6419448852539,67.95587158203125,65.86349487304688,66.37017059326172,66.24198150634766,65.0,61.057350158691406,62.7694206237793,62.7694206237793,62.265560150146484,61.057350158691406,58.52349853515625,59.90826416015625,58.41232681274414,55.973209381103516,55.973209381103516,56.56854248046875,54.451812744140625,50.32891845703125,47.6340217590332,46.40043258666992,47.434165954589844,45.486263275146484,45.79301071166992,43.382022857666016,41.231056213378906,40.16217041015625,40.26164245605469,38.832977294921875,39.31920623779297,37.013511657714844,38.11823654174805,33.541019439697266
0,-43.0,-96,20,11,110.21796417236328,104.13932800292969,101.60708618164062,98.84330749511719,96.33794403076172,91.4111557006836,90.42676544189453,86.83317565917969,85.84288024902344,83.38465118408203,80.22468566894531,78.10249328613281,75.02666473388672,73.00685119628906,71.00704193115234,71.00704193115234,66.06814575195312,66.12110137939453,63.19810104370117,63.28506851196289,62.3939094543457,61.400325775146484,61.400325775146484,61.188232421875,59.84145736694336,59.03388977050781,57.706153869628906,58.54912567138672,56.56854248046875,57.42821502685547,54.147945404052734,56.035701751708984,55.009090423583984,52.009613037109375,51.009803771972656,50.08992004394531,47.26520919799805,45.39823913574219,46.52956008911133,45.12205505371094,43.680660247802734,42.05948257446289,40.853397369384766,37.57658767700195,38.07886505126953,37.2155876159668,35.80502700805664,35.46829605102539,36.06937789916992,31.890438079833984,33.0151481628418,32.24903106689453
0,-43.0,-96,19,17,114.94781494140625,110.9414291381836,110.05907440185547,105.58882141113281,102.4743881225586,98.41239929199219,95.52486419677734,91.06591033935547,89.35882568359375,86.28441619873047,83.21658325195312,81.84130859375,78.81623840332031,77.42092895507812,72.80110168457031,72.62230682373047,70.29224395751953,68.88395690917969,68.01470184326172,67.20863342285156,65.05382537841797,63.639610290527344,63.639610290527344,62.96824645996094,62.96824645996094,61.55485534667969,60.8276252746582,59.41380310058594,59.41380310058594,59.396968841552734,57.48912811279297,57.48912811279297,56.22277069091797,55.217750549316406,54.918121337890625,52.15361785888672,51.97114562988281,49.19349670410156,48.332183837890625,45.880279541015625,46.173583984375,43.96589660644531,43.416587829589844,40.607879638671875,40.31128692626953,39.11521530151367,39.0128173828125,39.11521530151367,38.470767974853516,38.07886505126953,35.46829605102539,34.885528564453125
0,-44.0,-96,20,11,106.04244232177734,102.45974731445312,101.19288635253906,96.79875946044922,96.13532257080078,88.8875732421875,88.32327270507812,83.93450164794922,82.9698715209961,81.4923324584961,78.33900451660156,75.50496673583984,74.14849853515625,72.00694274902344,68.88395690917969,68.59300231933594,65.4904556274414,63.12685775756836,61.032779693603516,62.00806427001953,61.032779693603516,60.0,60.008331298828125,59.03388977050781,58.03447341918945,57.07889175415039,57.03507614135742,57.00876998901367,55.0,55.009090423583984,53.0848388671875,53.15073013305664,52.239830017089844,51.244510650634766,50.635955810546875,48.83646011352539,47.29693603515625,46.57252502441406,44.59820556640625,44.59820556640625,42.54409408569336,42.04759216308594,40.70626449584961,38.587562561035156,37.80211639404297,35.608985900878906,36.79673767089844,35.38361358642578,36.2353401184082,34.4093017578125,32.649654388427734,32.31098937988281
0,-43.0,-96,19,17,120.33287048339844,117.74549102783203,113.88591003417969,114.23221588134766,106.89247131347656,106.89247131347656,98.97979736328125,96.4624252319336,94.25497436523438,89.73851013183594,90.52071380615234,87.32124328613281,83.9523696899414,80.60397338867188,77.46611785888672,74.81310272216797,76.79192352294922,71.56814575195312,74.24284362792969,70.34912872314453,68.18357849121094,68.18357849121094,67.11929321289062,68.02940368652344,67.06713104248047,67.02984619140625,66.06814575195312,64.1248779296875,65.19202423095703,63.19810104370117,62.3939094543457,62.513999938964844,59.6824951171875,58.46366500854492,56.04462432861328,56.04462432861328,56.61272048950195,54.08327102661133,50.695167541503906,50.08992004394531,48.02082824707031,48.02082824707031,46.04345703125,47.801673889160156,43.27817153930664,41.01219177246094,42.52058410644531,41.231056213378906,40.224369049072266,38.470767974853516,38.01315689086914,38.327537536621094
0,-43.0,-96,19,17,118.4229736328125,116.21101379394531,112.1115493774414,110.29052734375,105.07616424560547,102.23991394042969,101.12368774414062,95.04735565185547,93.08598327636719,89.005615234375,89.005615234375,85.0058822631836,85.02352905273438,80.22468566894531,77.23341369628906,76.41989135742188,73.43704986572266,71.70076751708984,70.21395874023438,70.21395874023438,68.24954223632812,67.26811981201172,64.93843078613281,67.91170501708984,63.56099319458008,63.95310592651367,63.56099319458008,63.348243713378906,61.814239501953125,59.84145736694336,61.52235412597656,62.3939094543457,58.07753372192383,57.03507614135742,55.009090423583984,54.037025451660156,52.15361785888672,51.35172653198242,50.635955810546875,47.07440948486328,46.3249397277832,46.173583984375,44.94440841674805,44.384681701660156,42.04759216308594,39.96248245239258,39.66106414794922,40.45985794067383,37.48332977294922,37.013511657714844,36.055511474609375,35.7770881652832
0,-44.0,-96,19,16,113.63538360595703,113.1591796875,109.1650161743164,110.07270050048828,102.15674591064453,102.15674591064453,95.34149169921875,95.07891082763672,90.62008666992188,87.92041778564453,86.02325439453125,82.9698715209961,82.46211242675781,79.07591247558594,76.48529052734375,74.3303451538086,73.82411193847656,68.4689712524414,70.45565795898438,68.4689712524414,67.47592163085938,66.27216339111328,65.19202423095703,67.0,64.0078125,63.03173828125,63.0079345703125,61.073726654052734,63.03173828125,59.00847244262695,60.20797348022461,58.54912567138672,58.694122314453125,55.90169906616211,55.10898208618164,52.39274597167969,52.39274597167969,50.0,49.04079818725586,49.39635467529297,45.694637298583984,45.617977142333984,45.17742919921875,44.41846466064453,40.804412841796875,39.69886779785156,40.31128692626953,38.20994567871094,37.64305877685547,37.202152252197266,36.359317779541016,35.46829605102539
0,-44.0,-96,19,18,124.33824920654297,119.2392578125,118.45674133300781,114.33721923828125,109.44404602050781,102.83968353271484,101.86756134033203,99.20181274414062,97.01546478271484,93.68030548095703,90.8019790649414,86.03487396240234,88.60022735595703,83.57032775878906,81.3449478149414,79.2022705078125,75.13321685791016,74.6860122680664,72.06941223144531,70.32780456542969,71.58910369873047,71.34423828125,67.74215698242188,68.50547790527344,68.79679870605469,66.8879623413086,67.74215698242188,67.74215698242188,63.28506851196289,65.0,60.90156173706055,63.06346130371094,59.93329620361328,59.09314727783203,57.384666442871094,57.584720611572266,56.30275344848633,53.16013717651367,53.600372314453125,51.195701599121094,51.4781494140625,47.16990661621094,48.166378021240234,46.0,43.104522705078125,42.296573638916016,42.57933807373047,41.231056213378906,42.05948257446289,40.853397369384766,38.01315689086914,40.224369049072266
0,-44.0,-96,19,17,122.70289611816406,115.43396759033203,118.2708740234375,111.3193588256836,109.4805908203125,104.04325866699219,101.6513671875,98.76234436035156,94.3716049194336,93.39164733886719,89.26925659179688,87.66413116455078,83.36066436767578,80.0624771118164,77.5241928100586,79.4040298461914,75.1664810180664,75.1664810180664,71.0633544921875,71.00704193115234,69.00724792480469,68.00735473632812,68.0,68.02940368652344,67.00746154785156,65.0076904296875,65.03076171875,66.0302963256836,64.0078125,64.0078125,61.032779693603516,61.032779693603516,59.07622146606445,57.314918518066406,57.55866622924805,58.051700592041016,55.54277801513672,51.92301940917969,49.33558654785156,47.75981521606445,49.76947021484375,47.01063537597656,47.41307830810547,44.65422821044922,46.04345703125,42.01190185546875,42.52058410644531,41.03656768798828,39.824615478515625,38.27531814575195,37.121421813964844,37.6961555480957
0,-44.0,-96,19,18,120.96693420410156,118.86967468261719,113.89907836914062,113.21660614013672,108.93116760253906,106.07544708251953,101.11874389648438,98.2903823852539,94.76286315917969,90.55384826660156,89.9388656616211,87.86353302001953,83.24061584472656,82.00609588623047,79.2022705078125,79.2022705078125,74.06078338623047,71.84706115722656,71.02112579345703,71.02112579345703,69.3397445678711,67.74215698242188,65.51335906982422,67.11929321289062,66.73080444335938,66.24198150634766,65.3681869506836,61.91122817993164,62.433963775634766,63.51377868652344,63.0079345703125,61.400325775146484,62.62587356567383,56.7274169921875,57.314918518066406,55.17245864868164,54.488529205322266,51.7397346496582,52.009613037109375,51.400390625,48.02082824707031,46.647613525390625,45.17742919921875,44.283180236816406,43.65776062011719,41.48493576049805,40.79215621948242,40.4474983215332,40.112342834472656,40.01249694824219,38.20994567871094,37.85498809814453
0,-44.0,-96,20,11,111.42710876464844,109.44404602050781,105.34230041503906,103.81714630126953,100.24469757080078,97.71898651123047,91.0933609008789,88.8875732421875,87.93179321289062,83.6779556274414,81.4923324584961,80.80841827392578,79.42921447753906,75.80237579345703,73.68174743652344,69.58448028564453,69.2603759765625,66.27216339111328,67.06713104248047,65.0691909790039,63.03173828125,64.0078125,61.0,62.07253646850586,61.00819778442383,61.032779693603516,60.0333251953125,58.00862121582031,59.0,58.00862121582031,56.035701751708984,56.080299377441406,55.3263053894043,53.600372314453125,52.95280838012695,51.788028717041016,50.21951675415039,48.50773239135742,47.12748718261719,46.48655700683594,43.46262741088867,44.283180236816406,42.48529052734375,42.19004440307617,40.224369049072266,37.64305877685547,38.20994567871094,37.48332977294922,36.2353401184082,35.22782897949219,36.359317779541016,35.84689712524414
0,-44.0,-96,20,11,109.62207794189453,107.80074310302734,107.61505126953125,103.6001968383789,102.2007827758789,95.60334777832031,92.61749267578125,90.42676544189453,87.96590423583984,85.04116821289062,81.56592559814453,80.72174072265625,78.56844329833984,74.95331573486328,72.86288452148438,71.50524139404297,68.7677230834961,66.60330200195312,66.21932983398438,65.6048812866211,64.66065216064453,63.60031509399414,62.62587356567383,63.0079345703125,59.64059066772461,61.400325775146484,58.8217658996582,60.605281829833984,60.605281829833984,59.03388977050781,56.85068130493164,56.7274169921875,56.63920974731445,54.451812744140625,53.075416564941406,53.26349639892578,49.81967544555664,48.25971221923828,47.70744323730469,46.14108657836914,46.06517028808594,43.382022857666016,41.62931823730469,42.72002029418945,42.44997024536133,40.024993896484375,39.623226165771484,39.20458984375,39.0,37.121421813964844,36.67424011230469,35.44009017944336
0,-44.0,-96,20,9,101.2422866821289,104.00961303710938,94.57801055908203,97.34988403320312,90.13877868652344,89.05054473876953,84.87638092041016,83.23461151123047,80.44873809814453,76.05918884277344,75.1664810180664,72.24956512451172,70.72481536865234,68.59300231933594,67.94115447998047,63.65532302856445,65.0691909790039,60.14149856567383,60.30754470825195,58.79625701904297,57.48912811279297,58.13776779174805,54.81787872314453,57.20139694213867,55.60575485229492,56.61272048950195,56.40035629272461,52.49761962890625,56.22277069091797,52.63079071044922,51.7397346496582,50.93132781982422,50.93132781982422,49.51767349243164,49.67897033691406,46.75468063354492,44.68780517578125,44.204071044921875,45.221675872802734,44.10215377807617,38.910152435302734,41.146080017089844,37.161808013916016,39.217342376708984,37.10795211791992,36.67424011230469,35.12833786010742,34.01470184326172,34.0,35.05709457397461,34.2344856262207,32.98484420776367
0,-44.0,-96,20,11,114.00438690185547,109.0,110.04090118408203,103.00485229492188,102.00489807128906,97.04637908935547,95.08417510986328,90.13877868652344,88.20430755615234,88.20430755615234,84.2140121459961,80.39900207519531,80.5046615600586,76.53103637695312,71.84706115722656,73.16419982910156,68.65857696533203,69.85699462890625,67.18630981445312,67.44627380371094,64.28841400146484,63.89052963256836,61.6846809387207,63.24555206298828,61.400325775146484,60.406951904296875,59.77457809448242,59.77457809448242,58.24087905883789,59.90826416015625,57.070133209228516,58.051700592041016,56.718605041503906,54.7448616027832,53.46026611328125,53.15073013305664,51.009803771972656,51.009803771972656,48.166378021240234,46.173583984375,47.67599105834961,44.14748001098633,44.643028259277344,42.72002029418945,42.379241943359375,40.71854782104492,40.70626449584961,36.8917350769043,37.80211639404297,37.48332977294922,36.12478256225586,35.510562896728516
0,-44.0,-96,19,18,123.42204284667969,121.49073791503906,116.6190414428711,117.59677124023438,110.45361328125,111.3058853149414,103.5857162475586,99.36296844482422,97.1287841796875,91.7060546875,92.57429504394531,89.0,88.23831176757812,83.77350616455078,83.00602722167969,77.2528305053711,79.05693817138672,73.37574768066406,77.6208724975586,76.65507507324219,71.84010314941406,70.0927963256836,67.91170501708984,70.40596771240234,69.42621612548828,68.65857696533203,68.06614685058594,64.76110076904297,67.6830825805664,60.63827133178711,65.802734375,63.324562072753906,62.297672271728516,59.46427536010742,58.694122314453125,56.859474182128906,56.35601043701172,53.712196350097656,53.851646423339844,52.69725036621094,49.81967544555664,49.04079818725586,47.6340217590332,48.08325958251953,46.010868072509766,43.011627197265625,42.43819046020508,42.54409408569336,41.62931823730469,40.49691390991211,40.26164245605469,38.327537536621094
0,-44.0,-96,19,18,123.55565643310547,115.95257568359375,115.73245239257812,111.61093139648438,108.68302154541016,104.3455810546875,101.13851928710938,97.26766967773438,96.04686737060547,92.72000885009766,89.5600357055664,87.93179321289062,84.75848388671875,82.2800064086914,76.5506362915039,77.077880859375,73.40980529785156,74.32361602783203,70.21395874023438,68.47627258300781,69.35416412353516,68.47627258300781,67.11929321289062,66.37017059326172,67.11929321289062,66.73080444335938,65.3681869506836,64.88451385498047,63.52952194213867,64.8459701538086,60.926185607910156,61.32699203491211,60.16643524169922,59.46427536010742,55.6596794128418,55.785301208496094,55.10898208618164,51.97114562988281,52.345008850097656,49.25444030761719,50.08992004394531,47.01063537597656,47.04253387451172,43.185646057128906,42.42640686035156,43.17406463623047,42.05948257446289,39.560081481933594,40.71854782104492,38.27531814575195,38.41874694824219,36.878177642822266
0,-44.0,-96,20,10,106.8316421508789,100.40916442871094,104.89041900634766,97.58073425292969,97.30878448486328,95.01578521728516,95.42536163330078,89.3756103515625,87.61849212646484,79.2022705078125,82.20097351074219,78.77182006835938,77.10382843017578,73.24616241455078,71.02112579345703,70.66116333007812,70.21395874023438,64.41273498535156,65.79513549804688,63.694583892822266,63.071388244628906,61.84658432006836,60.539241790771484,62.297672271728516,60.16643524169922,59.80802536010742,58.872745513916016,57.245086669921875,57.00876998901367,56.080299377441406,55.54277801513672,54.5618896484375,54.5618896484375,51.4781494140625,52.47856521606445,49.92995071411133,50.21951675415039,47.801673889160156,46.22769546508789,46.010868072509766,45.25483322143555,44.59820556640625,42.52058410644531,40.607879638671875,40.49691390991211,39.824615478515625,37.121421813964844,37.57658767700195,36.400550842285156,36.67424011230469,35.22782897949219,36.0
0,-44.0,-96,20,12,114.01753997802734,114.76933288574219,106.77546691894531,109.93180084228516,100.84642028808594,102.69371795654297,94.5409927368164,92.61209106445312,88.63971710205078,86.31338500976562,84.07734680175781,83.6480712890625,79.64923095703125,77.17512512207031,76.32168579101562,72.71863555908203,72.67048645019531,68.50547790527344,71.61005401611328,67.20118713378906,65.0,64.20280456542969,61.073726654052734,64.53681182861328,63.25345993041992,65.29930877685547,63.25345993041992,59.66573715209961,62.00806427001953,56.61272048950195,59.07622146606445,58.52349853515625,56.080299377441406,56.080299377441406,54.58937454223633,51.89412307739258,52.39274597167969,50.695167541503906,51.54609680175781,48.764739990234375,45.12205505371094,45.89117431640625,43.416587829589844,45.0444221496582,41.0,41.04875183105469,40.31128692626953,40.607879638671875,38.327537536621094,38.27531814575195,36.67424011230469,37.44329071044922
0,-44.0,-96,19,18,121.23530578613281,114.94781494140625,114.93476104736328,111.80339813232422,109.123779296875,101.07422637939453,100.7223892211914,96.17691802978516,95.34149169921875,91.92388153076172,86.92525482177734,85.4400405883789,82.87339782714844,80.95677947998047,77.20103454589844,76.92203521728516,73.00685119628906,72.53275299072266,70.40596771240234,71.38627624511719,69.42621612548828,67.26811981201172,66.91038513183594,67.36467742919922,65.76473236083984,62.513999938964844,62.801273345947266,62.513999938964844,62.96824645996094,61.392181396484375,60.63827133178711,61.84658432006836,61.400325775146484,60.083274841308594,56.080299377441406,56.080299377441406,55.03635025024414,51.89412307739258,49.648765563964844,49.39635467529297,49.40647888183594,47.01063537597656,46.75468063354492,44.55333709716797,43.863426208496094,42.01190185546875,42.43819046020508,40.49691390991211,40.71854782104492,40.853397369384766,40.804412841796875,39.623226165771484
0,-44.0,-96,19,18,125.89678192138672,117.9576187133789,118.53269958496094,113.0,113.28282928466797,105.22357177734375,104.7377700805664,100.0199966430664,97.86214447021484,95.12622833251953,90.02777099609375,87.32124328613281,87.80091094970703,84.20214080810547,79.69943237304688,80.3243408203125,75.27283477783203,76.32168579101562,72.09021759033203,73.40980529785156,69.35416412353516,70.66116333007812,69.7782211303711,68.0,68.42514038085938,66.64083099365234,65.7419204711914,66.18912506103516,63.50590515136719,65.39112854003906,61.46543884277344,62.7694206237793,62.032249450683594,60.083274841308594,59.90826416015625,58.694122314453125,54.918121337890625,54.451812744140625,53.15073013305664,51.088157653808594,52.038448333740234,49.01020431518555,48.093658447265625,46.173583984375,46.52956008911133,43.17406463623047,44.643028259277344,44.94440841674805,44.29446792602539,41.34005355834961,40.607879638671875,38.94868469238281
0,-44.0,-96,19,18,125.41929626464844,121.82364654541016,117.8006820678711,114.01753997802734,110.80162811279297,106.60675048828125,104.04325866699219,100.12492370605469,96.79875946044922,93.49331665039062,91.80958557128906,90.21086120605469,86.83317565917969,82.36504364013672,80.52949523925781,79.62411499023438,76.15773010253906,75.23961639404297,72.44998168945312,72.80110168457031,70.57620239257812,70.51950073242188,68.94925689697266,69.2603759765625,69.2603759765625,68.62215423583984,68.00735473632812,65.45991516113281,65.45991516113281,65.45991516113281,62.7694206237793,61.46543884277344,61.84658432006836,61.741397857666016,59.05929183959961,59.53990173339844,57.14017868041992,53.823787689208984,54.20331954956055,51.855567932128906,50.32891845703125,49.497474670410156,49.57822036743164,46.097721099853516,43.600460052490234,43.90899658203125,42.94182205200195,42.54409408569336,43.32435989379883,40.26164245605469,39.458839416503906,39.11521530151367
0,-44.0,-96,20,11,111.01801300048828,112.41441345214844,106.50821685791016,106.8316421508789,99.29753112792969,97.6524429321289,95.13148498535156,90.42676544189453,88.20430755615234,85.58621215820312,85.58621215820312,81.41252899169922,79.2022705078125,76.05918884277344,73.40980529785156,71.17584228515625,70.57620239257812,65.19202423095703,67.05221557617188,65.14598846435547,64.8459701538086,63.60031509399414,61.13100814819336,63.78871536254883,62.585941314697266,61.84658432006836,61.13100814819336,59.4810905456543,60.4400520324707,57.00876998901367,57.567352294921875,55.973209381103516,56.64803695678711,54.7813835144043,54.12947463989258,52.77309799194336,52.77309799194336,49.73931884765625,49.39635467529297,48.25971221923828,45.607017517089844,44.68780517578125,42.44997024536133,40.360870361328125,41.1096076965332,39.408119201660156,38.587562561035156,38.01315689086914,35.84689712524414,37.947330474853516,37.10795211791992,36.34556198120117
0,-44.0,-96,19,18,123.69316864013672,119.8165283203125,118.40608215332031,115.24755859375,107.56393432617188,107.00466918945312,102.14205932617188,98.97979736328125,95.5196304321289,92.35800170898438,92.69843292236328,87.46427917480469,86.00581359863281,82.3468246459961,82.73451232910156,78.29431915283203,77.89736938476562,72.20111083984375,72.94518280029297,72.40165710449219,70.45565795898438,69.065185546875,66.61080932617188,67.80117797851562,65.6048812866211,66.61080932617188,64.81512451171875,65.0,65.802734375,61.85466766357422,61.29437255859375,62.12889862060547,60.539241790771484,58.66856002807617,57.245086669921875,55.54277801513672,56.080299377441406,52.81098556518555,52.81098556518555,50.96076965332031,49.030601501464844,50.0099983215332,47.381431579589844,46.173583984375,46.04345703125,44.0113639831543,43.185646057128906,42.42640686035156,41.48493576049805,39.560081481933594,40.31128692626953,38.587562561035156
0,-44.0,-96,20,12,115.52056121826172,114.75626373291016,106.09900665283203,110.42192077636719,100.22474670410156,100.22474670410156,95.35198211669922,93.38094329833984,91.4111557006836,82.73451232910156,85.70880889892578,82.2982406616211,80.15609741210938,79.05693817138672,76.02631378173828,73.0,73.02738952636719,67.06713104248047,69.1158447265625,66.12110137939453,66.18912506103516,66.27216339111328,62.20128631591797,61.66035842895508,61.66035842895508,61.814239501953125,62.513999938964844,59.53990173339844,62.28964614868164,58.215118408203125,60.13318634033203,57.07889175415039,58.0,55.0,55.081756591796875,54.08327102661133,52.239830017089844,49.497474670410156,49.030601501464844,48.27007293701172,44.271888732910156,45.221675872802734,43.65776062011719,44.72135925292969,40.70626449584961,38.832977294921875,38.60051727294922,38.94868469238281,37.48332977294922,37.64305877685547,36.619667053222656,34.885528564453125
0,-44.0,-96,20,12,114.14026641845703,111.98660278320312,107.07940673828125,106.8877944946289,102.18121337890625,101.20276641845703,95.34149169921875,92.6498794555664,90.24411010742188,85.86617279052734,83.24061584472656,82.56512451171875,81.27114868164062,77.16217041015625,75.02666473388672,72.23572540283203,71.17584228515625,67.62396240234375,69.35416412353516,66.64083099365234,64.8459701538086,65.29930877685547,62.64982223510742,63.28506851196289,62.265560150146484,62.265560150146484,63.1347770690918,59.53990173339844,61.717098236083984,58.13776779174805,59.50630187988281,59.09314727783203,58.30952072143555,57.584720611572266,53.45091247558594,50.96076965332031,51.6623649597168,50.990196228027344,50.635955810546875,46.389652252197266,46.04345703125,46.010868072509766,45.0111083984375,42.19004440307617,42.42640686035156,41.231056213378906,40.52159881591797,40.16217041015625,42.04759216308594,39.4461669921875,37.202152252197266,36.79673767089844
0,-44.0,-96,20,11,111.83023071289062,102.4743881225586,102.90287017822266,106.21205139160156,92.6498794555664,94.30270385742188,90.42676544189453,86.09297180175781,84.2199478149414,82.36504364013672,81.00617218017578,77.82672882080078,75.1531753540039,70.7742919921875,69.46221923828125,68.00735473632812,66.40782928466797,64.56005096435547,64.03124237060547,62.09669876098633,62.585941314697266,61.188232421875,60.01666259765625,59.53990173339844,57.87054443359375,58.694122314453125,57.706153869628906,56.718605041503906,56.56854248046875,56.56854248046875,55.90169906616211,56.08921432495117,53.15073013305664,52.63079071044922,52.39274597167969,51.244510650634766,48.703182220458984,46.615447998046875,46.615447998046875,44.72135925292969,44.283180236816406,43.416587829589844,44.10215377807617,39.66106414794922,39.20458984375,39.051246643066406,36.06937789916992,36.878177642822266,37.80211639404297,35.510562896728516,36.2353401184082,33.241539001464844
0,-44.0,-96,20,12,119.03781127929688,115.76268768310547,114.28035736083984,109.55364227294922,107.61505126953125,100.68763732910156,97.41663360595703,96.60745239257812,93.00537872314453,88.23831176757812,89.02246856689453,84.0238037109375,82.07313537597656,80.62257385253906,78.51751708984375,74.96665954589844,72.13875579833984,70.03570556640625,69.65629577636719,68.7677230834961,66.06814575195312,68.4105224609375,63.25345993041992,66.0302963256836,64.20280456542969,63.60031509399414,63.411354064941406,63.411354064941406,62.481998443603516,62.62587356567383,59.54829788208008,59.46427536010742,59.41380310058594,57.28001403808594,56.63920974731445,53.413482666015625,53.413482666015625,51.61395263671875,51.312767028808594,48.87739944458008,48.764739990234375,46.957427978515625,46.615447998046875,43.65776062011719,43.680660247802734,42.20189666748047,41.59326934814453,41.1096076965332,40.01249694824219,41.04875183105469,38.63935852050781,38.327537536621094
0,-44.0,-96,20,12,117.98728942871094,114.49017333984375,111.0,106.25440979003906,104.69479370117188,100.57833099365234,98.76234436035156,93.96276092529297,93.14505004882812,87.55569458007812,87.55569458007812,83.43260955810547,80.41144561767578,79.07591247558594,74.96665954589844,74.4311752319336,73.24616241455078,69.2603759765625,68.06614685058594,67.02984619140625,66.0302963256836,66.00757598876953,66.00757598876953,64.0,63.0,62.0,63.0079345703125,62.0,61.00819778442383,60.0,59.07622146606445,60.074954986572266,58.30952072143555,56.56854248046875,55.73149871826172,53.15073013305664,52.95280838012695,50.96076965332031,50.59644317626953,48.46648406982422,47.92702865600586,46.51881408691406,46.52956008911133,43.5660400390625,41.04875183105469,40.45985794067383,40.360870361328125,40.31128692626953,40.45985794067383,39.408119201660156,37.2155876159668,35.46829605102539
0,-44.0,-96,20,12,114.63420104980469,113.71894836425781,109.1650161743164,109.65856170654297,104.21611785888672,102.45974731445312,97.50897216796875,94.81033325195312,91.67878723144531,86.83317565917969,86.09297180175781,82.15229797363281,80.70935821533203,79.05693817138672,77.66595458984375,72.42237091064453,73.40980529785156,68.4105224609375,70.29224395751953,68.01470184326172,65.29930877685547,65.11528015136719,62.28964614868164,63.70243453979492,64.35060119628906,64.35060119628906,62.22539520263672,60.8276252746582,62.96824645996094,58.728187561035156,59.66573715209961,59.66573715209961,58.00862121582031,55.217750549316406,55.4707145690918,53.0,52.47856521606445,51.4781494140625,49.19349670410156,48.332183837890625,46.81879806518555,47.12748718261719,44.643028259277344,44.9110221862793,44.55333709716797,42.04759216308594,41.0,42.04759216308594,39.31920623779297,39.623226165771484,35.44009017944336,36.769554138183594
0,-44.0,-96,20,12,116.0,113.2784194946289,108.37435150146484,111.07205200195312,103.3924560546875,100.00499725341797,96.67471313476562,93.86160278320312,89.64373779296875,88.23831176757812,84.81155395507812,82.20097351074219,79.32212829589844,77.69813537597656,76.32168579101562,74.30342864990234,72.00694274902344,68.42514038085938,68.94200134277344,67.11929321289062,64.88451385498047,65.92420196533203,64.07807922363281,64.25729370117188,62.96824645996094,62.96824645996094,62.62587356567383,59.61543273925781,61.84658432006836,60.539241790771484,56.859474182128906,57.27128601074219,57.706153869628906,55.4707145690918,53.712196350097656,52.47856521606445,51.03919982910156,49.20365905761719,49.81967544555664,48.166378021240234,47.381431579589844,46.010868072509766,44.04542922973633,43.416587829589844,42.20189666748047,39.96248245239258,41.59326934814453,39.924930572509766,38.60051727294922,38.07886505126953,38.20994567871094,37.0
0,-44.0,-96,19,18,119.92080688476562,121.16517639160156,115.80155181884766,113.2254409790039,108.15729522705078,105.3043212890625,101.83319854736328,98.35140991210938,94.2443618774414,91.78779602050781,93.10746765136719,86.76404571533203,85.42247772216797,82.85529327392578,81.41252899169922,78.39005279541016,75.80237579345703,71.34423828125,72.67048645019531,72.11102294921875,69.065185546875,70.21395874023438,66.21932983398438,67.35725402832031,66.70832061767578,67.47592163085938,65.4369888305664,63.25345993041992,64.20280456542969,61.400325775146484,63.0079345703125,63.0079345703125,60.74536895751953,57.80138397216797,58.18075180053711,56.35601043701172,55.03635025024414,52.39274597167969,53.3104133605957,51.54609680175781,48.27007293701172,49.47726821899414,48.05205535888672,47.381431579589844,46.04345703125,42.01190185546875,43.046485900878906,40.4474983215332,40.4474983215332,42.44997024536133,40.16217041015625,37.57658767700195
0,-44.0,-96,20,12,114.49454498291016,111.80339813232422,109.59014892578125,107.35455322265625,101.98039245605469,99.31767272949219,95.34149169921875,92.70382690429688,90.47099304199219,87.09190368652344,84.8646011352539,82.2800064086914,80.0062484741211,77.49193572998047,76.5375747680664,74.46475982666016,69.63475799560547,67.46851348876953,66.0984115600586,64.93843078613281,63.95310592651367,63.50590515136719,62.801273345947266,63.50590515136719,62.513999938964844,61.400325775146484,61.52235412597656,59.53990173339844,58.4208869934082,60.8276252746582,58.051700592041016,57.48912811279297,55.54277801513672,52.88667297363281,54.08327102661133,52.201534271240234,51.4781494140625,50.08992004394531,48.30113983154297,47.88528060913086,46.3249397277832,47.20169448852539,44.04542922973633,41.773197174072266,40.31128692626953,38.94868469238281,39.20458984375,40.49691390991211,38.470767974853516,38.62641525268555,35.44009017944336,36.49657440185547
0,-44.0,-96,19,19,126.03570556640625,124.03628540039062,123.0,118.0169448852539,117.0,110.0,108.00463104248047,103.07764434814453,100.04499053955078,98.32598876953125,95.33625030517578,92.6552734375,88.81441497802734,85.0,80.0624771118164,82.37718200683594,78.85429382324219,79.07591247558594,75.0,74.04052734375,73.76313781738281,73.05477142333984,72.11102294921875,70.00714111328125,71.30918884277344,67.41661834716797,68.70953369140625,67.779052734375,66.40782928466797,66.0984115600586,63.89052963256836,63.324562072753906,63.06346130371094,61.84658432006836,61.98386764526367,61.66035842895508,58.54912567138672,57.21887969970703,55.081756591796875,53.00943374633789,54.037025451660156,50.08992004394531,51.62363815307617,47.85394287109375,47.29693603515625,43.96589660644531,45.31004333496094,45.617977142333984,45.17742919921875,41.04875183105469,42.63801193237305,40.45985794067383
0,-44.0,-96,20,12,113.84199523925781,113.84199523925781,110.0636215209961,106.60675048828125,101.83319854736328,98.37174224853516,95.33625030517578,93.40770721435547,90.2496566772461,85.61541748046875,82.0,81.39410400390625,80.23091888427734,77.78174591064453,75.95393371582031,72.3394775390625,72.24956512451172,68.26419067382812,68.06614685058594,66.06814575195312,65.03076171875,64.0078125,63.0,63.071388244628906,64.03124237060547,62.00806427001953,61.032779693603516,60.0,61.0,58.00862121582031,59.00847244262695,58.13776779174805,57.314918518066406,56.4358024597168,54.7448616027832,53.15073013305664,51.6623649597168,49.04079818725586,49.33558654785156,48.703182220458984,47.01063537597656,45.617977142333984,45.650848388671875,43.8292121887207,42.01190185546875,42.63801193237305,41.01219177246094,41.01219177246094,38.60051727294922,38.27531814575195,38.07886505126953,35.46829605102539
0,-44.0,-96,19,18,127.14165496826172,122.1024169921875,121.41252136230469,116.21101379394531,114.28035736083984,107.1680908203125,105.3043212890625,100.31948852539062,99.50376892089844,96.7470932006836,91.08238220214844,91.08238220214844,86.4927749633789,84.72307586669922,79.83106994628906,79.8122787475586,77.6208724975586,74.04052734375,72.73238372802734,72.73238372802734,71.47027587890625,71.16881561279297,70.57620239257812,68.44705963134766,68.94200134277344,65.92420196533203,65.55150604248047,65.92420196533203,65.19202423095703,67.41661834716797,63.5688591003418,63.89052963256836,62.09669876098633,59.90826416015625,60.20797348022461,59.84145736694336,57.42821502685547,54.33230972290039,54.08327102661133,53.0,52.0,50.08992004394531,49.36598205566406,48.66210174560547,45.12205505371094,44.92215347290039,44.0113639831543,45.617977142333984,44.29446792602539,42.43819046020508,42.01190185546875,41.72529220581055
0,-44.0,-96,20,12,116.10771179199219,115.76700592041016,110.36756896972656,107.22406768798828,104.35516357421875,99.29753112792969,98.37174224853516,93.68030548095703,91.21403503417969,86.34812927246094,86.83317565917969,83.19855499267578,80.23091888427734,77.92945861816406,76.94153594970703,72.69112396240234,72.44308471679688,68.18357849121094,69.065185546875,68.02940368652344,65.0076904296875,65.0076904296875,63.0,64.0078125,63.0079345703125,63.0,63.03173828125,61.0,60.008331298828125,60.008331298828125,58.07753372192383,58.215118408203125,58.13776779174805,56.4358024597168,55.578773498535156,54.7448616027832,52.17279052734375,50.0,50.0,49.39635467529297,47.92702865600586,47.01063537597656,46.06517028808594,43.90899658203125,42.72002029418945,41.400482177734375,41.03656768798828,40.31128692626953,39.69886779785156,38.60051727294922,37.735923767089844,37.161808013916016
0,-44.0,-96,21,8,111.00450134277344,112.0,112.01785278320312,108.01851654052734,102.01960754394531,99.0,94.04785919189453,91.0878677368164,91.0494384765625,87.28115844726562,83.21658325195312,81.39410400390625,78.51751708984375,77.92945861816406,73.97972869873047,71.38627624511719,70.61161041259766,68.24954223632812,67.44627380371094,65.802734375,63.06346130371094,63.89052963256836,62.64183807373047,62.96824645996094,63.5688591003418,61.032779693603516,62.297672271728516,60.083274841308594,60.16643524169922,58.694122314453125,56.75385284423828,56.75385284423828,56.08921432495117,55.578773498535156,56.22277069091797,52.15361785888672,50.08992004394531,50.03998565673828,49.01020431518555,48.010414123535156,47.16990661621094,44.72135925292969,44.14748001098633,41.761226654052734,41.1096076965332,40.853397369384766,40.24922180175781,37.735923767089844,37.80211639404297,37.53664779663086,37.48332977294922,36.400550842285156
0,-44.0,-96,21,8,118.84864044189453,116.03878784179688,114.40279388427734,108.4066390991211,105.0,100.80178833007812,97.41663360595703,95.21029663085938,92.35800170898438,90.42676544189453,86.8216552734375,83.86298370361328,83.72574615478516,79.17701721191406,74.6860122680664,74.32361602783203,71.69379425048828,69.85699462890625,68.94925689697266,68.94925689697266,67.06713104248047,67.67569732666016,64.19501495361328,65.52098846435547,65.52098846435547,63.06346130371094,63.06346130371094,61.6846809387207,62.09669876098633,62.297672271728516,58.18934631347656,60.406951904296875,59.236812591552734,55.54277801513672,55.03635025024414,55.4707145690918,54.20331954956055,51.62363815307617,52.430908203125,50.21951675415039,47.6340217590332,47.50789260864258,46.010868072509766,42.44997024536133,41.86884307861328,41.04875183105469,43.046485900878906,41.67733383178711,40.853397369384766,40.16217041015625,40.024993896484375,37.336307525634766
0,-44.0,-96,20,12,116.76471710205078,112.7696762084961,110.63905334472656,106.47064971923828,103.44564056396484,97.52947998046875,95.01578521728516,92.78469848632812,90.04998779296875,86.8216552734375,84.90583038330078,80.99382781982422,79.6303939819336,76.40026092529297,73.24616241455078,72.4706802368164,70.29224395751953,69.42621612548828,68.59300231933594,64.35060119628906,62.93647766113281,64.35060119628906,62.93647766113281,65.11528015136719,62.96824645996094,61.55485534667969,60.8276252746582,60.8276252746582,59.41380310058594,58.694122314453125,58.0,57.28001403808594,56.080299377441406,55.0,54.64430618286133,52.69725036621094,52.47856521606445,49.648765563964844,48.754486083984375,47.01063537597656,46.615447998046875,44.92215347290039,43.416587829589844,42.95346450805664,41.59326934814453,40.199501037597656,40.0,39.051246643066406,38.11823654174805,37.85498809814453,37.947330474853516,35.84689712524414
0,-44.0,-96,20,12,116.29703521728516,113.14591979980469,110.47624206542969,109.12836456298828,103.76897430419922,99.76472473144531,98.1121826171875,94.66783905029297,91.58602142333984,87.66413116455078,86.8216552734375,82.6619644165039,81.60882568359375,77.801025390625,76.83749389648438,74.41101837158203,71.44927978515625,68.62215423583984,68.62215423583984,65.0691909790039,65.79513549804688,65.85590362548828,62.36986541748047,63.25345993041992,63.25345993041992,63.12685775756836,61.84658432006836,60.4400520324707,61.073726654052734,60.30754470825195,56.63920974731445,59.46427536010742,57.28001403808594,55.17245864868164,55.90169906616211,51.855567932128906,52.201534271240234,51.03919982910156,49.92995071411133,49.39635467529297,46.52956008911133,46.957427978515625,43.08131790161133,42.72002029418945,42.72002029418945,41.773197174072266,39.623226165771484,41.19466018676758,39.0128173828125,40.112342834472656,39.31920623779297,37.36308288574219
0,-44.0,-96,20,12,112.00446319580078,111.61540985107422,108.63240814208984,108.07867431640625,102.69371795654297,100.08995819091797,95.85926818847656,90.47651672363281,89.8109130859375,85.38150024414062,84.43340301513672,81.32035064697266,80.77747344970703,77.1297607421875,74.73285675048828,70.85901641845703,71.02112579345703,66.61080932617188,67.47592163085938,65.4904556274414,64.38167572021484,64.19501495361328,62.20128631591797,63.03173828125,63.03173828125,60.0333251953125,61.13100814819336,60.074954986572266,61.13100814819336,58.215118408203125,58.4208869934082,56.56854248046875,56.718605041503906,54.918121337890625,53.36665725708008,51.41984176635742,49.72926712036133,48.703182220458984,49.76947021484375,49.24428939819336,46.52956008911133,46.14108657836914,45.79301071166992,41.400482177734375,41.1096076965332,41.03656768798828,39.69886779785156,39.824615478515625,38.832977294921875,37.735923767089844,39.0,37.36308288574219
0,-44.0,-96,20,12,114.17967987060547,110.36756896972656,109.7861557006836,107.51744079589844,104.40306854248047,98.35140991210938,97.86214447021484,93.40770721435547,89.69392395019531,86.92525482177734,83.93450164794922,81.54139709472656,77.82030487060547,77.82672882080078,74.30342864990234,73.06161499023438,69.6419448852539,70.1783447265625,66.61080932617188,67.42403411865234,64.81512451171875,64.66065216064453,62.62587356567383,63.25345993041992,62.62587356567383,61.22091293334961,61.073726654052734,60.4400520324707,58.41232681274414,59.66573715209961,57.20139694213867,57.20139694213867,55.75840759277344,55.75840759277344,54.58937454223633,53.22593307495117,51.4781494140625,50.32891845703125,48.703182220458984,46.173583984375,49.24428939819336,45.12205505371094,45.54119110107422,43.28972244262695,43.104522705078125,42.0,42.04759216308594,41.30375289916992,40.607879638671875,38.897300720214844,38.27531814575195,37.2155876159668
0,-44.0,-96,21,8,114.72576141357422,112.7918472290039,109.3846435546875,107.44766235351562,103.07764434814453,101.13851928710938,96.31718444824219,93.17188262939453,91.7823486328125,87.4757080078125,85.15867614746094,83.86298370361328,80.39900207519531,75.32595825195312,75.23961639404297,74.06078338623047,70.028564453125,68.0,68.06614685058594,68.06614685058594,66.06814575195312,64.19501495361328,62.28964614868164,63.639610290527344,62.513999938964844,60.530982971191406,60.67124557495117,60.29925537109375,59.41380310058594,60.20797348022461,59.07622146606445,57.03507614135742,57.00876998901367,57.03507614135742,55.03635025024414,54.08327102661133,52.345008850097656,49.36598205566406,49.030601501464844,48.27007293701172,45.880279541015625,46.173583984375,44.94440841674805,44.777225494384766,43.416587829589844,41.67733383178711,41.617305755615234,39.69886779785156,40.31128692626953,40.360870361328125,37.80211639404297,37.2155876159668
0,-44.0,-96,20,13,122.64175415039062,118.53269958496094,115.5724868774414,114.2716064453125,107.51744079589844,104.7377700805664,101.20276641845703,99.2471694946289,95.34149169921875,92.89241027832031,90.52071380615234,90.13877868652344,84.43340301513672,80.65357971191406,78.77182006835938,75.7693862915039,76.15773010253906,72.49827575683594,71.5541763305664,70.21395874023438,69.77105712890625,67.60177612304688,67.60177612304688,67.11929321289062,66.0378646850586,66.2872543334961,64.66065216064453,63.631752014160156,63.28506851196289,61.400325775146484,63.1347770690918,59.4810905456543,59.9416389465332,57.775428771972656,58.30952072143555,57.00876998901367,54.424259185791016,53.75872039794922,52.63079071044922,50.990196228027344,49.497474670410156,50.48762130737305,49.09175109863281,46.010868072509766,46.010868072509766,44.18144226074219,43.5660400390625,40.79215621948242,41.48493576049805,40.853397369384766,39.357337951660156,38.27531814575195
0,-44.0,-96,21,9,117.15374755859375,113.85077667236328,112.80071258544922,111.21150970458984,105.80170440673828,99.63935089111328,96.60745239257812,95.21029663085938,91.26335144042969,91.26335144042969,86.83892822265625,84.31488800048828,81.3019027709961,78.892333984375,76.15773010253906,76.47875213623047,73.82411193847656,69.35416412353516,69.46221923828125,68.15423583984375,67.62396240234375,65.78753662109375,65.19202423095703,66.73080444335938,65.45991516113281,62.032249450683594,60.74536895751953,61.6846809387207,62.032249450683594,60.16643524169922,58.694122314453125,60.835845947265625,58.13776779174805,58.18075180053711,54.708316802978516,53.25410842895508,53.823787689208984,50.6063232421875,49.04079818725586,47.381431579589844,46.69047164916992,46.69047164916992,46.097721099853516,45.486263275146484,43.5660400390625,40.31128692626953,42.04759216308594,39.924930572509766,39.560081481933594,37.336307525634766,40.199501037597656,37.05401611328125
0,-44.0,-96,20,13,115.5724868774414,117.88553619384766,111.98660278320312,110.81967163085938,102.9611587524414,102.77159118652344,97.29337310791016,95.12622833251953,90.24411010742188,87.55569458007812,87.32124328613281,83.81526947021484,82.861328125,78.10890197753906,77.16217041015625,73.73601531982422,72.23572540283203,70.38465881347656,71.11258697509766,68.42514038085938,66.18912506103516,65.29930877685547,62.17716598510742,64.49806213378906,63.1347770690918,63.52952194213867,63.1347770690918,60.41522979736328,61.773780822753906,59.9416389465332,59.93329620361328,56.859474182128906,57.93962478637695,56.30275344848633,54.708316802978516,53.851646423339844,53.16013717651367,50.990196228027344,49.648765563964844,50.48762130737305,46.173583984375,47.04253387451172,43.011627197265625,44.10215377807617,43.416587829589844,40.607879638671875,41.231056213378906,40.16217041015625,38.910152435302734,38.07886505126953,36.055511474609375,37.53664779663086
0,-44.0,-96,20,13,120.10411834716797,117.9237060546875,114.80853271484375,112.44554138183594,107.00466918945312,105.42295837402344,98.60020446777344,96.21330261230469,94.62557983398438,89.05054473876953,89.05054473876953,85.14693450927734,82.68010711669922,78.54934692382812,77.5241928100586,74.24284362792969,74.24958038330078,69.35416412353516,69.85699462890625,69.46221923828125,69.07966613769531,68.70953369140625,62.96824645996094,63.89052963256836,64.51356506347656,62.62587356567383,63.89052963256836,60.74536895751953,62.62587356567383,59.13543701171875,60.539241790771484,58.694122314453125,58.13776779174805,58.18075180053711,56.82429122924805,53.851646423339844,55.0,51.22499465942383,51.22499465942383,50.32891845703125,47.381431579589844,47.381431579589844,43.931766510009766,44.204071044921875,44.41846466064453,39.824615478515625,41.146080017089844,41.231056213378906,41.48493576049805,39.623226165771484,39.11521530151367,37.0
0,-44.0,-96,20,12,117.54573822021484,112.78740692138672,112.96902465820312,108.06016540527344,103.57605743408203,100.62306213378906,95.7078857421875,95.12622833251953,91.98369598388672,88.29496002197266,87.09190368652344,82.9698715209961,80.65357971191406,78.10890197753906,74.3303451538086,71.86793518066406,70.38465881347656,70.38465881347656,67.5425796508789,66.21178436279297,65.30696868896484,66.64833068847656,63.52952194213867,65.0,62.7694206237793,61.773780822753906,60.539241790771484,58.66856002807617,58.18075180053711,60.373836517333984,56.79788589477539,56.859474182128906,58.30952072143555,55.71355438232422,55.02726745605469,52.201534271240234,50.96076965332031,50.21951675415039,50.0099983215332,47.67599105834961,47.16990661621094,46.04345703125,45.0,44.18144226074219,42.42640686035156,42.20189666748047,40.26164245605469,41.1096076965332,39.924930572509766,38.94868469238281,37.44329071044922,36.878177642822266
0,-44.0,-96,21,8,113.21660614013672,112.53887939453125,107.81465911865234,108.37435150146484,100.76705932617188,99.35794067382812,97.30878448486328,90.90654754638672,88.86506652832031,85.0,85.0,80.21221923828125,78.49203491210938,76.5506362915039,75.47184753417969,71.58910369873047,68.88395690917969,66.64833068847656,68.44705963134766,65.79513549804688,63.071388244628906,62.7694206237793,60.926185607910156,62.96824645996094,62.032249450683594,60.16643524169922,58.872745513916016,58.872745513916016,59.236812591552734,56.080299377441406,57.697486877441406,55.90169906616211,55.4707145690918,53.712196350097656,53.5350341796875,49.92995071411133,50.477718353271484,50.0,48.91830062866211,48.166378021240234,44.55333709716797,46.86149978637695,42.01190185546875,41.617305755615234,40.49691390991211,42.05948257446289,42.95346450805664,39.217342376708984,38.327537536621094,37.656341552734375,36.12478256225586,37.013511657714844
0,-44.0,-96,21,9,118.96638488769531,114.94781494140625,112.29425811767578,112.2541732788086,105.58882141113281,101.07422637939453,99.29753112792969,96.17691802978516,91.7060546875,88.32327270507812,87.46427917480469,84.05950164794922,82.6619644165039,79.6303939819336,78.23681640625,75.21302795410156,72.00694274902344,69.02897644042969,69.42621612548828,68.11754608154297,65.85590362548828,66.60330200195312,64.35060119628906,63.65532302856445,63.639610290527344,62.93647766113281,62.96824645996094,61.55485534667969,60.14149856567383,60.14149856567383,57.80138397216797,59.03388977050781,57.80138397216797,54.4058837890625,55.226806640625,53.33854293823242,52.35456085205078,52.32590103149414,48.84669876098633,49.04079818725586,47.29693603515625,46.3249397277832,47.07440948486328,44.40720748901367,43.185646057128906,43.0,42.04759216308594,43.28972244262695,40.607879638671875,39.051246643066406,40.49691390991211,38.07886505126953
0,-44.0,-96,19,19,122.4132308959961,117.4137954711914,118.4609603881836,112.41441345214844,110.38568878173828,104.86181640625,104.30723571777344,97.34988403320312,92.96235656738281,92.6498794555664,91.58602142333984,89.1852035522461,86.31338500976562,80.49844360351562,78.72102355957031,78.79086303710938,74.46475982666016,70.93659210205078,69.89277648925781,72.12489318847656,68.00735473632812,66.48307800292969,66.21932983398438,66.94026947021484,65.25334930419922,65.0,64.03124237060547,64.28841400146484,63.324562072753906,62.09669876098633,60.406951904296875,61.032779693603516,58.52349853515625,57.00876998901367,55.154327392578125,56.79788589477539,55.4707145690918,53.851646423339844,50.774009704589844,50.80354309082031,49.81967544555664,46.097721099853516,46.75468063354492,43.84062194824219,46.010868072509766,42.8018684387207,43.8292121887207,43.416587829589844,42.94182205200195,42.05948257446289,40.26164245605469,38.470767974853516
0,-44.0,-96,20,13,123.00406646728516,117.0,116.01724243164062,112.01785278320312,109.04127502441406,102.0,101.07917785644531,95.04735565185547,92.19544219970703,91.26883697509766,88.27796936035156,86.20904541015625,81.49846649169922,78.77182006835938,75.13321685791016,77.46611785888672,72.7804946899414,72.03471374511719,68.680419921875,68.00735473632812,68.00735473632812,67.35725402832031,66.40782928466797,64.8459701538086,64.51356506347656,62.96824645996094,61.6846809387207,61.6846809387207,58.18934631347656,61.032779693603516,58.52349853515625,60.16643524169922,57.723480224609375,56.88584899902344,55.73149871826172,55.578773498535156,52.345008850097656,53.037723541259766,50.0,49.01020431518555,49.09175109863281,45.27692413330078,45.7055778503418,43.931766510009766,42.44997024536133,42.379241943359375,41.62931823730469,39.357337951660156,39.96248245239258,37.013511657714844,38.20994567871094,36.2353401184082
0,-44.0,-96,20,12,117.15374755859375,115.21284484863281,111.28791809082031,110.11357879638672,102.31324768066406,100.31948852539062,97.41663360595703,93.4344711303711,91.4439697265625,88.6848373413086,85.84288024902344,83.18653869628906,79.62411499023438,78.10249328613281,76.15773010253906,74.46475982666016,72.12489318847656,69.92138671875,67.06713104248047,66.128662109375,66.48307800292969,64.25729370117188,63.324562072753906,63.56099319458008,61.741397857666016,62.2414665222168,60.926185607910156,61.32699203491211,60.539241790771484,58.872745513916016,57.245086669921875,58.18934631347656,56.32051086425781,55.54277801513672,55.31726837158203,52.77309799194336,50.635955810546875,49.36598205566406,49.09175109863281,47.01063537597656,45.0444221496582,47.16990661621094,45.27692413330078,42.57933807373047,41.9761848449707,40.26164245605469,40.49691390991211,39.39543151855469,39.4461669921875,38.01315689086914,36.12478256225586,36.79673767089844
0,-44.0,-96,21,9,123.70933532714844,122.31925201416016,116.82893371582031,118.4609603881836,109.85900115966797,108.22661590576172,103.00485229492188,98.81295776367188,95.8018798828125,91.54779815673828,89.49860382080078,89.14033508300781,85.58621215820312,80.62257385253906,80.62257385253906,75.69015502929688,75.07329559326172,70.83784484863281,71.84010314941406,70.43436431884766,69.52696990966797,68.60028839111328,65.802734375,66.2872543334961,66.0302963256836,66.0302963256836,63.82006072998047,61.85466766357422,63.60031509399414,63.0079345703125,62.801273345947266,60.87692642211914,60.14149856567383,56.58621597290039,55.865909576416016,55.17245864868164,55.973209381103516,54.037025451660156,51.61395263671875,49.92995071411133,48.02082824707031,48.30113983154297,46.51881408691406,44.94440841674805,43.96589660644531,42.7551155090332,41.59326934814453,42.10700607299805,41.01219177246094,39.0128173828125,39.31920623779297,37.85498809814453
0,-44.0,-96,20,12,116.0689468383789,114.15778350830078,113.0707778930664,109.00458526611328,105.23307800292969,101.17806243896484,98.12747192382812,93.19334411621094,92.26592254638672,86.28441619873047,84.48076629638672,82.73451232910156,80.23091888427734,75.50496673583984,76.68767547607422,72.53275299072266,69.92138671875,67.72000885009766,67.67569732666016,66.73080444335938,65.14598846435547,65.55150604248047,61.09828186035156,64.07807922363281,62.2414665222168,60.926185607910156,62.7694206237793,60.16643524169922,60.16643524169922,59.61543273925781,57.584720611572266,57.28001403808594,57.28001403808594,55.54277801513672,55.31726837158203,51.788028717041016,50.48762130737305,48.3735466003418,48.093658447265625,46.04345703125,46.0,45.0444221496582,43.185646057128906,43.73785400390625,41.0,40.52159881591797,40.16217041015625,40.24922180175781,37.58989334106445,36.619667053222656,35.608985900878906,36.06937789916992
0,-44.0,-96,20,12,116.84605407714844,111.28791809082031,108.57716369628906,107.1680908203125,104.48445129394531,99.2471694946289,94.4933853149414,93.7229995727539,88.86506652832031,89.64373779296875,86.40023040771484,82.20097351074219,80.44873809814453,77.10382843017578,75.1664810180664,72.71863555908203,72.56031799316406,69.83551788330078,68.42514038085938,67.5351791381836,64.8459701538086,63.06346130371094,63.50590515136719,62.3939094543457,61.84658432006836,62.2414665222168,60.926185607910156,61.741397857666016,60.41522979736328,57.697486877441406,57.245086669921875,57.80138397216797,57.45433044433594,53.25410842895508,53.00943374633789,52.801513671875,50.447994232177734,49.57822036743164,47.381431579589844,44.55333709716797,46.22769546508789,46.40043258666992,44.94440841674805,43.90899658203125,42.48529052734375,42.72002029418945,41.761226654052734,38.07886505126953,39.458839416503906,39.11521530151367,39.0,37.2155876159668
0,-44.0,-96,20,13,122.4948959350586,117.51595306396484,118.08895111083984,112.75193786621094,109.8954086303711,102.59142303466797,101.11874389648438,98.47842407226562,93.38094329833984,91.59148406982422,90.42676544189453,85.14693450927734,82.97589874267578,78.33900451660156,77.20103454589844,78.10890197753906,72.44998168945312,72.44998168945312,68.54196166992188,67.5425796508789,67.5425796508789,68.87670135498047,65.30696868896484,66.64833068847656,63.95310592651367,63.52952194213867,63.1347770690918,62.17716598510742,59.9416389465332,62.60990524291992,59.03388977050781,59.93329620361328,58.30952072143555,57.93962478637695,56.61272048950195,56.04462432861328,54.5710563659668,51.788028717041016,51.4781494140625,50.15974426269531,49.162994384765625,47.04253387451172,49.01020431518555,44.10215377807617,44.18144226074219,41.43669891357422,41.231056213378906,42.05948257446289,41.78516387939453,40.31128692626953,39.96248245239258,38.28837966918945
0,-44.0,-96,20,13,124.40257263183594,115.20850372314453,116.82893371582031,109.62207794189453,112.07140350341797,103.73042297363281,99.86490631103516,98.47334289550781,95.13148498535156,93.19334411621094,87.46427917480469,86.45230102539062,83.72574615478516,80.52949523925781,75.59100341796875,78.29431915283203,73.00685119628906,73.53910827636719,69.07966613769531,70.93659210205078,68.70953369140625,65.45991516113281,66.73080444335938,65.52098846435547,66.0984115600586,64.51356506347656,63.89052963256836,64.19501495361328,60.406951904296875,61.98386764526367,60.16643524169922,59.61543273925781,58.600341796875,57.697486877441406,57.80138397216797,56.4358024597168,54.37830352783203,51.61395263671875,51.22499465942383,48.41487503051758,49.57822036743164,45.96738052368164,47.423622131347656,44.04542922973633,41.88078308105469,43.046485900878906,42.04759216308594,43.08131790161133,42.44997024536133,41.0,38.470767974853516,39.0128173828125
0,-44.0,-96,20,13,121.07848358154297,116.10771179199219,116.50321960449219,112.05802154541016,110.38568878173828,101.0197982788086,99.5690689086914,96.26006317138672,95.44107818603516,92.20086669921875,90.44335174560547,83.86894226074219,83.73768615722656,80.91971588134766,77.89736938476562,77.077880859375,73.55270385742188,71.4212875366211,70.1783447265625,68.24954223632812,68.24954223632812,68.4105224609375,65.4369888305664,66.61080932617188,64.637451171875,64.20280456542969,62.68173599243164,66.40029907226562,62.00806427001953,62.62587356567383,58.898216247558594,60.30754470825195,58.13776779174805,57.28001403808594,55.865909576416016,56.63920974731445,54.037025451660156,51.400390625,50.21951675415039,49.92995071411133,49.73931884765625,45.617977142333984,45.694637298583984,44.0113639831543,42.44997024536133,42.95346450805664,41.43669891357422,42.10700607299805,42.04759216308594,40.04996871948242,39.31920623779297,35.1710090637207
0,-44.0,-96,20,13,120.0749740600586,115.73245239257812,116.29703521728516,109.88175201416016,111.1980209350586,101.78899383544922,101.60708618164062,95.52486419677734,92.57429504394531,92.07062530517578,88.56636047363281,83.48652648925781,83.21658325195312,80.09993743896484,75.1664810180664,76.02631378173828,73.0,71.02816009521484,70.11418914794922,69.065185546875,67.11929321289062,66.18912506103516,66.27216339111328,65.37583923339844,63.3876953125,63.28506851196289,63.50590515136719,63.19810104370117,61.20457458496094,59.13543701171875,59.03388977050781,61.032779693603516,58.00862121582031,56.035701751708984,55.145263671875,55.3263053894043,52.345008850097656,51.788028717041016,50.990196228027344,47.29693603515625,46.81879806518555,46.615447998046875,46.097721099853516,44.29446792602539,42.54409408569336,41.34005355834961,42.01190185546875,41.03656768798828,40.360870361328125,40.45985794067383,38.07886505126953,38.4837646484375
0,-44.0,-96,20,10,103.81714630126953,100.60317993164062,101.49384307861328,96.51942443847656,95.52486419677734,89.45389556884766,89.27485656738281,85.21150207519531,82.15229797363281,79.02531433105469,77.0064926147461,76.00657653808594,72.06246948242188,70.11418914794922,66.06814575195312,68.4689712524414,63.50590515136719,62.3939094543457,61.0,61.0,59.228370666503906,57.070133209228516,56.75385284423828,57.00876998901367,53.851646423339844,53.600372314453125,53.851646423339844,53.851646423339844,53.600372314453125,54.5710563659668,50.990196228027344,51.788028717041016,50.35871505737305,50.2493782043457,48.093658447265625,48.093658447265625,46.010868072509766,44.0,43.104522705078125,42.19004440307617,41.773197174072266,40.79215621948242,41.231056213378906,38.60051727294922,37.161808013916016,37.121421813964844,35.84689712524414,35.510562896728516,36.400550842285156,34.65544509887695,32.557640075683594,32.4499626159668
0,-44.0,-96,20,13,119.85408020019531,120.80562591552734,112.60550689697266,115.108642578125,106.89247131347656,106.56922912597656,100.90093994140625,97.73944854736328,93.98403930664062,87.8464584350586,89.05054473876953,85.86617279052734,84.53401947021484,79.64923095703125,80.13114166259766,75.29276275634766,75.47184753417969,69.6419448852539,71.61005401611328,69.63475799560547,66.0302963256836,66.40029907226562,63.411354064941406,64.53681182861328,65.29930877685547,65.29930877685547,63.03173828125,60.30754470825195,63.25345993041992,59.03388977050781,60.4400520324707,59.64059066772461,56.30275344848633,55.226806640625,57.30619430541992,51.4781494140625,53.23532485961914,50.990196228027344,50.695167541503906,49.97999572753906,46.840152740478516,48.05205535888672,44.9110221862793,44.55333709716797,44.10215377807617,43.046485900878906,43.104522705078125,41.19466018676758,38.470767974853516,40.024993896484375,39.560081481933594,38.910152435302734
0,-44.0,-96,20,13,122.00409698486328,115.9482650756836,117.15374755859375,109.3846435546875,109.1421127319336,102.39140319824219,102.39140319824219,95.34149169921875,94.72592163085938,90.60904693603516,89.26925659179688,83.72574615478516,83.48652648925781,78.31346893310547,75.23961639404297,77.10382843017578,73.00685119628906,73.0,68.02940368652344,68.00735473632812,66.00757598876953,67.06713104248047,66.12110137939453,64.28063201904297,63.28506851196289,63.19810104370117,63.3876953125,62.28964614868164,59.13543701171875,62.12889862060547,56.035701751708984,57.00876998901367,58.00862121582031,56.080299377441406,55.081756591796875,55.44366455078125,52.611785888671875,49.81967544555664,48.764739990234375,46.840152740478516,48.703182220458984,44.384681701660156,46.51881408691406,42.05948257446289,39.96248245239258,41.400482177734375,43.27817153930664,39.623226165771484,40.360870361328125,39.408119201660156,36.8917350769043,35.34119415283203
0,-44.0,-96,20,12,118.68024444580078,112.08924865722656,114.7911148071289,107.85638427734375,105.6503677368164,99.32774353027344,97.08243560791016,92.35800170898438,90.82400512695312,88.60022735595703,86.72946166992188,83.00602722167969,80.23091888427734,74.6860122680664,73.34848022460938,72.71863555908203,68.79679870605469,69.1158447265625,67.11929321289062,64.40496826171875,63.82006072998047,63.60031509399414,63.411354064941406,62.481998443603516,62.62587356567383,60.4400520324707,60.4400520324707,59.66573715209961,58.41232681274414,59.66573715209961,54.4058837890625,57.42821502685547,54.918121337890625,54.708316802978516,53.712196350097656,53.23532485961914,50.56678771972656,49.24428939819336,47.75981521606445,45.54119110107422,46.840152740478516,44.384681701660156,44.55333709716797,42.42640686035156,41.04875183105469,42.0,40.04996871948242,40.199501037597656,41.0,38.60051727294922,36.769554138183594,34.98571014404297
0,-44.0,-96,19,19,131.5294647216797,119.03781127929688,120.10411834716797,117.0042724609375,114.40279388427734,109.22454071044922,104.89041900634766,99.2471694946289,95.7757797241211,95.0,89.40357971191406,86.02325439453125,86.83892822265625,83.21658325195312,80.4549560546875,78.23043060302734,75.47184753417969,71.19690704345703,72.4706802368164,72.4706802368164,69.35416412353516,69.77105712890625,65.29930877685547,66.70832061767578,66.30987548828125,65.79513549804688,64.40496826171875,64.41273498535156,63.50590515136719,59.9416389465332,59.16925048828125,61.91122817993164,59.64059066772461,56.61272048950195,56.080299377441406,57.384666442871094,55.17245864868164,53.075416564941406,52.40229034423828,51.22499465942383,49.648765563964844,48.02082824707031,47.50789260864258,44.72135925292969,45.694637298583984,43.011627197265625,43.17406463623047,42.296573638916016,41.1096076965332,40.0,40.199501037597656,40.79215621948242
0,-44.0,-96,20,12,118.00423431396484,117.20068359375,110.42192077636719,109.20164489746094,100.42410278320312,99.4032211303711,97.80081939697266,93.23625946044922,91.43850708007812,84.38601684570312,83.24061584472656,82.134033203125,79.90619659423828,78.49203491210938,75.00666809082031,71.58910369873047,73.0,66.70832061767578,68.00735473632812,66.0302963256836,64.40496826171875,65.45991516113281,61.61168670654297,61.587337493896484,62.12889862060547,60.74536895751953,60.20797348022461,58.52349853515625,58.52349853515625,56.859474182128906,57.20139694213867,56.40035629272461,56.85068130493164,55.226806640625,54.488529205322266,51.62363815307617,48.91830062866211,48.27007293701172,49.81967544555664,48.82622146606445,45.79301071166992,46.52956008911133,44.29446792602539,42.154476165771484,41.43669891357422,39.293766021728516,40.79215621948242,38.327537536621094,38.05259704589844,37.0,37.2155876159668,37.10795211791992
0,-44.0,-96,20,12,119.36917877197266,115.24755859375,112.92918395996094,108.93116760253906,106.32027435302734,100.68763732910156,98.67117309570312,94.86833190917969,92.35800170898438,89.1964111328125,87.59566497802734,84.50444030761719,83.00602722167969,78.39005279541016,75.1531753540039,74.24284362792969,71.58910369873047,69.35416412353516,66.73080444335938,67.41661834716797,67.41661834716797,66.2872543334961,64.8999252319336,64.8999252319336,63.82006072998047,61.61168670654297,61.61168670654297,61.61168670654297,58.24946212768555,59.36328887939453,57.982757568359375,56.603885650634766,56.4358024597168,55.4707145690918,53.22593307495117,54.625999450683594,51.62363815307617,51.244510650634766,48.50773239135742,47.29693603515625,46.097721099853516,45.54119110107422,44.18144226074219,43.011627197265625,43.0,42.19004440307617,41.43669891357422,39.623226165771484,40.26164245605469,39.0,38.470767974853516,35.0
0,-44.0,-96,20,12,118.86967468261719,111.80339813232422,112.43220520019531,109.65856170654297,104.66136169433594,102.53292083740234,98.2903823852539,92.6336898803711,91.21951293945312,87.04596710205078,85.70297241210938,82.2192153930664,80.43009185791016,78.00640869140625,74.20242309570312,73.81734466552734,69.89277648925781,68.50547790527344,68.09552001953125,68.09552001953125,65.3681869506836,62.60990524291992,62.17716598510742,62.64982223510742,61.741397857666016,61.269893646240234,61.269893646240234,60.835845947265625,58.5918083190918,56.82429122924805,57.30619430541992,57.80138397216797,56.080299377441406,54.08327102661133,52.201534271240234,52.009613037109375,51.7397346496582,48.83646011352539,48.08325958251953,46.69047164916992,45.607017517089844,45.80392837524414,43.8292121887207,43.046485900878906,41.59326934814453,40.853397369384766,39.217342376708984,40.26164245605469,38.832977294921875,37.121421813964844,37.0,36.22154235839844
0,-44.0,-96,21,8,116.34861755371094,116.43023681640625,111.44953918457031,110.36756896972656,101.49384307861328,102.48902130126953,96.87621307373047,95.03683471679688,90.79647827148438,86.97700500488281,85.32877349853516,83.54639434814453,79.07591247558594,78.33900451660156,75.28611755371094,72.12489318847656,71.47027587890625,68.94925689697266,66.85057830810547,65.39112854003906,64.47480010986328,63.976558685302734,62.2414665222168,62.169124603271484,62.60990524291992,61.269893646240234,62.60990524291992,58.13776779174805,59.50630187988281,57.697486877441406,58.694122314453125,54.625999450683594,54.7813835144043,54.424259185791016,53.16013717651367,50.695167541503906,49.81967544555664,50.80354309082031,48.3735466003418,47.16990661621094,46.010868072509766,45.0111083984375,41.1096076965332,43.28972244262695,41.43669891357422,38.832977294921875,40.52159881591797,37.947330474853516,36.24913787841797,38.07886505126953,36.400550842285156,34.65544509887695
0,-44.0,-96,20,13,123.43419647216797,118.34272003173828,118.56221771240234,114.8651351928711,110.11357879638672,104.48445129394531,102.303466796875,99.02020263671875,94.02127075195312,92.6552734375,90.44335174560547,87.132080078125,85.23497009277344,79.75587463378906,77.89736938476562,77.89736938476562,74.24958038330078,71.58910369873047,70.7742919921875,68.94200134277344,68.54196166992188,65.92420196533203,66.73080444335938,65.52098846435547,65.14598846435547,64.19501495361328,61.6846809387207,61.032779693603516,59.80802536010742,61.032779693603516,58.872745513916016,58.30952072143555,58.600341796875,57.706153869628906,54.708316802978516,54.708316802978516,52.47856521606445,51.03919982910156,50.0,48.41487503051758,48.79549026489258,46.010868072509766,45.27692413330078,43.27817153930664,43.5660400390625,39.4461669921875,43.416587829589844,39.924930572509766,40.52159881591797,40.26164245605469,38.327537536621094,38.05259704589844
0,-44.0,-96,20,12,117.17507934570312,114.28472900390625,112.36102294921875,107.00466918945312,105.36128234863281,100.0,98.37174224853516,92.34716796875,90.75791931152344,86.97700500488281,87.31552124023438,83.38465118408203,79.84986114501953,78.0,75.23961639404297,73.34848022460938,70.23532104492188,67.11929321289062,67.23094177246094,67.23094177246094,63.631752014160156,64.66065216064453,61.587337493896484,61.61168670654297,61.61168670654297,61.29437255859375,59.64059066772461,59.90826416015625,57.982757568359375,56.603885650634766,55.56977462768555,56.82429122924805,55.4707145690918,54.5618896484375,52.92447280883789,51.62363815307617,51.26402282714844,49.04079818725586,47.07440948486328,46.87216567993164,44.40720748901367,44.18144226074219,44.04542922973633,41.01219177246094,41.1096076965332,39.458839416503906,39.051246643066406,39.560081481933594,39.924930572509766,36.67424011230469,36.359317779541016,36.12478256225586
0,-44.0,-96,20,13,124.88794708251953,123.06502532958984,117.54573822021484,115.15641784667969,110.30865478515625,111.61540985107422,101.76934814453125,100.08995819091797,98.4327163696289,92.35800170898438,92.97311401367188,88.8875732421875,84.89994049072266,82.46211242675781,81.25269317626953,77.87811279296875,76.68767547607422,72.18032836914062,71.70076751708984,69.58448028564453,68.4689712524414,68.4689712524414,65.27633666992188,67.11929321289062,65.0691909790039,64.19501495361328,64.19501495361328,64.19501495361328,64.19501495361328,61.29437255859375,59.53990173339844,61.814239501953125,60.41522979736328,57.9741325378418,58.24087905883789,56.32051086425781,55.973209381103516,52.55473327636719,52.92447280883789,50.08992004394531,47.41307830810547,50.2493782043457,46.615447998046875,45.45327377319336,43.931766510009766,42.44997024536133,41.86884307861328,43.5660400390625,40.8166618347168,43.382022857666016,37.6961555480957,39.051246643066406
0,-44.0,-96,20,13,122.00409698486328,115.9482650756836,117.15374755859375,109.3846435546875,109.1421127319336,102.39140319824219,102.39140319824219,95.34149169921875,94.72592163085938,90.60904693603516,89.26925659179688,83.72574615478516,83.48652648925781,78.31346893310547,75.23961639404297,77.10382843017578,73.00685119628906,73.0,68.02940368652344,68.00735473632812,66.00757598876953,67.06713104248047,66.12110137939453,64.28063201904297,63.28506851196289,63.19810104370117,63.3876953125,62.28964614868164,59.13543701171875,62.12889862060547,56.035701751708984,57.00876998901367,58.00862121582031,56.080299377441406,55.081756591796875,55.44366455078125,52.611785888671875,49.81967544555664,48.764739990234375,46.840152740478516,48.703182220458984,44.384681701660156,46.51881408691406,42.05948257446289,39.96248245239258,41.400482177734375,43.27817153930664,39.623226165771484,40.360870361328125,39.408119201660156,36.8917350769043,35.34119415283203
0,-44.0,-96,20,12,118.68024444580078,112.08924865722656,114.7911148071289,107.85638427734375,105.6503677368164,99.32774353027344,97.08243560791016,92.35800170898438,90.82400512695312,88.60022735595703,86.72946166992188,83.00602722167969,80.23091888427734,74.6860122680664,73.34848022460938,72.71863555908203,68.79679870605469,69.1158447265625,67.11929321289062,64.40496826171875,63.82006072998047,63.60031509399414,63.411354064941406,62.481998443603516,62.62587356567383,60.4400520324707,60.4400520324707,59.66573715209961,58.41232681274414,59.66573715209961,54.4058837890625,57.42821502685547,54.918121337890625,54.708316802978516,53.712196350097656,53.23532485961914,50.56678771972656,49.24428939819336,47.75981521606445,45.54119110107422,46.840152740478516,44.384681701660156,44.55333709716797,42.42640686035156,41.04875183105469,42.0,40.04996871948242,40.199501037597656,41.0,38.60051727294922,36.769554138183594,34.98571014404297
0,-44.0,-96,19,19,131.5294647216797,119.03781127929688,120.10411834716797,117.0042724609375,114.40279388427734,109.22454071044922,104.89041900634766,99.2471694946289,95.7757797241211,95.0,89.40357971191406,86.02325439453125,86.83892822265625,83.21658325195312,80.4549560546875,78.23043060302734,75.47184753417969,71.19690704345703,72.4706802368164,72.4706802368164,69.35416412353516,69.77105712890625,65.29930877685547,66.70832061767578,66.30987548828125,65.79513549804688,64.40496826171875,64.41273498535156,63.50590515136719,59.9416389465332,59.16925048828125,61.91122817993164,59.64059066772461,56.61272048950195,56.080299377441406,57.384666442871094,55.17245864868164,53.075416564941406,52.40229034423828,51.22499465942383,49.648765563964844,48.02082824707031,47.50789260864258,44.72135925292969,45.694637298583984,43.011627197265625,43.17406463623047,42.296573638916016,41.1096076965332,40.0,40.199501037597656,40.79215621948242
0,-44.0,-96,20,12,118.00423431396484,117.20068359375,110.42192077636719,109.20164489746094,100.42410278320312,99.4032211303711,97.80081939697266,93.23625946044922,91.43850708007812,84.38601684570312,83.24061584472656,82.134033203125,79.90619659423828,78.49203491210938,75.00666809082031,71.58910369873047,73.0,66.70832061767578,68.00735473632812,66.0302963256836,64.40496826171875,65.45991516113281,61.61168670654297,61.587337493896484,62.12889862060547,60.74536895751953,60.20797348022461,58.52349853515625,58.52349853515625,56.859474182128906,57.20139694213867,56.40035629272461,56.85068130493164,55.226806640625,54.488529205322266,51.62363815307617,48.91830062866211,48.27007293701172,49.81967544555664,48.82622146606445,45.79301071166992,46.52956008911133,44.29446792602539,42.154476165771484,41.43669891357422,39.293766021728516,40.79215621948242,38.327537536621094,38.05259704589844,37.0,37.2155876159668,37.10795211791992
0,-44.0,-96,20,12,119.36917877197266,115.24755859375,112.92918395996094,108.93116760253906,106.32027435302734,100.68763732910156,98.67117309570312,94.86833190917969,92.35800170898438,89.1964111328125,87.59566497802734,84.50444030761719,83.00602722167969,78.39005279541016,75.1531753540039,74.24284362792969,71.58910369873047,69.35416412353516,66.73080444335938,67.41661834716797,67.41661834716797,66.2872543334961,64.8999252319336,64.8999252319336,63.82006072998047,61.61168670654297,61.61168670654297,61.61168670654297,58.24946212768555,59.36328887939453,57.982757568359375,56.603885650634766,56.4358024597168,55.4707145690918,53.22593307495117,54.625999450683594,51.62363815307617,51.244510650634766,48.50773239135742,47.29693603515625,46.097721099853516,45.54119110107422,44.18144226074219,43.011627197265625,43.0,42.19004440307617,41.43669891357422,39.623226165771484,40.26164245605469,39.0,38.470767974853516,35.0
0,-44.0,-96,20,12,118.86967468261719,111.80339813232422,112.43220520019531,109.65856170654297,104.66136169433594,102.53292083740234,98.2903823852539,92.6336898803711,91.21951293945312,87.04596710205078,85.70297241210938,82.2192153930664,80.43009185791016,78.00640869140625,74.20242309570312,73.81734466552734,69.89277648925781,68.50547790527344,68.09552001953125,68.09552001953125,65.3681869506836,62.60990524291992,62.17716598510742,62.64982223510742,61.741397857666016,61.269893646240234,61.269893646240234,60.835845947265625,58.5918083190918,56.82429122924805,57.30619430541992,57.80138397216797,56.080299377441406,54.08327102661133,52.201534271240234,52.009613037109375,51.7397346496582,48.83646011352539,48.08325958251953,46.69047164916992,45.607017517089844,45.80392837524414,43.8292121887207,43.046485900878906,41.59326934814453,40.853397369384766,39.217342376708984,40.26164245605469,38.832977294921875,37.121421813964844,37.0,36.22154235839844
0,-44.0,-96,21,8,116.34861755371094,116.43023681640625,111.44953918457031,110.36756896972656,101.49384307861328,102.48902130126953,96.87621307373047,95.03683471679688,90.79647827148438,86.97700500488281,85.32877349853516,83.54639434814453,79.07591247558594,78.33900451660156,75.28611755371094,72.12489318847656,71.47027587890625,68.94925689697266,66.85057830810547,65.39112854003906,64.47480010986328,63.976558685302734,62.2414665222168,62.169124603271484,62.60990524291992,61.269893646240234,62.60990524291992,58.13776779174805,59.50630187988281,57.697486877441406,58.694122314453125,54.625999450683594,54.7813835144043,54.424259185791016,53.16013717651367,50.695167541503906,49.81967544555664,50.80354309082031,48.3735466003418,47.16990661621094,46.010868072509766,45.0111083984375,41.1096076965332,43.28972244262695,41.43669891357422,38.832977294921875,40.52159881591797,37.947330474853516,36.24913787841797,38.07886505126953,36.400550842285156,34.65544509887695
0,-44.0,-96,20,13,123.43419647216797,118.34272003173828,118.56221771240234,114.8651351928711,110.11357879638672,104.48445129394531,102.303466796875,99.02020263671875,94.02127075195312,92.6552734375,90.44335174560547,87.132080078125,85.23497009277344,79.75587463378906,77.89736938476562,77.89736938476562,74.24958038330078,71.58910369873047,70.7742919921875,68.94200134277344,68.54196166992188,65.92420196533203,66.73080444335938,65.52098846435547,65.14598846435547,64.19501495361328,61.6846809387207,61.032779693603516,59.80802536010742,61.032779693603516,58.872745513916016,58.30952072143555,58.600341796875,57.706153869628906,54.708316802978516,54.708316802978516,52.47856521606445,51.03919982910156,50.0,48.41487503051758,48.79549026489258,46.010868072509766,45.27692413330078,43.27817153930664,43.5660400390625,39.4461669921875,43.416587829589844,39.924930572509766,40.52159881591797,40.26164245605469,38.327537536621094,38.05259704589844
0,-44.0,-96,20,12,117.17507934570312,114.28472900390625,112.36102294921875,107.00466918945312,105.36128234863281,100.0,98.37174224853516,92.34716796875,90.75791931152344,86.97700500488281,87.31552124023438,83.38465118408203,79.84986114501953,78.0,75.23961639404297,73.34848022460938,70.23532104492188,67.11929321289062,67.23094177246094,67.23094177246094,63.631752014160156,64.66065216064453,61.587337493896484,61.61168670654297,61.61168670654297,61.29437255859375,59.64059066772461,59.90826416015625,57.982757568359375,56.603885650634766,55.56977462768555,56.82429122924805,55.4707145690918,54.5618896484375,52.92447280883789,51.62363815307617,51.26402282714844,49.04079818725586,47.07440948486328,46.87216567993164,44.40720748901367,44.18144226074219,44.04542922973633,41.01219177246094,41.1096076965332,39.458839416503906,39.051246643066406,39.560081481933594,39.924930572509766,36.67424011230469,36.359317779541016,36.12478256225586
0,-44.0,-96,20,13,124.88794708251953,123.06502532958984,117.54573822021484,115.15641784667969,110.30865478515625,111.61540985107422,101.76934814453125,100.08995819091797,98.4327163696289,92.35800170898438,92.97311401367188,88.8875732421875,84.89994049072266,82.46211242675781,81.25269317626953,77.87811279296875,76.68767547607422,72.18032836914062,71.70076751708984,69.58448028564453,68.4689712524414,68.4689712524414,65.27633666992188,67.11929321289062,65.0691909790039,64.19501495361328,64.19501495361328,64.19501495361328,64.19501495361328,61.29437255859375,59.53990173339844,61.814239501953125,60.41522979736328,57.9741325378418,58.24087905883789,56.32051086425781,55.973209381103516,52.55473327636719,52.92447280883789,50.08992004394531,47.41307830810547,50.2493782043457,46.615447998046875,45.45327377319336,43.931766510009766,42.44997024536133,41.86884307861328,43.5660400390625,40.8166618347168,43.382022857666016,37.6961555480957,39.051246643066406
0,-44.0,-96,20,13,122.00409698486328,115.9482650756836,117.15374755859375,109.3846435546875,109.1421127319336,102.39140319824219,102.39140319824219,95.34149169921875,94.72592163085938,90.60904693603516,89.26925659179688,83.72574615478516,83.48652648925781,78.31346893310547,75.23961639404297,77.10382843017578,73.00685119628906,73.0,68.02940368652344,68.00735473632812,66.00757598876953,67.06713104248047,66.12110137939453,64.28063201904297,63.28506851196289,63.19810104370117,63.3876953125,62.28964614868164,59.13543701171875,62.12889862060547,56.035701751708984,57.00876998901367,58.00862121582031,56.080299377441406,55.081756591796875,55.44366455078125,52.611785888671875,49.81967544555664,48.764739990234375,46.840152740478516,48.703182220458984,44.384681701660156,46.51881408691406,42.05948257446289,39.96248245239258,41.400482177734375,43.27817153930664,39.623226165771484,40.360870361328125,39.408119201660156,36.8917350769043,35.34119415283203
0,-44.0,-96,20,12,118.68024444580078,112.08924865722656,114.7911148071289,107.85638427734375,105.6503677368164,99.32774353027344,97.08243560791016,92.35800170898438,90.82400512695312,88.60022735595703,86.72946166992188,83.00602722167969,80.23091888427734,74.6860122680664,73.34848022460938,72.71863555908203,68.79679870605469,69.1158447265625,67.11929321289062,64.40496826171875,63.82006072998047,63.60031509399414,63.411354064941406,62.481998443603516,62.62587356567383,60.4400520324707,60.4400520324707,59.66573715209961,58.41232681274414,59.66573715209961,54.4058837890625,57.42821502685547,54.918121337890625,54.708316802978516,53.712196350097656,53.23532485961914,50.56678771972656,49.24428939819336,47.75981521606445,45.54119110107422,46.840152740478516,44.384681701660156,44.55333709716797,42.42640686035156,41.04875183105469,42.0,40.04996871948242,40.199501037597656,41.0,38.60051727294922,36.769554138183594,34.98571014404297
0,-44.0,-96,19,19,131.5294647216797,119.03781127929688,120.10411834716797,117.0042724609375,114.40279388427734,109.22454071044922,104.89041900634766,99.2471694946289,95.7757797241211,95.0,89.40357971191406,86.02325439453125,86.83892822265625,83.21658325195312,80.4549560546875,78.23043060302734,75.47184753417969,71.19690704345703,72.4706802368164,72.4706802368164,69.35416412353516,69.77105712890625,65.29930877685547,66.70832061767578,66.30987548828125,65.79513549804688,64.40496826171875,64.41273498535156,63.50590515136719,59.9416389465332,59.16925048828125,61.91122817993164,59.64059066772461,56.61272048950195,56.080299377441406,57.384666442871094,55.17245864868164,53.075416564941406,52.40229034423828,51.22499465942383,49.648765563964844,48.02082824707031,47.50789260864258,44.72135925292969,45.694637298583984,43.011627197265625,43.17406463623047,42.296573638916016,41.1096076965332,40.0,40.199501037597656,40.79215621948242
0,-44.0,-96,20,12,118.00423431396484,117.20068359375,110.42192077636719,109.20164489746094,100.42410278320312,99.4032211303711,97.80081939697266,93.23625946044922,91.43850708007812,84.38601684570312,83.24061584472656,82.134033203125,79.90619659423828,78.49203491210938,75.00666809082031,71.58910369873047,73.0,66.70832061767578,68.00735473632812,66.0302963256836,64.40496826171875,65.45991516113281,61.61168670654297,61.587337493896484,62.12889862060547,60.74536895751953,60.20797348022461,58.52349853515625,58.52349853515625,56.859474182128906,57.20139694213867,56.40035629272461,56.85068130493164,55.226806640625,54.488529205322266,51.62363815307617,48.91830062866211,48.27007293701172,49.81967544555664,48.82622146606445,45.79301071166992,46.52956008911133,44.29446792602539,42.154476165771484,41.43669891357422,39.293766021728516,40.79215621948242,38.327537536621094,38.05259704589844,37.0,37.2155876159668,37.10795211791992
0,-44.0,-96,20,12,119.36917877197266,115.24755859375,112.92918395996094,108.93116760253906,106.32027435302734,100.68763732910156,98.67117309570312,94.86833190917969,92.35800170898438,89.1964111328125,87.59566497802734,84.50444030761719,83.00602722167969,78.39005279541016,75.1531753540039,74.24284362792969,71.58910369873047,69.35416412353516,66.73080444335938,67.41661834716797,67.41661834716797,66.2872543334961,64.8999252319336,64.8999252319336,63.82006072998047,61.61168670654297,61.61168670654297,61.61168670654297,58.24946212768555,59.36328887939453,57.982757568359375,56.603885650634766,56.4358024597168,55.4707145690918,53.22593307495117,54.625999450683594,51.62363815307617,51.244510650634766,48.50773239135742,47.29693603515625,46.097721099853516,45.54119110107422,44.18144226074219,43.011627197265625,43.0,42.19004440307617,41.43669891357422,39.623226165771484,40.26164245605469,39.0,38.470767974853516,35.0
0,-44.0,-96,20,12,118.86967468261719,111.80339813232422,112.43220520019531,109.65856170654297,104.66136169433594,102.53292083740234,98.2903823852539,92.6336898803711,91.21951293945312,87.04596710205078,85.70297241210938,82.2192153930664,80.43009185791016,78.00640869140625,74.20242309570312,73.81734466552734,69.89277648925781,68.50547790527344,68.09552001953125,68.09552001953125,65.3681869506836,62.60990524291992,62.17716598510742,62.64982223510742,61.741397857666016,61.269893646240234,61.269893646240234,60.835845947265625,58.5918083190918,56.82429122924805,57.30619430541992,57.80138397216797,56.080299377441406,54.08327102661133,52.201534271240234,52.009613037109375,51.7397346496582,48.83646011352539,48.08325958251953,46.69047164916992,45.607017517089844,45.80392837524414,43.8292121887207,43.046485900878906,41.59326934814453,40.853397369384766,39.217342376708984,40.26164245605469,38.832977294921875,37.121421813964844,37.0,36.22154235839844
0,-44.0,-96,21,8,116.34861755371094,116.43023681640625,111.44953918457031,110.36756896972656,101.49384307861328,102.48902130126953,96.87621307373047,95.03683471679688,90.79647827148438,86.97700500488281,85.32877349853516,83.54639434814453,79.07591247558594,78.33900451660156,75.28611755371094,72.12489318847656,71.47027587890625,68.94925689697266,66.85057830810547,65.39112854003906,64.47480010986328,63.976558685302734,62.2414665222168,62.169124603271484,62.60990524291992,61.269893646240234,62.60990524291992,58.13776779174805,59.50630187988281,57.697486877441406,58.694122314453125,54.625999450683594,54.7813835144043,54.424259185791016,53.16013717651367,50.695167541503906,49.81967544555664,50.80354309082031,48.3735466003418,47.16990661621094,46.010868072509766,45.0111083984375,41.1096076965332,43.28972244262695,41.43669891357422,38.832977294921875,40.52159881591797,37.947330474853516,36.24913787841797,38.07886505126953,36.400550842285156,34.65544509887695
0,-44.0,-96,20,13,123.43419647216797,118.34272003173828,118.56221771240234,114.8651351928711,110.11357879638672,104.48445129394531,102.303466796875,99.02020263671875,94.02127075195312,92.6552734375,90.44335174560547,87.132080078125,85.23497009277344,79.75587463378906,77.89736938476562,77.89736938476562,74.24958038330078,71.58910369873047,70.7742919921875,68.94200134277344,68.54196166992188,65.92420196533203,66.73080444335938,65.52098846435547,65.14598846435547,64.19501495361328,61.6846809387207,61.032779693603516,59.80802536010742,61.032779693603516,58.872745513916016,58.30952072143555,58.600341796875,57.706153869628906,54.708316802978516,54.708316802978516,52.47856521606445,51.03919982910156,50.0,48.41487503051758,48.79549026489258,46.010868072509766,45.27692413330078,43.27817153930664,43.5660400390625,39.4461669921875,43.416587829589844,39.924930572509766,40.52159881591797,40.26164245605469,38.327537536621094,38.05259704589844
0,-44.0,-96,20,12,117.17507934570312,114.28472900390625,112.36102294921875,107.00466918945312,105.36128234863281,100.0,98.37174224853516,92.34716796875,90.75791931152344,86.97700500488281,87.31552124023438,83.38465118408203,79.84986114501953,78.0,75.23961639404297,73.34848022460938,70.23532104492188,67.11929321289062,67.23094177246094,67.23094177246094,63.631752014160156,64.66065216064453,61.587337493896484,61.61168670654297,61.61168670654297,61.29437255859375,59.64059066772461,59.90826416015625,57.982757568359375,56.603885650634766,55.56977462768555,56.82429122924805,55.4707145690918,54.5618896484375,52.92447280883789,51.62363815307617,51.26402282714844,49.04079818725586,47.07440948486328,46.87216567993164,44.40720748901367,44.18144226074219,44.04542922973633,41.01219177246094,41.1096076965332,39.458839416503906,39.051246643066406,39.560081481933594,39.924930572509766,36.67424011230469,36.359317779541016,36.12478256225586
0,-44.0,-96,20,13,124.88794708251953,123.06502532958984,117.54573822021484,115.15641784667969,110.30865478515625,111.61540985107422,101.76934814453125,100.08995819091797,98.4327163696289,92.35800170898438,92.97311401367188,88.8875732421875,84.89994049072266,82.46211242675781,81.25269317626953,77.87811279296875,76.68767547607422,72.18032836914062,71.70076751708984,69.58448028564453,68.4689712524414,68.4689712524414,65.27633666992188,67.11929321289062,65.0691909790039,64.19501495361328,64.19501495361328,64.19501495361328,64.19501495361328,61.29437255859375,59.53990173339844,61.814239501953125,60.41522979736328,57.9741325378418,58.24087905883789,56.32051086425781,55.973209381103516,52.55473327636719,52.92447280883789,50.08992004394531,47.41307830810547,50.2493782043457,46.615447998046875,45.45327377319336,43.931766510009766,42.44997024536133,41.86884307861328,43.5660400390625,40.8166618347168,43.382022857666016,37.6961555480957,39.051246643066406
0,-44.0,-96,20,13,122.00409698486328,115.9482650756836,117.15374755859375,109.3846435546875,109.1421127319336,102.39140319824219,102.39140319824219,95.34149169921875,94.72592163085938,90.60904693603516,89.26925659179688,83.72574615478516,83.48652648925781,78.31346893310547,75.23961639404297,77.10382843017578,73.00685119628906,73.0,68.02940368652344,68.00735473632812,66.00757598876953,67.06713104248047,66.12110137939453,64.28063201904297,63.28506851196289,63.19810104370117,63.3876953125,62.28964614868164,59.13543701171875,62.12889862060547,56.035701751708984,57.00876998901367,58.00862121582031,56.080299377441406,55.081756591796875,55.44366455078125,52.611785888671875,49.81967544555664,48.764739990234375,46.840152740478516,48.703182220458984,44.384681701660156,46.51881408691406,42.05948257446289,39.96248245239258,41.400482177734375,43.27817153930664,39.623226165771484,40.360870361328125,39.408119201660156,36.8917350769043,35.34119415283203
0,-44.0,-96,20,12,118.68024444580078,112.08924865722656,114.7911148071289,107.85638427734375,105.6503677368164,99.32774353027344,97.08243560791016,92.35800170898438,90.82400512695312,88.60022735595703,86.72946166992188,83.00602722167969,80.23091888427734,74.6860122680664,73.34848022460938,72.71863555908203,68.79679870605469,69.1158447265625,67.11929321289062,64.40496826171875,63.82006072998047,63.60031509399414,63.411354064941406,62.481998443603516,62.62587356567383,60.4400520324707,60.4400520324707,59.66573715209961,58.41232681274414,59.66573715209961,54.4058837890625,57.42821502685547,54.918121337890625,54.708316802978516,53.712196350097656,53.23532485961914,50.56678771972656,49.24428939819336,47.75981521606445,45.54119110107422,46.840152740478516,44.384681701660156,44.55333709716797,42.42640686035156,41.04875183105469,42.0,40.04996871948242,40.199501037597656,41.0,38.60051727294922,36.769554138183594,34.98571014404297
0,-44.0,-96,19,19,131.5294647216797,119.03781127929688,120.10411834716797,117.0042724609375,114.40279388427734,109.22454071044922,104.89041900634766,99.2471694946289,95.7757797241211,95.0,89.40357971191406,86.02325439453125,86.83892822265625,83.21658325195312,80.4549560546875,78.23043060302734,75.47184753417969,71.19690704345703,72.4706802368164,72.4706802368164,69.35416412353516,69.77105712890625,65.29930877685547,66.70832061767578,66.30987548828125,65.79513549804688,64.40496826171875,64.41273498535156,63.50590515136719,59.9416389465332,59.16925048828125,61.91122817993164,59.64059066772461,56.61272048950195,56.080299377441406,57.384666442871094,55.17245864868164,53.075416564941406,52.40229034423828,51.22499465942383,49.648765563964844,48.02082824707031,47.50789260864258,44.72135925292969,45.694637298583984,43.011627197265625,43.17406463623047,42.296573638916016,41.1096076965332,40.0,40.199501037597656,40.79215621948242
0,-44.0,-96,20,12,118.00423431396484,117.20068359375,110.42192077636719,109.20164489746094,100.42410278320312,99.4032211303711,97.80081939697266,93.23625946044922,91.43850708007812,84.38601684570312,83.24061584472656,82.134033203125,79.90619659423828,78.49203491210938,75.00666809082031,71.58910369873047,73.0,66.70832061767578,68.00735473632812,66.0302963256836,64.40496826171875,65.45991516113281,61.61168670654297,61.587337493896484,62.12889862060547,60.74536895751953,60.20797348022461,58.52349853515625,58.52349853515625,56.859474182128906,57.20139694213867,56.40035629272461,56.85068130493164,55.226806640625,54.488529205322266,51.62363815307617,48.91830062866211,48.27007293701172,49.81967544555664,48.82622146606445,45.79301071166992,46.52956008911133,44.29446792602539,42.154476165771484,41.43669891357422,39.293766021728516,40.79215621948242,38.327537536621094,38.05259704589844,37.0,37.2155876159668,37.10795211791992
0,-44.0,-96,20,12,119.36917877197266,115.24755859375,112.92918395996094,108.93116760253906,106.32027435302734,100.68763732910156,98.67117309570312,94.86833190917969,92.35800170898438,89.1964111328125,87.59566497802734,84.50444030761719,83.00602722167969,78.39005279541016,75.1531753540039,74.24284362792969,71.58910369873047,69.35416412353516,66.73080444335938,67.41661834716797,67.41661834716797,66.2872543334961,64.8999252319336,64.8999252319336,63.82006072998047,61.61168670654297,61.61168670654297,61.61168670654297,58.24946212768555,59.36328887939453,57.982757568359375,56.603885650634766,56.4358024597168,55.4707145690918,53.22593307495117,54.625999450683594,51.62363815307617,51.244510650634766,48.50773239135742,47.29693603515625,46.097721099853516,45.54119110107422,44.18144226074219,43.011627197265625,43.0,42.19004440307617,41.43669891357422,39.623226165771484,40.26164245605469,39.0,38.470767974853516,35.0
0,-44.0,-96,20,12,118.86967468261719,111.80339813232422,112.43220520019531,109.65856170654297,104.66136169433594,102.53292083740234,98.2903823852539,92.6336898803711,91.21951293945312,87.04596710205078,85.70297241210938,82.2192153930664,80.43009185791016,78.00640869140625,74.20242309570312,73.81734466552734,69.89277648925781,68.50547790527344,68.09552001953125,68.09552001953125,65.3681869506836,62.60990524291992,62.17716598510742,62.64982223510742,61.741397857666016,61.269893646240234,61.269893646240234,60.835845947265625,58.5918083190918,56.82429122924805,57.30619430541992,57.80138397216797,56.080299377441406,54.08327102661133,52.201534271240234,52.009613037109375,51.7397346496582,48.83646011352539,48.08325958251953,46.69047164916992,45.607017517089844,45.80392837524414,43.8292121887207,43.046485900878906,41.59326934814453,40.853397369384766,39.217342376708984,40.26164245605469,38.832977294921875,37.121421813964844,37.0,36.22154235839844
0,-44.0,-96,21,8,116.34861755371094,116.43023681640625,111.44953918457031,110.36756896972656,101.49384307861328,102.48902130126953,96.87621307373047,95.03683471679688,90.79647827148438,86.97700500488281,85.32877349853516,83.54639434814453,79.07591247558594,78.33900451660156,75.28611755371094,72.12489318847656,71.47027587890625,68.94925689697266,66.85057830810547,65.39112854003906,64.47480010986328,63.976558685302734,62.2414665222168,62.169124603271484,62.60990524291992,61.269893646240234,62.60990524291992,58.13776779174805,59.50630187988281,57.697486877441406,58.694122314453125,54.625999450683594,54.7813835144043,54.424259185791016,53.16013717651367,50.695167541503906,49.81967544555664,50.80354309082031,48.3735466003418,47.16990661621094,46.010868072509766,45.0111083984375,41.1096076965332,43.28972244262695,41.43669891357422,38.832977294921875,40.52159881591797,37.947330474853516,36.24913787841797,38.07886505126953,36.400550842285156,34.65544509887695
0,-44.0,-96,20,13,123.43419647216797,118.34272003173828,118.56221771240234,114.8651351928711,110.11357879638672,104.48445129394531,102.303466796875,99.02020263671875,94.02127075195312,92.6552734375,90.44335174560547,87.132080078125,85.23497009277344,79.75587463378906,77.89736938476562,77.89736938476562,74.24958038330078,71.58910369873047,70.7742919921875,68.94200134277344,68.54196166992188,65.92420196533203,66.73080444335938,65.52098846435547,65.14598846435547,64.19501495361328,61.6846809387207,61.032779693603516,59.80802536010742,61.032779693603516,58.872745513916016,58.30952072143555,58.600341796875,57.706153869628906,54.708316802978516,54.708316802978516,52.47856521606445,51.03919982910156,50.0,48.41487503051758,48.79549026489258,46.010868072509766,45.27692413330078,43.27817153930664,43.5660400390625,39.4461669921875,43.416587829589844,39.924930572509766,40.52159881591797,40.26164245605469,38.327537536621094,38.05259704589844
0,-44.0,-96,20,12,117.17507934570312,114.28472900390625,112.36102294921875,107.00466918945312,105.36128234863281,100.0,98.37174224853516,92.34716796875,90.75791931152344,86.97700500488281,87.31552124023438,83.38465118408203,79.84986114501953,78.0,75.23961639404297,73.34848022460938,70.23532104492188,67.11929321289062,67.23094177246094,67.23094177246094,63.631752014160156,64.66065216064453,61.587337493896484,61.61168670654297,61.61168670654297,61.29437255859375,59.64059066772461,59.90826416015625,57.982757568359375,56.603885650634766,55.56977462768555,56.82429122924805,55.4707145690918,54.5618896484375,52.92447280883789,51.62363815307617,51.26402282714844,49.04079818725586,47.07440948486328,46.87216567993164,44.40720748901367,44.18144226074219,44.04542922973633,41.01219177246094,41.1096076965332,39.458839416503906,39.051246643066406,39.560081481933594,39.924930572509766,36.67424011230469,36.359317779541016,36.12478256225586
0,-44.0,-96,20,13,124.88794708251953,123.06502532958984,117.54573822021484,115.15641784667969,110.30865478515625,111.61540985107422,101.76934814453125,100.08995819091797,98.4327163696289,92.35800170898438,92.97311401367188,88.8875732421875,84.89994049072266,82.46211242675781,81.25269317626953,77.87811279296875,76.68767547607422,72.18032836914062,71.70076751708984,69.58448028564453,68.4689712524414,68.4689712524414,65.27633666992188,67.11929321289062,65.0691909790039,64.19501495361328,64.19501495361328,64.19501495361328,64.19501495361328,61.29437255859375,59.53990173339844,61.814239501953125,60.41522979736328,57.9741325378418,58.24087905883789,56.32051086425781,55.973209381103516,52.55473327636719,52.92447280883789,50.08992004394531,47.41307830810547,50.2493782043457,46.615447998046875,45.45327377319336,43.931766510009766,42.44997024536133,41.86884307861328,43.5660400390625,40.8166618347168,43.382022857666016,37.6961555480957,39.051246643066406
0,-44.0,-96,20,13,122.00409698486328,115.9482650756836,117.15374755859375,109.3846435546875,109.1421127319336,102.39140319824219,102.39140319824219,95.34149169921875,94.72592163085938,90.60904693603516,89.26925659179688,83.72574615478516,83.48652648925781,78.31346893310547,75.23961639404297,77.10382843017578,73.00685119628906,73.0,68.02940368652344,68.00735473632812,66.00757598876953,67.06713104248047,66.12110137939453,64.28063201904297,63.28506851196289,63.19810104370117,63.3876953125,62.28964614868164,59.13543701171875,62.12889862060547,56.035701751708984,57.00876998901367,58.00862121582031,56.080299377441406,55.081756591796875,55.44366455078125,52.611785888671875,49.81967544555664,48.764739990234375,46.840152740478516,48.703182220458984,44.384681701660156,46.51881408691406,42.05948257446289,39.96248245239258,41.400482177734375,43.27817153930664,39.623226165771484,40.360870361328125,39.408119201660156,36.8917350769043,35.34119415283203
0,-44.0,-96,20,12,118.68024444580078,112.08924865722656,114.7911148071289,107.85638427734375,105.6503677368164,99.32774353027344,97.08243560791016,92.35800170898438,90.82400512695312,88.60022735595703,86.72946166992188,83.00602722167969,80.23091888427734,74.6860122680664,73.34848022460938,72.71863555908203,68.79679870605469,69.1158447265625,67.11929321289062,64.40496826171875,63.82006072998047,63.60031509399414,63.411354064941406,62.481998443603516,62.62587356567383,60.4400520324707,60.4400520324707,59.66573715209961,58.41232681274414,59.66573715209961,54.4058837890625,57.42821502685547,54.918121337890625,54.708316802978516,53.712196350097656,53.23532485961914,50.56678771972656,49.24428939819336,47.75981521606445,45.54119110107422,46.840152740478516,44.384681701660156,44.55333709716797,42.42640686035156,41.04875183105469,42.0,40.04996871948242,40.199501037597656,41.0,38.60051727294922,36.769554138183594,34.98571014404297
0,-44.0,-96,19,19,131.5294647216797,119.03781127929688,120.10411834716797,117.0042724609375,114.40279388427734,109.22454071044922,104.89041900634766,99.2471694946289,95.7757797241211,95.0,89.40357971191406,86.02325439453125,86.83892822265625,83.21658325195312,80.4549560546875,78.23043060302734,75.47184753417969,71.19690704345703,72.4706802368164,72.4706802368164,69.35416412353516,69.77105712890625,65.29930877685547,66.70832061767578,66.30987548828125,65.79513549804688,64.40496826171875,64.41273498535156,63.50590515136719,59.9416389465332,59.16925048828125,61.91122817993164,59.64059066772461,56.61272048950195,56.080299377441406,57.384666442871094,55.17245864868164,53.075416564941406,52.40229034423828,51.22499465942383,49.648765563964844,48.02082824707031,47.50789260864258,44.72135925292969,45.694637298583984,43.011627197265625,43.17406463623047,42.296573638916016,41.1096076965332,40.0,40.199501037597656,40.79215621948242
0,-44.0,-96,20,12,118.00423431396484,117.20068359375,110.42192077636719,109.20164489746094,100.42410278320312,99.4032211303711,97.80081939697266,93.23625946044922,91.43850708007812,84.38601684570312,83.24061584472656,82.134033203125,79.90619659423828,78.49203491210938,75.00666809082031,71.58910369873047,73.0,66.70832061767578,68.00735473632812,66.0302963256836,64.40496826171875,65.45991516113281,61.61168670654297,61.587337493896484,62.12889862060547,60.74536895751953,60.20797348022461,58.52349853515625,58.52349853515625,56.859474182128906,57.20139694213867,56.40035629272461,56.85068130493164,55.226806640625,54.488529205322266,51.62363815307617,48.91830062866211,48.27007293701172,49.81967544555664,48.82622146606445,45.79301071166992,46.52956008911133,44.29446792602539,42.154476165771484,41.43669891357422,39.293766021728516,40.79215621948242,38.327537536621094,38.05259704589844,37.0,37.2155876159668,37.10795211791992
0,-44.0,-96,20,12,119.36917877197266,115.24755859375,112.92918395996094,108.93116760253906,106.32027435302734,100.68763732910156,98.67117309570312,94.86833190917969,92.35800170898438,89.1964111328125,87.59566497802734,84.50444030761719,83.00602722167969,78.39005279541016,75.1531753540039,74.24284362792969,71.58910369873047,69.35416412353516,66.73080444335938,67.41661834716797,67.41661834716797,66.2872543334961,64.8999252319336,64.8999252319336,63.82006072998047,61.61168670654297,61.61168670654297,61.61168670654297,58.24946212768555,59.36328887939453,57.982757568359375,56.603885650634766,56.4358024597168,55.4707145690918,53.22593307495117,54.625999450683594,51.62363815307617,51.244510650634766,48.50773239135742,47.29693603515625,46.097721099853516,45.54119110107422,44.18144226074219,43.011627197265625,43.0,42.19004440307617,41.43669891357422,39.623226165771484,40.26164245605469,39.0,38.470767974853516,35.0
0,-44.0,-96,20,12,118.86967468261719,111.80339813232422,112.43220520019531,109.65856170654297,104.66136169433594,102.53292083740234,98.2903823852539,92.6336898803711,91.21951293945312,87.04596710205078,85.70297241210938,82.2192153930664,80.43009185791016,78.00640869140625,74.20242309570312,73.81734466552734,69.89277648925781,68.50547790527344,68.09552001953125,68.09552001953125,65.3681869506836,62.60990524291992,62.17716598510742,62.64982223510742,61.741397857666016,61.269893646240234,61.269893646240234,60.835845947265625,58.5918083190918,56.82429122924805,57.30619430541992,57.80138397216797,56.080299377441406,54.08327102661133,52.201534271240234,52.009613037109375,51.7397346496582,48.83646011352539,48.08325958251953,46.69047164916992,45.607017517089844,45.80392837524414,43.8292121887207,43.046485900878906,41.59326934814453,40.853397369384766,39.217342376708984,40.26164245605469,38.832977294921875,37.121421813964844,37.0,36.22154235839844
