timestamp,rssi,noise_floor,agc_gain,fft_gain,subcarrier_0,subcarrier_1,subcarrier_2,subcarrier_3,subcarrier_4,subcarrier_5,subcarrier_6,subcarrier_7,subcarrier_8,subcarrier_9,subcarrier_10,subcarrier_11,subcarrier_12,subcarrier_13,subcarrier_14,subcarrier_15,subcarrier_16,subcarrier_17,subcarrier_18,subcarrier_19,subcarrier_20,subcarrier_21,subcarrier_22,subcarrier_23,subcarrier_24,subcarrier_25,subcarrier_26,subcarrier_27,subcarrier_28,subcarrier_29,subcarrier_30,subcarrier_31,subcarrier_32,subcarrier_33,subcarrier_34,subcarrier_35,subcarrier_36,subcarrier_37,subcarrier_38,subcarrier_39,subcarrier_40,subcarrier_41,subcarrier_42,subcarrier_43,subcarrier_44,subcarrier_45,subcarrier_46,subcarrier_47,subcarrier_48,subcarrier_49,subcarrier_50,subcarrier_51
0,-50.0,-95,24,9,87.36132049560547,87.36132049560547,85.16454315185547,80.99382781982422,75.61084747314453,70.57620239257812,63.694583892822266,58.30952072143555,53.851646423339844,46.81879806518555,44.271888732910156,41.1096076965332,35.44009017944336,31.78049659729004,27.459060668945312,24.020824432373047,21.0,18.439088821411133,18.027755737304688,16.124515533447266,17.20465087890625,18.439088821411133,19.10497283935547,18.027755737304688,17.20465087890625,18.027755737304688,15.231546401977539,13.601470947265625,14.142135620117188,14.0,13.0,13.152946472167969,14.317821502685547,14.317821502685547,15.81138801574707,14.560219764709473,13.0,12.529964447021484,11.401754379272461,12.041594505310059,13.601470947265625,14.764822959899902,17.0880069732666,18.973665237426758,21.189620971679688,22.135944366455078,25.298221588134766,27.513633728027344,30.463092803955078,31.30495262145996,32.24903106689453,34.4093017578125
0,-50.0,-95,24,8,87.3670425415039,82.68010711669922,80.4549560546875,74.79304504394531,71.19690704345703,64.40496826171875,61.269893646240234,55.03635025024414,50.990196228027344,45.650848388671875,42.94182205200195,37.58989334106445,33.61547088623047,28.844409942626953,24.413110733032227,21.931713104248047,18.439088821411133,16.124515533447266,14.317821502685547,16.031219482421875,16.0,17.029386520385742,17.11724281311035,17.262676239013672,16.278820037841797,16.278820037841797,15.231546401977539,14.422204971313477,14.21267032623291,14.866068840026855,13.45362377166748,13.601470947265625,15.0,14.422204971313477,13.892443656921387,13.416407585144043,12.649110794067383,12.369317054748535,12.0,12.041594505310059,13.34166431427002,13.0,16.155494689941406,17.8885440826416,19.235383987426758,21.470911026000977,23.706539154052734,26.832815170288086,27.85677719116211,29.73213768005371,31.320919036865234,31.400636672973633
0,-50.0,-95,23,12,83.86298370361328,84.01190185546875,83.02409362792969,78.64476776123047,74.73285675048828,65.96968841552734,62.585941314697266,57.48912811279297,52.39274597167969,49.47726821899414,44.384681701660156,40.024993896484375,35.693138122558594,31.400636672973633,27.166154861450195,23.0,18.027755737304688,16.278820037841797,17.464248657226562,16.401220321655273,16.970561981201172,17.69180679321289,16.6433162689209,18.027755737304688,18.357559204101562,15.65247631072998,14.866068840026855,15.29705810546875,16.031219482421875,15.0,16.0,14.03566837310791,14.03566837310791,14.142135620117188,13.34166431427002,13.34166431427002,12.083045959472656,11.180339813232422,12.206555366516113,11.401754379272461,13.03840446472168,13.416407585144043,15.231546401977539,16.76305389404297,19.92485809326172,21.189620971679688,24.041629791259766,25.63201141357422,27.312999725341797,30.4138126373291,31.38471031188965,32.015621185302734
0,-50.0,-95,23,13,89.3756103515625,85.70297241210938,82.2192153930664,78.49203491210938,73.53910827636719,67.26811981201172,60.20797348022461,56.080299377441406,51.7397346496582,46.69047164916992,42.52058410644531,38.897300720214844,33.241539001464844,29.068883895874023,25.612497329711914,21.63330841064453,19.697715759277344,16.492422103881836,17.0,17.262676239013672,18.439088821411133,18.973665237426758,18.973665237426758,17.8885440826416,18.357559204101562,17.8885440826416,15.81138801574707,15.55634880065918,15.0,15.0,14.764822959899902,15.65247631072998,14.866068840026855,15.231546401977539,14.560219764709473,13.34166431427002,13.03840446472168,13.0,12.041594505310059,12.649110794067383,13.416407585144043,14.764822959899902,17.20465087890625,18.439088821411133,19.84943389892578,22.803508758544922,25.0,28.017850875854492,28.017850875854492,31.38471031188965,33.541019439697266,33.241539001464844
0,-50.0,-95,23,12,90.27181243896484,85.91275024414062,82.134033203125,80.62257385253906,72.83543395996094,67.20863342285156,61.52235412597656,56.56854248046875,51.6623649597168,46.69047164916992,43.13930892944336,38.94868469238281,33.970577239990234,30.479501724243164,25.806976318359375,22.825424194335938,19.313207626342773,17.262676239013672,16.0,18.11077117919922,17.262676239013672,17.72004508972168,18.027755737304688,17.464248657226562,17.0,16.124515533447266,14.866068840026855,13.45362377166748,13.601470947265625,13.416407585144043,13.0,13.0,13.928388595581055,14.317821502685547,14.317821502685547,14.03566837310791,14.0,12.0,12.369317054748535,11.704699516296387,13.416407585144043,15.0,16.278820037841797,18.439088821411133,20.615528106689453,21.260292053222656,24.083189010620117,27.658634185791016,27.80287742614746,30.805843353271484,31.764760971069336,33.105892181396484
0,-50.0,-95,24,8,87.31552124023438,84.50444030761719,79.84986114501953,75.58438873291016,71.11258697509766,65.30696868896484,60.373836517333984,55.009090423583984,50.537113189697266,44.72135925292969,42.04759216308594,38.07886505126953,33.105892181396484,28.792360305786133,25.0,22.360679626464844,20.0,17.029386520385742,15.524174690246582,16.155494689941406,14.764822959899902,16.401220321655273,17.029386520385742,16.278820037841797,16.278820037841797,15.81138801574707,14.764822959899902,12.649110794067383,13.34166431427002,13.152946472167969,13.03840446472168,14.0,14.142135620117188,13.03840446472168,14.142135620117188,13.152946472167969,13.34166431427002,11.704699516296387,10.816654205322266,12.727922439575195,12.727922439575195,15.0,16.124515533447266,17.8885440826416,18.788293838500977,21.470911026000977,24.59674835205078,26.832815170288086,27.784887313842773,29.681644439697266,30.610456466674805,31.11269760131836
0,-50.0,-95,23,12,86.28441619873047,81.54139709472656,80.99382781982422,76.02631378173828,71.40028381347656,63.411354064941406,59.81638717651367,54.037025451660156,51.22499465942383,47.01063537597656,42.01190185546875,37.80211639404297,33.60059356689453,29.681644439697266,25.05992889404297,21.931713104248047,17.72004508972168,14.03566837310791,14.03566837310791,14.866068840026855,15.231546401977539,16.6433162689209,15.81138801574707,17.029386520385742,16.278820037841797,14.866068840026855,14.422204971313477,14.764822959899902,13.928388595581055,12.649110794067383,14.317821502685547,14.03566837310791,15.033296585083008,14.0,14.0,13.03840446472168,12.041594505310059,12.369317054748535,13.0,13.03840446472168,14.21267032623291,14.21267032623291,17.804492950439453,17.20465087890625,20.248456954956055,22.472204208374023,23.853721618652344,26.62705421447754,28.42534065246582,31.11269760131836,32.557640075683594,33.60059356689453
0,-50.0,-95,24,9,84.0238037109375,84.09518432617188,84.0238037109375,80.3056640625,75.42546081542969,69.46221923828125,64.38167572021484,58.30952072143555,54.451812744140625,48.3735466003418,44.40720748901367,40.199501037597656,35.12833786010742,30.01666259765625,26.0,22.203603744506836,18.439088821411133,17.0,15.620499610900879,15.620499610900879,16.124515533447266,17.0,17.464248657226562,18.973665237426758,18.681541442871094,17.464248657226562,16.0,16.0,14.317821502685547,16.278820037841797,14.560219764709473,15.231546401977539,16.124515533447266,15.65247631072998,15.231546401977539,13.892443656921387,14.422204971313477,13.45362377166748,12.206555366516113,13.416407585144043,13.601470947265625,16.278820037841797,18.248287200927734,18.11077117919922,20.099750518798828,23.021728515625,26.019224166870117,29.154760360717773,30.4138126373291,32.98484420776367,32.572994232177734,34.1760139465332
0,-50.0,-95,23,11,84.87638092041016,79.32212829589844,79.07591247558594,73.9256362915039,69.83551788330078,61.29437255859375,58.66856002807617,52.35456085205078,48.764739990234375,45.650848388671875,40.31128692626953,34.98571014404297,31.906112670898438,27.20294189453125,23.430749893188477,19.84943389892578,16.6433162689209,16.155494689941406,15.132745742797852,15.0,16.0,18.027755737304688,17.262676239013672,16.76305389404297,16.76305389404297,16.155494689941406,15.264337539672852,13.601470947265625,14.142135620117188,14.142135620117188,13.601470947265625,14.422204971313477,13.892443656921387,12.529964447021484,15.231546401977539,13.34166431427002,13.34166431427002,11.045360565185547,11.0,11.045360565185547,13.34166431427002,13.416407585144043,15.231546401977539,16.6433162689209,18.867961883544922,21.40093421936035,23.853721618652344,25.553865432739258,26.925823211669922,29.96664810180664,30.463092803955078,31.320919036865234
0,-50.0,-95,23,12,90.60353088378906,86.60831451416016,83.40863037109375,79.32212829589844,73.7834701538086,67.74215698242188,63.631752014160156,57.80138397216797,52.47856521606445,46.3249397277832,43.90899658203125,39.11521530151367,33.60059356689453,31.240999221801758,26.172504425048828,22.022714614868164,19.416488647460938,17.464248657226562,17.11724281311035,17.0,18.027755737304688,18.248287200927734,16.278820037841797,17.72004508972168,18.681541442871094,15.81138801574707,13.892443656921387,14.21267032623291,13.45362377166748,13.601470947265625,13.03840446472168,14.764822959899902,14.866068840026855,14.866068840026855,12.649110794067383,12.369317054748535,12.165525436401367,12.0,12.041594505310059,12.369317054748535,13.0,14.422204971313477,16.6433162689209,17.804492950439453,19.84943389892578,22.022714614868164,25.0,28.017850875854492,28.301942825317383,30.4138126373291,32.202484130859375,32.893768310546875
0,-50.0,-95,23,12,86.55634307861328,84.2199478149414,81.46778869628906,77.077880859375,70.00714111328125,63.70243453979492,59.54829788208008,53.81449508666992,50.32891845703125,45.25483322143555,41.01219177246094,36.06937789916992,33.30165100097656,28.42534065246582,25.0,20.59126091003418,18.384777069091797,15.29705810546875,15.0,15.29705810546875,15.524174690246582,16.155494689941406,15.65247631072998,16.6433162689209,16.6433162689209,14.422204971313477,14.21267032623291,13.601470947265625,13.892443656921387,13.0,12.369317054748535,14.317821502685547,14.142135620117188,15.132745742797852,14.03566837310791,14.0,12.0,13.152946472167969,13.34166431427002,13.0,13.03840446472168,14.21267032623291,17.69180679321289,18.439088821411133,20.0,21.931713104248047,25.495098114013672,27.58622932434082,29.0,30.610456466674805,31.62277603149414,32.75667953491211
0,-50.0,-95,24,8,86.40023040771484,83.43260955810547,79.8122787475586,75.70997619628906,70.21395874023438,64.77654266357422,60.8276252746582,54.918121337890625,50.635955810546875,45.7055778503418,42.57933807373047,37.656341552734375,32.75667953491211,29.120439529418945,25.298221588134766,21.931713104248047,18.357559204101562,16.278820037841797,15.81138801574707,15.65247631072998,15.524174690246582,17.262676239013672,18.248287200927734,18.027755737304688,17.029386520385742,18.027755737304688,15.033296585083008,14.317821502685547,13.601470947265625,13.0,13.892443656921387,14.21267032623291,14.866068840026855,13.45362377166748,13.45362377166748,14.866068840026855,12.727922439575195,12.206555366516113,12.083045959472656,11.401754379272461,12.041594505310059,14.0,16.031219482421875,17.029386520385742,20.2237491607666,21.21320343017578,24.1867733001709,27.073972702026367,29.017236709594727,30.0,31.064449310302734,31.400636672973633
0,-50.0,-95,23,12,85.86617279052734,85.86617279052734,82.2800064086914,79.05693817138672,73.68174743652344,66.48307800292969,62.62587356567383,55.36244201660156,51.26402282714844,47.75981521606445,44.0113639831543,37.947330474853516,34.78505325317383,29.832868576049805,25.495098114013672,22.090721130371094,18.0,16.278820037841797,16.155494689941406,15.81138801574707,16.278820037841797,16.278820037841797,16.970561981201172,17.804492950439453,17.804492950439453,16.6433162689209,13.928388595581055,14.866068840026855,14.317821502685547,14.03566837310791,14.03566837310791,16.031219482421875,15.033296585083008,14.03566837310791,14.317821502685547,12.165525436401367,11.704699516296387,13.0,13.03840446472168,11.401754379272461,13.601470947265625,14.422204971313477,16.124515533447266,18.384777069091797,20.248456954956055,21.540658950805664,24.698177337646484,27.312999725341797,28.17800521850586,31.38471031188965,31.62277603149414,31.890438079833984
0,-50.0,-95,23,12,84.5280990600586,83.86298370361328,79.90619659423828,75.32595825195312,70.34912872314453,65.19202423095703,61.073726654052734,56.080299377441406,52.08646774291992,46.173583984375,42.10700607299805,38.327537536621094,34.2344856262207,29.42787742614746,24.515300750732422,21.189620971679688,17.464248657226562,15.81138801574707,14.21267032623291,15.65247631072998,15.231546401977539,16.492422103881836,16.492422103881836,17.11724281311035,18.027755737304688,17.0,16.031219482421875,14.317821502685547,14.560219764709473,14.866068840026855,13.892443656921387,13.892443656921387,13.892443656921387,14.21267032623291,13.601470947265625,13.45362377166748,12.727922439575195,11.661903381347656,12.083045959472656,12.369317054748535,12.165525436401367,14.03566837310791,16.0,16.031219482421875,19.02629852294922,20.2237491607666,23.0867919921875,26.019224166870117,28.0,30.0,31.14482307434082,31.400636672973633
0,-50.0,-95,23,12,89.96110534667969,86.53900909423828,83.00602722167969,79.37883758544922,73.68174743652344,66.0984115600586,61.98386764526367,55.6596794128418,52.49761962890625,47.434165954589844,44.271888732910156,37.947330474853516,34.78505325317383,29.546573638916016,25.495098114013672,20.808652877807617,16.970561981201172,15.0,14.317821502685547,15.29705810546875,16.124515533447266,17.0,17.0,18.027755737304688,17.11724281311035,16.278820037841797,14.866068840026855,14.866068840026855,13.03840446472168,14.21267032623291,14.21267032623291,14.21267032623291,15.0,14.21267032623291,13.892443656921387,13.892443656921387,11.704699516296387,11.401754379272461,11.045360565185547,11.0,13.152946472167969,14.560219764709473,15.81138801574707,17.464248657226562,19.697715759277344,21.931713104248047,24.166091918945312,26.4007568359375,27.85677719116211,30.364452362060547,31.78049659729004,32.24903106689453
0,-50.0,-95,24,9,87.64131164550781,86.34812927246094,84.64632415771484,80.60397338867188,75.31268310546875,69.87130737304688,64.49806213378906,58.4208869934082,54.33230972290039,48.66210174560547,44.55333709716797,39.81205749511719,33.541019439697266,29.120439529418945,25.298221588134766,22.360679626464844,18.867961883544922,17.029386520385742,16.124515533447266,16.155494689941406,16.76305389404297,16.492422103881836,18.11077117919922,18.027755737304688,18.027755737304688,17.0,15.132745742797852,14.560219764709473,15.231546401977539,14.764822959899902,14.866068840026855,15.620499610900879,16.970561981201172,14.866068840026855,14.142135620117188,14.21267032623291,13.601470947265625,13.416407585144043,14.560219764709473,14.142135620117188,14.0,16.031219482421875,19.10497283935547,18.439088821411133,21.3775577545166,24.331050872802734,26.305892944335938,28.284271240234375,30.149627685546875,32.06243896484375,34.0,34.13209533691406
0,-50.0,-95,24,8,84.40379333496094,84.40379333496094,81.74349975585938,79.69943237304688,72.42237091064453,68.94925689697266,63.5688591003418,56.920997619628906,52.201534271240234,46.48655700683594,43.680660247802734,38.60051727294922,33.95585250854492,28.44292449951172,24.1867733001709,22.0,20.02498435974121,17.72004508972168,15.65247631072998,15.620499610900879,16.278820037841797,16.401220321655273,15.620499610900879,17.492855072021484,15.65247631072998,15.65247631072998,14.317821502685547,14.03566837310791,14.0,14.03566837310791,13.152946472167969,13.601470947265625,14.866068840026855,13.416407585144043,13.928388595581055,13.416407585144043,13.601470947265625,12.727922439575195,12.806248664855957,13.03840446472168,13.416407585144043,15.81138801574707,17.464248657226562,18.248287200927734,20.2237491607666,22.203603744506836,25.317977905273438,27.459060668945312,29.832868576049805,31.320919036865234,32.31098937988281,32.202484130859375
0,-50.0,-95,23,12,88.95504760742188,87.59566497802734,82.87339782714844,80.36167907714844,73.76313781738281,68.88395690917969,62.585941314697266,56.51548385620117,52.39274597167969,46.57252502441406,43.680660247802734,38.897300720214844,35.11410140991211,29.546573638916016,26.4007568359375,23.323806762695312,20.0,16.970561981201172,16.552946090698242,15.81138801574707,16.492422103881836,17.029386520385742,18.027755737304688,17.0,18.027755737304688,17.029386520385742,14.317821502685547,14.866068840026855,13.892443656921387,13.892443656921387,12.727922439575195,15.55634880065918,15.620499610900879,15.620499610900879,15.0,13.601470947265625,13.892443656921387,13.0,12.369317054748535,12.041594505310059,13.0,14.03566837310791,16.492422103881836,17.0880069732666,19.313207626342773,21.189620971679688,25.298221588134766,26.248809814453125,28.861740112304688,30.5941162109375,31.256999969482422,32.06243896484375
0,-50.0,-95,23,12,88.23831176757812,86.53900909423828,82.63776397705078,79.37883758544922,71.7844009399414,67.05221557617188,61.032779693603516,56.32051086425781,51.244510650634766,48.08325958251953,42.379241943359375,37.947330474853516,34.1760139465332,29.546573638916016,26.832815170288086,21.63330841064453,19.10497283935547,15.620499610900879,17.464248657226562,16.76305389404297,17.11724281311035,18.0,18.027755737304688,18.027755737304688,18.027755737304688,17.262676239013672,14.866068840026855,15.231546401977539,13.892443656921387,14.21267032623291,15.620499610900879,15.55634880065918,16.278820037841797,15.620499610900879,15.81138801574707,13.892443656921387,13.416407585144043,13.0,11.401754379272461,12.0,14.03566837310791,14.317821502685547,16.492422103881836,18.973665237426758,19.92485809326172,23.0867919921875,25.0,27.20294189453125,29.120439529418945,31.78049659729004,32.38827133178711,34.01470184326172
0,-50.0,-95,23,11,81.78630828857422,80.41144561767578,81.39410400390625,73.68174743652344,73.43704986572266,61.29437255859375,59.304298400878906,54.230987548828125,51.244510650634766,47.26520919799805,42.10700607299805,38.20994567871094,34.2344856262207,28.44292449951172,24.515300750732422,21.540658950805664,17.0,15.620499610900879,14.21267032623291,14.764822959899902,14.866068840026855,16.76305389404297,17.262676239013672,17.11724281311035,17.029386520385742,14.0,15.29705810546875,15.29705810546875,13.601470947265625,14.317821502685547,13.416407585144043,14.422204971313477,15.264337539672852,13.601470947265625,13.45362377166748,13.45362377166748,12.806248664855957,11.661903381347656,11.180339813232422,11.401754379272461,15.132745742797852,15.0,17.0,17.029386520385742,20.099750518798828,22.203603744506836,23.0867919921875,26.019224166870117,29.017236709594727,29.0,32.06243896484375,30.5941162109375
0,-50.0,-95,23,13,85.90692901611328,84.34452819824219,82.37718200683594,76.79192352294922,72.3394775390625,66.27216339111328,62.3939094543457,56.32051086425781,53.23532485961914,46.173583984375,44.10215377807617,38.20994567871094,32.24903106689453,28.44292449951172,24.515300750732422,21.540658950805664,18.867961883544922,16.401220321655273,15.0,15.231546401977539,15.81138801574707,16.278820037841797,17.464248657226562,18.027755737304688,17.029386520385742,16.031219482421875,16.031219482421875,14.560219764709473,14.317821502685547,15.231546401977539,14.764822959899902,16.401220321655273,15.620499610900879,14.866068840026855,14.866068840026855,13.45362377166748,13.45362377166748,13.601470947265625,13.416407585144043,13.601470947265625,12.041594505310059,14.0,17.0,18.11077117919922,20.2237491607666,22.203603744506836,25.317977905273438,27.073972702026367,29.017236709594727,32.015621185302734,32.140316009521484,32.38827133178711
0,-50.0,-95,23,12,83.05419921875,83.15046691894531,80.15609741210938,76.53103637695312,70.71067810058594,64.77654266357422,60.8276252746582,55.73149871826172,51.788028717041016,45.54119110107422,42.296573638916016,37.121421813964844,33.060550689697266,29.0,24.0,23.194826126098633,18.973665237426758,17.464248657226562,15.620499610900879,15.55634880065918,17.029386520385742,16.6433162689209,16.6433162689209,17.464248657226562,17.464248657226562,16.155494689941406,14.142135620117188,14.03566837310791,13.0,14.142135620117188,12.369317054748535,14.560219764709473,14.866068840026855,13.416407585144043,14.317821502685547,13.416407585144043,13.03840446472168,12.041594505310059,12.806248664855957,12.529964447021484,12.083045959472656,13.0,16.278820037841797,17.262676239013672,18.11077117919922,20.2237491607666,24.331050872802734,26.68332862854004,28.861740112304688,30.364452362060547,30.675724029541016,31.78049659729004
0,-50.0,-95,23,12,87.66413116455078,86.53900909423828,83.00602722167969,79.62411499023438,72.44998168945312,66.64833068847656,61.29437255859375,55.4707145690918,50.11985778808594,46.06517028808594,41.59326934814453,37.161808013916016,34.1760139465332,30.675724029541016,25.961509704589844,21.3775577545166,18.027755737304688,16.031219482421875,15.81138801574707,15.65247631072998,16.6433162689209,17.804492950439453,16.278820037841797,17.69180679321289,17.029386520385742,15.0,14.317821502685547,14.866068840026855,14.317821502685547,15.033296585083008,14.03566837310791,15.0,16.0,15.033296585083008,15.132745742797852,14.560219764709473,13.928388595581055,13.928388595581055,13.416407585144043,13.601470947265625,14.866068840026855,15.81138801574707,16.6433162689209,19.235383987426758,20.124610900878906,22.825424194335938,25.05992889404297,27.784887313842773,29.681644439697266,30.805843353271484,31.240999221801758,32.557640075683594
0,-50.0,-95,23,12,89.30845642089844,87.3670425415039,81.54139709472656,79.4040298461914,72.06941223144531,66.64833068847656,61.269893646240234,55.90169906616211,51.88448715209961,46.14108657836914,42.94182205200195,38.94868469238281,34.13209533691406,29.4108829498291,26.4007568359375,21.931713104248047,18.439088821411133,16.6433162689209,16.492422103881836,16.031219482421875,17.0,18.027755737304688,18.027755737304688,19.235383987426758,18.248287200927734,16.492422103881836,14.866068840026855,13.892443656921387,15.0,13.45362377166748,14.21267032623291,14.21267032623291,14.764822959899902,15.65247631072998,13.892443656921387,13.416407585144043,13.928388595581055,12.649110794067383,12.369317054748535,14.0,12.041594505310059,14.317821502685547,15.81138801574707,17.464248657226562,19.235383987426758,21.931713104248047,24.59674835205078,26.570659637451172,28.460498809814453,30.08321762084961,31.575305938720703,31.14482307434082
0,-51.0,-95,24,9,84.85281372070312,82.60750579833984,81.39410400390625,77.16217041015625,70.11418914794922,63.071388244628906,58.03447341918945,55.0,51.0,47.04253387451172,41.04875183105469,37.121421813964844,34.13209533691406,28.284271240234375,24.331050872802734,20.248456954956055,17.0,15.0,14.142135620117188,16.124515533447266,17.0,17.72004508972168,16.492422103881836,17.464248657226562,18.11077117919922,16.124515533447266,16.031219482421875,16.124515533447266,16.492422103881836,15.81138801574707,17.0880069732666,16.155494689941406,16.155494689941406,14.422204971313477,15.81138801574707,14.21267032623291,12.041594505310059,14.142135620117188,12.806248664855957,13.416407585144043,13.601470947265625,16.492422103881836,16.124515533447266,19.02629852294922,21.095022201538086,24.083189010620117,26.07680892944336,28.160255432128906,28.284271240234375,30.4138126373291,32.98484420776367,34.01470184326172
0,-50.0,-95,23,12,87.70974731445312,85.58621215820312,81.12335968017578,80.4549560546875,71.56116485595703,66.0302963256836,61.032779693603516,55.217750549316406,51.22499465942383,46.04345703125,42.43819046020508,37.735923767089844,34.48188018798828,29.529645919799805,25.079872131347656,21.189620971679688,17.262676239013672,15.0,15.524174690246582,15.231546401977539,16.6433162689209,17.804492950439453,16.278820037841797,18.439088821411133,18.439088821411133,17.804492950439453,16.124515533447266,15.231546401977539,15.81138801574707,14.317821502685547,16.278820037841797,16.031219482421875,17.029386520385742,16.0,16.0,13.03840446472168,14.317821502685547,12.649110794067383,13.0,13.892443656921387,14.21267032623291,14.866068840026855,15.620499610900879,18.867961883544922,20.248456954956055,22.472204208374023,25.553865432739258,27.20294189453125,28.017850875854492,30.805843353271484,32.557640075683594,32.557640075683594
0,-50.0,-95,23,11,80.0062484741211,80.02499389648438,78.10249328613281,73.24616241455078,68.4689712524414,63.50590515136719,59.53990173339844,54.58937454223633,49.36598205566406,44.283180236816406,41.30375289916992,37.121421813964844,31.016124725341797,27.0,23.021728515625,20.39607810974121,17.0880069732666,17.0,14.866068840026855,15.620499610900879,15.264337539672852,17.8885440826416,17.464248657226562,17.72004508972168,17.72004508972168,17.72004508972168,16.124515533447266,15.0,15.0,15.033296585083008,13.34166431427002,15.524174690246582,14.866068840026855,14.866068840026855,15.231546401977539,14.317821502685547,13.03840446472168,12.206555366516113,12.041594505310059,11.661903381347656,11.661903381347656,13.601470947265625,15.524174690246582,16.278820037841797,18.11077117919922,19.235383987426758,22.203603744506836,25.317977905273438,26.476404190063477,28.160255432128906,30.675724029541016,29.96664810180664
0,-50.0,-95,23,12,86.33075714111328,86.03487396240234,81.93289947509766,81.1541748046875,72.09021759033203,66.64083099365234,60.41522979736328,55.46169662475586,51.429561614990234,47.423622131347656,42.04759216308594,38.07886505126953,34.1760139465332,30.364452362060547,25.495098114013672,21.02379608154297,19.02629852294922,17.11724281311035,17.464248657226562,17.20465087890625,17.804492950439453,18.439088821411133,17.69180679321289,18.439088821411133,17.804492950439453,17.804492950439453,15.65247631072998,14.866068840026855,14.317821502685547,13.03840446472168,16.0,16.031219482421875,16.0,17.029386520385742,15.29705810546875,13.34166431427002,13.601470947265625,13.928388595581055,13.892443656921387,13.601470947265625,14.866068840026855,15.0,16.6433162689209,18.357559204101562,20.124610900878906,22.825424194335938,26.832815170288086,27.784887313842773,29.681644439697266,30.232433319091797,31.890438079833984,33.241539001464844
0,-50.0,-95,24,8,84.34452819824219,83.86298370361328,79.90619659423828,77.41446685791016,71.17584228515625,67.06713104248047,62.07253646850586,56.00892639160156,51.03919982910156,44.10215377807617,42.10700607299805,38.11823654174805,33.37664031982422,28.635643005371094,24.73863410949707,22.847318649291992,18.357559204101562,17.20465087890625,15.620499610900879,16.6433162689209,16.552946090698242,17.0880069732666,17.0880069732666,17.262676239013672,17.262676239013672,17.11724281311035,16.0,14.142135620117188,14.560219764709473,13.928388595581055,13.892443656921387,16.124515533447266,15.264337539672852,15.0,14.422204971313477,14.422204971313477,14.866068840026855,12.727922439575195,12.529964447021484,13.0,12.649110794067383,14.317821502685547,16.0,17.0,20.0,21.0,24.0,26.0,28.07133674621582,29.154760360717773,30.5941162109375,30.364452362060547
0,-50.0,-95,23,12,87.6584243774414,83.24061584472656,80.62257385253906,76.00657653808594,71.28113555908203,65.45991516113281,61.032779693603516,55.0,50.21951675415039,44.65422821044922,42.43819046020508,36.8917350769043,31.906112670898438,28.17800521850586,24.59674835205078,22.135944366455078,18.248287200927734,17.029386520385742,16.124515533447266,14.866068840026855,16.155494689941406,16.124515533447266,17.20465087890625,16.278820037841797,16.278820037841797,15.55634880065918,15.0,14.422204971313477,13.416407585144043,12.649110794067383,13.34166431427002,14.142135620117188,14.03566837310791,16.0,16.0,14.03566837310791,14.03566837310791,12.369317054748535,11.704699516296387,12.083045959472656,13.03840446472168,14.21267032623291,15.55634880065918,16.278820037841797,17.804492950439453,20.0,23.430749893188477,26.248809814453125,27.58622932434082,29.0,30.0,30.232433319091797
0,-50.0,-95,23,11,80.0062484741211,80.09993743896484,78.10249328613281,75.42546081542969,69.46221923828125,62.3939094543457,58.54912567138672,53.46026611328125,48.50773239135742,46.389652252197266,41.30375289916992,36.22154235839844,33.13608169555664,29.017236709594727,25.0,20.02498435974121,17.464248657226562,15.231546401977539,14.422204971313477,14.866068840026855,14.866068840026855,16.124515533447266,15.264337539672852,17.0880069732666,16.155494689941406,15.81138801574707,13.03840446472168,15.033296585083008,14.0,15.033296585083008,15.033296585083008,15.29705810546875,14.317821502685547,15.81138801574707,13.0,12.529964447021484,12.529964447021484,11.661903381347656,12.041594505310059,12.206555366516113,12.529964447021484,14.317821502685547,13.928388595581055,16.76305389404297,18.439088821411133,20.39607810974121,22.56102752685547,23.76972770690918,26.248809814453125,27.85677719116211,29.068883895874023,29.154760360717773
0,-50.0,-95,23,12,87.20092010498047,85.21150207519531,80.0,77.93586730957031,71.86793518066406,66.37017059326172,61.91122817993164,57.80138397216797,51.97114562988281,46.647613525390625,43.90899658203125,37.58989334106445,34.13209533691406,28.844409942626953,25.0,21.21320343017578,17.804492950439453,16.124515533447266,15.29705810546875,15.0,16.031219482421875,16.278820037841797,18.248287200927734,16.76305389404297,17.72004508972168,16.76305389404297,15.81138801574707,16.278820037841797,16.278820037841797,15.55634880065918,15.620499610900879,16.6433162689209,16.6433162689209,15.65247631072998,15.65247631072998,13.416407585144043,13.0,13.34166431427002,13.0,13.0,14.142135620117188,14.317821502685547,17.72004508972168,17.464248657226562,20.124610900878906,22.360679626464844,25.079872131347656,26.925823211669922,28.460498809814453,30.805843353271484,31.78049659729004,33.241539001464844
0,-50.0,-95,23,12,85.08818817138672,79.92496490478516,78.54934692382812,72.42237091064453,68.818603515625,61.61168670654297,58.41232681274414,53.413482666015625,49.81967544555664,44.204071044921875,40.804412841796875,36.055511474609375,31.62277603149414,26.925823211669922,22.825424194335938,20.248456954956055,16.278820037841797,16.0,14.317821502685547,14.560219764709473,15.231546401977539,16.124515533447266,16.401220321655273,16.278820037841797,16.970561981201172,16.278820037841797,15.0,14.764822959899902,14.764822959899902,13.601470947265625,13.601470947265625,13.34166431427002,14.317821502685547,14.142135620117188,15.033296585083008,14.0,14.0,11.045360565185547,11.704699516296387,12.083045959472656,13.03840446472168,14.21267032623291,15.55634880065918,15.55634880065918,18.439088821411133,20.51828384399414,21.260292053222656,24.75883674621582,28.284271240234375,28.284271240234375,29.20616340637207,29.681644439697266
0,-50.0,-95,24,8,83.86298370361328,83.48652648925781,83.6002426147461,76.16429901123047,72.06246948242188,66.00757598876953,63.0079345703125,59.0,53.0,48.0,43.0,40.01249694824219,33.0151481628418,29.154760360717773,24.331050872802734,23.0867919921875,19.235383987426758,17.20465087890625,16.278820037841797,16.6433162689209,17.8885440826416,19.313207626342773,19.313207626342773,18.681541442871094,17.72004508972168,17.464248657226562,16.031219482421875,16.0,14.03566837310791,15.29705810546875,14.560219764709473,14.866068840026855,15.65247631072998,15.65247631072998,15.65247631072998,15.65247631072998,13.03840446472168,14.21267032623291,14.21267032623291,12.529964447021484,13.0,13.601470947265625,16.278820037841797,16.278820037841797,19.02629852294922,20.2237491607666,23.194826126098633,26.305892944335938,28.861740112304688,30.08321762084961,30.675724029541016,31.38471031188965
0,-50.0,-95,23,12,87.6584243774414,84.11896514892578,81.00617218017578,75.47184753417969,71.86793518066406,65.45991516113281,61.29437255859375,55.4707145690918,51.03919982910156,45.80392837524414,41.88078308105469,37.735923767089844,33.2866325378418,27.294687271118164,24.59674835205078,22.56102752685547,18.11077117919922,17.0,16.278820037841797,16.155494689941406,16.552946090698242,16.6433162689209,17.20465087890625,17.029386520385742,16.278820037841797,15.55634880065918,13.892443656921387,13.892443656921387,12.649110794067383,14.142135620117188,14.03566837310791,14.03566837310791,15.0,14.0,16.031219482421875,15.033296585083008,13.03840446472168,12.369317054748535,12.083045959472656,13.03840446472168,14.21267032623291,14.866068840026855,16.401220321655273,17.20465087890625,19.416488647460938,21.63330841064453,23.853721618652344,26.62705421447754,27.80287742614746,29.0,30.4138126373291,30.610456466674805
0,-50.0,-95,24,8,87.28115844726562,82.56512451171875,82.00609588623047,76.90253448486328,73.34848022460938,63.150611877441406,61.0,53.75872039794922,51.788028717041016,46.69047164916992,41.773197174072266,37.85498809814453,33.95585250854492,29.832868576049805,25.63201141357422,22.825424194335938,17.804492950439453,17.029386520385742,15.81138801574707,16.124515533447266,16.552946090698242,17.464248657226562,16.124515533447266,17.11724281311035,18.027755737304688,15.0,14.03566837310791,14.560219764709473,13.601470947265625,13.416407585144043,13.03840446472168,14.422204971313477,15.0,15.0,15.55634880065918,14.21267032623291,14.21267032623291,12.206555366516113,11.180339813232422,11.401754379272461,13.152946472167969,15.0,16.0,18.11077117919922,18.027755737304688,21.21320343017578,23.0867919921875,26.019224166870117,28.017850875854492,29.0,31.14482307434082,29.42787742614746
0,-50.0,-95,23,12,85.16454315185547,84.17243957519531,82.56512451171875,78.91767883300781,72.69112396240234,64.49806213378906,60.406951904296875,55.3263053894043,51.244510650634766,46.389652252197266,41.59326934814453,38.63935852050781,33.734256744384766,29.832868576049805,25.961509704589844,21.02379608154297,17.20465087890625,16.278820037841797,17.20465087890625,16.552946090698242,17.0880069732666,18.681541442871094,18.248287200927734,20.099750518798828,20.02498435974121,18.027755737304688,16.031219482421875,16.124515533447266,16.492422103881836,15.231546401977539,15.231546401977539,17.0,17.492855072021484,16.6433162689209,15.81138801574707,16.278820037841797,14.866068840026855,13.45362377166748,13.601470947265625,13.0,13.601470947265625,15.29705810546875,16.031219482421875,19.02629852294922,21.0,22.0,25.01999282836914,26.019224166870117,29.068883895874023,30.149627685546875,31.575305938720703,32.572994232177734
0,-50.0,-95,23,13,87.20664978027344,83.18653869628906,79.64923095703125,74.4311752319336,71.02112579345703,64.35060119628906,60.20797348022461,54.918121337890625,51.312767028808594,46.04345703125,43.26661682128906,37.735923767089844,33.2866325378418,28.65309715270996,24.59674835205078,20.880613327026367,17.262676239013672,16.0,14.317821502685547,14.866068840026855,16.552946090698242,16.6433162689209,16.401220321655273,15.620499610900879,17.69180679321289,16.970561981201172,16.124515533447266,16.124515533447266,13.928388595581055,15.524174690246582,14.560219764709473,14.317821502685547,15.132745742797852,15.132745742797852,15.132745742797852,15.033296585083008,14.0,12.041594505310059,12.649110794067383,12.529964447021484,13.416407585144043,15.0,16.278820037841797,16.970561981201172,18.439088821411133,21.260292053222656,24.083189010620117,25.45584487915039,27.58622932434082,29.832868576049805,30.805843353271484,30.528675079345703
0,-50.0,-95,23,12,83.15046691894531,83.05419921875,81.05553436279297,75.0,71.00704193115234,64.07027435302734,61.032779693603516,55.081756591796875,52.08646774291992,47.01063537597656,43.011627197265625,39.0128173828125,34.0,29.017236709594727,24.083189010620117,20.615528106689453,18.384777069091797,17.0,15.55634880065918,16.401220321655273,16.6433162689209,18.027755737304688,17.464248657226562,18.439088821411133,18.439088821411133,18.439088821411133,16.031219482421875,16.0,15.033296585083008,16.124515533447266,15.524174690246582,15.81138801574707,16.155494689941406,15.81138801574707,14.866068840026855,14.317821502685547,13.892443656921387,12.806248664855957,13.45362377166748,13.03840446472168,12.529964447021484,13.928388595581055,15.81138801574707,16.278820037841797,19.235383987426758,19.235383987426758,22.203603744506836,25.317977905273438,27.892650604248047,28.160255432128906,29.4108829498291,30.4138126373291
0,-50.0,-95,23,12,83.77350616455078,81.70679473876953,77.2528305053711,75.58438873291016,69.2603759765625,63.60031509399414,58.52349853515625,52.88667297363281,50.0,45.607017517089844,40.52159881591797,35.735137939453125,32.572994232177734,27.312999725341797,24.59674835205078,20.0,16.970561981201172,16.401220321655273,15.65247631072998,15.524174690246582,16.278820037841797,18.027755737304688,17.029386520385742,18.027755737304688,18.0,16.124515533447266,14.560219764709473,14.866068840026855,15.231546401977539,14.422204971313477,15.0,15.0,14.21267032623291,15.55634880065918,14.21267032623291,13.03840446472168,13.03840446472168,11.661903381347656,11.704699516296387,11.045360565185547,12.0,13.0,15.29705810546875,16.492422103881836,18.681541442871094,19.92485809326172,22.803508758544922,24.515300750732422,25.495098114013672,27.166154861450195,29.017236709594727,30.0
0,-50.0,-95,23,12,85.21150207519531,81.21575927734375,79.2022705078125,75.28611755371094,70.1783447265625,62.96824645996094,59.396968841552734,53.740116119384766,50.20956039428711,45.27692413330078,41.01219177246094,36.12478256225586,32.015621185302734,28.017850875854492,23.323806762695312,20.124610900878906,18.384777069091797,16.278820037841797,16.0,17.11724281311035,17.72004508972168,17.72004508972168,17.0880069732666,17.8885440826416,18.357559204101562,15.264337539672852,14.21267032623291,14.21267032623291,15.0,13.892443656921387,15.65247631072998,15.231546401977539,15.231546401977539,14.866068840026855,13.601470947265625,14.317821502685547,12.041594505310059,12.041594505310059,12.0,12.165525436401367,12.369317054748535,13.0,15.65247631072998,15.0,17.804492950439453,19.416488647460938,22.203603744506836,24.698177337646484,26.419689178466797,27.73084831237793,29.546573638916016,28.792360305786133
0,-50.0,-95,23,12,86.68333435058594,85.61541748046875,83.6779556274414,78.64476776123047,75.31268310546875,67.89698028564453,62.64982223510742,57.706153869628906,52.46903991699219,48.50773239135742,44.55333709716797,38.63935852050781,33.734256744384766,31.048349380493164,26.570659637451172,25.079872131347656,20.248456954956055,18.439088821411133,16.401220321655273,17.0,17.464248657226562,18.681541442871094,18.681541442871094,19.235383987426758,18.11077117919922,17.11724281311035,16.0,16.124515533447266,14.866068840026855,15.524174690246582,14.317821502685547,15.65247631072998,16.6433162689209,16.124515533447266,15.264337539672852,15.0,14.21267032623291,12.727922439575195,13.03840446472168,13.416407585144043,13.0,13.34166431427002,16.278820037841797,17.029386520385742,19.0,21.02379608154297,24.0,26.07680892944336,28.284271240234375,29.614185333251953,29.832868576049805,31.016124725341797
0,-50.0,-95,23,13,88.10221099853516,83.18653869628906,79.64923095703125,76.32168579101562,70.1783447265625,64.35060119628906,60.20797348022461,55.226806640625,51.312767028808594,44.94440841674805,42.19004440307617,38.07886505126953,32.24903106689453,29.068883895874023,24.59674835205078,21.840330123901367,18.11077117919922,18.0,16.278820037841797,14.866068840026855,16.124515533447266,16.124515533447266,17.804492950439453,17.029386520385742,17.029386520385742,16.970561981201172,15.81138801574707,14.764822959899902,13.416407585144043,14.560219764709473,14.560219764709473,14.142135620117188,15.132745742797852,14.03566837310791,16.0,16.0,14.0,13.03840446472168,12.165525436401367,11.704699516296387,12.529964447021484,12.806248664855957,16.278820037841797,16.278820037841797,19.209373474121094,21.260292053222656,23.430749893188477,26.248809814453125,26.90724754333496,29.0,30.610456466674805,30.232433319091797
0,-50.0,-95,23,12,87.28115844726562,83.81526947021484,80.05622863769531,76.15773010253906,70.68238830566406,65.79513549804688,59.50630187988281,55.46169662475586,52.801513671875,46.51881408691406,42.95346450805664,39.39543151855469,33.241539001464844,28.792360305786133,25.0,22.203603744506836,19.0,16.031219482421875,15.81138801574707,16.552946090698242,16.6433162689209,18.439088821411133,18.439088821411133,19.10497283935547,18.439088821411133,18.439088821411133,16.6433162689209,15.231546401977539,14.866068840026855,15.524174690246582,15.132745742797852,16.0,16.031219482421875,16.0,16.0,16.0,14.03566837310791,12.369317054748535,12.649110794067383,13.0,13.892443656921387,14.21267032623291,15.620499610900879,17.029386520385742,19.209373474121094,20.0,22.803508758544922,25.612497329711914,27.658634185791016,28.284271240234375,30.479501724243164,30.0
0,-50.0,-95,23,12,82.09750366210938,82.15229797363281,79.15807342529297,76.53103637695312,70.45565795898438,65.92420196533203,60.67124557495117,55.73149871826172,51.788028717041016,46.389652252197266,42.57933807373047,38.327537536621094,33.13608169555664,29.017236709594727,25.0,22.090721130371094,18.681541442871094,16.155494689941406,14.21267032623291,15.55634880065918,15.0,17.0,17.0,16.76305389404297,17.72004508972168,16.76305389404297,16.124515533447266,16.0,16.031219482421875,16.031219482421875,15.29705810546875,16.492422103881836,15.81138801574707,14.866068840026855,15.81138801574707,14.866068840026855,13.416407585144043,13.601470947265625,12.727922439575195,12.806248664855957,13.03840446472168,14.317821502685547,16.76305389404297,17.72004508972168,18.681541442871094,20.615528106689453,22.56102752685547,25.0,27.20294189453125,28.460498809814453,29.546573638916016,30.886890411376953
0,-50.0,-95,23,12,89.27485656738281,84.95881652832031,80.65978240966797,79.20858764648438,73.59347534179688,67.26811981201172,62.2414665222168,57.314918518066406,52.40229034423828,48.27007293701172,43.27817153930664,38.28837966918945,33.241539001464844,28.284271240234375,24.75883674621582,21.095022201538086,19.313207626342773,16.278820037841797,17.0,16.124515533447266,17.464248657226562,18.027755737304688,19.313207626342773,18.788293838500977,18.788293838500977,17.0,16.278820037841797,15.55634880065918,14.866068840026855,15.0,15.264337539672852,15.65247631072998,14.866068840026855,15.81138801574707,14.866068840026855,15.29705810546875,14.317821502685547,13.152946472167969,12.0,12.041594505310059,14.317821502685547,14.866068840026855,15.65247631072998,17.492855072021484,19.416488647460938,20.0,24.413110733032227,26.07680892944336,27.784887313842773,29.96664810180664,30.08321762084961,30.364452362060547
0,-50.0,-95,23,12,83.54639434814453,80.23091888427734,79.90619659423828,74.5452880859375,70.34912872314453,61.20457458496094,58.07753372192383,53.0848388671875,50.03998565673828,45.09988784790039,40.04996871948242,36.055511474609375,32.140316009521484,27.459060668945312,23.53720474243164,20.248456954956055,16.6433162689209,16.278820037841797,15.620499610900879,16.124515533447266,17.464248657226562,18.973665237426758,16.76305389404297,18.439088821411133,18.681541442871094,17.262676239013672,16.0,16.031219482421875,15.29705810546875,14.866068840026855,14.866068840026855,15.65247631072998,15.65247631072998,15.65247631072998,15.65247631072998,14.422204971313477,14.21267032623291,13.45362377166748,13.45362377166748,13.03840446472168,13.928388595581055,14.866068840026855,15.524174690246582,16.278820037841797,19.235383987426758,20.099750518798828,23.194826126098633,25.179357528686523,25.495098114013672,27.892650604248047,29.4108829498291,29.546573638916016
0,-50.0,-95,23,12,91.60785675048828,86.02325439453125,85.70297241210938,77.69813537597656,76.66159057617188,66.24198150634766,62.265560150146484,58.18075180053711,52.839378356933594,47.41307830810547,42.54409408569336,38.07886505126953,34.13209533691406,31.064449310302734,26.4007568359375,22.627416610717773,19.416488647460938,17.8885440826416,16.76305389404297,17.262676239013672,17.0,19.02629852294922,18.11077117919922,18.248287200927734,18.11077117919922,15.29705810546875,14.317821502685547,15.264337539672852,14.21267032623291,16.278820037841797,14.21267032623291,15.0,15.264337539672852,14.422204971313477,15.65247631072998,15.231546401977539,14.866068840026855,13.0,12.041594505310059,12.0,14.03566837310791,14.317821502685547,16.76305389404297,17.0880069732666,19.697715759277344,21.540658950805664,24.166091918945312,26.4007568359375,28.792360305786133,29.120439529418945,31.575305938720703,30.265491485595703
0,-50.0,-95,23,11,80.09993743896484,80.22468566894531,74.1687240600586,71.56814575195312,64.77654266357422,61.814239501953125,56.56854248046875,52.77309799194336,47.67599105834961,42.57933807373047,39.458839416503906,35.510562896728516,32.38827133178711,27.166154861450195,24.0,20.02498435974121,17.262676239013672,14.866068840026855,13.601470947265625,14.142135620117188,15.620499610900879,16.6433162689209,16.124515533447266,16.552946090698242,16.552946090698242,16.155494689941406,15.29705810546875,14.03566837310791,15.0,15.0,14.03566837310791,15.29705810546875,15.29705810546875,13.601470947265625,14.317821502685547,13.601470947265625,12.083045959472656,11.661903381347656,12.206555366516113,11.313708305358887,12.206555366516113,13.601470947265625,15.231546401977539,16.155494689941406,18.027755737304688,18.681541442871094,21.189620971679688,24.351591110229492,25.079872131347656,26.832815170288086,28.301942825317383,27.80287742614746
0,-50.0,-95,23,12,86.28441619873047,82.49242401123047,80.62257385253906,75.59100341796875,71.11258697509766,63.50590515136719,58.600341796875,55.46169662475586,50.56678771972656,47.423622131347656,41.146080017089844,38.07886505126953,33.12099075317383,29.529645919799805,25.05992889404297,21.260292053222656,17.804492950439453,16.124515533447266,14.866068840026855,16.124515533447266,17.0,18.0,18.027755737304688,18.248287200927734,18.248287200927734,17.72004508972168,16.552946090698242,17.8885440826416,16.6433162689209,16.278820037841797,16.278820037841797,16.278820037841797,17.69180679321289,16.278820037841797,15.620499610900879,15.0,14.422204971313477,13.03840446472168,12.649110794067383,13.34166431427002,14.03566837310791,15.0,16.031219482421875,18.248287200927734,19.235383987426758,21.3775577545166,23.53720474243164,25.317977905273438,26.305892944335938,29.154760360717773,31.016124725341797,30.0
0,-50.0,-95,24,8,86.37708282470703,83.93450164794922,79.84986114501953,79.2022705078125,71.11258697509766,66.64833068847656,59.05929183959961,55.94640350341797,50.6063232421875,46.52956008911133,42.05948257446289,36.67424011230469,32.69556427001953,29.154760360717773,25.298221588134766,20.2237491607666,18.027755737304688,16.124515533447266,16.76305389404297,18.357559204101562,17.492855072021484,19.209373474121094,17.804492950439453,19.10497283935547,19.10497283935547,17.69180679321289,16.6433162689209,16.6433162689209,15.231546401977539,14.560219764709473,15.29705810546875,16.278820037841797,16.278820037841797,16.124515533447266,16.031219482421875,14.0,14.0,13.03840446472168,12.165525436401367,13.0,12.529964447021484,14.21267032623291,14.866068840026855,16.278820037841797,18.439088821411133,20.0,22.803508758544922,24.75883674621582,25.45584487915039,27.58622932434082,29.832868576049805,29.681644439697266
0,-50.0,-95,24,8,86.76981353759766,84.09518432617188,80.05622863769531,77.6208724975586,71.86793518066406,64.8459701538086,59.80802536010742,55.36244201660156,50.9215087890625,47.75981521606445,41.43669891357422,37.6961555480957,33.241539001464844,29.546573638916016,25.05992889404297,20.615528106689453,17.69180679321289,15.81138801574707,16.552946090698242,16.278820037841797,18.11077117919922,19.02629852294922,18.0,18.0,19.02629852294922,17.029386520385742,15.524174690246582,14.866068840026855,14.317821502685547,14.422204971313477,15.0,16.278820037841797,16.278820037841797,15.55634880065918,15.55634880065918,14.21267032623291,13.601470947265625,13.03840446472168,12.083045959472656,12.369317054748535,12.041594505310059,14.0,15.033296585083008,16.278820037841797,18.248287200927734,20.39607810974121,22.56102752685547,25.317977905273438,26.172504425048828,27.073972702026367,29.0,30.066593170166016
0,-50.0,-95,24,9,88.54377746582031,87.93179321289062,84.77027893066406,82.46211242675781,75.70997619628906,70.03570556640625,65.11528015136719,58.85575485229492,54.7448616027832,47.85394287109375,44.72135925292969,40.79215621948242,34.928497314453125,31.62277603149414,26.925823211669922,24.166091918945312,20.0,17.69180679321289,17.492855072021484,17.8885440826416,18.027755737304688,19.416488647460938,18.439088821411133,18.11077117919922,18.11077117919922,18.027755737304688,16.031219482421875,14.560219764709473,15.231546401977539,15.231546401977539,14.764822959899902,16.124515533447266,17.20465087890625,17.20465087890625,15.620499610900879,15.620499610900879,14.142135620117188,15.0,14.422204971313477,14.317821502685547,14.560219764709473,16.492422103881836,18.027755737304688,19.02629852294922,21.0,22.0,26.0,28.07133674621582,28.160255432128906,30.4138126373291,32.75667953491211,31.62277603149414
0,-50.0,-95,24,8,83.18653869628906,81.74349975585938,77.92945861816406,74.3303451538086,69.1158447265625,63.0079345703125,59.03388977050781,54.00925827026367,50.0099983215332,44.04542922973633,40.112342834472656,37.05401611328125,32.140316009521484,27.294687271118164,24.331050872802734,21.540658950805664,17.8885440826416,16.6433162689209,15.620499610900879,15.0,15.65247631072998,16.76305389404297,16.76305389404297,16.278820037841797,17.11724281311035,16.031219482421875,15.033296585083008,15.132745742797852,14.317821502685547,14.866068840026855,13.416407585144043,15.0,15.81138801574707,15.0,15.264337539672852,15.0,14.21267032623291,13.45362377166748,14.21267032623291,13.416407585144043,13.0,14.560219764709473,16.124515533447266,17.029386520385742,18.027755737304688,20.02498435974121,22.090721130371094,25.079872131347656,27.166154861450195,27.459060668945312,28.861740112304688,29.154760360717773
0,-50.0,-95,23,12,86.26702880859375,83.21658325195312,78.77182006835938,75.29276275634766,69.35416412353516,64.8459701538086,59.4810905456543,54.12947463989258,50.990196228027344,43.8292121887207,41.146080017089844,36.67424011230469,32.24903106689453,28.301942825317383,23.600847244262695,21.260292053222656,17.804492950439453,14.764822959899902,14.317821502685547,16.031219482421875,16.0,18.027755737304688,17.029386520385742,18.248287200927734,18.248287200927734,16.278820037841797,15.231546401977539,15.264337539672852,15.81138801574707,14.21267032623291,16.278820037841797,15.620499610900879,17.029386520385742,15.81138801574707,15.620499610900879,14.21267032623291,14.422204971313477,13.416407585144043,13.601470947265625,14.142135620117188,14.03566837310791,14.0,16.124515533447266,17.464248657226562,18.681541442871094,20.39607810974121,23.53720474243164,25.317977905273438,27.166154861450195,29.154760360717773,31.0,31.016124725341797
0,-50.0,-95,23,12,88.5268325805664,84.38601684570312,80.80841827392578,77.6208724975586,70.80254364013672,66.85057830810547,61.032779693603516,57.14017868041992,51.865211486816406,45.80392837524414,43.26661682128906,38.01315689086914,34.058773040771484,29.068883895874023,25.45584487915039,21.260292053222656,18.357559204101562,15.81138801574707,16.031219482421875,16.0,17.11724281311035,18.681541442871094,18.681541442871094,19.313207626342773,18.384777069091797,17.464248657226562,16.6433162689209,15.55634880065918,16.278820037841797,16.278820037841797,17.20465087890625,18.357559204101562,18.357559204101562,17.492855072021484,15.65247631072998,14.317821502685547,14.866068840026855,15.29705810546875,14.03566837310791,14.0,14.03566837310791,15.29705810546875,17.464248657226562,18.384777069091797,21.02379608154297,21.540658950805664,23.76972770690918,26.925823211669922,27.513633728027344,30.08321762084961,31.78049659729004,31.14482307434082
0,-50.0,-95,23,12,87.28115844726562,86.12781524658203,81.74349975585938,78.85429382324219,71.38627624511719,67.89698028564453,62.96824645996094,57.87054443359375,53.600372314453125,46.69047164916992,44.55333709716797,39.81205749511719,34.20526123046875,28.861740112304688,25.298221588134766,21.931713104248047,18.867961883544922,16.278820037841797,15.81138801574707,17.464248657226562,16.76305389404297,19.235383987426758,19.235383987426758,20.099750518798828,19.02629852294922,20.0,18.027755737304688,17.262676239013672,16.76305389404297,17.72004508972168,17.464248657226562,17.8885440826416,17.8885440826416,17.492855072021484,16.6433162689209,15.81138801574707,15.0,14.866068840026855,13.601470947265625,13.892443656921387,13.892443656921387,14.866068840026855,16.278820037841797,17.262676239013672,18.248287200927734,21.02379608154297,24.083189010620117,26.172504425048828,27.459060668945312,29.614185333251953,29.832868576049805,31.38471031188965
0,-50.0,-95,23,13,92.96235656738281,88.7524642944336,84.31488800048828,80.0,74.81310272216797,67.62396240234375,64.20280456542969,58.41232681274414,55.60575485229492,48.27007293701172,45.607017517089844,40.0,34.4093017578125,30.528675079345703,25.05992889404297,22.803508758544922,19.235383987426758,18.0,17.262676239013672,18.027755737304688,20.124610900878906,19.72308349609375,19.72308349609375,21.63330841064453,19.416488647460938,19.10497283935547,18.439088821411133,17.20465087890625,16.124515533447266,17.464248657226562,16.552946090698242,16.76305389404297,18.439088821411133,18.439088821411133,18.439088821411133,17.262676239013672,17.11724281311035,16.031219482421875,14.03566837310791,14.317821502685547,15.524174690246582,15.231546401977539,16.6433162689209,18.027755737304688,20.0,20.808652877807617,24.083189010620117,27.80287742614746,28.844409942626953,29.154760360717773,31.30495262145996,31.78049659729004
0,-50.0,-95,23,12,89.14033508300781,85.79627227783203,82.87943267822266,78.4091796875,71.40028381347656,66.85057830810547,61.29437255859375,55.4707145690918,51.03919982910156,45.80392837524414,42.20189666748047,38.41874694824219,33.30165100097656,29.698484420776367,25.495098114013672,20.808652877807617,18.357559204101562,16.76305389404297,17.11724281311035,18.0,17.029386520385742,19.235383987426758,18.439088821411133,18.973665237426758,19.313207626342773,17.0880069732666,16.124515533447266,15.620499610900879,16.278820037841797,14.866068840026855,16.6433162689209,16.124515533447266,15.65247631072998,17.0,15.65247631072998,14.866068840026855,13.34166431427002,14.317821502685547,14.03566837310791,14.0,13.0,14.317821502685547,15.81138801574707,17.464248657226562,18.788293838500977,20.124610900878906,23.25940704345703,24.698177337646484,26.925823211669922,27.513633728027344,30.08321762084961,29.42787742614746
0,-50.0,-95,23,12,87.72685241699219,81.32035064697266,80.62257385253906,75.00666809082031,70.0927963256836,62.481998443603516,60.4400520324707,54.81787872314453,50.6063232421875,46.22769546508789,42.01190185546875,37.64305877685547,33.30165100097656,28.284271240234375,23.34523582458496,20.808652877807617,16.552946090698242,16.76305389404297,16.031219482421875,16.031219482421875,17.11724281311035,17.72004508972168,18.681541442871094,18.384777069091797,18.384777069091797,17.464248657226562,15.81138801574707,16.278820037841797,16.278820037841797,16.278820037841797,17.20465087890625,17.492855072021484,16.6433162689209,17.492855072021484,16.124515533447266,15.65247631072998,14.866068840026855,14.317821502685547,14.142135620117188,13.0,14.03566837310791,14.142135620117188,17.262676239013672,17.72004508972168,20.248456954956055,20.248456954956055,23.409399032592773,26.248809814453125,26.925823211669922,29.832868576049805,30.265491485595703,31.016124725341797
0,-50.0,-95,23,12,87.28115844726562,86.68333435058594,82.56512451171875,78.85429382324219,73.75635528564453,68.24954223632812,62.96824645996094,57.87054443359375,53.600372314453125,48.83646011352539,45.54119110107422,40.607879638671875,34.928497314453125,30.08321762084961,26.248809814453125,22.847318649291992,19.416488647460938,16.278820037841797,17.20465087890625,17.464248657226562,16.76305389404297,18.439088821411133,18.248287200927734,18.027755737304688,20.02498435974121,19.0,18.027755737304688,17.262676239013672,17.72004508972168,17.0880069732666,16.552946090698242,17.8885440826416,17.492855072021484,18.357559204101562,16.552946090698242,16.6433162689209,15.0,13.45362377166748,14.21267032623291,13.892443656921387,13.416407585144043,14.866068840026855,16.278820037841797,17.262676239013672,18.248287200927734,20.099750518798828,22.203603744506836,25.179357528686523,27.294687271118164,29.832868576049805,30.08321762084961,31.38471031188965
0,-50.0,-95,24,9,88.86506652832031,84.77027893066406,83.52245330810547,78.33900451660156,73.75635528564453,66.0984115600586,62.169124603271484,56.88584899902344,52.77309799194336,46.87216567993164,43.5660400390625,38.832977294921875,32.75667953491211,27.20294189453125,24.351591110229492,21.470911026000977,19.416488647460938,16.970561981201172,16.124515533447266,16.155494689941406,17.464248657226562,18.439088821411133,20.39607810974121,20.0,20.02498435974121,18.027755737304688,17.11724281311035,16.492422103881836,16.76305389404297,17.0880069732666,15.65247631072998,17.492855072021484,18.867961883544922,16.401220321655273,18.027755737304688,16.401220321655273,15.620499610900879,15.620499610900879,13.601470947265625,14.764822959899902,13.0,14.560219764709473,17.262676239013672,17.029386520385742,19.0,21.02379608154297,24.0,27.073972702026367,28.284271240234375,29.614185333251953,31.048349380493164,30.675724029541016
0,-50.0,-95,23,12,89.1964111328125,82.75868225097656,82.8070068359375,76.38062286376953,73.59347534179688,64.53681182861328,62.481998443603516,56.22277069091797,51.855567932128906,47.50789260864258,43.416587829589844,36.878177642822266,33.241539001464844,29.73213768005371,24.83948516845703,21.954498291015625,18.384777069091797,17.262676239013672,17.0,18.027755737304688,17.262676239013672,18.681541442871094,18.681541442871094,19.697715759277344,19.313207626342773,17.464248657226562,16.6433162689209,15.55634880065918,14.866068840026855,15.0,15.81138801574707,16.6433162689209,17.464248657226562,17.464248657226562,15.65247631072998,14.866068840026855,14.317821502685547,14.317821502685547,13.03840446472168,13.0,13.03840446472168,14.560219764709473,16.76305389404297,15.65247631072998,18.357559204101562,20.59126091003418,22.825424194335938,25.495098114013672,27.312999725341797,27.85677719116211,30.364452362060547,29.614185333251953
0,-50.0,-95,23,12,84.92938232421875,85.37564086914062,81.4923324584961,79.69943237304688,71.7844009399414,66.128662109375,60.16643524169922,54.7813835144043,51.62363815307617,46.173583984375,43.011627197265625,38.60051727294922,35.1710090637207,30.4138126373291,26.305892944335938,23.021728515625,19.0,17.262676239013672,17.464248657226562,16.124515533447266,18.027755737304688,17.69180679321289,16.970561981201172,17.804492950439453,19.209373474121094,18.027755737304688,15.65247631072998,15.81138801574707,14.317821502685547,14.142135620117188,16.031219482421875,16.0,16.0,17.0,16.0,15.132745742797852,14.317821502685547,14.317821502685547,13.34166431427002,13.416407585144043,12.806248664855957,14.866068840026855,14.866068840026855,16.6433162689209,18.601076126098633,20.0,22.203603744506836,25.0,26.4007568359375,28.42534065246582,29.0,29.832868576049805
0,-50.0,-95,23,12,86.45230102539062,81.56592559814453,79.5110092163086,75.60423278808594,70.80254364013672,64.637451171875,60.216278076171875,55.4707145690918,51.03919982910156,45.80392837524414,41.88078308105469,37.202152252197266,32.649654388427734,29.068883895874023,24.041629791259766,21.40093421936035,18.357559204101562,15.231546401977539,16.031219482421875,16.031219482421875,16.124515533447266,18.439088821411133,18.681541442871094,19.313207626342773,19.313207626342773,17.0880069732666,15.81138801574707,16.278820037841797,16.970561981201172,16.278820037841797,17.20465087890625,16.6433162689209,17.8885440826416,17.8885440826416,16.552946090698242,15.65247631072998,14.317821502685547,13.928388595581055,14.317821502685547,14.0,14.03566837310791,14.142135620117188,17.464248657226562,17.0880069732666,19.313207626342773,21.02379608154297,23.76972770690918,26.570659637451172,27.513633728027344,29.832868576049805,30.4138126373291,31.14482307434082
0,-50.0,-95,23,12,87.6584243774414,84.59905242919922,79.61155700683594,78.39005279541016,69.83551788330078,64.88451385498047,60.90156173706055,55.4707145690918,51.0,47.41307830810547,43.416587829589844,38.07886505126953,34.0,28.844409942626953,25.0,21.260292053222656,17.804492950439453,16.155494689941406,16.76305389404297,16.031219482421875,17.0,18.11077117919922,18.248287200927734,19.646883010864258,18.681541442871094,18.027755737304688,16.6433162689209,16.6433162689209,17.029386520385742,17.69180679321289,16.970561981201172,17.69180679321289,16.278820037841797,16.278820037841797,16.6433162689209,16.124515533447266,14.764822959899902,13.0,13.601470947265625,14.142135620117188,14.03566837310791,16.0,16.031219482421875,18.248287200927734,20.39607810974121,20.615528106689453,23.53720474243164,25.0,25.495098114013672,29.27456283569336,31.064449310302734,31.0
0,-50.0,-95,23,13,84.85281372070312,85.15867614746094,83.18653869628906,78.64476776123047,73.00685119628906,68.4105224609375,61.84658432006836,57.723480224609375,52.88667297363281,48.08325958251953,43.680660247802734,39.293766021728516,33.95585250854492,28.635643005371094,25.179357528686523,22.0,18.248287200927734,17.72004508972168,15.264337539672852,16.278820037841797,17.029386520385742,18.027755737304688,19.416488647460938,18.867961883544922,18.867961883544922,18.357559204101562,17.72004508972168,18.439088821411133,16.124515533447266,17.029386520385742,16.0,17.029386520385742,17.11724281311035,17.11724281311035,18.11077117919922,16.124515533447266,16.492422103881836,14.866068840026855,13.416407585144043,13.601470947265625,14.422204971313477,15.55634880065918,16.401220321655273,17.20465087890625,18.867961883544922,21.095022201538086,24.1867733001709,27.784887313842773,28.017850875854492,29.20616340637207,31.11269760131836,31.890438079833984
0,-50.0,-95,23,12,89.1964111328125,85.5628433227539,80.61017608642578,79.30951690673828,71.70076751708984,66.06814575195312,61.22091293334961,56.22277069091797,51.400390625,46.40043258666992,41.86884307861328,36.79673767089844,33.241539001464844,29.698484420776367,25.495098114013672,21.63330841064453,17.8885440826416,17.72004508972168,16.031219482421875,16.0,18.11077117919922,18.439088821411133,17.72004508972168,18.027755737304688,17.464248657226562,15.65247631072998,15.620499610900879,15.55634880065918,15.55634880065918,15.81138801574707,15.0,15.65247631072998,15.65247631072998,16.155494689941406,17.0880069732666,14.560219764709473,15.29705810546875,14.142135620117188,14.03566837310791,13.0,14.142135620117188,15.29705810546875,17.0880069732666,18.384777069091797,19.697715759277344,21.931713104248047,23.706539154052734,26.4007568359375,27.312999725341797,28.460498809814453,30.08321762084961,30.4138126373291
0,-49.0,-95,23,12,85.58621215820312,82.73451232910156,79.20858764648438,76.48529052734375,70.1783447265625,64.66065216064453,58.41232681274414,52.63079071044922,48.41487503051758,44.68780517578125,39.824615478515625,36.12478256225586,32.526912689208984,27.58622932434082,24.20743751525879,20.808652877807617,18.788293838500977,16.76305389404297,16.0,16.031219482421875,16.278820037841797,16.492422103881836,17.72004508972168,17.464248657226562,16.552946090698242,15.65247631072998,15.620499610900879,14.866068840026855,15.0,14.422204971313477,15.65247631072998,15.65247631072998,16.552946090698242,15.81138801574707,14.866068840026855,14.560219764709473,14.560219764709473,14.142135620117188,14.03566837310791,14.0,14.317821502685547,14.560219764709473,17.0880069732666,16.552946090698242,19.235383987426758,21.02379608154297,23.706539154052734,26.0,27.312999725341797,27.513633728027344,29.120439529418945,29.614185333251953
0,-49.0,-95,23,12,90.87353515625,87.23531341552734,87.23531341552734,79.64923095703125,76.15773010253906,66.8879623413086,62.96824645996094,57.14017868041992,52.69725036621094,49.73931884765625,43.90899658203125,38.94868469238281,35.7770881652832,31.38471031188965,26.570659637451172,23.53720474243164,20.099750518798828,18.0,18.248287200927734,17.72004508972168,17.8885440826416,18.357559204101562,18.601076126098633,19.209373474121094,18.439088821411133,17.69180679321289,15.0,15.65247631072998,15.231546401977539,14.866068840026855,16.492422103881836,16.278820037841797,17.029386520385742,18.027755737304688,16.031219482421875,16.0,15.0,14.0,14.317821502685547,13.601470947265625,14.764822959899902,15.81138801574707,16.401220321655273,16.970561981201172,19.79899024963379,21.931713104248047,24.083189010620117,26.248809814453125,27.658634185791016,30.0,29.681644439697266,30.4138126373291
0,-50.0,-95,23,12,87.66413116455078,85.0,79.64923095703125,77.17512512207031,70.1783447265625,66.2872543334961,59.90826416015625,55.4707145690918,51.865211486816406,46.04345703125,41.88078308105469,37.735923767089844,33.61547088623047,28.17800521850586,24.59674835205078,20.880613327026367,18.248287200927734,16.0,16.278820037841797,16.76305389404297,16.6433162689209,17.20465087890625,18.027755737304688,18.439088821411133,18.439088821411133,16.970561981201172,16.401220321655273,15.65247631072998,14.764822959899902,14.866068840026855,15.29705810546875,16.278820037841797,16.124515533447266,16.031219482421875,18.027755737304688,17.029386520385742,15.0,14.0,14.142135620117188,12.369317054748535,13.928388595581055,15.264337539672852,16.278820037841797,17.804492950439453,18.439088821411133,19.10497283935547,23.34523582458496,24.75883674621582,27.658634185791016,30.0,29.681644439697266,30.4138126373291
0,-50.0,-95,23,12,85.95928955078125,80.95059967041016,79.15807342529297,74.32361602783203,69.07966613769531,62.7694206237793,59.236812591552734,53.48831558227539,50.32891845703125,44.94440841674805,40.853397369384766,36.769554138183594,33.61547088623047,29.068883895874023,25.05992889404297,21.40093421936035,17.69180679321289,15.0,15.231546401977539,16.278820037841797,17.029386520385742,18.027755737304688,18.0,20.099750518798828,18.027755737304688,18.248287200927734,16.76305389404297,16.76305389404297,15.65247631072998,16.6433162689209,15.81138801574707,17.804492950439453,17.029386520385742,17.029386520385742,16.970561981201172,16.278820037841797,14.21267032623291,13.601470947265625,13.892443656921387,12.649110794067383,14.317821502685547,16.124515533447266,16.031219482421875,18.0,19.02629852294922,21.02379608154297,23.0,25.01999282836914,27.0,28.017850875854492,31.14482307434082,29.42787742614746
0,-49.0,-95,24,9,90.82400512695312,88.95504760742188,82.07923126220703,80.52949523925781,72.01388549804688,67.08203887939453,63.50590515136719,58.13776779174805,54.120235443115234,48.30113983154297,44.72135925292969,39.81205749511719,34.928497314453125,30.08321762084961,25.298221588134766,22.360679626464844,20.0,18.11077117919922,17.0880069732666,16.124515533447266,18.601076126098633,18.439088821411133,19.79899024963379,20.0,20.615528106689453,19.416488647460938,18.788293838500977,17.8885440826416,18.973665237426758,18.439088821411133,18.248287200927734,18.11077117919922,18.11077117919922,18.027755737304688,18.0,18.0,16.124515533447266,14.142135620117188,13.601470947265625,14.317821502685547,15.264337539672852,15.81138801574707,16.278820037841797,17.69180679321289,19.84943389892578,21.260292053222656,24.083189010620117,26.248809814453125,28.319604873657227,30.4138126373291,31.240999221801758,30.805843353271484
0,-50.0,-95,24,9,85.37564086914062,85.37564086914062,85.37564086914062,82.03657531738281,74.96665954589844,67.46851348876953,63.348243713378906,57.723480224609375,53.36665725708008,49.47726821899414,45.12205505371094,38.832977294921875,35.510562896728516,31.14482307434082,26.07680892944336,22.090721130371094,18.439088821411133,17.0880069732666,18.027755737304688,17.69180679321289,19.10497283935547,20.0,19.416488647460938,20.59126091003418,19.235383987426758,17.8885440826416,16.492422103881836,18.248287200927734,17.11724281311035,17.0,16.0,17.262676239013672,17.11724281311035,18.11077117919922,16.492422103881836,16.492422103881836,13.601470947265625,14.317821502685547,14.764822959899902,13.601470947265625,14.142135620117188,14.422204971313477,16.124515533447266,17.8885440826416,19.697715759277344,21.02379608154297,24.166091918945312,25.495098114013672,27.784887313842773,29.154760360717773,30.805843353271484,31.240999221801758
0,-49.0,-95,23,12,86.97700500488281,83.48652648925781,81.90848541259766,78.58753204345703,73.97972869873047,65.51335906982422,61.61168670654297,56.08921432495117,50.80354309082031,46.87216567993164,42.57933807373047,36.878177642822266,32.98484420776367,29.4108829498291,25.63201141357422,21.095022201538086,18.439088821411133,16.278820037841797,16.6433162689209,18.027755737304688,17.72004508972168,18.439088821411133,19.10497283935547,20.099750518798828,19.02629852294922,18.0,16.278820037841797,16.278820037841797,15.81138801574707,15.65247631072998,16.552946090698242,17.492855072021484,17.20465087890625,17.20465087890625,17.029386520385742,16.278820037841797,16.278820037841797,15.55634880065918,14.21267032623291,13.892443656921387,14.866068840026855,14.866068840026855,16.278820037841797,18.11077117919922,20.02498435974121,22.022714614868164,24.020824432373047,25.01999282836914,27.294687271118164,29.614185333251953,30.08321762084961,31.016124725341797
0,-49.0,-95,23,12,83.54639434814453,83.74365997314453,81.02468872070312,77.6208724975586,71.16881561279297,67.35725402832031,61.6846809387207,55.36244201660156,52.49761962890625,45.221675872802734,42.72002029418945,38.327537536621094,34.20526123046875,29.614185333251953,25.317977905273438,22.0,20.02498435974121,17.464248657226562,16.124515533447266,15.81138801574707,16.278820037841797,17.69180679321289,17.029386520385742,17.20465087890625,17.20465087890625,17.0,16.492422103881836,14.317821502685547,16.031219482421875,15.0,16.031219482421875,16.031219482421875,16.278820037841797,16.278820037841797,17.262676239013672,15.81138801574707,15.81138801574707,14.866068840026855,15.264337539672852,14.21267032623291,14.866068840026855,15.0,16.6433162689209,18.027755737304688,19.235383987426758,20.59126091003418,24.1867733001709,25.05992889404297,26.925823211669922,28.844409942626953,29.832868576049805,30.4138126373291
0,-50.0,-95,23,12,85.72631072998047,84.40379333496094,83.43260955810547,77.27871704101562,74.96665954589844,66.61080932617188,62.513999938964844,57.42821502685547,52.239830017089844,47.381431579589844,44.40720748901367,38.470767974853516,33.734256744384766,28.635643005371094,25.0,23.76972770690918,19.72308349609375,17.804492950439453,16.6433162689209,17.0,17.0880069732666,18.681541442871094,18.248287200927734,18.027755737304688,19.10497283935547,18.0,16.031219482421875,16.278820037841797,15.524174690246582,16.76305389404297,15.231546401977539,17.492855072021484,17.492855072021484,16.6433162689209,18.867961883544922,18.027755737304688,17.029386520385742,15.55634880065918,14.866068840026855,14.422204971313477,14.422204971313477,13.928388595581055,16.492422103881836,18.248287200927734,20.2237491607666,20.2237491607666,24.1867733001709,26.476404190063477,28.635643005371094,29.120439529418945,30.08321762084961,30.870698928833008
0,-49.0,-95,23,12,85.86617279052734,83.19855499267578,82.97589874267578,77.10382843017578,73.82411193847656,64.62971496582031,61.66035842895508,56.4358024597168,52.46903991699219,48.3735466003418,43.28972244262695,38.470767974853516,35.35533905029297,29.42787742614746,25.70992088317871,21.931713104248047,17.492855072021484,16.278820037841797,15.0,16.124515533447266,16.552946090698242,18.439088821411133,18.248287200927734,18.11077117919922,18.11077117919922,18.0,16.031219482421875,17.262676239013672,16.76305389404297,17.0880069732666,16.155494689941406,17.8885440826416,17.8885440826416,16.6433162689209,16.6433162689209,16.401220321655273,15.620499610900879,14.866068840026855,14.21267032623291,13.03840446472168,15.231546401977539,14.560219764709473,16.278820037841797,18.11077117919922,19.10497283935547,20.02498435974121,22.022714614868164,25.179357528686523,26.305892944335938,28.861740112304688,29.120439529418945,29.154760360717773
0,-50.0,-95,24,9,90.97252655029297,85.98255920410156,83.52843475341797,80.52949523925781,74.24284362792969,67.08203887939453,62.60990524291992,59.03388977050781,54.12947463989258,48.754486083984375,44.72135925292969,39.824615478515625,34.885528564453125,31.38471031188965,26.925823211669922,21.260292053222656,19.209373474121094,16.6433162689209,17.0880069732666,16.278820037841797,18.0,19.02629852294922,18.11077117919922,19.416488647460938,20.39607810974121,18.973665237426758,17.8885440826416,16.124515533447266,16.6433162689209,17.029386520385742,17.69180679321289,18.384777069091797,17.69180679321289,18.439088821411133,16.401220321655273,16.6433162689209,16.124515533447266,14.764822959899902,13.928388595581055,13.601470947265625,15.132745742797852,16.0,17.0,18.11077117919922,20.2237491607666,20.39607810974121,24.331050872802734,26.476404190063477,28.284271240234375,29.154760360717773,31.016124725341797,31.064449310302734
0,-49.0,-95,24,9,92.41753387451172,88.48163604736328,83.21658325195312,81.98780059814453,73.43023681640625,68.47627258300781,64.0078125,59.05929183959961,52.77309799194336,49.24428939819336,45.650848388671875,39.4461669921875,36.055511474609375,30.0,25.612497329711914,21.931713104248047,19.416488647460938,17.0880069732666,17.464248657226562,18.11077117919922,18.0,20.099750518798828,20.2237491607666,20.39607810974121,21.587032318115234,19.313207626342773,18.357559204101562,17.8885440826416,17.20465087890625,17.69180679321289,17.69180679321289,19.10497283935547,18.439088821411133,18.439088821411133,17.804492950439453,17.20465087890625,18.357559204101562,14.764822959899902,15.231546401977539,14.560219764709473,15.132745742797852,17.0,16.124515533447266,20.099750518798828,21.3775577545166,22.360679626464844,24.73863410949707,25.317977905273438,28.44292449951172,30.265491485595703,31.064449310302734,32.06243896484375
0,-49.0,-95,23,13,90.3548583984375,88.58893585205078,81.88406372070312,79.92496490478516,74.3303451538086,69.89277648925781,64.07027435302734,58.8217658996582,54.4058837890625,47.801673889160156,45.0,40.0,34.4093017578125,29.681644439697266,25.05992889404297,23.409399032592773,20.39607810974121,18.027755737304688,18.11077117919922,17.464248657226562,19.313207626342773,17.8885440826416,18.788293838500977,18.867961883544922,18.867961883544922,18.027755737304688,16.278820037841797,15.620499610900879,15.264337539672852,16.552946090698242,16.155494689941406,17.0880069732666,16.492422103881836,16.492422103881836,17.464248657226562,16.492422103881836,16.278820037841797,14.142135620117188,14.0,15.033296585083008,16.278820037841797,16.492422103881836,16.552946090698242,17.8885440826416,19.72308349609375,20.59126091003418,24.1867733001709,26.07680892944336,28.635643005371094,29.546573638916016,31.62277603149414,30.805843353271484
0,-49.0,-95,23,12,89.69392395019531,87.92041778564453,79.71198272705078,80.65357971191406,71.84010314941406,68.88395690917969,63.56099319458008,56.29387283325195,54.12947463989258,45.607017517089844,42.72002029418945,38.897300720214844,34.1760139465332,29.546573638916016,26.832815170288086,22.472204208374023,20.0,18.439088821411133,17.8885440826416,17.464248657226562,18.681541442871094,19.235383987426758,18.11077117919922,20.0,19.02629852294922,19.0,17.262676239013672,16.76305389404297,15.231546401977539,16.124515533447266,16.6433162689209,16.401220321655273,17.804492950439453,17.029386520385742,17.804492950439453,16.278820037841797,15.620499610900879,15.81138801574707,14.764822959899902,15.231546401977539,13.928388595581055,16.124515533447266,16.031219482421875,18.0,19.0,21.0,24.0,25.0,27.0,29.017236709594727,30.149627685546875,30.5941162109375
0,-49.0,-95,23,12,92.20086669921875,87.6584243774414,86.02325439453125,79.92496490478516,74.4311752319336,68.47627258300781,64.88451385498047,57.706153869628906,52.35456085205078,48.3735466003418,45.650848388671875,40.31128692626953,34.13209533691406,30.805843353271484,26.4007568359375,23.34523582458496,20.0,18.357559204101562,18.681541442871094,18.248287200927734,19.02629852294922,20.02498435974121,20.0,20.2237491607666,20.2237491607666,18.248287200927734,18.027755737304688,17.464248657226562,15.81138801574707,17.804492950439453,16.970561981201172,17.69180679321289,17.69180679321289,18.439088821411133,18.439088821411133,17.804492950439453,15.81138801574707,16.6433162689209,15.65247631072998,14.866068840026855,15.29705810546875,14.03566837310791,17.0,17.029386520385742,19.10497283935547,20.099750518798828,23.0867919921875,26.172504425048828,28.017850875854492,29.0,30.01666259765625,31.256999969482422
0,-49.0,-95,23,12,84.5280990600586,83.86298370361328,81.88406372070312,77.3175277709961,73.17103576660156,66.12110137939453,62.07253646850586,55.03635025024414,51.009803771972656,48.010414123535156,44.04542922973633,38.11823654174805,35.12833786010742,29.42787742614746,25.495098114013672,22.472204208374023,17.8885440826416,17.20465087890625,16.278820037841797,16.6433162689209,17.492855072021484,18.027755737304688,17.72004508972168,19.646883010864258,19.416488647460938,18.248287200927734,16.0,17.0,16.124515533447266,15.81138801574707,17.464248657226562,18.973665237426758,18.384777069091797,17.464248657226562,17.0,16.6433162689209,15.0,15.0,14.21267032623291,14.21267032623291,13.892443656921387,15.65247631072998,15.231546401977539,17.72004508972168,19.646883010864258,20.615528106689453,22.56102752685547,25.0,26.248809814453125,27.513633728027344,29.154760360717773,30.4138126373291
0,-49.0,-95,23,13,84.00595092773438,84.0238037109375,84.0238037109375,78.16009521484375,75.42546081542969,67.47592163085938,63.50590515136719,58.54912567138672,54.58937454223633,50.35871505737305,46.27094268798828,41.1096076965332,36.055511474609375,30.0,25.0,23.194826126098633,19.646883010864258,18.384777069091797,16.401220321655273,16.970561981201172,17.20465087890625,18.357559204101562,19.235383987426758,19.313207626342773,18.027755737304688,17.72004508972168,18.248287200927734,18.027755737304688,17.0,19.10497283935547,17.11724281311035,18.439088821411133,18.681541442871094,18.439088821411133,18.439088821411133,16.76305389404297,17.0880069732666,15.264337539672852,14.422204971313477,14.866068840026855,14.142135620117188,16.401220321655273,18.867961883544922,18.357559204101562,20.59126091003418,21.470911026000977,24.166091918945312,26.832815170288086,28.17800521850586,30.01666259765625,31.064449310302734,30.610456466674805
0,-49.0,-95,24,9,95.2575454711914,93.94147491455078,88.63971710205078,87.09190368652344,79.12016296386719,74.94664764404297,69.2603759765625,64.8459701538086,58.24087905883789,51.865211486816406,49.04079818725586,44.59820556640625,38.62641525268555,32.69556427001953,28.635643005371094,24.698177337646484,22.022714614868164,19.209373474121094,18.788293838500977,19.92485809326172,19.416488647460938,21.095022201538086,21.095022201538086,22.0,22.0,22.022714614868164,20.39607810974121,19.313207626342773,18.973665237426758,18.788293838500977,18.867961883544922,21.095022201538086,20.808652877807617,19.209373474121094,19.416488647460938,17.804492950439453,18.439088821411133,15.620499610900879,16.401220321655273,16.124515533447266,15.65247631072998,16.76305389404297,18.248287200927734,19.10497283935547,20.099750518798828,22.022714614868164,25.01999282836914,28.07133674621582,29.154760360717773,30.5941162109375,32.75667953491211,33.83784866333008
0,-50.0,-95,25,5,96.82975006103516,92.80086517333984,87.20092010498047,83.23461151123047,78.49203491210938,71.34423828125,68.26419067382812,61.057350158691406,57.30619430541992,51.107730865478516,47.88528060913086,42.19004440307617,37.202152252197266,32.202484130859375,27.58622932434082,24.75883674621582,21.40093421936035,19.697715759277344,17.464248657226562,20.099750518798828,20.02498435974121,22.022714614868164,20.02498435974121,20.099750518798828,20.39607810974121,19.646883010864258,19.697715759277344,17.8885440826416,19.416488647460938,19.416488647460938,19.79899024963379,19.10497283935547,20.615528106689453,18.439088821411133,19.10497283935547,18.384777069091797,18.601076126098633,17.492855072021484,17.0880069732666,16.492422103881836,16.492422103881836,17.11724281311035,17.0,18.0,20.099750518798828,20.099750518798828,25.079872131347656,28.017850875854492,30.01666259765625,31.016124725341797,33.060550689697266,33.541019439697266
0,-49.0,-95,23,12,89.47066497802734,85.49269104003906,83.77350616455078,80.65357971191406,74.94664764404297,68.00735473632812,63.60031509399414,57.28001403808594,51.92301940917969,49.47726821899414,43.416587829589844,38.60051727294922,35.44009017944336,31.016124725341797,26.4007568359375,23.323806762695312,19.209373474121094,17.69180679321289,17.492855072021484,17.464248657226562,17.72004508972168,18.248287200927734,18.248287200927734,19.10497283935547,19.10497283935547,18.0,16.278820037841797,16.76305389404297,15.81138801574707,15.65247631072998,16.124515533447266,17.20465087890625,17.20465087890625,17.804492950439453,16.278820037841797,16.278820037841797,15.55634880065918,14.866068840026855,14.21267032623291,13.892443656921387,14.866068840026855,15.524174690246582,16.124515533447266,18.027755737304688,20.02498435974121,22.022714614868164,24.020824432373047,25.079872131347656,27.166154861450195,28.44292449951172,29.832868576049805,29.73213768005371
0,-49.0,-95,23,13,91.18113708496094,90.07774353027344,83.67198181152344,83.18653869628906,73.82411193847656,70.23532104492188,63.52952194213867,59.53990173339844,55.07267761230469,50.11985778808594,46.957427978515625,42.04759216308594,36.67424011230469,32.31098937988281,27.85677719116211,24.331050872802734,22.090721130371094,19.0,18.439088821411133,19.313207626342773,17.8885440826416,19.416488647460938,20.0,21.260292053222656,19.79899024963379,19.79899024963379,18.027755737304688,17.8885440826416,18.788293838500977,16.76305389404297,16.76305389404297,18.248287200927734,19.235383987426758,19.235383987426758,20.099750518798828,19.02629852294922,18.0,16.0,15.033296585083008,15.524174690246582,16.76305389404297,17.0,16.6433162689209,18.601076126098633,20.0,22.803508758544922,24.20743751525879,26.4007568359375,27.80287742614746,30.232433319091797,30.528675079345703,32.202484130859375
0,-49.0,-95,23,12,88.10221099853516,84.11896514892578,84.53401947021484,78.892333984375,73.24616241455078,65.73431396484375,61.85466766357422,56.859474182128906,52.69725036621094,49.92995071411133,44.65422821044922,39.11521530151367,35.84689712524414,30.4138126373291,26.4007568359375,22.803508758544922,18.248287200927734,18.0,16.278820037841797,17.0880069732666,17.464248657226562,19.72308349609375,19.416488647460938,19.209373474121094,19.10497283935547,17.69180679321289,17.20465087890625,18.357559204101562,17.464248657226562,17.464248657226562,18.681541442871094,18.681541442871094,19.416488647460938,18.248287200927734,18.248287200927734,18.11077117919922,16.031219482421875,16.0,16.031219482421875,15.132745742797852,16.76305389404297,15.81138801574707,17.464248657226562,18.357559204101562,20.248456954956055,21.63330841064453,24.413110733032227,26.07680892944336,27.784887313842773,29.529645919799805,30.463092803955078,30.675724029541016
0,-49.0,-95,23,13,89.8109130859375,88.25531005859375,87.31552124023438,82.85529327392578,77.47257232666016,69.31810760498047,64.88451385498047,59.09314727783203,55.46169662475586,53.22593307495117,46.957427978515625,41.231056213378906,38.07886505126953,32.893768310546875,29.120439529418945,22.360679626464844,20.02498435974121,18.027755737304688,18.027755737304688,17.8885440826416,18.867961883544922,19.84943389892578,19.10497283935547,19.84943389892578,19.84943389892578,19.209373474121094,18.357559204101562,18.384777069091797,18.027755737304688,17.464248657226562,18.439088821411133,20.099750518798828,20.099750518798828,19.02629852294922,18.0,17.0,16.0,16.124515533447266,15.29705810546875,15.81138801574707,15.65247631072998,16.6433162689209,17.20465087890625,16.970561981201172,20.51828384399414,21.260292053222656,24.083189010620117,26.90724754333496,27.58622932434082,29.73213768005371,30.610456466674805,31.064449310302734
0,-49.0,-95,23,13,86.12200927734375,86.58522033691406,86.58522033691406,85.4400405883789,77.79460144042969,71.47027587890625,65.78753662109375,59.80802536010742,55.71355438232422,51.26402282714844,46.48655700683594,42.05948257446289,37.64305877685547,32.98484420776367,28.284271240234375,24.0,20.02498435974121,19.416488647460938,18.788293838500977,19.416488647460938,19.84943389892578,21.931713104248047,21.260292053222656,20.615528106689453,21.63330841064453,20.59126091003418,19.313207626342773,19.646883010864258,18.439088821411133,18.11077117919922,20.02498435974121,21.0,21.0,21.0,19.02629852294922,18.11077117919922,18.248287200927734,18.439088821411133,16.76305389404297,17.464248657226562,16.6433162689209,17.029386520385742,18.439088821411133,19.79899024963379,21.260292053222656,23.430749893188477,26.248809814453125,28.42534065246582,29.0,31.11269760131836,31.890438079833984,33.0151481628418
0,-49.0,-95,23,13,92.28217315673828,91.06591033935547,84.05950164794922,83.23461151123047,75.60423278808594,71.21797180175781,66.21932983398438,61.22091293334961,56.080299377441406,50.6063232421875,45.607017517089844,42.20189666748047,36.619667053222656,31.906112670898438,27.784887313842773,24.166091918945312,21.840330123901367,19.235383987426758,18.027755737304688,18.248287200927734,18.681541442871094,20.248456954956055,19.697715759277344,19.72308349609375,19.416488647460938,18.601076126098633,18.439088821411133,17.20465087890625,16.6433162689209,16.552946090698242,17.0880069732666,17.0880069732666,18.973665237426758,18.681541442871094,19.416488647460938,18.248287200927734,17.11724281311035,16.031219482421875,16.0,16.124515533447266,16.278820037841797,17.72004508972168,17.464248657226562,18.357559204101562,20.59126091003418,21.954498291015625,25.553865432739258,27.294687271118164,29.068883895874023,29.546573638916016,31.95309066772461,32.98484420776367
0,-49.0,-95,23,13,85.02352905273438,85.09406280517578,85.21150207519531,85.58621215820312,78.63841247558594,74.96665954589844,68.73136138916016,62.801273345947266,58.85575485229492,51.62363815307617,48.50773239135742,44.10215377807617,38.05259704589844,34.0,29.017236709594727,26.172504425048828,23.76972770690918,20.615528106689453,19.416488647460938,20.51828384399414,19.79899024963379,20.0,20.808652877807617,20.59126091003418,20.124610900878906,20.615528106689453,18.439088821411133,18.027755737304688,18.0,19.02629852294922,19.10497283935547,19.416488647460938,19.646883010864258,19.646883010864258,20.615528106689453,19.92485809326172,19.313207626342773,17.8885440826416,16.6433162689209,17.20465087890625,15.620499610900879,18.439088821411133,19.416488647460938,20.248456954956055,20.59126091003418,22.825424194335938,25.05992889404297,27.784887313842773,29.681644439697266,31.62277603149414,33.42155075073242,32.557640075683594
0,-49.0,-95,23,13,94.84724426269531,91.54779815673828,87.86353302001953,84.0238037109375,77.20103454589844,70.45565795898438,66.0302963256836,60.464866638183594,55.4707145690918,52.201534271240234,46.04345703125,42.20189666748047,37.64305877685547,32.557640075683594,28.284271240234375,25.612497329711914,22.472204208374023,19.313207626342773,18.11077117919922,19.0,20.0,21.3775577545166,21.3775577545166,20.880613327026367,20.880613327026367,19.313207626342773,18.027755737304688,18.439088821411133,18.384777069091797,17.69180679321289,19.416488647460938,18.867961883544922,20.59126091003418,20.59126091003418,20.59126091003418,20.124610900878906,18.788293838500977,18.027755737304688,17.72004508972168,17.464248657226562,17.11724281311035,17.0,20.099750518798828,20.099750518798828,21.3775577545166,22.803508758544922,25.70992088317871,28.635643005371094,30.5941162109375,31.256999969482422,33.13608169555664,34.0
0,-49.0,-95,24,10,99.29753112792969,93.00537872314453,92.20086669921875,84.64632415771484,82.32861328125,72.24956512451172,68.01470184326172,64.44377136230469,59.46427536010742,53.75872039794922,49.57822036743164,43.931766510009766,39.69886779785156,35.22782897949219,29.4108829498291,26.4007568359375,22.472204208374023,20.39607810974121,19.02629852294922,18.11077117919922,19.416488647460938,19.92485809326172,20.615528106689453,20.248456954956055,21.095022201538086,19.416488647460938,19.10497283935547,20.0,19.416488647460938,20.59126091003418,19.235383987426758,18.788293838500977,20.615528106689453,19.313207626342773,20.880613327026367,19.92485809326172,19.235383987426758,17.11724281311035,17.0,17.0,17.262676239013672,17.11724281311035,18.973665237426758,20.615528106689453,22.847318649291992,25.079872131347656,25.495098114013672,29.068883895874023,30.870698928833008,32.69556427001953,33.52610778808594,33.541019439697266
0,-49.0,-95,24,9,95.29428100585938,93.471923828125,91.23595428466797,86.92525482177734,81.70679473876953,74.94664764404297,69.57010650634766,64.19501495361328,58.8217658996582,54.08327102661133,49.648765563964844,44.271888732910156,38.62641525268555,34.539833068847656,29.96664810180664,25.553865432739258,22.022714614868164,19.209373474121094,17.8885440826416,18.973665237426758,18.439088821411133,20.099750518798828,22.090721130371094,21.0,22.022714614868164,20.02498435974121,20.39607810974121,19.92485809326172,20.615528106689453,20.124610900878906,20.59126091003418,21.63330841064453,21.63330841064453,20.0,20.248456954956055,20.0,18.439088821411133,18.384777069091797,18.601076126098633,18.867961883544922,17.0,18.384777069091797,20.880613327026367,20.615528106689453,21.3775577545166,23.34523582458496,26.68332862854004,28.635643005371094,31.048349380493164,32.015621185302734,34.1760139465332,35.34119415283203
0,-49.0,-95,23,13,85.70297241210938,85.90692901611328,86.12200927734375,82.71033477783203,77.20103454589844,68.62215423583984,65.14598846435547,59.46427536010742,55.02726745605469,52.201534271240234,44.94440841674805,42.05948257446289,36.400550842285156,32.98484420776367,28.635643005371094,24.0,21.095022201538086,19.416488647460938,19.697715759277344,18.867961883544922,20.0,21.260292053222656,20.51828384399414,21.260292053222656,22.022714614868164,20.0,17.8885440826416,19.313207626342773,19.416488647460938,19.10497283935547,20.099750518798828,19.02629852294922,21.02379608154297,20.02498435974121,19.0,18.027755737304688,18.11077117919922,18.027755737304688,18.439088821411133,16.76305389404297,17.464248657226562,17.8885440826416,19.235383987426758,20.0,21.260292053222656,22.627416610717773,25.612497329711914,28.42534065246582,28.600698471069336,30.805843353271484,32.75667953491211,33.105892181396484
0,-49.0,-95,23,13,90.82400512695312,89.4930191040039,89.1852035522461,87.80091094970703,80.04998779296875,77.46611785888672,70.85901641845703,65.76473236083984,60.530982971191406,53.15073013305664,50.990196228027344,46.097721099853516,40.26164245605469,34.78505325317383,31.38471031188965,27.73084831237793,25.238859176635742,21.260292053222656,20.808652877807617,21.095022201538086,21.931713104248047,23.409399032592773,21.840330123901367,23.34523582458496,22.360679626464844,22.090721130371094,20.0,19.235383987426758,20.615528106689453,18.973665237426758,20.248456954956055,20.59126091003418,21.470911026000977,20.59126091003418,21.470911026000977,19.72308349609375,20.0,18.439088821411133,17.69180679321289,18.439088821411133,17.20465087890625,18.357559204101562,20.248456954956055,20.880613327026367,21.189620971679688,23.0867919921875,27.20294189453125,29.120439529418945,31.62277603149414,32.893768310546875,34.01470184326172,35.35533905029297
0,-49.0,-95,24,8,88.25531005859375,86.40023040771484,86.40023040771484,82.0,78.44743347167969,71.02112579345703,66.75328063964844,61.52235412597656,57.42821502685547,51.788028717041016,47.67599105834961,42.95346450805664,39.293766021728516,33.241539001464844,28.460498809814453,26.4007568359375,22.825424194335938,20.615528106689453,18.439088821411133,19.416488647460938,21.095022201538086,20.615528106689453,20.880613327026367,20.39607810974121,20.39607810974121,19.02629852294922,18.027755737304688,18.248287200927734,18.439088821411133,19.646883010864258,19.313207626342773,19.697715759277344,18.788293838500977,20.59126091003418,20.124610900878906,20.124610900878906,18.867961883544922,19.209373474121094,16.970561981201172,16.278820037841797,17.804492950439453,16.6433162689209,20.124610900878906,18.788293838500977,22.472204208374023,22.847318649291992,26.0,26.925823211669922,29.546573638916016,30.4138126373291,31.38471031188965,32.4499626159668
0,-49.0,-95,24,9,86.83317565917969,85.5102310180664,85.5102310180664,84.71717834472656,83.38465118408203,72.24956512451172,70.25667572021484,63.12685775756836,59.13543701171875,56.14267349243164,50.03998565673828,44.283180236816406,40.199501037597656,35.22782897949219,30.5941162109375,27.85677719116211,22.360679626464844,21.63330841064453,21.21320343017578,21.40093421936035,22.472204208374023,22.360679626464844,21.540658950805664,23.409399032592773,20.880613327026367,20.615528106689453,20.099750518798828,21.0,20.099750518798828,21.21320343017578,20.39607810974121,21.840330123901367,23.409399032592773,23.0867919921875,21.931713104248047,22.847318649291992,21.02379608154297,20.124610900878906,19.72308349609375,18.027755737304688,19.79899024963379,19.84943389892578,20.615528106689453,21.63330841064453,23.323806762695312,25.05992889404297,27.784887313842773,29.529645919799805,31.906112670898438,32.80244064331055,34.71310806274414,34.65544509887695
0,-49.0,-95,24,9,90.47651672363281,89.53770446777344,90.47651672363281,83.38465118408203,81.43709564208984,71.5541763305664,69.77105712890625,63.06346130371094,59.05929183959961,55.009090423583984,49.648765563964844,43.8292121887207,41.62931823730469,35.46829605102539,30.08321762084961,26.68332862854004,23.194826126098633,22.0,20.39607810974121,20.880613327026367,21.02379608154297,21.470911026000977,21.63330841064453,22.022714614868164,22.022714614868164,20.51828384399414,18.439088821411133,21.095022201538086,19.697715759277344,19.697715759277344,19.92485809326172,21.840330123901367,21.840330123901367,21.587032318115234,21.3775577545166,20.39607810974121,19.10497283935547,18.11077117919922,19.0,17.0,18.439088821411133,18.973665237426758,19.92485809326172,19.697715759277344,22.360679626464844,24.166091918945312,25.495098114013672,28.635643005371094,31.38471031188965,31.016124725341797,33.241539001464844,33.734256744384766
0,-49.0,-95,23,13,94.76286315917969,92.6552734375,86.97700500488281,84.38601684570312,78.10249328613281,71.21797180175781,68.4105224609375,63.60031509399414,58.8217658996582,53.413482666015625,48.41487503051758,44.04542922973633,38.20994567871094,34.65544509887695,29.0,25.612497329711914,21.63330841064453,19.313207626342773,19.10497283935547,21.02379608154297,20.02498435974121,20.2237491607666,20.615528106689453,21.189620971679688,21.189620971679688,21.540658950805664,20.0,20.615528106689453,20.51828384399414,20.51828384399414,22.203603744506836,22.203603744506836,21.63330841064453,21.63330841064453,21.63330841064453,19.72308349609375,20.124610900878906,18.973665237426758,18.681541442871094,20.39607810974121,18.11077117919922,20.099750518798828,22.0,21.02379608154297,23.0867919921875,25.079872131347656,26.305892944335938,30.149627685546875,32.06243896484375,32.06243896484375,34.0,36.12478256225586
0,-49.0,-95,23,13,86.34812927246094,85.5102310180664,85.32877349853516,84.59314727783203,80.39900207519531,75.1065902709961,71.11258697509766,64.03124237060547,60.0333251953125,54.08327102661133,51.03919982910156,45.17742919921875,40.31128692626953,34.525352478027344,29.614185333251953,26.248809814453125,22.825424194335938,20.0,21.260292053222656,20.0,21.470911026000977,21.540658950805664,21.931713104248047,22.803508758544922,21.840330123901367,22.360679626464844,20.0,21.02379608154297,21.095022201538086,20.39607810974121,20.880613327026367,22.472204208374023,22.135944366455078,21.540658950805664,23.409399032592773,21.540658950805664,20.615528106689453,19.72308349609375,19.416488647460938,19.209373474121094,18.439088821411133,20.615528106689453,20.808652877807617,21.63330841064453,23.323806762695312,24.59674835205078,27.294687271118164,29.529645919799805,32.24903106689453,33.83784866333008,35.0,35.38361358642578
0,-49.0,-95,24,9,99.03534698486328,96.17691802978516,90.55384826660156,90.13877868652344,81.05553436279297,77.6208724975586,72.80110168457031,66.0302963256836,61.61168670654297,53.600372314453125,51.22499465942383,46.22769546508789,41.231056213378906,36.06937789916992,32.557640075683594,27.20294189453125,25.05992889404297,21.189620971679688,22.360679626464844,22.090721130371094,22.0,22.090721130371094,22.090721130371094,22.360679626464844,21.3775577545166,20.880613327026367,19.72308349609375,18.867961883544922,19.209373474121094,19.79899024963379,21.260292053222656,20.0,22.203603744506836,21.63330841064453,21.63330841064453,21.095022201538086,20.59126091003418,19.697715759277344,19.313207626342773,19.416488647460938,19.235383987426758,20.02498435974121,21.0,22.0,24.020824432373047,26.07680892944336,28.07133674621582,30.066593170166016,31.064449310302734,33.0151481628418,34.058773040771484,35.35533905029297
0,-49.0,-95,24,10,98.23441314697266,94.64142608642578,92.80086517333984,88.20430755615234,84.05950164794922,75.80237579345703,71.69379425048828,65.3681869506836,60.41522979736328,55.4707145690918,50.6063232421875,45.79301071166992,40.49691390991211,34.66987228393555,31.400636672973633,28.319604873657227,23.600847244262695,21.954498291015625,21.189620971679688,21.3775577545166,22.090721130371094,22.022714614868164,22.0,22.090721130371094,22.090721130371094,20.39607810974121,18.384777069091797,19.235383987426758,19.416488647460938,19.84943389892578,19.84943389892578,21.21320343017578,21.931713104248047,21.931713104248047,22.022714614868164,21.40093421936035,20.248456954956055,19.416488647460938,18.788293838500977,20.248456954956055,19.92485809326172,21.3775577545166,21.095022201538086,22.090721130371094,24.020824432373047,25.01999282836914,28.07133674621582,30.0,32.06243896484375,34.2344856262207,34.71310806274414,34.20526123046875
0,-49.0,-95,24,10,89.73851013183594,90.2496566772461,90.2496566772461,91.39474487304688,85.70297241210938,77.8331527709961,72.44998168945312,66.48307800292969,61.09828186035156,55.36244201660156,51.62363815307617,46.48655700683594,42.72002029418945,38.07886505126953,33.734256744384766,29.068883895874023,26.0,24.1867733001709,23.0867919921875,21.931713104248047,21.954498291015625,22.803508758544922,22.803508758544922,22.671567916870117,21.931713104248047,21.260292053222656,20.124610900878906,20.615528106689453,19.92485809326172,21.3775577545166,22.203603744506836,22.022714614868164,24.0,24.0,23.0,22.0,22.022714614868164,22.022714614868164,21.21320343017578,20.39607810974121,19.92485809326172,21.02379608154297,22.825424194335938,23.021728515625,25.0,27.20294189453125,29.4108829498291,32.202484130859375,33.2866325378418,34.48188018798828,36.67424011230469,36.769554138183594
0,-49.0,-95,24,9,93.10746765136719,91.38927459716797,86.16263580322266,84.43340301513672,80.0062484741211,72.42237091064453,67.05221557617188,62.64183807373047,58.94064712524414,54.120235443115234,47.801673889160156,43.96589660644531,41.761226654052734,35.735137939453125,31.95309066772461,26.832815170288086,23.600847244262695,21.260292053222656,20.0,20.59126091003418,20.615528106689453,22.135944366455078,21.587032318115234,21.3775577545166,22.203603744506836,21.095022201538086,19.10497283935547,20.2237491607666,20.39607810974121,20.248456954956055,20.615528106689453,21.931713104248047,22.360679626464844,22.360679626464844,21.470911026000977,21.63330841064453,20.0,20.0,18.439088821411133,18.384777069091797,19.209373474121094,20.808652877807617,21.63330841064453,22.360679626464844,24.166091918945312,26.0,26.4007568359375,28.635643005371094,31.30495262145996,32.24903106689453,33.83784866333008,35.46829605102539
0,-49.0,-95,24,11,100.0,99.29753112792969,91.80958557128906,91.4166259765625,82.85529327392578,79.64923095703125,71.11962127685547,67.5351791381836,62.60990524291992,56.79788589477539,54.120235443115234,47.50789260864258,43.90899658203125,38.07886505126953,33.2866325378418,27.80287742614746,25.45584487915039,21.63330841064453,21.02379608154297,21.189620971679688,21.3775577545166,23.0867919921875,21.02379608154297,24.0,24.020824432373047,21.21320343017578,21.840330123901367,20.880613327026367,21.931713104248047,21.095022201538086,22.472204208374023,24.413110733032227,23.021728515625,23.600847244262695,23.600847244262695,21.931713104248047,21.931713104248047,21.260292053222656,20.0,21.095022201538086,21.470911026000977,23.25940704345703,21.540658950805664,24.351591110229492,25.0,25.70992088317871,29.832868576049805,30.364452362060547,32.280025482177734,34.48188018798828,35.84689712524414,37.121421813964844
0,-49.0,-95,24,10,88.0227279663086,88.0,88.00568389892578,88.14192962646484,82.2982406616211,74.4311752319336,70.45565795898438,64.38167572021484,61.52235412597656,57.42821502685547,51.4781494140625,46.27094268798828,41.19466018676758,36.055511474609375,33.0,28.07133674621582,24.515300750732422,23.409399032592773,21.954498291015625,21.40093421936035,22.671567916870117,22.671567916870117,22.022714614868164,23.021728515625,23.021728515625,20.59126091003418,19.92485809326172,20.615528106689453,22.360679626464844,22.022714614868164,23.0,24.0,24.0,24.0,23.0867919921875,22.022714614868164,22.203603744506836,22.203603744506836,20.615528106689453,20.880613327026367,20.124610900878906,21.095022201538086,21.954498291015625,23.021728515625,23.600847244262695,24.83948516845703,27.658634185791016,29.20616340637207,32.202484130859375,33.83784866333008,34.48188018798828,36.24913787841797
0,-49.0,-95,23,14,100.2646484375,94.9210205078125,94.3663101196289,88.41380310058594,84.148681640625,76.41989135742188,72.86288452148438,67.94115447998047,62.36986541748047,57.314918518066406,52.40229034423828,47.381431579589844,42.42640686035156,36.878177642822266,32.202484130859375,29.529645919799805,24.59674835205078,23.76972770690918,23.021728515625,24.0,24.083189010620117,22.360679626464844,24.331050872802734,24.041629791259766,23.409399032592773,22.472204208374023,20.808652877807617,21.260292053222656,20.615528106689453,22.671567916870117,22.203603744506836,24.698177337646484,24.698177337646484,24.59674835205078,24.1867733001709,23.706539154052734,22.847318649291992,23.0867919921875,22.803508758544922,22.360679626464844,22.203603744506836,22.090721130371094,26.0,24.020824432373047,26.07680892944336,28.160255432128906,30.149627685546875,33.060550689697266,35.0142822265625,37.0,37.05401611328125,37.336307525634766
0,-48.0,-95,24,11,90.27181243896484,90.04998779296875,90.00555419921875,90.022216796875,87.09190368652344,80.15609741210938,76.32168579101562,71.34423828125,66.27216339111328,60.13318634033203,55.145263671875,50.03998565673828,44.0,39.051246643066406,35.05709457397461,31.575305938720703,27.20294189453125,25.63201141357422,25.238859176635742,24.20743751525879,25.495098114013672,24.83948516845703,24.83948516845703,25.238859176635742,24.1867733001709,23.25940704345703,21.587032318115234,21.21320343017578,21.095022201538086,23.021728515625,23.0867919921875,25.179357528686523,25.079872131347656,25.317977905273438,25.317977905273438,24.515300750732422,25.0,22.472204208374023,22.847318649291992,23.706539154052734,23.323806762695312,23.853721618652344,25.0,24.20743751525879,26.248809814453125,28.319604873657227,31.890438079833984,34.71310806274414,36.12478256225586,37.64305877685547,38.01315689086914,38.07886505126953
0,-48.0,-95,24,10,101.60708618164062,97.6166000366211,93.86160278320312,90.60904693603516,83.54639434814453,79.20858764648438,73.53910827636719,67.88224792480469,62.93647766113281,55.865909576416016,53.75872039794922,48.166378021240234,43.27817153930664,38.60051727294922,34.4093017578125,31.764760971069336,27.513633728027344,25.70992088317871,24.083189010620117,24.0,23.021728515625,24.1867733001709,24.515300750732422,23.76972770690918,23.0867919921875,22.847318649291992,20.808652877807617,20.615528106689453,20.51828384399414,22.203603744506836,22.203603744506836,23.853721618652344,23.323806762695312,24.59674835205078,26.4007568359375,25.05992889404297,24.698177337646484,23.409399032592773,22.803508758544922,22.360679626464844,24.1867733001709,24.083189010620117,24.0,25.0,28.07133674621582,29.068883895874023,31.016124725341797,33.060550689697266,36.013885498046875,37.0,38.05259704589844,39.31920623779297
0,-49.0,-95,24,11,93.96276092529297,93.14505004882812,92.41753387451172,91.4111557006836,87.82368469238281,79.6303939819336,75.53807067871094,67.36467742919922,63.3876953125,58.4208869934082,54.33230972290039,48.66210174560547,45.7055778503418,39.81205749511719,36.13862228393555,30.08321762084961,26.832815170288086,26.07680892944336,24.083189010620117,24.83948516845703,25.238859176635742,25.05992889404297,23.706539154052734,23.409399032592773,25.0,22.135944366455078,21.095022201538086,22.0,21.095022201538086,21.3775577545166,22.803508758544922,25.0,25.63201141357422,25.63201141357422,24.698177337646484,25.495098114013672,23.706539154052734,23.706539154052734,22.472204208374023,23.021728515625,22.022714614868164,23.34523582458496,24.75883674621582,25.0,27.20294189453125,28.844409942626953,31.064449310302734,33.83784866333008,35.80502700805664,36.878177642822266,38.897300720214844,39.051246643066406
0,-49.0,-95,24,11,95.2732925415039,95.63471984863281,96.00521087646484,92.19544219970703,89.05054473876953,82.29216003417969,78.26238250732422,72.89718627929688,67.5351791381836,62.64982223510742,57.30619430541992,51.429561614990234,45.617977142333984,40.31128692626953,35.46829605102539,32.015621185302734,29.27456283569336,27.0,24.083189010620117,23.53720474243164,25.63201141357422,26.0,26.0,25.238859176635742,24.698177337646484,22.803508758544922,21.260292053222656,23.021728515625,22.472204208374023,24.59674835205078,22.847318649291992,25.298221588134766,25.0,25.298221588134766,27.513633728027344,26.925823211669922,25.495098114013672,24.331050872802734,24.083189010620117,24.0,26.0,25.079872131347656,27.294687271118164,28.284271240234375,29.42787742614746,31.575305938720703,33.734256744384766,36.67424011230469,39.623226165771484,40.112342834472656,43.0,42.04759216308594
0,-49.0,-95,24,11,94.57801055908203,93.60555267333984,87.93179321289062,86.58522033691406,79.07591247558594,74.3303451538086,71.19690704345703,66.0984115600586,61.814239501953125,54.918121337890625,52.77309799194336,47.07440948486328,41.9761848449707,37.36308288574219,32.280025482177734,29.546573638916016,25.553865432739258,23.021728515625,21.931713104248047,23.600847244262695,22.825424194335938,22.847318649291992,22.847318649291992,23.0867919921875,22.360679626464844,22.360679626464844,21.0,21.095022201538086,21.3775577545166,23.53720474243164,21.840330123901367,23.76972770690918,24.698177337646484,22.847318649291992,24.166091918945312,22.847318649291992,23.706539154052734,23.021728515625,22.803508758544922,24.083189010620117,22.022714614868164,24.041629791259766,25.612497329711914,27.018512725830078,27.658634185791016,28.017850875854492,31.62277603149414,34.20526123046875,35.608985900878906,37.53664779663086,38.20994567871094,39.20458984375
0,-48.0,-95,24,11,101.67103576660156,96.40020751953125,95.8018798828125,91.80958557128906,86.8216552734375,79.25907135009766,75.29276275634766,70.71067810058594,65.29930877685547,59.16925048828125,55.009090423583984,49.24428939819336,44.94440841674805,39.408119201660156,33.60059356689453,29.698484420776367,26.4007568359375,26.07680892944336,25.079872131347656,25.961509704589844,25.70992088317871,26.305892944335938,26.07680892944336,26.07680892944336,25.01999282836914,24.0,21.3775577545166,22.135944366455078,22.847318649291992,23.25940704345703,23.021728515625,25.238859176635742,25.806976318359375,26.4007568359375,25.806976318359375,24.413110733032227,24.83948516845703,24.041629791259766,24.83948516845703,24.83948516845703,24.413110733032227,25.238859176635742,28.17800521850586,26.832815170288086,28.635643005371094,30.870698928833008,33.105892181396484,35.35533905029297,38.07886505126953,39.66106414794922,41.400482177734375,42.44997024536133
0,-48.0,-95,24,11,96.93296813964844,95.07891082763672,96.3846435546875,89.89994812011719,86.31338500976562,77.89736938476562,73.9256362915039,67.23094177246094,62.7694206237793,59.53990173339844,53.712196350097656,48.30113983154297,44.777225494384766,39.560081481933594,35.46829605102539,32.75667953491211,29.27456283569336,27.0,27.073972702026367,26.305892944335938,26.68332862854004,26.570659637451172,25.298221588134766,26.832815170288086,25.079872131347656,23.323806762695312,21.260292053222656,22.022714614868164,21.40093421936035,21.954498291015625,22.847318649291992,22.847318649291992,25.63201141357422,24.698177337646484,25.63201141357422,25.0,24.73863410949707,24.515300750732422,24.1867733001709,24.083189010620117,24.0,24.0,27.018512725830078,28.284271240234375,29.27456283569336,31.256999969482422,33.241539001464844,36.055511474609375,40.04996871948242,40.0,41.04875183105469,41.43669891357422
0,-48.0,-95,24,11,98.60020446777344,95.60334777832031,92.45539093017578,89.1964111328125,85.5628433227539,77.78174591064453,72.83543395996094,67.88224792480469,61.55485534667969,57.28001403808594,53.037723541259766,48.83646011352539,43.185646057128906,40.45985794067383,35.0,33.61547088623047,28.635643005371094,27.513633728027344,26.305892944335938,26.07680892944336,26.019224166870117,26.0,25.079872131347656,25.317977905273438,24.331050872802734,21.840330123901367,20.124610900878906,20.248456954956055,21.260292053222656,22.627416610717773,22.627416610717773,22.803508758544922,23.600847244262695,24.20743751525879,25.238859176635742,25.238859176635742,25.942243576049805,25.05992889404297,23.25940704345703,25.298221588134766,26.248809814453125,25.70992088317871,27.658634185791016,28.44292449951172,30.149627685546875,31.256999969482422,34.36568069458008,36.49657440185547,38.63935852050781,39.293766021728516,42.379241943359375,41.231056213378906
0,-49.0,-95,24,12,100.46392059326172,97.73944854736328,94.57801055908203,91.48223876953125,85.61541748046875,79.07591247558594,73.24616241455078,67.91170501708984,62.585941314697266,59.43904495239258,54.5710563659668,49.72926712036133,44.92215347290039,40.16217041015625,36.769554138183594,33.12099075317383,28.844409942626953,27.658634185791016,26.90724754333496,26.4007568359375,27.20294189453125,27.294687271118164,27.294687271118164,26.0,26.570659637451172,24.041629791259766,22.090721130371094,23.0,23.0867919921875,22.56102752685547,24.73863410949707,25.0,26.570659637451172,26.248809814453125,26.925823211669922,25.495098114013672,26.832815170288086,25.942243576049805,25.553865432739258,25.238859176635742,25.612497329711914,26.90724754333496,27.58622932434082,29.0,31.14482307434082,32.557640075683594,34.65544509887695,36.769554138183594,39.623226165771484,41.86884307861328,42.8018684387207,42.54409408569336
0,-49.0,-95,24,12,102.90287017822266,97.94386291503906,98.47842407226562,91.78779602050781,87.70974731445312,79.62411499023438,75.13321685791016,70.68238830566406,66.64083099365234,60.835845947265625,57.775428771972656,51.89412307739258,46.52956008911133,41.18252182006836,36.359317779541016,33.42155075073242,29.0,28.600698471069336,27.294687271118164,28.23118782043457,27.513633728027344,30.08321762084961,28.160255432128906,27.459060668945312,27.459060668945312,26.07680892944336,24.020824432373047,24.515300750732422,24.351591110229492,26.570659637451172,26.832815170288086,27.294687271118164,27.294687271118164,28.65309715270996,27.784887313842773,27.784887313842773,27.784887313842773,28.017850875854492,27.658634185791016,27.658634185791016,28.319604873657227,29.0,32.015621185302734,30.610456466674805,31.62277603149414,35.80502700805664,37.013511657714844,41.231056213378906,43.185646057128906,44.55333709716797,44.68780517578125,45.221675872802734
0,-49.0,-95,24,12,93.64827728271484,93.90420532226562,91.92388153076172,91.7823486328125,82.0,78.10249328613281,72.03471374511719,68.88395690917969,65.96968841552734,58.24087905883789,55.081756591796875,50.447994232177734,46.097721099853516,41.773197174072266,37.2155876159668,32.0,29.154760360717773,26.476404190063477,27.85677719116211,28.23118782043457,27.294687271118164,28.65309715270996,28.017850875854492,28.42534065246582,27.018512725830078,25.45584487915039,25.0,24.1867733001709,25.495098114013672,25.079872131347656,27.513633728027344,27.20294189453125,29.120439529418945,28.635643005371094,26.925823211669922,26.476404190063477,26.172504425048828,26.172504425048828,27.073972702026367,29.017236709594727,28.017850875854492,29.068883895874023,30.066593170166016,32.38827133178711,32.557640075683594,33.37664031982422,37.656341552734375,39.31920623779297,41.19466018676758,43.011627197265625,45.0111083984375,48.25971221923828
0,-49.0,-95,24,13,101.41498565673828,98.23441314697266,95.2680435180664,91.8368148803711,85.70297241210938,80.26206970214844,74.4311752319336,70.8307876586914,65.0,60.20797348022461,56.080299377441406,50.774009704589844,45.80392837524414,39.824615478515625,34.71310806274414,33.30165100097656,29.4108829498291,28.65309715270996,30.08321762084961,30.08321762084961,30.805843353271484,29.832868576049805,29.27456283569336,29.017236709594727,30.066593170166016,27.0,25.079872131347656,25.70992088317871,26.248809814453125,28.23118782043457,29.529645919799805,29.154760360717773,30.01666259765625,30.528675079345703,29.529645919799805,30.528675079345703,28.600698471069336,29.0,29.0,29.698484420776367,28.319604873657227,30.479501724243164,32.80244064331055,32.80244064331055,35.22782897949219,35.80502700805664,39.408119201660156,42.8018684387207,45.45327377319336,47.423622131347656,48.83646011352539,47.20169448852539
0,-49.0,-95,24,12,92.9139404296875,92.07062530517578,86.14522552490234,86.34812927246094,79.55501556396484,76.92203521728516,71.84010314941406,64.8459701538086,60.083274841308594,54.708316802978516,52.49761962890625,46.840152740478516,43.17406463623047,38.63935852050781,34.36568069458008,32.0,31.064449310302734,28.44292449951172,28.160255432128906,28.792360305786133,27.85677719116211,29.068883895874023,27.294687271118164,27.784887313842773,26.419689178466797,25.238859176635742,23.34523582458496,22.203603744506836,23.853721618652344,23.25940704345703,26.0,26.0,25.63201141357422,26.570659637451172,28.460498809814453,27.20294189453125,28.160255432128906,26.68332862854004,26.476404190063477,27.166154861450195,28.160255432128906,29.017236709594727,30.0,32.0,33.0,34.0,38.0,40.0,40.04996871948242,42.296573638916016,45.7055778503418,45.221675872802734
0,-49.0,-95,24,12,103.46980285644531,96.5660400390625,95.41488647460938,91.30169677734375,87.23531341552734,79.62411499023438,75.58438873291016,70.26378631591797,64.47480010986328,60.41522979736328,56.36488342285156,51.88448715209961,47.50789260864258,41.34005355834961,38.27531814575195,36.12478256225586,32.557640075683594,32.202484130859375,30.528675079345703,32.649654388427734,31.78049659729004,31.38471031188965,31.78049659729004,30.364452362060547,29.4108829498291,27.658634185791016,25.0,26.172504425048828,25.495098114013672,28.635643005371094,27.20294189453125,30.364452362060547,29.73213768005371,28.460498809814453,30.675724029541016,31.016124725341797,30.463092803955078,29.529645919799805,29.529645919799805,30.528675079345703,31.62277603149414,32.202484130859375,33.42155075073242,35.0,37.64305877685547,38.41874694824219,41.400482177734375,43.600460052490234,46.87216567993164,47.50789260864258,49.658836364746094,51.26402282714844
0,-49.0,-95,24,12,93.14505004882812,89.28605651855469,88.32327270507812,85.09406280517578,78.18567657470703,70.38465881347656,65.92420196533203,62.2414665222168,58.30952072143555,54.7813835144043,50.32891845703125,45.880279541015625,43.011627197265625,39.293766021728516,34.71310806274414,32.06243896484375,30.0,29.068883895874023,28.635643005371094,28.160255432128906,27.85677719116211,28.792360305786133,28.23118782043457,27.294687271118164,27.784887313842773,24.698177337646484,24.083189010620117,24.83948516845703,25.238859176635742,24.698177337646484,27.294687271118164,28.23118782043457,29.154760360717773,30.08321762084961,29.546573638916016,28.460498809814453,29.120439529418945,30.364452362060547,29.832868576049805,31.78049659729004,30.4138126373291,32.06243896484375,34.13209533691406,33.0151481628418,34.058773040771484,37.121421813964844,40.112342834472656,42.296573638916016,45.54119110107422,45.89117431640625,48.764739990234375,48.46648406982422
0,-49.0,-95,24,12,89.8888168334961,85.14693450927734,84.05355072021484,79.8122787475586,75.43209075927734,67.62396240234375,66.06814575195312,62.481998443603516,58.13776779174805,54.037025451660156,50.0,45.221675872802734,41.617305755615234,37.2155876159668,33.12099075317383,31.78049659729004,30.08321762084961,28.44292449951172,29.017236709594727,30.0,29.0,31.064449310302734,30.066593170166016,30.4138126373291,28.44292449951172,26.925823211669922,25.079872131347656,25.495098114013672,26.07680892944336,26.90724754333496,26.90724754333496,27.658634185791016,29.0,29.0,30.4138126373291,29.832868576049805,30.0,28.42534065246582,29.681644439697266,29.681644439697266,31.906112670898438,32.649654388427734,34.0,35.34119415283203,36.67424011230469,38.01315689086914,42.05948257446289,43.90899658203125,46.647613525390625,47.70744323730469,49.67897033691406,48.79549026489258
0,-50.0,-95,25,9,90.04998779296875,89.05054473876953,84.0238037109375,84.00595092773438,75.1065902709961,72.02777099609375,67.02984619140625,63.0,60.0333251953125,54.147945404052734,51.088157653808594,47.04253387451172,41.0,38.01315689086914,35.22782897949219,30.08321762084961,28.792360305786133,28.23118782043457,28.844409942626953,29.832868576049805,30.479501724243164,31.14482307434082,28.284271240234375,27.58622932434082,29.0,28.42534065246582,25.495098114013672,25.63201141357422,27.513633728027344,26.925823211669922,26.476404190063477,30.4138126373291,29.068883895874023,30.149627685546875,29.068883895874023,31.064449310302734,29.017236709594727,29.0,31.064449310302734,33.37664031982422,33.13608169555664,33.241539001464844,35.35533905029297,35.22782897949219,38.470767974853516,41.43669891357422,43.416587829589844,46.27094268798828,48.041648864746094,51.009803771972656,52.46903991699219,53.15073013305664
0,-49.0,-95,25,9,88.29496002197266,85.86617279052734,82.9698715209961,80.65357971191406,74.63243103027344,68.94925689697266,64.19501495361328,59.46427536010742,55.973209381103516,53.141319274902344,47.75981521606445,43.32435989379883,40.26164245605469,36.49657440185547,34.13209533691406,30.01666259765625,29.27456283569336,29.614185333251953,30.675724029541016,30.463092803955078,32.202484130859375,33.12099075317383,30.4138126373291,31.906112670898438,31.064449310302734,28.844409942626953,27.58622932434082,27.018512725830078,28.017850875854492,26.925823211669922,29.529645919799805,30.870698928833008,32.202484130859375,30.463092803955078,31.95309066772461,30.08321762084961,30.675724029541016,32.572994232177734,33.52610778808594,34.71310806274414,33.541019439697266,35.35533905029297,37.336307525634766,38.20994567871094,39.20458984375,41.43669891357422,45.27692413330078,47.67599105834961,49.47726821899414,51.54609680175781,53.851646423339844,53.23532485961914
0,-49.0,-95,24,13,87.66413116455078,84.17243957519531,81.21575927734375,77.78174591064453,72.44308471679688,68.18357849121094,64.19501495361328,61.073726654052734,56.22277069091797,52.239830017089844,49.09175109863281,45.27692413330078,40.4474983215332,36.13862228393555,33.52610778808594,32.202484130859375,30.01666259765625,29.20616340637207,30.479501724243164,33.241539001464844,32.526912689208984,33.970577239990234,32.015621185302734,31.240999221801758,29.832868576049805,28.600698471069336,26.4007568359375,27.85677719116211,26.925823211669922,27.459060668945312,28.44292449951172,30.149627685546875,31.064449310302734,32.140316009521484,32.140316009521484,33.13608169555664,33.0151481628418,32.0,32.06243896484375,34.058773040771484,35.05709457397461,35.12833786010742,38.327537536621094,39.31920623779297,39.31920623779297,42.19004440307617,45.17742919921875,48.041648864746094,50.0,52.08646774291992,53.600372314453125,54.5710563659668
0,-49.0,-95,25,9,86.8216552734375,83.86298370361328,81.98780059814453,80.0624771118164,74.24958038330078,69.35416412353516,63.50590515136719,58.600341796875,55.009090423583984,50.537113189697266,49.24428939819336,43.8292121887207,39.408119201660156,36.2353401184082,33.970577239990234,32.015621185302734,31.064449310302734,28.65309715270996,31.016124725341797,32.893768310546875,33.241539001464844,32.98484420776367,31.320919036865234,32.557640075683594,31.400636672973633,27.166154861450195,26.0,26.07680892944336,26.68332862854004,27.513633728027344,28.792360305786133,31.95309066772461,31.016124725341797,30.870698928833008,32.649654388427734,33.61547088623047,32.75667953491211,31.906112670898438,34.66987228393555,35.22782897949219,36.2353401184082,38.94868469238281,38.94868469238281,42.52058410644531,42.52058410644531,43.931766510009766,49.81967544555664,49.40647888183594,52.69725036621094,55.226806640625,57.27128601074219,56.64803695678711
0,-50.0,-95,25,9,81.3449478149414,78.54934692382812,74.84651184082031,71.58910369873047,66.64833068847656,59.9416389465332,57.245086669921875,52.77309799194336,50.15974426269531,44.777225494384766,44.0113639831543,39.924930572509766,37.10795211791992,32.75667953491211,31.256999969482422,29.0,29.068883895874023,28.44292449951172,29.120439529418945,29.73213768005371,30.08321762084961,31.78049659729004,30.870698928833008,29.068883895874023,26.832815170288086,25.553865432739258,26.90724754333496,26.248809814453125,24.83948516845703,28.65309715270996,26.925823211669922,28.23118782043457,28.635643005371094,29.546573638916016,31.016124725341797,32.69556427001953,31.95309066772461,32.572994232177734,31.62277603149414,32.98484420776367,35.902645111083984,35.693138122558594,39.623226165771484,38.832977294921875,41.59326934814453,44.9110221862793,48.27007293701172,50.695167541503906,53.141319274902344,54.625999450683594,55.4707145690918,57.42821502685547
0,-49.0,-95,24,13,83.72574615478516,77.10382843017578,76.94153594970703,69.42621612548828,68.44705963134766,60.63827133178711,57.27128601074219,53.600372314453125,51.195701599121094,48.66210174560547,43.416587829589844,39.20458984375,38.05259704589844,35.0142822265625,31.016124725341797,29.42787742614746,29.4108829498291,28.23118782043457,29.529645919799805,30.528675079345703,31.906112670898438,32.202484130859375,31.064449310302734,32.80244064331055,30.805843353271484,28.600698471069336,27.58622932434082,27.20294189453125,26.925823211669922,25.942243576049805,27.85677719116211,29.154760360717773,32.31098937988281,32.893768310546875,31.320919036865234,33.241539001464844,32.98484420776367,32.98484420776367,33.734256744384766,34.36568069458008,36.22154235839844,37.2155876159668,40.199501037597656,41.1096076965332,42.296573638916016,45.39823913574219,48.66210174560547,51.195701599121094,55.081756591796875,55.973209381103516,57.27128601074219,58.30952072143555
0,-50.0,-95,24,12,72.2772445678711,70.60453033447266,69.6419448852539,66.0984115600586,61.032779693603516,55.973209381103516,52.49761962890625,48.08325958251953,46.48655700683594,42.05948257446289,38.07886505126953,34.928497314453125,32.38827133178711,31.064449310302734,28.0,26.305892944335938,25.0,26.0,29.068883895874023,28.301942825317383,30.528675079345703,31.064449310302734,30.528675079345703,30.232433319091797,29.4108829498291,26.4007568359375,26.172504425048828,26.4007568359375,28.844409942626953,27.459060668945312,29.529645919799805,31.764760971069336,31.78049659729004,31.78049659729004,31.78049659729004,32.31098937988281,32.572994232177734,33.52610778808594,34.48188018798828,35.44009017944336,36.878177642822266,38.832977294921875,41.231056213378906,40.79215621948242,43.17406463623047,45.607017517089844,49.04079818725586,52.201534271240234,54.625999450683594,55.009090423583984,57.14017868041992,57.00876998901367
0,-50.0,-95,24,13,72.18032836914062,65.11528015136719,65.29930877685547,60.4400520324707,57.00876998901367,50.6063232421875,49.67897033691406,45.343135833740234,42.52058410644531,40.360870361328125,36.769554138183594,32.526912689208984,29.832868576049805,25.806976318359375,23.706539154052734,23.76972770690918,23.0867919921875,24.0,25.079872131347656,26.07680892944336,29.068883895874023,28.160255432128906,29.154760360717773,29.42787742614746,29.154760360717773,26.68332862854004,24.698177337646484,25.495098114013672,24.698177337646484,27.80287742614746,25.806976318359375,26.90724754333496,29.0,28.284271240234375,29.73213768005371,30.479501724243164,30.610456466674805,29.20616340637207,30.232433319091797,31.906112670898438,37.2155876159668,36.2353401184082,38.587562561035156,40.31128692626953,41.67733383178711,44.10215377807617,46.04345703125,49.40647888183594,53.90732955932617,52.345008850097656,55.973209381103516,56.035701751708984
0,-50.0,-95,24,13,68.02940368652344,65.0,62.0,59.03388977050781,54.037025451660156,50.03998565673828,47.04253387451172,43.011627197265625,41.0,36.013885498046875,34.2344856262207,30.265491485595703,26.925823211669922,25.079872131347656,22.825424194335938,23.430749893188477,23.34523582458496,24.413110733032227,26.419689178466797,27.784887313842773,28.301942825317383,30.01666259765625,30.01666259765625,29.068883895874023,29.068883895874023,27.312999725341797,25.961509704589844,26.68332862854004,25.079872131347656,26.07680892944336,26.0,29.0,29.0,30.066593170166016,31.064449310302734,31.256999969482422,30.4138126373291,31.78049659729004,33.52610778808594,33.52610778808594,35.1710090637207,36.68787384033203,40.49691390991211,39.84971618652344,42.44997024536133,45.35416030883789,48.05205535888672,50.80354309082031,53.600372314453125,55.3263053894043,57.00876998901367,58.215118408203125
0,-51.0,-95,25,8,60.20797348022461,60.20797348022461,54.4058837890625,52.801513671875,45.80392837524414,43.600460052490234,38.27531814575195,34.13209533691406,32.202484130859375,28.17800521850586,25.63201141357422,25.0,21.587032318115234,21.0,18.027755737304688,16.76305389404297,18.788293838500977,20.0,21.40093421936035,23.430749893188477,24.83948516845703,24.083189010620117,24.083189010620117,25.45584487915039,24.75883674621582,24.083189010620117,23.25940704345703,23.25940704345703,22.847318649291992,23.53720474243164,23.53720474243164,24.331050872802734,26.305892944335938,25.079872131347656,30.01666259765625,28.0,29.017236709594727,30.066593170166016,32.24903106689453,32.38827133178711,32.38827133178711,37.336307525634766,36.67424011230469,40.607879638671875,41.43669891357422,43.416587829589844,47.26520919799805,49.01020431518555,49.01020431518555,53.00943374633789,55.578773498535156,56.29387283325195
0,-50.0,-95,23,16,59.03388977050781,56.14267349243164,55.03635025024414,52.15361785888672,47.26520919799805,42.296573638916016,37.05401611328125,33.0,30.0,28.07133674621582,24.083189010620117,22.56102752685547,22.135944366455078,19.697715759277344,18.601076126098633,16.970561981201172,18.867961883544922,18.357559204101562,20.615528106689453,23.409399032592773,24.041629791259766,26.248809814453125,24.351591110229492,24.73863410949707,24.73863410949707,21.587032318115234,21.0,21.02379608154297,23.0867919921875,21.587032318115234,23.53720474243164,24.351591110229492,26.570659637451172,26.925823211669922,26.4007568359375,28.17800521850586,27.784887313842773,30.01666259765625,30.528675079345703,31.62277603149414,34.4093017578125,36.400550842285156,38.60051727294922,40.0,40.804412841796875,41.88078308105469,45.79301071166992,48.3735466003418,50.08992004394531,51.62363815307617,53.16013717651367,53.93514633178711
0,-52.0,-95,24,12,59.21148681640625,54.230987548828125,51.15662384033203,45.39823913574219,41.30375289916992,37.2155876159668,34.0,29.0,27.018512725830078,22.090721130371094,21.21320343017578,18.439088821411133,14.866068840026855,11.401754379272461,12.206555366516113,12.369317054748535,13.152946472167969,16.031219482421875,17.464248657226562,21.21320343017578,20.2237491607666,24.515300750732422,23.53720474243164,24.331050872802734,23.34523582458496,21.840330123901367,21.470911026000977,20.248456954956055,20.615528106689453,23.34523582458496,23.430749893188477,25.0,26.925823211669922,26.07680892944336,28.844409942626953,29.529645919799805,30.01666259765625,27.85677719116211,31.62277603149414,32.280025482177734,35.735137939453125,38.60051727294922,41.48493576049805,41.231056213378906,43.96589660644531,46.48655700683594,50.9215087890625,50.9215087890625,56.36488342285156,58.18075180053711,57.14017868041992,59.03388977050781
0,-52.0,-95,24,11,57.87054443359375,53.45091247558594,50.28916549682617,46.81879806518555,40.49691390991211,37.336307525634766,33.241539001464844,27.73084831237793,26.832815170288086,22.360679626464844,18.357559204101562,16.401220321655273,13.45362377166748,9.848857879638672,9.05538558959961,9.0,9.848857879638672,13.601470947265625,15.620499610900879,16.970561981201172,19.84943389892578,21.931713104248047,22.627416610717773,21.931713104248047,20.51828384399414,21.40093421936035,19.235383987426758,20.248456954956055,18.439088821411133,22.135944366455078,21.095022201538086,23.0,25.0,25.01999282836914,26.07680892944336,26.07680892944336,28.284271240234375,30.08321762084961,32.280025482177734,32.572994232177734,35.735137939453125,37.64305877685547,40.16217041015625,37.947330474853516,41.761226654052734,43.96589660644531,48.08325958251953,51.41984176635742,54.12947463989258,54.451812744140625,56.14267349243164,55.009090423583984
0,-51.0,-95,23,15,55.226806640625,50.35871505737305,50.2493782043457,45.39823913574219,40.31128692626953,33.241539001464844,30.265491485595703,27.166154861450195,23.0,20.0,16.0,13.152946472167969,9.486832618713379,6.4031243324279785,6.324555397033691,6.082762718200684,9.848857879638672,11.180339813232422,14.422204971313477,15.81138801574707,18.601076126098633,20.0,18.867961883544922,20.0,20.0,17.69180679321289,17.029386520385742,18.601076126098633,18.788293838500977,18.681541442871094,19.416488647460938,21.3775577545166,22.090721130371094,23.021728515625,24.020824432373047,24.083189010620117,26.305892944335938,26.172504425048828,29.614185333251953,30.805843353271484,32.280025482177734,34.1760139465332,37.0,37.947330474853516,40.49691390991211,42.379241943359375,44.92215347290039,47.53945541381836,49.24428939819336,50.80354309082031,52.15361785888672,53.0
0,-51.0,-95,23,14,58.694122314453125,53.851646423339844,52.63079071044922,47.07440948486328,42.95346450805664,37.85498809814453,33.95585250854492,28.861740112304688,24.73863410949707,21.840330123901367,16.76305389404297,13.928388595581055,9.848857879638672,7.8102498054504395,4.4721360206604,3.605551242828369,5.0,8.9442720413208,10.770329475402832,14.317821502685547,16.155494689941406,17.464248657226562,16.155494689941406,16.155494689941406,16.155494689941406,14.560219764709473,15.0,15.132745742797852,16.492422103881836,18.384777069091797,17.8885440826416,19.235383987426758,20.808652877807617,21.40093421936035,24.041629791259766,24.75883674621582,26.248809814453125,26.248809814453125,27.20294189453125,29.154760360717773,32.75667953491211,34.98571014404297,36.2353401184082,38.94868469238281,39.824615478515625,43.046485900878906,45.79301071166992,47.70744323730469,48.82622146606445,51.22499465942383,52.40229034423828,52.345008850097656
0,-51.0,-95,23,13,61.741397857666016,59.09314727783203,53.22593307495117,50.15974426269531,44.777225494384766,41.231056213378906,36.400550842285156,31.016124725341797,26.0,22.360679626464844,18.788293838500977,16.124515533447266,11.661903381347656,7.211102485656738,5.656854152679443,2.2360680103302,2.2360680103302,6.0,8.0,10.0,12.0,12.0,13.0,15.132745742797852,14.142135620117188,13.152946472167969,13.416407585144043,13.45362377166748,14.866068840026855,15.0,17.0,18.788293838500977,19.313207626342773,19.92485809326172,20.39607810974121,21.587032318115234,23.0867919921875,26.019224166870117,27.0,30.01666259765625,30.01666259765625,33.13608169555664,36.12478256225586,37.121421813964844,39.20458984375,41.04875183105469,44.10215377807617,47.01063537597656,48.0,50.0099983215332,50.15974426269531,50.635955810546875
0,-51.0,-95,23,13,57.982757568359375,53.740116119384766,50.93132781982422,47.50789260864258,43.185646057128906,37.53664779663086,33.241539001464844,29.0,25.45584487915039,21.931713104248047,19.209373474121094,15.0,12.806248664855957,8.602325439453125,5.0,2.2360680103302,1.0,3.1622776985168457,5.0,6.4031243324279785,9.433980941772461,10.816654205322266,12.206555366516113,12.206555366516113,10.630146026611328,10.630146026611328,10.29563045501709,10.770329475402832,11.180339813232422,12.0,13.152946472167969,14.317821502685547,15.81138801574707,17.0880069732666,18.384777069091797,20.124610900878906,20.59126091003418,20.615528106689453,22.671567916870117,24.75883674621582,26.870058059692383,29.0,31.240999221801758,32.557640075683594,34.71310806274414,35.38361358642578,39.69886779785156,41.773197174072266,43.13930892944336,43.863426208496094,44.04542922973633,45.0
0,-51.0,-95,23,11,59.93329620361328,57.775428771972656,53.22593307495117,51.078372955322266,44.384681701660156,40.71854782104492,35.7770881652832,30.870698928833008,27.73084831237793,24.59674835205078,20.59126091003418,17.0,14.317821502685547,11.180339813232422,8.5440034866333,4.123105525970459,1.0,1.0,4.242640495300293,5.0,7.211102485656738,8.602325439453125,9.433980941772461,10.816654205322266,9.433980941772461,9.219544410705566,10.29563045501709,8.5440034866333,10.049875259399414,12.0,13.03840446472168,14.142135620117188,15.29705810546875,15.524174690246582,18.973665237426758,18.788293838500977,19.72308349609375,20.808652877807617,22.671567916870117,25.495098114013672,26.90724754333496,29.698484420776367,30.4138126373291,33.30165100097656,34.65544509887695,36.79673767089844,39.623226165771484,41.72529220581055,42.42640686035156,43.863426208496094,46.097721099853516,45.80392837524414
0,-50.0,-95,23,11,59.4810905456543,59.4810905456543,53.16013717651367,51.6623649597168,45.607017517089844,40.52159881591797,36.68787384033203,33.52610778808594,30.675724029541016,26.570659637451172,23.409399032592773,20.615528106689453,18.027755737304688,13.928388595581055,11.401754379272461,7.071067810058594,5.0,1.4142135381698608,1.0,2.2360680103302,4.4721360206604,6.7082037925720215,6.7082037925720215,6.7082037925720215,7.211102485656738,7.8102498054504395,7.211102485656738,6.7082037925720215,8.062257766723633,9.0,9.0,10.049875259399414,11.180339813232422,12.649110794067383,14.317821502685547,15.264337539672852,18.601076126098633,17.804492950439453,20.51828384399414,24.041629791259766,24.75883674621582,27.658634185791016,27.80287742614746,29.832868576049805,32.015621185302734,32.649654388427734,35.46829605102539,38.28837966918945,38.28837966918945,40.360870361328125,41.72529220581055,42.63801193237305
0,-50.0,-95,23,11,70.83784484863281,66.60330200195312,63.65532302856445,60.14149856567383,55.226806640625,49.57822036743164,46.010868072509766,40.360870361328125,37.53664779663086,32.526912689208984,30.4138126373291,26.172504425048828,22.627416610717773,19.10497283935547,14.21267032623291,11.401754379272461,7.211102485656738,5.099019527435303,2.0,1.0,1.4142135381698608,4.242640495300293,3.605551242828369,5.656854152679443,5.830951690673828,4.242640495300293,3.1622776985168457,6.0,6.082762718200684,5.830951690673828,7.8102498054504395,9.219544410705566,11.313708305358887,12.206555366516113,13.416407585144043,15.231546401977539,17.0880069732666,18.027755737304688,18.973665237426758,22.803508758544922,25.495098114013672,26.476404190063477,29.614185333251953,31.400636672973633,32.38827133178711,34.525352478027344,37.85498809814453,40.024993896484375,41.231056213378906,42.05948257446289,43.65776062011719,43.863426208496094
0,-49.0,-95,23,9,72.44308471679688,67.47592163085938,63.639610290527344,61.400325775146484,57.42821502685547,53.33854293823242,48.3735466003418,44.55333709716797,41.59326934814453,36.49657440185547,33.734256744384766,29.832868576049805,25.495098114013672,22.56102752685547,18.439088821411133,16.76305389404297,11.704699516296387,9.848857879638672,5.385164737701416,4.4721360206604,2.8284270763397217,2.0,3.1622776985168457,2.0,3.1622776985168457,2.2360680103302,0.0,0.0,1.4142135381698608,2.2360680103302,4.4721360206604,6.4031243324279785,8.602325439453125,9.433980941772461,8.602325439453125,11.401754379272461,12.806248664855957,14.142135620117188,16.278820037841797,18.439088821411133,19.84943389892578,20.615528106689453,25.612497329711914,24.83948516845703,27.018512725830078,29.068883895874023,31.890438079833984,33.241539001464844,36.06937789916992,36.06937789916992,36.878177642822266,37.202152252197266
0,-49.0,-95,22,12,67.779052734375,67.41661834716797,63.324562072753906,60.926185607910156,54.7813835144043,51.62363815307617,47.16990661621094,42.72002029418945,40.49691390991211,35.735137939453125,34.48188018798828,31.048349380493164,27.892650604248047,23.76972770690918,21.3775577545166,16.124515533447266,14.142135620117188,11.0,9.0,8.062257766723633,5.385164737701416,5.0,5.656854152679443,4.4721360206604,5.0,4.4721360206604,2.2360680103302,1.4142135381698608,1.0,1.0,3.1622776985168457,4.123105525970459,5.099019527435303,6.0,8.0,8.0,10.0,11.180339813232422,13.152946472167969,15.29705810546875,16.124515533447266,18.248287200927734,20.39607810974121,21.3775577545166,23.34523582458496,24.1867733001709,27.166154861450195,29.068883895874023,30.066593170166016,31.0,32.015621185302734,32.140316009521484
0,-49.0,-95,22,12,71.58910369873047,68.47627258300781,64.88451385498047,62.7694206237793,58.30952072143555,53.712196350097656,50.11985778808594,46.06517028808594,42.94182205200195,39.357337951660156,36.67424011230469,32.69556427001953,29.546573638916016,26.925823211669922,23.76972770690918,19.92485809326172,15.81138801574707,12.369317054748535,10.0,9.0,8.062257766723633,6.7082037925720215,7.071067810058594,7.071067810058594,7.071067810058594,6.4031243324279785,4.242640495300293,4.4721360206604,2.2360680103302,1.0,1.4142135381698608,2.0,3.0,4.0,5.099019527435303,6.082762718200684,8.062257766723633,10.049875259399414,12.041594505310059,13.0,15.132745742797852,17.11724281311035,18.11077117919922,20.099750518798828,21.3775577545166,23.53720474243164,25.70992088317871,28.160255432128906,29.120439529418945,29.73213768005371,30.463092803955078,31.38471031188965
0,-49.0,-95,22,12,72.53275299072266,71.56814575195312,67.18630981445312,66.0984115600586,59.4810905456543,58.24087905883789,51.92301940917969,49.47726821899414,45.607017517089844,42.44997024536133,40.26164245605469,35.902645111083984,32.015621185302734,27.658634185791016,24.515300750732422,21.3775577545166,19.10497283935547,15.0,13.03840446472168,10.198039054870605,8.5440034866333,8.9442720413208,7.8102498054504395,7.8102498054504395,7.071067810058594,6.4031243324279785,5.0,5.0,3.605551242828369,2.8284270763397217,1.0,1.4142135381698608,2.0,3.0,3.1622776985168457,5.099019527435303,6.082762718200684,9.05538558959961,10.049875259399414,12.165525436401367,13.34166431427002,15.29705810546875,17.464248657226562,18.681541442871094,20.880613327026367,21.840330123901367,23.409399032592773,26.0,26.832815170288086,30.01666259765625,29.4108829498291,30.610456466674805
0,-48.0,-95,22,12,77.8331527709961,74.24958038330078,72.18032836914062,69.29646301269531,66.48307800292969,60.10823440551758,57.982757568359375,53.740116119384766,49.497474670410156,46.69047164916992,43.13930892944336,38.20994567871094,35.38361358642578,31.240999221801758,26.248809814453125,24.20743751525879,20.808652877807617,17.0,14.866068840026855,13.34166431427002,12.041594505310059,12.0,12.041594505310059,12.369317054748535,10.198039054870605,11.180339813232422,9.05538558959961,6.082762718200684,6.082762718200684,5.099019527435303,3.0,2.0,0.0,1.4142135381698608,2.2360680103302,3.1622776985168457,4.4721360206604,7.071067810058594,8.485280990600586,10.630146026611328,12.041594505310059,14.142135620117188,15.620499610900879,16.401220321655273,19.209373474121094,20.808652877807617,23.323806762695312,25.05992889404297,26.4007568359375,27.85677719116211,29.4108829498291,28.635643005371094
0,-48.0,-95,23,8,73.00685119628906,73.0,72.0,72.06246948242188,65.03076171875,60.074954986572266,56.035701751708984,53.037723541259766,51.03919982910156,48.010414123535156,44.0,41.0,39.0128173828125,34.058773040771484,32.06243896484375,28.284271240234375,24.73863410949707,23.409399032592773,22.847318649291992,21.470911026000977,21.095022201538086,20.808652877807617,20.0,19.84943389892578,19.84943389892578,19.209373474121094,15.620499610900879,14.866068840026855,12.727922439575195,9.899495124816895,8.485280990600586,7.211102485656738,5.385164737701416,5.099019527435303,4.0,3.0,1.4142135381698608,1.4142135381698608,2.0,5.099019527435303,6.324555397033691,8.9442720413208,10.770329475402832,13.0,13.928388595581055,15.81138801574707,19.646883010864258,20.39607810974121,22.360679626464844,24.083189010620117,26.019224166870117,26.07680892944336
0,-48.0,-95,23,10,85.8021011352539,84.62860107421875,80.44873809814453,79.61155700683594,73.57308959960938,67.74215698242188,64.66065216064453,60.90156173706055,57.80138397216797,53.33854293823242,51.107730865478516,46.3249397277832,41.88078308105469,37.80211639404297,34.828147888183594,32.526912689208984,30.479501724243164,28.600698471069336,28.65309715270996,28.65309715270996,27.294687271118164,28.635643005371094,27.312999725341797,27.85677719116211,26.925823211669922,25.298221588134766,22.135944366455078,20.880613327026367,18.439088821411133,16.278820037841797,15.29705810546875,15.033296585083008,13.03840446472168,11.0,10.049875259399414,8.062257766723633,6.7082037925720215,5.830951690673828,5.0,6.082762718200684,8.0,9.05538558959961,11.045360565185547,14.560219764709473,16.492422103881836,19.235383987426758,22.203603744506836,24.1867733001709,27.018512725830078,28.0,30.265491485595703,31.78049659729004
0,-48.0,-95,23,11,85.4400405883789,85.09406280517578,83.21658325195312,80.23091888427734,73.9256362915039,69.7782211303711,64.88451385498047,61.269893646240234,56.79788589477539,53.712196350097656,50.990196228027344,45.694637298583984,44.0113639831543,38.897300720214844,35.1710090637207,33.541019439697266,31.14482307434082,29.0,29.068883895874023,29.154760360717773,29.27456283569336,29.614185333251953,28.44292449951172,29.120439529418945,27.658634185791016,25.495098114013672,22.56102752685547,20.880613327026367,19.92485809326172,17.0880069732666,15.231546401977539,15.264337539672852,13.601470947265625,12.806248664855957,11.313708305358887,8.485280990600586,7.8102498054504395,6.7082037925720215,6.082762718200684,7.071067810058594,8.5440034866333,10.29563045501709,12.206555366516113,14.866068840026855,17.029386520385742,19.84943389892578,22.803508758544922,26.62705421447754,26.419689178466797,29.068883895874023,31.016124725341797,33.241539001464844
0,-48.0,-95,23,11,81.04936981201172,81.21575927734375,81.39410400390625,78.85429382324219,76.90253448486328,68.4105224609375,66.21932983398438,61.400325775146484,58.52349853515625,55.785301208496094,50.21951675415039,45.12205505371094,42.7551155090332,39.458839416503906,35.22782897949219,34.01470184326172,31.016124725341797,29.154760360717773,29.42787742614746,29.614185333251953,30.08321762084961,30.08321762084961,29.120439529418945,28.792360305786133,28.460498809814453,26.248809814453125,23.409399032592773,22.472204208374023,19.313207626342773,17.464248657226562,15.65247631072998,15.264337539672852,13.601470947265625,12.206555366516113,11.313708305358887,8.485280990600586,7.211102485656738,6.7082037925720215,7.071067810058594,7.071067810058594,8.9442720413208,10.0,12.806248664855957,14.142135620117188,16.278820037841797,20.51828384399414,23.430749893188477,25.0,27.459060668945312,28.65309715270996,31.38471031188965,31.320919036865234
0,-48.0,-95,24,9,94.64142608642578,91.21403503417969,89.40357971191406,86.53323364257812,82.68010711669922,74.94664764404297,70.8307876586914,67.74215698242188,62.265560150146484,58.30952072143555,54.37830352783203,49.648765563964844,47.434165954589844,42.63801193237305,38.94868469238281,36.79673767089844,35.0,33.0151481628418,32.75667953491211,34.0,34.0,33.541019439697266,33.105892181396484,32.31098937988281,32.202484130859375,30.463092803955078,26.0,24.351591110229492,22.135944366455078,20.615528106689453,18.439088821411133,18.11077117919922,17.029386520385742,16.031219482421875,15.0,13.152946472167969,12.165525436401367,9.486832618713379,9.433980941772461,10.0,10.816654205322266,12.649110794067383,14.317821502685547,17.262676239013672,20.39607810974121,22.360679626464844,26.68332862854004,27.892650604248047,31.62277603149414,33.61547088623047,35.35533905029297,35.22782897949219
0,-48.0,-95,24,10,89.62700653076172,89.26925659179688,88.95504760742188,88.36288452148438,88.14192962646484,83.02409362792969,77.10382843017578,72.06246948242188,68.06614685058594,61.13100814819336,59.03388977050781,55.145263671875,49.497474670410156,45.7055778503418,43.17406463623047,40.804412841796875,40.31128692626953,36.67424011230469,37.2155876159668,38.27531814575195,38.01315689086914,37.80211639404297,38.01315689086914,37.202152252197266,36.619667053222656,35.0,30.610456466674805,29.068883895874023,26.172504425048828,26.172504425048828,22.671567916870117,21.40093421936035,22.472204208374023,19.72308349609375,20.248456954956055,17.8885440826416,16.155494689941406,15.524174690246582,13.03840446472168,14.03566837310791,13.152946472167969,15.81138801574707,19.72308349609375,20.248456954956055,23.021728515625,26.4007568359375,29.681644439697266,34.48188018798828,37.121421813964844,39.560081481933594,41.48493576049805,41.773197174072266
0,-48.0,-95,25,10,111.64676666259766,103.46497344970703,103.46497344970703,98.22932434082031,92.20086669921875,84.0238037109375,79.2022705078125,71.40028381347656,69.02897644042969,65.802734375,60.0,54.08327102661133,50.774009704589844,46.52956008911133,42.48529052734375,42.05948257446289,38.07886505126953,39.623226165771484,38.11823654174805,40.0,41.0,41.01219177246094,42.01190185546875,42.01190185546875,40.0,38.0,34.058773040771484,32.38827133178711,30.4138126373291,29.42787742614746,28.160255432128906,27.85677719116211,27.73084831237793,27.73084831237793,25.942243576049805,25.942243576049805,24.1867733001709,23.021728515625,21.40093421936035,19.84943389892578,22.203603744506836,23.25940704345703,26.4007568359375,27.85677719116211,32.572994232177734,34.78505325317383,38.27531814575195,43.863426208496094,47.01063537597656,48.25971221923828,51.855567932128906,52.32590103149414
0,-49.0,-95,25,12,113.3181381225586,107.70329284667969,106.04244232177734,100.57833099365234,93.96276092529297,84.48076629638672,79.12016296386719,74.46475982666016,69.37578582763672,65.14598846435547,60.74536895751953,56.46237564086914,50.990196228027344,45.650848388671875,41.88078308105469,41.231056213378906,38.18376541137695,39.051246643066406,39.66106414794922,42.19004440307617,43.5660400390625,43.046485900878906,43.90899658203125,41.62931823730469,42.05948257446289,38.910152435302734,36.769554138183594,37.336307525634766,34.78505325317383,31.78049659729004,31.575305938720703,33.241539001464844,33.241539001464844,31.256999969482422,31.0,31.0,28.07133674621582,27.294687271118164,26.68332862854004,27.20294189453125,27.73084831237793,30.01666259765625,32.75667953491211,34.058773040771484,38.60051727294922,42.20189666748047,47.70744323730469,51.107730865478516,55.4707145690918,56.859474182128906,61.032779693603516,60.41522979736328
0,-49.0,-95,26,9,114.62983703613281,104.65180206298828,103.94710540771484,94.17536926269531,90.78546142578125,80.15609741210938,77.33692169189453,69.52696990966797,66.06814575195312,60.87692642211914,56.58621597290039,50.2493782043457,45.343135833740234,40.224369049072266,37.735923767089844,39.217342376708984,35.693138122558594,38.327537536621094,40.0,40.0,43.0,45.0,44.0113639831543,44.04542922973633,42.01190185546875,41.1096076965332,37.336307525634766,37.656341552734375,35.44009017944336,36.68787384033203,35.735137939453125,35.84689712524414,36.24913787841797,34.01470184326172,35.35533905029297,34.98571014404297,33.0151481628418,32.80244064331055,31.827661514282227,32.526912689208984,36.878177642822266,37.44329071044922,41.88078308105469,42.54409408569336,45.79301071166992,50.774009704589844,52.201534271240234,58.600341796875,63.70243453979492,65.76473236083984,67.62396240234375,67.95587158203125
0,-50.0,-95,26,10,99.5389404296875,90.47099304199219,91.0,83.25863647460938,78.29431915283203,67.5425796508789,63.56099319458008,57.697486877441406,50.15974426269531,47.16990661621094,39.217342376708984,34.48188018798828,29.42787742614746,26.0,22.360679626464844,21.954498291015625,22.022714614868164,26.172504425048828,28.017850875854492,29.681644439697266,32.75667953491211,33.541019439697266,33.61547088623047,32.202484130859375,30.463092803955078,30.08321762084961,27.294687271118164,29.0,28.017850875854492,29.27456283569336,31.78049659729004,33.52610778808594,36.055511474609375,36.055511474609375,34.928497314453125,35.34119415283203,35.84689712524414,38.587562561035156,39.408119201660156,39.69886779785156,43.13930892944336,44.59820556640625,50.990196228027344,51.088157653808594,57.384666442871094,60.87692642211914,65.0691909790039,69.35416412353516,74.02702331542969,75.7165756225586,77.89736938476562,79.30951690673828
0,-50.0,-95,25,12,88.7524642944336,85.70297241210938,80.70935821533203,76.843994140625,68.60028839111328,64.40496826171875,57.80138397216797,50.80354309082031,46.04345703125,38.832977294921875,34.885528564453125,30.870698928833008,25.298221588134766,20.880613327026367,17.029386520385742,12.369317054748535,12.806248664855957,14.422204971313477,15.65247631072998,16.155494689941406,17.72004508972168,19.416488647460938,20.02498435974121,22.0,19.0,17.029386520385742,17.0,19.209373474121094,21.260292053222656,22.203603744506836,24.413110733032227,26.925823211669922,29.068883895874023,29.068883895874023,33.241539001464844,33.241539001464844,34.20526123046875,33.541019439697266,36.12478256225586,41.04875183105469,42.0,48.0,50.0099983215332,53.0,58.0,60.0,64.03124237060547,69.1158447265625,70.34912872314453,73.82411193847656,75.92759704589844,77.16217041015625
0,-50.0,-95,24,10,77.98717498779297,70.76722717285156,70.72481536865234,65.11528015136719,62.96824645996094,55.90169906616211,52.32590103149414,49.497474670410156,45.27692413330078,40.360870361328125,36.878177642822266,34.828147888183594,29.4108829498291,25.0,21.095022201538086,18.788293838500977,14.866068840026855,13.152946472167969,11.045360565185547,11.401754379272461,9.848857879638672,10.0,10.816654205322266,10.0,9.433980941772461,6.7082037925720215,2.8284270763397217,0.0,2.8284270763397217,3.1622776985168457,6.324555397033691,9.848857879638672,10.770329475402832,11.704699516296387,12.529964447021484,13.601470947265625,16.401220321655273,19.10497283935547,21.21320343017578,24.75883674621582,28.42534065246582,28.42534065246582,33.970577239990234,35.38361358642578,38.897300720214844,40.31128692626953,44.59820556640625,48.27007293701172,51.61395263671875,52.15361785888672,52.839378356933594,54.625999450683594
0,-50.0,-95,23,12,74.1687240600586,70.11418914794922,69.1158447265625,64.19501495361328,61.073726654052734,55.081756591796875,52.009613037109375,48.0,45.0,43.011627197265625,38.01315689086914,35.05709457397461,32.140316009521484,28.284271240234375,25.495098114013672,21.587032318115234,17.464248657226562,15.65247631072998,14.21267032623291,15.55634880065918,13.601470947265625,14.764822959899902,13.416407585144043,14.866068840026855,13.0,11.704699516296387,7.6157732009887695,7.071067810058594,3.1622776985168457,1.0,0.0,1.0,2.2360680103302,2.8284270763397217,4.123105525970459,7.280109882354736,9.05538558959961,11.045360565185547,12.041594505310059,16.124515533447266,20.2237491607666,22.203603744506836,24.515300750732422,27.459060668945312,29.832868576049805,31.320919036865234,34.78505325317383,36.769554138183594,39.357337951660156,40.31128692626953,43.011627197265625,43.27817153930664
0,-49.0,-95,23,11,75.27283477783203,72.73238372802734,71.16881561279297,68.00735473632812,62.93647766113281,57.87054443359375,54.08327102661133,49.97999572753906,47.75981521606445,44.94440841674805,41.43669891357422,36.769554138183594,35.34119415283203,31.30495262145996,26.925823211669922,24.20743751525879,21.260292053222656,19.10497283935547,19.416488647460938,20.124610900878906,19.697715759277344,18.973665237426758,18.027755737304688,18.681541442871094,18.027755737304688,17.72004508972168,13.34166431427002,12.369317054748535,10.440306663513184,8.246211051940918,6.082762718200684,6.0,3.0,3.0,0.0,1.0,2.0,4.123105525970459,6.0,8.0,11.0,15.0,17.029386520385742,20.2237491607666,22.56102752685547,24.351591110229492,26.570659637451172,29.154760360717773,29.154760360717773,32.4499626159668,34.058773040771484,33.970577239990234
0,-49.0,-95,23,11,81.58431243896484,79.42921447753906,76.48529052734375,72.83543395996094,68.73136138916016,64.49806213378906,61.66035842895508,56.4358024597168,53.46026611328125,47.381431579589844,46.52956008911133,42.7551155090332,37.85498809814453,34.20526123046875,31.62277603149414,29.546573638916016,26.419689178466797,25.238859176635742,24.75883674621582,25.45584487915039,24.75883674621582,25.612497329711914,25.612497329711914,25.0,24.083189010620117,23.430749893188477,19.209373474121094,17.029386520385742,15.0,13.601470947265625,10.29563045501709,10.770329475402832,8.5440034866333,7.6157732009887695,6.7082037925720215,5.385164737701416,3.1622776985168457,1.0,1.4142135381698608,3.605551242828369,5.830951690673828,8.602325439453125,11.661903381347656,12.529964447021484,15.65247631072998,18.788293838500977,20.880613327026367,24.73863410949707,26.172504425048828,28.07133674621582,30.01666259765625,29.154760360717773
0,-49.0,-95,23,11,81.54139709472656,80.11241912841797,76.967529296875,75.13321685791016,69.77105712890625,63.1347770690918,59.16925048828125,55.226806640625,51.62363815307617,47.88528060913086,44.777225494384766,40.24922180175781,38.4837646484375,34.1760139465332,31.62277603149414,30.5941162109375,27.166154861450195,26.019224166870117,27.018512725830078,27.073972702026367,27.166154861450195,27.459060668945312,26.305892944335938,27.658634185791016,26.476404190063477,24.331050872802734,21.21320343017578,18.681541442871094,17.72004508972168,15.29705810546875,14.317821502685547,13.416407585144043,11.661903381347656,10.816654205322266,9.219544410705566,8.485280990600586,7.071067810058594,6.7082037925720215,6.082762718200684,6.082762718200684,6.7082037925720215,8.602325439453125,11.661903381347656,13.45362377166748,15.620499610900879,18.601076126098633,21.095022201538086,22.825424194335938,25.495098114013672,27.312999725341797,28.460498809814453,29.42787742614746
0,-48.0,-95,23,12,86.60831451416016,84.31488800048828,79.61155700683594,78.39005279541016,71.19690704345703,67.11929321289062,63.1347770690918,58.18075180053711,54.58937454223633,50.11985778808594,46.14108657836914,44.10215377807617,40.49691390991211,37.202152252197266,35.46829605102539,32.557640075683594,31.400636672973633,29.681644439697266,30.4138126373291,30.4138126373291,31.78049659729004,31.38471031188965,30.463092803955078,31.38471031188965,31.38471031188965,29.546573638916016,26.0,24.698177337646484,21.931713104248047,18.681541442871094,16.76305389404297,16.492422103881836,16.278820037841797,14.03566837310791,14.0,12.041594505310059,12.041594505310059,11.045360565185547,8.9442720413208,9.219544410705566,10.630146026611328,12.083045959472656,13.0,16.76305389404297,17.72004508972168,20.248456954956055,22.472204208374023,25.079872131347656,26.832815170288086,28.301942825317383,30.610456466674805,31.827661514282227
0,-48.0,-95,23,14,89.26925659179688,88.6848373413086,85.70880889892578,80.22468566894531,78.10249328613281,69.02897644042969,69.02897644042969,62.032249450683594,59.0,54.037025451660156,50.03998565673828,46.173583984375,42.57933807373047,39.81205749511719,36.400550842285156,36.400550842285156,33.541019439697266,34.48188018798828,35.0,36.400550842285156,37.013511657714844,38.41874694824219,40.0,38.41874694824219,37.80211639404297,36.619667053222656,32.4499626159668,30.0,26.62705421447754,26.248809814453125,22.671567916870117,21.931713104248047,21.40093421936035,19.416488647460938,20.248456954956055,19.235383987426758,17.464248657226562,17.72004508972168,16.124515533447266,16.031219482421875,19.0,19.10497283935547,22.360679626464844,21.587032318115234,24.73863410949707,27.658634185791016,30.5941162109375,34.36568069458008,37.2155876159668,38.01315689086914,40.04996871948242,40.4474983215332
0,-48.0,-95,24,14,98.61541748046875,94.93682098388672,91.78779602050781,86.31338500976562,82.2982406616211,76.05918884277344,73.35530090332031,67.5351791381836,61.29437255859375,57.245086669921875,53.66563034057617,48.84669876098633,44.94440841674805,41.231056213378906,39.458839416503906,40.0,40.04996871948242,41.43669891357422,44.14748001098633,46.097721099853516,48.27007293701172,49.030601501464844,50.635955810546875,50.80354309082031,49.36598205566406,47.26520919799805,42.19004440307617,40.31128692626953,37.48332977294922,37.85498809814453,32.98484420776367,32.572994232177734,31.62277603149414,29.154760360717773,29.96664810180664,28.17800521850586,26.925823211669922,26.62705421447754,26.90724754333496,27.58622932434082,29.068883895874023,31.400636672973633,34.4093017578125,35.80502700805664,37.735923767089844,41.04875183105469,44.65422821044922,47.801673889160156,50.2493782043457,54.488529205322266,54.4058837890625,56.080299377441406
0,-48.0,-95,25,13,100.6578369140625,97.62171936035156,92.02173614501953,87.69264221191406,82.03657531738281,75.00666809082031,70.00714111328125,65.0691909790039,60.81118392944336,53.75872039794922,50.6063232421875,47.70744323730469,42.05948257446289,40.49691390991211,40.79215621948242,42.04759216308594,44.04542922973633,48.166378021240234,51.15662384033203,54.230987548828125,58.07753372192383,59.13543701171875,57.0,59.00847244262695,61.00819778442383,57.00876998901367,52.009613037109375,50.0,45.0,43.104522705078125,41.1096076965332,40.607879638671875,38.63935852050781,39.051246643066406,38.60051727294922,38.897300720214844,38.4837646484375,37.57658767700195,37.2155876159668,38.27531814575195,42.20189666748047,43.416587829589844,46.097721099853516,48.166378021240234,51.6623649597168,54.671749114990234,59.81638717651367,63.82006072998047,65.0,67.5351791381836,71.86793518066406,73.76313781738281
0,-49.0,-95,26,10,85.6037368774414,81.21575927734375,78.24320983886719,73.66138458251953,68.01470184326172,59.66573715209961,55.60575485229492,50.6063232421875,45.486263275146484,38.470767974853516,35.46829605102539,32.75667953491211,30.01666259765625,28.44292449951172,32.015621185302734,35.34119415283203,38.587562561035156,43.046485900878906,46.04345703125,49.92995071411133,53.712196350097656,54.20331954956055,54.120235443115234,56.080299377441406,53.23532485961914,51.0,44.777225494384766,44.94440841674805,41.400482177734375,40.360870361328125,40.360870361328125,40.360870361328125,41.86884307861328,40.607879638671875,41.34005355834961,43.90899658203125,43.382022857666016,42.54409408569336,45.880279541015625,45.54119110107422,51.92301940917969,53.600372314453125,56.75385284423828,57.723480224609375,60.16643524169922,66.0984115600586,69.89277648925781,74.09453582763672,79.2022705078125,82.2982406616211,84.59905242919922,84.50444030761719
0,-50.0,-95,26,9,72.49827575683594,69.35416412353516,62.3939094543457,58.600341796875,47.85394287109375,42.04759216308594,38.01315689086914,30.08321762084961,25.63201141357422,18.248287200927734,15.0,10.440306663513184,9.899495124816895,10.440306663513184,16.0,18.439088821411133,23.76972770690918,28.160255432128906,33.52610778808594,37.36308288574219,39.293766021728516,41.9761848449707,39.623226165771484,42.20189666748047,41.9761848449707,38.832977294921875,34.78505325317383,32.69556427001953,32.649654388427734,29.681644439697266,31.890438079833984,32.557640075683594,35.0,35.80502700805664,36.359317779541016,36.24913787841797,38.62641525268555,42.379241943359375,43.96589660644531,46.3249397277832,47.07440948486328,52.77309799194336,57.706153869628906,58.54912567138672,61.66035842895508,64.77654266357422,69.42621612548828,75.69015502929688,76.92203521728516,82.2192153930664,83.93450164794922,84.11896514892578
0,-51.0,-95,26,10,78.24320983886719,73.87828063964844,66.84310150146484,63.12685775756836,51.6623649597168,45.96738052368164,37.64305877685547,31.240999221801758,24.413110733032227,20.615528106689453,13.928388595581055,10.0,7.211102485656738,8.062257766723633,13.03840446472168,18.681541442871094,23.76972770690918,28.792360305786133,34.1760139465332,37.36308288574219,41.48493576049805,43.416587829589844,41.231056213378906,45.35416030883789,41.231056213378906,39.293766021728516,36.055511474609375,35.7770881652832,34.98571014404297,30.0,32.649654388427734,34.828147888183594,37.2155876159668,37.121421813964844,38.4837646484375,38.897300720214844,41.231056213378906,44.72135925292969,46.52956008911133,49.09175109863281,52.038448333740234,57.0,59.0,62.00806427001953,66.0302963256836,69.0,76.0,80.09993743896484,83.15046691894531,86.46965026855469,89.44271850585938,90.9560317993164
0,-52.0,-95,25,8,70.00714111328125,69.02897644042969,59.03388977050781,55.0,50.0,47.01063537597656,42.04759216308594,35.05709457397461,31.064449310302734,25.0,24.0,18.027755737304688,16.278820037841797,13.0,10.630146026611328,8.062257766723633,10.0,11.180339813232422,13.03840446472168,16.401220321655273,18.439088821411133,20.0,18.867961883544922,20.808652877807617,21.095022201538086,20.0,18.384777069091797,15.264337539672852,17.8885440826416,15.81138801574707,18.11077117919922,17.0,19.02629852294922,19.10497283935547,20.615528106689453,19.92485809326172,20.124610900878906,24.698177337646484,25.612497329711914,29.0,29.698484420776367,31.240999221801758,36.400550842285156,39.408119201660156,39.11521530151367,43.26661682128906,46.3249397277832,49.39635467529297,51.865211486816406,56.035701751708984,54.81787872314453,56.63920974731445
0,-50.0,-95,22,12,65.25334930419922,63.06346130371094,61.84658432006836,58.94064712524414,54.81787872314453,50.695167541503906,46.57252502441406,43.680660247802734,40.26164245605469,37.85498809814453,34.928497314453125,30.805843353271484,27.459060668945312,24.515300750732422,19.416488647460938,17.262676239013672,13.03840446472168,11.045360565185547,8.062257766723633,6.324555397033691,5.830951690673828,6.4031243324279785,5.830951690673828,6.082762718200684,5.099019527435303,5.099019527435303,4.4721360206604,3.1622776985168457,2.0,1.0,1.0,2.2360680103302,3.0,4.123105525970459,5.0,6.0,7.0,9.0,10.0,10.049875259399414,13.152946472167969,15.132745742797852,16.031219482421875,17.11724281311035,19.10497283935547,21.095022201538086,23.021728515625,24.0,25.0,27.073972702026367,27.073972702026367,27.658634185791016
0,-49.0,-95,21,14,63.60031509399414,61.6846809387207,59.203041076660156,57.567352294921875,54.708316802978516,50.59644317626953,47.75981521606445,44.59820556640625,42.379241943359375,39.84971618652344,37.0,33.52610778808594,29.832868576049805,26.68332862854004,23.76972770690918,22.203603744506836,19.02629852294922,18.0,15.132745742797852,14.317821502685547,14.560219764709473,14.317821502685547,14.317821502685547,13.892443656921387,13.892443656921387,13.416407585144043,10.770329475402832,9.848857879638672,8.5440034866333,7.280109882354736,5.385164737701416,4.123105525970459,3.1622776985168457,2.2360680103302,1.0,1.4142135381698608,2.0,3.1622776985168457,5.0,4.242640495300293,7.211102485656738,9.899495124816895,10.630146026611328,11.401754379272461,13.03840446472168,14.422204971313477,15.264337539672852,16.155494689941406,17.0880069732666,18.681541442871094,19.235383987426758,19.10497283935547
0,-48.0,-95,22,10,66.128662109375,64.25729370117188,62.032249450683594,60.926185607910156,55.54277801513672,52.801513671875,49.19349670410156,44.72135925292969,42.48529052734375,39.39543151855469,36.67424011230469,34.539833068847656,33.241539001464844,29.73213768005371,27.513633728027344,24.73863410949707,22.360679626464844,22.203603744506836,21.0,22.022714614868164,21.02379608154297,21.21320343017578,20.099750518798828,20.39607810974121,21.3775577545166,20.099750518798828,18.027755737304688,16.124515533447266,15.132745742797852,12.041594505310059,11.045360565185547,10.049875259399414,8.062257766723633,7.071067810058594,6.082762718200684,4.123105525970459,3.1622776985168457,2.2360680103302,1.4142135381698608,2.2360680103302,3.1622776985168457,5.830951690673828,7.211102485656738,8.602325439453125,10.630146026611328,12.041594505310059,12.727922439575195,15.0,15.81138801574707,17.0,17.464248657226562,17.72004508972168
0,-47.0,-95,22,12,72.91776275634766,69.3108901977539,67.94115447998047,66.48307800292969,60.87692642211914,54.5618896484375,52.40229034423828,48.166378021240234,45.343135833740234,43.84062194824219,40.360870361328125,38.18376541137695,35.46829605102539,32.202484130859375,30.232433319091797,30.01666259765625,27.73084831237793,27.85677719116211,29.120439529418945,28.635643005371094,29.832868576049805,30.5941162109375,30.08321762084961,30.5941162109375,31.320919036865234,28.792360305786133,25.63201141357422,24.351591110229492,22.847318649291992,21.540658950805664,18.027755737304688,17.72004508972168,16.492422103881836,15.132745742797852,14.142135620117188,12.165525436401367,11.045360565185547,10.0,8.062257766723633,8.062257766723633,7.8102498054504395,8.602325439453125,10.816654205322266,11.661903381347656,14.317821502685547,16.124515533447266,17.492855072021484,20.0,22.022714614868164,23.34523582458496,25.0,24.1867733001709
0,-48.0,-95,25,9,95.02104949951172,95.0,88.0,83.05419921875,74.06078338623047,71.11258697509766,65.0691909790039,59.07622146606445,56.0,50.08992004394531,47.095645904541016,43.5660400390625,40.52159881591797,38.07886505126953,37.58989334106445,39.408119201660156,40.607879638671875,41.773197174072266,45.27692413330078,48.79549026489258,51.6623649597168,53.075416564941406,50.447994232177734,52.40229034423828,52.63079071044922,50.21951675415039,46.615447998046875,43.600460052490234,40.607879638671875,39.408119201660156,37.013511657714844,35.38361358642578,33.241539001464844,32.526912689208984,30.479501724243164,30.0,29.681644439697266,29.96664810180664,30.463092803955078,31.62277603149414,33.52610778808594,34.928497314453125,39.293766021728516,40.024993896484375,42.20189666748047,43.96589660644531,48.383880615234375,52.92447280883789,55.03635025024414,58.18075180053711,58.8217658996582,58.79625701904297
0,-48.0,-95,25,11,99.15644073486328,93.60555267333984,89.27485656738281,83.24061584472656,77.6208724975586,69.20259857177734,64.66065216064453,56.85068130493164,51.7397346496582,48.79549026489258,44.59820556640625,41.231056213378906,38.94868469238281,39.0,36.878177642822266,38.327537536621094,40.04996871948242,44.0,48.010414123535156,52.038448333740234,53.0,54.00925827026367,53.0848388671875,56.080299377441406,54.33230972290039,51.35172653198242,47.26520919799805,46.173583984375,43.104522705078125,42.04759216308594,38.01315689086914,39.0,36.055511474609375,34.2344856262207,34.71310806274414,32.75667953491211,33.241539001464844,31.95309066772461,33.105892181396484,35.35533905029297,36.359317779541016,40.49691390991211,43.26661682128906,44.65422821044922,47.434165954589844,49.92995071411133,53.33854293823242,58.18075180053711,61.46543884277344,63.89052963256836,66.0984115600586,66.18912506103516
0,-49.0,-95,26,9,94.9210205078125,86.64871978759766,83.16850280761719,76.65507507324219,68.4105224609375,59.77457809448242,51.865211486816406,44.59820556640625,40.71854782104492,35.35533905029297,31.240999221801758,27.018512725830078,23.706539154052734,23.53720474243164,26.0,31.400636672973633,35.1710090637207,40.26164245605469,43.416587829589844,46.840152740478516,49.030601501464844,50.990196228027344,50.0099983215332,51.97114562988281,50.80354309082031,47.85394287109375,42.95346450805664,41.48493576049805,38.327537536621094,36.24913787841797,35.34119415283203,37.44329071044922,37.44329071044922,34.828147888183594,36.769554138183594,37.64305877685547,37.44329071044922,37.44329071044922,42.54409408569336,45.18849563598633,47.423622131347656,50.15974426269531,53.3104133605957,56.080299377441406,58.694122314453125,61.741397857666016,69.31810760498047,71.69379425048828,76.5506362915039,78.60025787353516,79.24645233154297,80.80841827392578
0,-50.0,-95,25,12,89.4930191040039,84.11896514892578,77.49193572998047,70.00714111328125,61.09828186035156,54.424259185791016,46.81879806518555,42.05948257446289,36.13862228393555,26.925823211669922,22.360679626464844,17.029386520385742,11.704699516296387,9.433980941772461,13.34166431427002,17.262676239013672,22.360679626464844,26.925823211669922,30.675724029541016,35.44009017944336,36.13862228393555,39.293766021728516,38.832977294921875,38.832977294921875,37.85498809814453,35.902645111083984,31.016124725341797,29.068883895874023,26.925823211669922,28.319604873657227,26.172504425048828,28.017850875854492,29.068883895874023,30.870698928833008,33.241539001464844,32.015621185302734,35.510562896728516,37.121421813964844,40.112342834472656,44.0,48.0,50.0,53.037723541259766,57.07889175415039,61.073726654052734,63.03173828125,69.0,73.00685119628906,76.10519409179688,78.63841247558594,80.60397338867188,80.08120727539062
0,-51.0,-95,25,10,83.93450164794922,77.077880859375,72.23572540283203,66.21178436279297,60.008331298828125,51.078372955322266,46.615447998046875,39.560081481933594,35.46829605102539,28.792360305786133,23.409399032592773,17.464248657226562,13.0,7.0,5.0,6.0,10.770329475402832,14.317821502685547,18.601076126098633,20.808652877807617,22.203603744506836,25.553865432739258,25.553865432739258,26.419689178466797,24.698177337646484,23.853721618652344,21.931713104248047,20.615528106689453,18.867961883544922,19.313207626342773,18.248287200927734,20.02498435974121,20.0,22.203603744506836,23.34523582458496,26.248809814453125,27.85677719116211,29.546573638916016,31.38471031188965,33.0151481628418,35.80502700805664,37.80211639404297,43.27817153930664,41.773197174072266,46.69047164916992,49.57822036743164,53.81449508666992,56.85068130493164,59.81638717651367,60.74536895751953,63.631752014160156,63.071388244628906
0,-51.0,-95,23,16,84.77027893066406,81.90848541259766,76.24303436279297,73.38937377929688,63.5688591003418,56.080299377441406,48.10405349731445,43.08131790161133,36.400550842285156,32.572994232177734,28.792360305786133,21.587032318115234,17.464248657226562,12.165525436401367,8.246211051940918,2.0,2.8284270763397217,6.4031243324279785,9.433980941772461,13.601470947265625,15.81138801574707,18.027755737304688,18.601076126098633,20.808652877807617,19.416488647460938,18.867961883544922,17.0880069732666,18.11077117919922,17.0,17.11724281311035,18.248287200927734,18.973665237426758,22.360679626464844,21.954498291015625,23.021728515625,24.083189010620117,26.870058059692383,28.319604873657227,31.240999221801758,32.80244064331055,33.2866325378418,38.94868469238281,39.96248245239258,42.48529052734375,44.29446792602539,45.650848388671875,49.648765563964844,51.107730865478516,53.5350341796875,56.035701751708984,57.20139694213867,58.898216247558594
0,-50.0,-95,24,10,87.3670425415039,82.38932037353516,80.3056640625,74.67261505126953,68.4689712524414,59.53990173339844,56.32051086425781,50.35871505737305,44.18144226074219,42.19004440307617,37.2155876159668,32.06243896484375,28.0,23.0,18.0,13.03840446472168,8.062257766723633,5.385164737701416,3.605551242828369,6.0,6.324555397033691,8.062257766723633,8.602325439453125,10.0,10.630146026611328,10.0,10.770329475402832,10.198039054870605,11.045360565185547,12.165525436401367,13.34166431427002,13.928388595581055,14.317821502685547,15.264337539672852,17.029386520385742,20.51828384399414,21.21320343017578,21.931713104248047,24.83948516845703,25.806976318359375,28.844409942626953,31.064449310302734,32.4499626159668,33.2866325378418,35.510562896728516,36.8917350769043,39.66106414794922,40.224369049072266,43.600460052490234,44.821868896484375,46.75468063354492,46.66904830932617
0,-49.0,-95,23,12,86.68333435058594,83.93450164794922,80.08120727539062,76.15773010253906,70.0927963256836,64.76110076904297,60.63827133178711,55.785301208496094,50.447994232177734,45.607017517089844,42.72002029418945,37.64305877685547,32.572994232177734,28.792360305786133,22.847318649291992,20.124610900878906,16.124515533447266,12.206555366516113,8.602325439453125,8.5440034866333,9.05538558959961,9.05538558959961,9.05538558959961,8.5440034866333,8.5440034866333,8.062257766723633,7.211102485656738,6.324555397033691,7.0,7.071067810058594,8.5440034866333,11.180339813232422,11.401754379272461,13.45362377166748,14.866068840026855,16.278820037841797,18.439088821411133,21.63330841064453,22.472204208374023,23.853721618652344,25.05992889404297,26.925823211669922,30.528675079345703,29.681644439697266,31.906112670898438,32.4499626159668,35.22782897949219,38.01315689086914,41.400482177734375,39.824615478515625,41.72529220581055,41.1096076965332
0,-49.0,-95,22,16,88.23831176757812,81.83519744873047,82.00609588623047,76.02631378173828,73.23933410644531,64.07027435302734,61.032779693603516,56.035701751708984,51.61395263671875,48.25971221923828,43.8292121887207,39.20458984375,35.608985900878906,31.240999221801758,27.58622932434082,25.0,21.095022201538086,20.124610900878906,18.384777069091797,17.262676239013672,17.11724281311035,16.0,16.0,15.033296585083008,14.03566837310791,12.041594505310059,9.486832618713379,8.062257766723633,5.656854152679443,6.324555397033691,7.0,8.062257766723633,9.486832618713379,10.770329475402832,13.0,14.422204971313477,15.81138801574707,17.029386520385742,19.209373474121094,20.51828384399414,23.34523582458496,25.45584487915039,27.58622932434082,28.319604873657227,31.240999221801758,31.240999221801758,33.60059356689453,36.400550842285156,36.8917350769043,38.470767974853516,39.39543151855469,39.217342376708984
0,-49.0,-95,24,9,86.31338500976562,83.54639434814453,80.05622863769531,76.83749389648438,71.21797180175781,66.84310150146484,61.84658432006836,56.85068130493164,52.63079071044922,48.41487503051758,44.04542922973633,41.03656768798828,37.48332977294922,32.557640075683594,29.068883895874023,26.925823211669922,24.59674835205078,23.409399032592773,21.840330123901367,22.360679626464844,20.39607810974121,20.099750518798828,19.0,18.0,18.11077117919922,16.0,10.198039054870605,9.219544410705566,6.7082037925720215,6.4031243324279785,6.324555397033691,8.0,9.219544410705566,10.770329475402832,12.649110794067383,14.317821502685547,15.65247631072998,18.357559204101562,18.867961883544922,20.808652877807617,24.413110733032227,25.806976318359375,27.20294189453125,28.844409942626953,30.528675079345703,32.24903106689453,34.0,35.7770881652832,38.07886505126953,39.217342376708984,39.293766021728516,38.470767974853516
0,-49.0,-95,25,9,95.02104949951172,95.02104949951172,89.08984375,85.37564086914062,77.3175277709961,70.85901641845703,65.37583923339844,59.304298400878906,53.15073013305664,47.04253387451172,47.04253387451172,41.01219177246094,37.121421813964844,33.541019439697266,30.364452362060547,29.068883895874023,29.154760360717773,27.80287742614746,29.73213768005371,30.4138126373291,30.479501724243164,31.240999221801758,29.0,29.832868576049805,27.658634185791016,26.248809814453125,20.808652877807617,19.235383987426758,15.81138801574707,15.132745742797852,14.0,15.132745742797852,15.65247631072998,18.788293838500977,21.470911026000977,22.825424194335938,24.413110733032227,25.0,26.248809814453125,29.698484420776367,30.4138126373291,33.970577239990234,36.769554138183594,37.48332977294922,40.31128692626953,41.1096076965332,45.45327377319336,47.801673889160156,51.03919982910156,52.839378356933594,54.5618896484375,54.7813835144043
0,-50.0,-95,25,10,105.19029998779297,97.04637908935547,93.91485595703125,84.59905242919922,80.13114166259766,70.23532104492188,65.3681869506836,57.30619430541992,52.32590103149414,46.06517028808594,40.31128692626953,34.48188018798828,30.08321762084961,26.07680892944336,23.021728515625,24.698177337646484,22.203603744506836,24.83948516845703,26.172504425048828,28.42534065246582,28.600698471069336,30.805843353271484,32.015621185302734,30.0,29.832868576049805,28.017850875854492,22.360679626464844,21.02379608154297,17.262676239013672,18.0,14.317821502685547,17.0880069732666,18.867961883544922,20.808652877807617,24.83948516845703,24.83948516845703,27.58622932434082,28.42534065246582,30.0,32.4499626159668,35.510562896728516,38.587562561035156,41.18252182006836,43.046485900878906,44.94440841674805,48.25971221923828,52.430908203125,56.859474182128906,59.03388977050781,60.20797348022461,62.96824645996094,63.411354064941406
0,-51.0,-95,25,11,100.04499053955078,99.2471694946289,93.08598327636719,87.3670425415039,79.5110092163086,73.43704986572266,65.37583923339844,59.304298400878906,53.33854293823242,45.17742919921875,40.04996871948242,34.0,27.073972702026367,23.194826126098633,17.0880069732666,15.620499610900879,13.892443656921387,15.81138801574707,19.0,22.090721130371094,23.0867919921875,24.1867733001709,27.073972702026367,26.305892944335938,25.179357528686523,23.194826126098633,19.646883010864258,16.155494689941406,14.422204971313477,14.866068840026855,13.892443656921387,15.524174690246582,17.262676239013672,18.0,22.0,23.0867919921875,25.317977905273438,27.892650604248047,31.016124725341797,33.61547088623047,35.46829605102539,36.055511474609375,40.853397369384766,42.154476165771484,44.777225494384766,46.615447998046875,50.32891845703125,56.080299377441406,57.245086669921875,60.16643524169922,61.61168670654297,63.50590515136719
0,-51.0,-95,24,12,95.29428100585938,91.78779602050781,87.23531341552734,86.60831451416016,75.47184753417969,69.89277648925781,62.96824645996094,57.688819885253906,52.15361785888672,46.647613525390625,41.88078308105469,36.715118408203125,32.202484130859375,26.925823211669922,21.587032318115234,18.027755737304688,16.124515533447266,13.928388595581055,16.401220321655273,17.029386520385742,19.209373474121094,20.248456954956055,20.0,21.095022201538086,22.203603744506836,18.867961883544922,15.81138801574707,14.317821502685547,12.083045959472656,8.5440034866333,8.0,6.082762718200684,5.830951690673828,5.830951690673828,6.082762718200684,10.0,13.03840446472168,14.0,17.11724281311035,18.027755737304688,21.3775577545166,24.331050872802734,26.305892944335938,28.635643005371094,29.614185333251953,32.557640075683594,34.525352478027344,37.48332977294922,39.20458984375,42.04759216308594,44.0,45.09988784790039
0,-50.0,-95,23,13,93.38094329833984,88.5268325805664,86.55634307861328,84.0238037109375,77.6208724975586,70.0,64.81512451171875,59.03388977050781,54.20331954956055,50.447994232177734,45.343135833740234,41.01219177246094,36.79673767089844,33.42155075073242,29.4108829498291,26.4007568359375,25.0,24.331050872802734,24.083189010620117,26.0,26.07680892944336,27.073972702026367,26.305892944335938,28.284271240234375,27.073972702026367,25.179357528686523,22.090721130371094,20.02498435974121,18.0,14.142135620117188,12.0,10.198039054870605,8.0,6.324555397033691,4.242640495300293,2.0,2.8284270763397217,3.605551242828369,6.7082037925720215,8.5440034866333,12.083045959472656,15.231546401977539,15.231546401977539,18.788293838500977,19.697715759277344,22.825424194335938,24.1867733001709,27.784887313842773,28.844409942626953,30.805843353271484,32.557640075683594,33.241539001464844
0,-49.0,-95,23,11,86.09297180175781,83.72574615478516,80.13114166259766,76.92203521728516,69.7782211303711,66.30987548828125,62.2414665222168,55.94640350341797,51.4781494140625,47.41307830810547,46.06517028808594,42.19004440307617,38.832977294921875,35.46829605102539,33.970577239990234,32.526912689208984,32.015621185302734,30.805843353271484,32.75667953491211,32.649654388427734,33.12099075317383,33.541019439697266,34.0,34.0,34.48188018798828,33.2866325378418,28.844409942626953,27.459060668945312,24.413110733032227,23.853721618652344,20.808652877807617,18.027755737304688,16.401220321655273,13.601470947265625,12.206555366516113,10.0,7.8102498054504395,5.099019527435303,3.0,2.2360680103302,3.1622776985168457,5.099019527435303,8.0,9.0,11.0,13.0,15.033296585083008,18.248287200927734,20.615528106689453,22.803508758544922,23.76972770690918,25.05992889404297
0,-48.0,-95,23,13,86.83317565917969,84.40379333496094,80.0,76.5506362915039,69.3397445678711,64.14047241210938,59.6824951171875,55.226806640625,52.69725036621094,48.41487503051758,46.86149978637695,45.96738052368164,44.59820556640625,42.63801193237305,42.8018684387207,43.26661682128906,43.90899658203125,43.90899658203125,44.283180236816406,46.957427978515625,47.88528060913086,47.88528060913086,47.70744323730469,48.3735466003418,48.82622146606445,45.80392837524414,43.27817153930664,41.1096076965332,38.94868469238281,36.79673767089844,33.241539001464844,32.526912689208984,30.4138126373291,26.90724754333496,26.90724754333496,24.083189010620117,21.260292053222656,17.69180679321289,15.620499610900879,14.422204971313477,10.816654205322266,10.440306663513184,11.0,10.0,12.165525436401367,12.649110794067383,16.76305389404297,18.973665237426758,20.880613327026367,21.840330123901367,24.331050872802734,26.07680892944336
0,-48.0,-95,25,8,82.134033203125,77.78174591064453,73.53910827636719,70.03570556640625,65.11528015136719,57.28001403808594,52.345008850097656,48.91830062866211,49.20365905761719,43.26661682128906,44.29446792602539,44.777225494384766,44.59820556640625,45.880279541015625,46.57252502441406,50.635955810546875,52.611785888671875,53.93514633178711,58.694122314453125,60.41522979736328,61.400325775146484,62.64183807373047,61.35144805908203,64.51356506347656,61.84658432006836,59.93329620361328,58.66856002807617,54.708316802978516,52.69725036621094,48.25971221923828,47.434165954589844,46.615447998046875,45.80392837524414,41.231056213378906,41.400482177734375,38.41874694824219,36.878177642822266,31.890438079833984,29.832868576049805,27.20294189453125,25.238859176635742,24.698177337646484,22.825424194335938,23.76972770690918,24.515300750732422,24.515300750732422,26.68332862854004,29.42787742614746,29.42787742614746,32.98484420776367,34.20526123046875,35.46829605102539
0,-48.0,-95,25,13,79.4040298461914,71.61005401611328,68.24221801757812,58.8217658996582,51.312767028808594,42.54409408569336,37.161808013916016,34.928497314453125,33.060550689697266,34.2344856262207,34.48188018798828,39.357337951660156,43.5660400390625,50.0,53.413482666015625,60.4400520324707,65.29930877685547,69.20259857177734,75.0,78.49203491210938,81.6333236694336,83.72574615478516,82.29216003417969,84.5280990600586,83.93450164794922,78.43468475341797,77.49193572998047,75.27283477783203,71.47027587890625,68.62215423583984,66.40782928466797,67.67569732666016,65.45991516113281,63.5688591003418,62.297672271728516,59.13543701171875,55.973209381103516,56.64803695678711,53.851646423339844,51.078372955322266,51.4781494140625,50.56678771972656,51.0,48.30113983154297,47.01063537597656,50.2493782043457,53.0,54.708316802978516,58.30952072143555,59.05929183959961,61.32699203491211,61.6846809387207
0,-48.0,-95,24,19,77.23341369628906,70.45565795898438,62.513999938964844,54.12947463989258,42.95346450805664,31.256999969482422,21.095022201538086,15.132745742797852,9.219544410705566,11.0,17.8885440826416,28.844409942626953,35.0,42.8018684387207,52.430908203125,58.600341796875,69.63475799560547,70.8307876586914,78.03204345703125,83.24061584472656,85.49269104003906,85.61541748046875,85.4400405883789,87.09190368652344,85.38150024414062,82.2192153930664,77.8331527709961,76.89603424072266,78.79086303710938,73.34848022460938,74.6860122680664,73.35530090332031,73.9256362915039,72.94518280029297,69.6419448852539,68.50547790527344,69.63475799560547,68.00735473632812,68.4105224609375,68.4105224609375,66.52819061279297,67.89698028564453,69.29646301269531,69.29646301269531,67.89698028564453,69.35416412353516,72.24956512451172,72.91776275634766,75.07329559326172,78.51751708984375,79.93122100830078,81.68843078613281
0,-49.0,-95,25,13,94.9210205078125,88.28363037109375,80.23091888427734,74.4311752319336,68.18357849121094,61.0,53.0848388671875,47.16990661621094,41.0,32.572994232177734,29.529645919799805,23.430749893188477,24.59674835205078,23.34523582458496,25.079872131347656,28.635643005371094,31.38471031188965,34.98571014404297,36.8917350769043,41.231056213378906,42.52058410644531,43.13930892944336,42.44997024536133,42.01190185546875,42.63801193237305,41.617305755615234,42.05948257446289,40.853397369384766,43.680660247802734,45.12205505371094,47.26520919799805,48.093658447265625,51.0,51.0,51.15662384033203,52.46903991699219,54.34151077270508,56.32051086425781,58.872745513916016,60.008331298828125,59.236812591552734,63.06346130371094,66.73080444335938,66.0378646850586,67.11929321289062,68.50547790527344,70.21395874023438,74.40430450439453,76.40026092529297,79.8122787475586,79.4040298461914,81.27114868164062
0,-49.0,-95,24,13,96.64884948730469,94.41397857666016,86.45230102539062,86.31338500976562,75.59100341796875,72.49827575683594,64.47480010986328,56.64803695678711,50.9215087890625,43.011627197265625,39.293766021728516,32.75667953491211,27.073972702026367,23.021728515625,18.681541442871094,17.464248657226562,16.278820037841797,16.124515533447266,17.0880069732666,18.439088821411133,19.0,20.0,19.0,20.0,20.02498435974121,20.2237491607666,22.472204208374023,23.323806762695312,27.80287742614746,26.248809814453125,29.698484420776367,32.015621185302734,34.20526123046875,35.22782897949219,34.98571014404297,36.2353401184082,39.39543151855469,43.32435989379883,44.643028259277344,48.05205535888672,45.89117431640625,50.48762130737305,53.23532485961914,55.081756591796875,56.035701751708984,57.00876998901367,62.0,62.0,65.0076904296875,67.0,68.0,69.02897644042969
0,-49.0,-95,23,12,89.30845642089844,85.70297241210938,84.31488800048828,79.92496490478516,74.625732421875,66.0378646850586,62.12889862060547,56.30275344848633,51.312767028808594,46.615447998046875,40.0,36.12478256225586,33.241539001464844,28.284271240234375,23.34523582458496,18.439088821411133,15.264337539672852,12.529964447021484,10.770329475402832,9.05538558959961,8.0,7.071067810058594,5.099019527435303,6.4031243324279785,6.7082037925720215,4.4721360206604,0.0,1.0,1.0,3.1622776985168457,5.0,5.830951690673828,8.602325439453125,10.29563045501709,13.03840446472168,13.416407585144043,15.231546401977539,16.76305389404297,18.681541442871094,21.587032318115234,25.0,25.961509704589844,28.861740112304688,29.832868576049805,33.241539001464844,34.20526123046875,37.36308288574219,39.84971618652344,41.48493576049805,41.1096076965332,43.65776062011719,44.283180236816406
0,-49.0,-95,24,7,85.6329345703125,81.46778869628906,80.80841827392578,74.81310272216797,71.21797180175781,62.801273345947266,59.203041076660156,54.037025451660156,50.447994232177734,45.45327377319336,42.44997024536133,38.897300720214844,35.46829605102539,32.015621185302734,28.600698471069336,28.17800521850586,23.76972770690918,24.041629791259766,23.34523582458496,23.0867919921875,23.021728515625,25.0,23.0,23.0,23.0,22.0,17.0,17.0,14.0,11.0,10.0,9.0,6.0,5.0,3.1622776985168457,2.0,0.0,1.0,3.1622776985168457,6.082762718200684,9.05538558959961,12.0,15.0,17.029386520385742,20.2237491607666,21.587032318115234,24.041629791259766,26.570659637451172,29.546573638916016,30.886890411376953,32.4499626159668,31.890438079833984
0,-48.0,-95,23,12,84.92938232421875,84.5280990600586,77.27871704101562,75.66372680664062,68.59300231933594,64.28063201904297,59.304298400878906,54.451812744140625,51.35172653198242,46.87216567993164,44.9110221862793,41.48493576049805,39.560081481933594,38.07886505126953,36.67424011230469,36.359317779541016,36.619667053222656,36.400550842285156,38.28837966918945,38.94868469238281,39.051246643066406,39.69886779785156,40.0,39.824615478515625,40.804412841796875,38.832977294921875,35.22782897949219,32.75667953491211,31.906112670898438,29.681644439697266,26.07680892944336,26.07680892944336,24.1867733001709,21.954498291015625,20.59126091003418,18.788293838500977,15.65247631072998,12.083045959472656,9.433980941772461,7.071067810058594,5.830951690673828,6.0,7.280109882354736,8.602325439453125,11.401754379272461,14.21267032623291,18.357559204101562,21.954498291015625,24.59674835205078,26.570659637451172,27.892650604248047,29.27456283569336
0,-49.0,-95,25,8,86.88497924804688,80.28075408935547,77.6208724975586,72.42237091064453,67.05221557617188,57.87054443359375,53.45091247558594,50.0099983215332,45.7055778503418,45.54119110107422,39.20458984375,40.0,38.20994567871094,39.81205749511719,41.0,42.154476165771484,43.46262741088867,45.694637298583984,49.658836364746094,52.0,54.08327102661133,54.08327102661133,55.081756591796875,53.851646423339844,54.5710563659668,52.77309799194336,48.66210174560547,47.381431579589844,46.27094268798828,45.54119110107422,42.296573638916016,40.31128692626953,40.199501037597656,37.121421813964844,34.058773040771484,32.140316009521484,29.27456283569336,27.073972702026367,24.1867733001709,24.73863410949707,23.0867919921875,22.360679626464844,23.706539154052734,22.203603744506836,23.430749893188477,27.58622932434082,29.73213768005371,34.058773040771484,36.878177642822266,37.735923767089844,41.146080017089844,43.08131790161133
0,-49.0,-95,26,8,87.66413116455078,80.80841827392578,73.49829864501953,68.00735473632812,63.324562072753906,52.201534271240234,48.05205535888672,40.607879638671875,36.12478256225586,31.256999969482422,30.364452362060547,31.30495262145996,32.202484130859375,34.828147888183594,37.64305877685547,44.10215377807617,46.87216567993164,54.4058837890625,55.4707145690918,59.40538787841797,63.25345993041992,64.53681182861328,64.35060119628906,63.65532302856445,63.70243453979492,60.14149856567383,57.48912811279297,56.58621597290039,52.40229034423828,52.345008850097656,49.497474670410156,48.10405349731445,49.81967544555664,46.010868072509766,45.607017517089844,45.80392837524414,45.80392837524414,42.43819046020508,41.34005355834961,43.90899658203125,44.777225494384766,45.17742919921875,47.423622131347656,46.51881408691406,47.75981521606445,50.695167541503906,53.712196350097656,58.600341796875,61.717098236083984,61.400325775146484,67.20118713378906,66.52819061279297
0,-50.0,-95,26,11,86.83892822265625,83.52843475341797,74.625732421875,68.0,59.03388977050781,52.77309799194336,43.863426208496094,34.438350677490234,25.942243576049805,18.439088821411133,12.529964447021484,10.0,12.806248664855957,19.416488647460938,25.495098114013672,33.105892181396484,36.769554138183594,42.154476165771484,48.332183837890625,52.77309799194336,55.07267761230469,55.226806640625,54.64430618286133,55.07267761230469,54.708316802978516,51.62363815307617,47.88528060913086,44.0113639831543,43.96589660644531,42.95346450805664,43.5660400390625,44.18144226074219,46.010868072509766,45.0111083984375,48.166378021240234,46.389652252197266,49.47726821899414,50.96076965332031,53.75872039794922,57.584720611572266,57.245086669921875,62.3939094543457,64.47480010986328,66.30987548828125,67.23094177246094,70.00714111328125,73.16419982910156,79.12016296386719,81.93289947509766,85.070556640625,87.55569458007812,88.45903015136719
0,-50.0,-95,22,12,63.95310592651367,61.814239501953125,61.188232421875,57.87054443359375,53.93514633178711,48.66210174560547,45.89117431640625,41.9761848449707,39.051246643066406,34.928497314453125,32.015621185302734,28.460498809814453,24.698177337646484,21.931713104248047,17.8885440826416,16.401220321655273,12.727922439575195,10.816654205322266,11.704699516296387,12.165525436401367,12.0,13.0,13.03840446472168,14.142135620117188,15.29705810546875,13.152946472167969,12.165525436401367,10.198039054870605,10.198039054870605,9.05538558959961,8.246211051940918,6.082762718200684,5.099019527435303,4.0,2.2360680103302,3.1622776985168457,5.0,4.123105525970459,6.7082037925720215,8.485280990600586,11.313708305358887,13.45362377166748,15.0,18.357559204101562,20.124610900878906,21.931713104248047,24.698177337646484,26.248809814453125,27.658634185791016,29.27456283569336,31.064449310302734,32.0
0,-48.0,-95,22,11,74.04052734375,70.88018035888672,68.96376037597656,65.45991516113281,62.62587356567383,56.64803695678711,54.08327102661133,49.97999572753906,45.54119110107422,41.43669891357422,39.84971618652344,34.928497314453125,32.557640075683594,29.42787742614746,25.079872131347656,25.01999282836914,24.331050872802734,23.76972770690918,22.472204208374023,23.25940704345703,23.25940704345703,24.1867733001709,24.698177337646484,24.698177337646484,24.1867733001709,24.1867733001709,21.470911026000977,21.02379608154297,18.788293838500977,16.552946090698242,14.866068840026855,14.866068840026855,12.369317054748535,11.401754379272461,10.198039054870605,8.062257766723633,6.0,3.605551242828369,3.1622776985168457,5.0,5.385164737701416,7.071067810058594,10.0,10.816654205322266,13.0,15.81138801574707,17.464248657226562,20.2237491607666,23.021728515625,23.021728515625,24.1867733001709,25.70992088317871
0,-47.0,-95,23,10,87.09190368652344,83.81526947021484,81.84130859375,78.24320983886719,72.62230682373047,66.60330200195312,63.12685775756836,58.13776779174805,53.90732955932617,50.80354309082031,48.010414123535156,44.94440841674805,42.94182205200195,39.924930572509766,38.27531814575195,39.293766021728516,38.63935852050781,38.470767974853516,40.112342834472656,42.10700607299805,42.19004440307617,43.185646057128906,42.42640686035156,43.28972244262695,42.57933807373047,41.59326934814453,38.07886505126953,36.13862228393555,33.241539001464844,31.320919036865234,28.792360305786133,26.570659637451172,24.698177337646484,21.931713104248047,20.615528106689453,17.492855072021484,14.317821502685547,10.29563045501709,7.6157732009887695,5.099019527435303,3.0,2.2360680103302,5.0,7.071067810058594,11.045360565185547,13.0,16.0,19.02629852294922,21.21320343017578,22.360679626464844,24.041629791259766,25.495098114013672
0,-48.0,-95,25,7,93.08598327636719,89.64373779296875,87.20092010498047,80.99382781982422,76.85050201416016,69.3397445678711,64.07027435302734,58.600341796875,54.037025451660156,51.855567932128906,51.62363815307617,48.41487503051758,47.801673889160156,47.16990661621094,47.50789260864258,52.0,52.55473327636719,53.851646423339844,55.71355438232422,59.80802536010742,59.50630187988281,60.926185607910156,62.17716598510742,63.06346130371094,61.91122817993164,57.982757568359375,54.64430618286133,55.217750549316406,50.6063232421875,48.41487503051758,46.75468063354492,44.68780517578125,41.773197174072266,37.64305877685547,32.649654388427734,29.832868576049805,26.248809814453125,24.83948516845703,22.472204208374023,18.384777069091797,18.248287200927734,20.0,20.0,22.203603744506836,26.68332862854004,26.476404190063477,30.265491485595703,32.75667953491211,36.12478256225586,38.0,41.19466018676758,42.42640686035156
0,-48.0,-95,26,11,90.02777099609375,85.32877349853516,80.60397338867188,74.81310272216797,66.91038513183594,57.87054443359375,53.16013717651367,47.16990661621094,45.650848388671875,42.20189666748047,45.25483322143555,44.821868896484375,47.70744323730469,51.88448715209961,56.36488342285156,60.406951904296875,65.45991516113281,68.70953369140625,74.0,77.2528305053711,78.79086303710938,81.43709564208984,79.64923095703125,82.2982406616211,82.85529327392578,79.07591247558594,76.32168579101562,74.94664764404297,72.71863555908203,69.6419448852539,67.41661834716797,65.0,64.14047241210938,59.36328887939453,56.93856430053711,52.839378356933594,50.08992004394531,49.24428939819336,48.383880615234375,48.50773239135742,49.648765563964844,50.2493782043457,54.230987548828125,56.14267349243164,58.0,61.032779693603516,65.12296295166016,69.2603759765625,73.82411193847656,76.68767547607422,80.65357971191406,81.02468872070312
0,-50.0,-95,26,10,57.567352294921875,51.92301940917969,47.53945541381836,43.931766510009766,37.10795211791992,29.832868576049805,25.70992088317871,19.697715759277344,13.601470947265625,10.29563045501709,11.0,14.317821502685547,18.439088821411133,25.45584487915039,29.068883895874023,34.828147888183594,40.45985794067383,46.75468063354492,47.50789260864258,50.32891845703125,53.740116119384766,54.451812744140625,55.17245864868164,53.75872039794922,54.451812744140625,53.740116119384766,51.855567932128906,50.6063232421875,48.25971221923828,50.2493782043457,46.647613525390625,49.19349670410156,47.92702865600586,47.16990661621094,47.12748718261719,46.57252502441406,46.52956008911133,48.041648864746094,50.0,52.08646774291992,56.080299377441406,59.21148681640625,62.513999938964844,63.50590515136719,68.4689712524414,71.34423828125,76.41989135742188,80.22468566894531,83.05419921875,85.0058822631836,88.36288452148438,89.44271850585938
0,-51.0,-95,23,17,50.15974426269531,47.92702865600586,47.01063537597656,41.78516387939453,39.560081481933594,33.83784866333008,29.120439529418945,25.0,20.615528106689453,16.124515533447266,12.041594505310059,8.0,5.385164737701416,5.0,5.099019527435303,9.433980941772461,10.630146026611328,16.401220321655273,16.278820037841797,20.615528106689453,20.615528106689453,22.022714614868164,22.022714614868164,21.931713104248047,21.931713104248047,20.615528106689453,19.313207626342773,19.92485809326172,20.615528106689453,22.0,23.0,23.194826126098633,25.495098114013672,23.409399032592773,27.294687271118164,29.4108829498291,31.890438079833984,34.65544509887695,37.64305877685547,41.231056213378906,47.20169448852539,48.25971221923828,53.25410842895508,54.918121337890625,58.24946212768555,61.032779693603516,63.60031509399414,65.802734375,69.40460968017578,72.80110168457031,73.0,70.71067810058594
0,-51.0,-95,23,11,49.09175109863281,49.25444030761719,45.27692413330078,44.283180236816406,40.31128692626953,37.48332977294922,34.36568069458008,30.5941162109375,27.459060668945312,23.76972770690918,21.189620971679688,16.155494689941406,13.928388595581055,11.180339813232422,7.211102485656738,4.242640495300293,3.0,3.1622776985168457,3.605551242828369,5.099019527435303,6.324555397033691,7.280109882354736,8.062257766723633,8.246211051940918,6.324555397033691,6.324555397033691,5.099019527435303,2.2360680103302,0.0,0.0,2.0,3.1622776985168457,6.0,8.0,10.0,11.045360565185547,15.132745742797852,18.248287200927734,20.39607810974121,24.515300750732422,25.179357528686523,28.160255432128906,31.400636672973633,33.241539001464844,35.05709457397461,37.05401611328125,40.01249694824219,42.01190185546875,43.011627197265625,45.0,46.010868072509766,45.17742919921875
0,-50.0,-95,22,11,52.63079071044922,49.47726821899414,49.030601501464844,47.07440948486328,43.73785400390625,39.458839416503906,37.336307525634766,33.13608169555664,30.01666259765625,28.0,24.083189010620117,21.3775577545166,18.681541442871094,15.65247631072998,14.422204971313477,14.21267032623291,13.892443656921387,14.866068840026855,15.29705810546875,16.031219482421875,17.029386520385742,19.02629852294922,19.02629852294922,19.0,19.0,20.0,17.029386520385742,15.033296585083008,14.142135620117188,13.152946472167969,11.401754379272461,10.440306663513184,8.5440034866333,8.602325439453125,7.8102498054504395,7.6157732009887695,8.062257766723633,11.0,11.180339813232422,13.928388595581055,15.65247631072998,17.20465087890625,20.615528106689453,21.21320343017578,22.671567916870117,25.806976318359375,27.784887313842773,30.4138126373291,31.38471031188965,32.893768310546875,34.20526123046875,34.525352478027344
0,-49.0,-95,23,9,64.19501495361328,61.20457458496094,58.215118408203125,56.4358024597168,51.4781494140625,46.27094268798828,43.104522705078125,39.051246643066406,35.0142822265625,32.015621185302734,29.154760360717773,26.68332862854004,24.351591110229492,22.825424194335938,22.203603744506836,24.75883674621582,25.612497329711914,28.017850875854492,29.529645919799805,31.30495262145996,33.12099075317383,34.885528564453125,36.715118408203125,36.715118408203125,37.735923767089844,36.8917350769043,35.0,34.058773040771484,32.649654388427734,31.240999221801758,28.284271240234375,27.58622932434082,25.495098114013672,22.803508758544922,20.248456954956055,17.8885440826416,15.65247631072998,11.180339813232422,8.062257766723633,6.082762718200684,2.2360680103302,2.0,4.4721360206604,7.211102485656738,9.848857879638672,13.601470947265625,16.124515533447266,20.02498435974121,22.0,24.1867733001709,26.925823211669922,27.85677719116211
0,-49.0,-95,23,10,69.2603759765625,65.52098846435547,62.64183807373047,60.16643524169922,54.81787872314453,50.447994232177734,45.880279541015625,40.804412841796875,37.947330474853516,33.541019439697266,30.01666259765625,29.20616340637207,26.172504425048828,25.806976318359375,25.942243576049805,27.85677719116211,28.861740112304688,30.805843353271484,34.13209533691406,36.22154235839844,38.20994567871094,41.30375289916992,41.43669891357422,42.296573638916016,43.5660400390625,42.20189666748047,40.804412841796875,40.16217041015625,37.0,36.769554138183594,33.105892181396484,31.30495262145996,29.529645919799805,25.942243576049805,24.413110733032227,21.40093421936035,18.439088821411133,14.142135620117188,10.630146026611328,6.4031243324279785,3.605551242828369,0.0,3.605551242828369,5.830951690673828,9.486832618713379,12.369317054748535,16.278820037841797,20.099750518798828,23.0,25.01999282836914,26.305892944335938,29.120439529418945
0,-50.0,-95,24,12,74.21590423583984,68.65857696533203,66.4906005859375,61.814239501953125,57.706153869628906,48.66210174560547,44.9110221862793,38.832977294921875,35.44009017944336,32.31098937988281,29.068883895874023,26.4007568359375,25.45584487915039,25.238859176635742,28.17800521850586,32.015621185302734,32.557640075683594,37.48332977294922,41.43669891357422,44.40720748901367,47.07440948486328,51.195701599121094,50.695167541503906,52.88667297363281,53.48831558227539,51.26402282714844,49.658836364746094,49.648765563964844,46.06517028808594,44.29446792602539,42.54409408569336,41.88078308105469,37.44329071044922,35.0,30.805843353271484,26.4007568359375,24.698177337646484,20.248456954956055,17.0,16.76305389404297,16.031219482421875,16.124515533447266,16.278820037841797,18.788293838500977,20.59126091003418,24.1867733001709,27.294687271118164,30.01666259765625,33.105892181396484,34.539833068847656,38.897300720214844,38.832977294921875
0,-51.0,-95,24,14,82.22530364990234,78.58753204345703,72.80110168457031,67.67569732666016,61.35144805908203,54.08327102661133,47.434165954589844,41.761226654052734,38.327537536621094,29.614185333251953,26.07680892944336,22.203603744506836,18.027755737304688,17.20465087890625,18.867961883544922,21.931713104248047,26.570659637451172,30.5941162109375,33.541019439697266,38.63935852050781,40.79215621948242,44.14748001098633,44.92215347290039,45.607017517089844,46.173583984375,46.173583984375,44.59820556640625,41.43669891357422,39.560081481933594,38.27531814575195,35.46829605102539,32.572994232177734,30.675724029541016,28.460498809814453,24.515300750732422,22.203603744506836,20.0,18.248287200927734,19.313207626342773,21.095022201538086,23.853721618652344,26.90724754333496,29.0,31.827661514282227,33.941123962402344,37.48332977294922,41.03656768798828,44.59820556640625,46.097721099853516,47.801673889160156,50.774009704589844,51.429561614990234
0,-51.0,-95,25,12,96.40020751953125,91.83136749267578,87.80091094970703,81.56592559814453,73.0,64.38167572021484,58.13776779174805,50.2493782043457,45.45327377319336,38.27531814575195,32.24903106689453,26.925823211669922,22.360679626464844,21.21320343017578,21.540658950805664,21.40093421936035,25.495098114013672,30.232433319091797,35.35533905029297,38.587562561035156,42.72002029418945,43.90899658203125,45.221675872802734,47.16990661621094,46.87216567993164,45.80392837524414,42.43819046020508,41.04875183105469,37.44329071044922,35.84689712524414,33.61547088623047,30.870698928833008,28.635643005371094,23.409399032592773,20.39607810974121,19.10497283935547,16.124515533447266,18.788293838500977,21.40093421936035,26.172504425048828,27.658634185791016,32.80244064331055,39.824615478515625,39.824615478515625,44.821868896484375,48.83646011352539,53.037723541259766,56.63920974731445,58.2580451965332,60.216278076171875,62.433963775634766,63.071388244628906
0,-52.0,-95,24,13,82.29216003417969,79.15807342529297,76.92203521728516,71.17584228515625,65.30696868896484,58.13776779174805,52.77309799194336,46.52956008911133,41.18252182006836,37.735923767089844,30.232433319091797,24.75883674621582,21.260292053222656,16.124515533447266,12.165525436401367,13.152946472167969,13.416407585144043,17.029386520385742,18.439088821411133,21.40093421936035,24.413110733032227,26.07680892944336,26.925823211669922,26.925823211669922,26.925823211669922,27.784887313842773,23.706539154052734,22.825424194335938,20.615528106689453,18.027755737304688,14.866068840026855,13.34166431427002,10.198039054870605,7.0,5.830951690673828,6.0,10.198039054870605,10.440306663513184,17.0,22.360679626464844,27.312999725341797,32.69556427001953,35.84689712524414,40.16217041015625,43.32435989379883,45.35416030883789,49.24428939819336,51.97114562988281,53.46026611328125,56.14267349243164,58.00862121582031,58.215118408203125
0,-50.0,-95,23,11,72.11102294921875,68.94925689697266,64.8459701538086,63.694583892822266,58.30952072143555,54.7813835144043,50.9215087890625,45.880279541015625,41.48493576049805,38.07886505126953,34.525352478027344,32.140316009521484,29.0,27.166154861450195,25.317977905273438,26.248809814453125,26.4007568359375,26.07680892944336,27.80287742614746,29.20616340637207,29.068883895874023,30.4138126373291,30.479501724243164,31.827661514282227,31.890438079833984,30.479501724243164,28.42534065246582,27.80287742614746,25.0,23.600847244262695,22.203603744506836,20.248456954956055,18.357559204101562,17.0,13.928388595581055,11.401754379272461,9.05538558959961,6.082762718200684,4.242640495300293,5.0,5.830951690673828,8.602325439453125,11.661903381347656,14.560219764709473,17.72004508972168,20.099750518798828,23.021728515625,26.0,28.284271240234375,30.08321762084961,31.016124725341797,30.886890411376953
0,-50.0,-95,23,11,64.38167572021484,61.52235412597656,57.982757568359375,55.226806640625,49.57822036743164,44.68780517578125,39.69886779785156,36.12478256225586,32.526912689208984,30.0,27.20294189453125,25.942243576049805,24.698177337646484,24.041629791259766,23.194826126098633,24.0,26.019224166870117,26.07680892944336,29.614185333251953,30.5941162109375,32.38827133178711,34.525352478027344,34.36568069458008,35.35533905029297,35.22782897949219,35.0142822265625,33.0,32.0,30.01666259765625,27.018512725830078,26.0,25.0,23.021728515625,21.0,20.02498435974121,17.029386520385742,15.033296585083008,13.0,10.049875259399414,8.5440034866333,7.071067810058594,8.9442720413208,11.704699516296387,14.317821502685547,17.262676239013672,19.416488647460938,22.56102752685547,26.570659637451172,27.312999725341797,30.4138126373291,31.62277603149414,33.30165100097656
0,-49.0,-95,23,10,64.66065216064453,60.30754470825195,58.79625701904297,54.451812744140625,50.20956039428711,45.27692413330078,41.773197174072266,36.12478256225586,33.42155075073242,30.610456466674805,28.301942825317383,25.942243576049805,21.931713104248047,20.39607810974121,20.2237491607666,22.022714614868164,22.360679626464844,24.041629791259766,25.961509704589844,27.85677719116211,29.73213768005371,31.95309066772461,32.280025482177734,32.893768310546875,32.015621185302734,32.015621185302734,29.42787742614746,28.635643005371094,26.305892944335938,25.495098114013672,22.360679626464844,21.21320343017578,19.235383987426758,17.262676239013672,16.492422103881836,14.560219764709473,13.0,9.848857879638672,8.485280990600586,7.6157732009887695,11.401754379272461,12.041594505310059,15.0,18.0,20.0,22.0,26.019224166870117,28.07133674621582,31.400636672973633,32.98484420776367,35.11410140991211,36.2353401184082
0,-48.0,-95,23,12,70.76722717285156,68.59300231933594,64.35060119628906,62.28964614868164,55.17245864868164,52.40229034423828,47.423622131347656,43.863426208496094,40.31128692626953,37.64305877685547,34.828147888183594,31.906112670898438,31.30495262145996,29.73213768005371,29.120439529418945,28.284271240234375,31.016124725341797,33.0,35.0142822265625,38.01315689086914,40.0,41.0,41.0,45.0,45.0444221496582,44.18144226074219,42.7551155090332,40.607879638671875,39.051246643066406,37.36308288574219,36.13862228393555,34.78505325317383,31.95309066772461,29.154760360717773,26.0,21.931713104248047,19.92485809326172,16.492422103881836,15.033296585083008,14.03566837310791,14.317821502685547,15.65247631072998,17.492855072021484,19.416488647460938,20.615528106689453,22.803508758544922,27.20294189453125,29.681644439697266,31.38471031188965,34.438350677490234,36.400550842285156,37.10795211791992
0,-49.0,-95,25,12,74.21590423583984,69.12307739257812,65.96968841552734,60.4400520324707,55.6596794128418,48.10405349731445,42.72002029418945,37.6961555480957,32.202484130859375,24.698177337646484,19.209373474121094,12.806248664855957,10.049875259399414,9.848857879638672,12.041594505310059,14.866068840026855,18.439088821411133,24.1867733001709,27.073972702026367,31.064449310302734,34.0,35.0142822265625,35.0,38.11823654174805,39.051246643066406,40.31128692626953,42.95346450805664,43.011627197265625,45.54119110107422,46.615447998046875,47.01063537597656,48.754486083984375,49.648765563964844,49.39635467529297,50.21951675415039,50.447994232177734,53.075416564941406,51.6623649597168,56.22277069091797,58.00862121582031,61.85466766357422,64.66065216064453,68.60028839111328,69.46221923828125,71.69379425048828,74.625732421875,79.61155700683594,84.38008880615234,84.59905242919922,86.26702880859375,87.61849212646484,88.5268325805664
0,-49.0,-95,25,12,77.10382843017578,72.18032836914062,67.89698028564453,61.392181396484375,55.31726837158203,50.695167541503906,44.92215347290039,37.64305877685547,32.69556427001953,25.05992889404297,20.808652877807617,15.55634880065918,10.770329475402832,10.049875259399414,12.806248664855957,15.264337539672852,20.248456954956055,21.587032318115234,24.73863410949707,28.44292449951172,32.140316009521484,34.2344856262207,34.2344856262207,35.510562896728516,36.49657440185547,36.13862228393555,40.853397369384766,42.95346450805664,43.416587829589844,46.3249397277832,47.16990661621094,47.434165954589844,49.40647888183594,47.50789260864258,48.83646011352539,48.79549026489258,51.22499465942383,51.61395263671875,54.708316802978516,57.245086669921875,61.717098236083984,64.47480010986328,70.93659210205078,70.00714111328125,72.23572540283203,75.3923110961914,78.39005279541016,82.46211242675781,86.8158950805664,85.8836441040039,87.8179931640625,86.53323364257812
0,-49.0,-95,24,11,82.2192153930664,78.74642944335938,78.58753204345703,73.76313781738281,69.6419448852539,62.64183807373047,57.28001403808594,51.6623649597168,47.53945541381836,42.7551155090332,38.07886505126953,33.541019439697266,29.154760360717773,24.020824432373047,21.0,16.031219482421875,13.152946472167969,9.848857879638672,9.219544410705566,7.6157732009887695,7.280109882354736,9.05538558959961,8.062257766723633,7.280109882354736,7.280109882354736,4.4721360206604,2.0,2.2360680103302,4.4721360206604,7.280109882354736,9.0,12.165525436401367,14.142135620117188,15.29705810546875,16.76305389404297,20.248456954956055,21.931713104248047,25.298221588134766,29.73213768005371,32.31098937988281,35.84689712524414,38.07886505126953,41.78516387939453,43.08131790161133,45.880279541015625,46.81879806518555,50.59644317626953,52.88667297363281,54.34151077270508,54.918121337890625,55.578773498535156,55.145263671875
0,-49.0,-95,23,13,83.76156616210938,80.99382781982422,78.77182006835938,74.94664764404297,69.6419448852539,63.812225341796875,57.14017868041992,53.25410842895508,48.010414123535156,45.45327377319336,40.31128692626953,36.878177642822266,34.20526123046875,31.38471031188965,29.068883895874023,27.20294189453125,25.317977905273438,26.07680892944336,26.0,28.07133674621582,26.305892944335938,28.284271240234375,26.476404190063477,26.68332862854004,26.305892944335938,24.1867733001709,20.0,18.0,16.0,12.041594505310059,10.198039054870605,7.280109882354736,4.4721360206604,4.4721360206604,6.082762718200684,7.211102485656738,10.0,11.313708305358887,15.0,18.027755737304688,21.954498291015625,25.495098114013672,27.85677719116211,30.364452362060547,32.98484420776367,34.525352478027344,39.20458984375,40.04996871948242,42.0,44.04542922973633,43.416587829589844,44.14748001098633
0,-49.0,-95,23,12,78.4091796875,73.55270385742188,70.45565795898438,65.92420196533203,61.98386764526367,54.918121337890625,51.62363815307617,48.3735466003418,45.17742919921875,40.01249694824219,39.0,36.12478256225586,33.37664031982422,32.015621185302734,31.016124725341797,33.12099075317383,32.24903106689453,33.2866325378418,34.20526123046875,37.013511657714844,38.60051727294922,40.607879638671875,40.49691390991211,41.04875183105469,40.8166618347168,38.470767974853516,34.01470184326172,33.241539001464844,28.460498809814453,26.570659637451172,23.0867919921875,20.880613327026367,18.027755737304688,15.81138801574707,13.0,11.704699516296387,8.5440034866333,3.1622776985168457,3.0,5.0,6.4031243324279785,11.401754379272461,14.422204971313477,16.278820037841797,19.79899024963379,21.260292053222656,25.806976318359375,28.844409942626953,30.4138126373291,31.38471031188965,33.241539001464844,34.36568069458008
0,-48.0,-95,24,10,73.82411193847656,70.85901641845703,66.61080932617188,64.1248779296875,58.30952072143555,52.345008850097656,48.50773239135742,44.72135925292969,42.20189666748047,40.804412841796875,38.27531814575195,37.121421813964844,38.07886505126953,35.608985900878906,36.878177642822266,38.20994567871094,39.69886779785156,40.45985794067383,45.0,46.40043258666992,49.67897033691406,51.6623649597168,49.497474670410156,52.32590103149414,51.7397346496582,49.20365905761719,46.04345703125,44.10215377807617,41.34005355834961,38.07886505126953,35.84689712524414,33.12099075317383,30.886890411376953,27.294687271118164,23.323806762695312,19.72308349609375,17.804492950439453,16.278820037841797,13.601470947265625,14.317821502685547,15.132745742797852,17.0,20.02498435974121,23.0867919921875,25.079872131347656,28.07133674621582,31.0,33.060550689697266,37.2155876159668,38.63935852050781,40.52159881591797,39.924930572509766
0,-49.0,-95,24,14,72.00694274902344,64.41273498535156,60.8276252746582,54.58937454223633,48.764739990234375,41.62931823730469,37.947330474853516,33.95585250854492,32.06243896484375,30.01666259765625,31.78049659729004,32.69556427001953,35.35533905029297,38.832977294921875,40.804412841796875,48.27007293701172,51.088157653808594,55.44366455078125,57.48912811279297,63.0079345703125,64.14047241210938,66.37017059326172,66.18912506103516,68.47627258300781,66.21178436279297,64.25729370117188,58.8217658996582,57.567352294921875,53.45091247558594,53.16013717651367,48.764739990234375,47.53945541381836,42.20189666748047,39.293766021728516,39.217342376708984,35.46829605102539,32.649654388427734,28.844409942626953,29.068883895874023,30.4138126373291,34.058773040771484,35.0,36.619667053222656,39.408119201660156,42.20189666748047,44.204071044921875,47.6340217590332,50.6063232421875,53.075416564941406,53.75872039794922,56.080299377441406,56.30275344848633
0,-51.0,-95,24,12,55.226806640625,49.57822036743164,45.25483322143555,40.31128692626953,33.941123962402344,27.658634185791016,22.803508758544922,17.029386520385742,10.630146026611328,5.385164737701416,2.2360680103302,5.099019527435303,10.440306663513184,17.262676239013672,20.615528106689453,26.476404190063477,29.42787742614746,34.36568069458008,38.470767974853516,42.296573638916016,42.19004440307617,43.046485900878906,42.0,45.0444221496582,43.0,44.0,40.04996871948242,40.31128692626953,37.2155876159668,35.510562896728516,34.928497314453125,33.241539001464844,34.1760139465332,31.38471031188965,29.96664810180664,30.01666259765625,30.805843353271484,30.4138126373291,33.30165100097656,35.0,34.20526123046875,36.8917350769043,40.49691390991211,41.67733383178711,42.54409408569336,44.41846466064453,45.27692413330078,49.09175109863281,51.03919982910156,52.801513671875,52.49761962890625,53.037723541259766
0,-50.0,-95,24,10,74.0,69.57010650634766,66.73080444335938,60.4400520324707,56.04462432861328,46.3249397277832,41.773197174072266,36.67424011230469,30.4138126373291,26.305892944335938,19.10497283935547,14.0,9.0,6.0,2.2360680103302,5.0,9.433980941772461,13.0,15.81138801574707,17.464248657226562,20.39607810974121,22.360679626464844,22.360679626464844,22.360679626464844,21.3775577545166,20.880613327026367,18.788293838500977,20.248456954956055,20.0,20.51828384399414,19.84943389892578,19.416488647460938,19.72308349609375,20.124610900878906,22.56102752685547,22.360679626464844,24.0,26.019224166870117,28.07133674621582,29.27456283569336,33.541019439697266,35.693138122558594,37.85498809814453,38.327537536621094,39.81205749511719,42.20189666748047,44.384681701660156,46.3249397277832,48.27007293701172,48.83646011352539,49.648765563964844,50.15974426269531
0,-50.0,-95,24,9,92.13577270507812,90.8019790649414,82.29216003417969,81.02468872070312,72.49827575683594,68.15423583984375,61.84658432006836,55.154327392578125,50.15974426269531,42.04759216308594,38.470767974853516,33.61547088623047,27.20294189453125,24.083189010620117,19.84943389892578,17.20465087890625,14.866068840026855,14.03566837310791,14.142135620117188,14.560219764709473,16.124515533447266,17.492855072021484,17.0,17.20465087890625,18.027755737304688,16.6433162689209,13.601470947265625,10.816654205322266,10.0,8.485280990600586,5.0,4.4721360206604,2.0,2.2360680103302,4.0,6.324555397033691,8.9442720413208,12.529964447021484,15.231546401977539,18.384777069091797,20.248456954956055,22.472204208374023,26.925823211669922,27.85677719116211,29.4108829498291,31.048349380493164,33.95585250854492,36.67424011230469,38.470767974853516,40.199501037597656,40.04996871948242,41.01219177246094
0,-49.0,-95,24,10,90.70832061767578,89.8220443725586,90.02777099609375,89.26925659179688,80.7527084350586,72.69112396240234,66.61080932617188,59.53990173339844,56.08921432495117,50.447994232177734,47.801673889160156,43.65776062011719,40.31128692626953,37.121421813964844,35.80502700805664,31.827661514282227,31.890438079833984,30.805843353271484,33.61547088623047,34.48188018798828,35.7770881652832,36.24913787841797,35.34119415283203,38.4837646484375,38.4837646484375,37.121421813964844,31.38471031188965,29.529645919799805,27.784887313842773,23.600847244262695,21.63330841064453,19.416488647460938,15.81138801574707,13.03840446472168,9.219544410705566,5.656854152679443,2.8284270763397217,0.0,2.8284270763397217,6.4031243324279785,10.0,14.422204971313477,16.124515533447266,21.470911026000977,24.166091918945312,25.298221588134766,28.861740112304688,32.557640075683594,34.2344856262207,36.0,38.05259704589844,38.63935852050781
0,-48.0,-95,24,12,96.21330261230469,93.86160278320312,88.09085845947266,82.97589874267578,75.1664810180664,70.76722717285156,65.29930877685547,59.03388977050781,53.600372314453125,50.2493782043457,48.3735466003418,45.18849563598633,45.880279541015625,43.680660247802734,42.7551155090332,44.283180236816406,45.0444221496582,46.010868072509766,49.01020431518555,51.03919982910156,53.0,54.0,53.037723541259766,55.009090423583984,54.230987548828125,51.62363815307617,45.89117431640625,43.17406463623047,41.231056213378906,35.1710090637207,33.52610778808594,30.364452362060547,25.63201141357422,22.135944366455078,18.973665237426758,14.560219764709473,10.198039054870605,8.062257766723633,6.4031243324279785,8.062257766723633,10.198039054870605,15.033296585083008,18.0,21.0,25.079872131347656,28.07133674621582,32.38827133178711,36.13862228393555,39.217342376708984,43.46262741088867,43.046485900878906,44.40720748901367
0,-49.0,-95,25,10,97.74456787109375,91.76055908203125,85.72631072998047,78.10890197753906,72.44998168945312,66.128662109375,60.083274841308594,56.32051086425781,51.97114562988281,46.27094268798828,45.0,45.17742919921875,43.73785400390625,44.14748001098633,44.92215347290039,48.46648406982422,49.658836364746094,51.89412307739258,54.58937454223633,56.36488342285156,59.09314727783203,61.46543884277344,61.09828186035156,62.032249450683594,62.64183807373047,59.43904495239258,54.451812744140625,51.244510650634766,47.095645904541016,43.046485900878906,38.0,35.0,31.0,29.0,24.083189010620117,20.2237491607666,18.248287200927734,12.649110794067383,13.45362377166748,12.529964447021484,17.464248657226562,17.464248657226562,23.194826126098633,24.1867733001709,28.44292449951172,30.4138126373291,33.734256744384766,39.293766021728516,41.48493576049805,43.08131790161133,45.617977142333984,48.25971221923828
0,-49.0,-95,25,11,83.38465118408203,78.51751708984375,72.44308471679688,68.88395690917969,60.8276252746582,54.451812744140625,48.093658447265625,42.0,41.1096076965332,36.67424011230469,36.055511474609375,36.2353401184082,38.832977294921875,39.824615478515625,43.13930892944336,46.010868072509766,51.088157653808594,51.855567932128906,58.13776779174805,62.28964614868164,62.93647766113281,65.0691909790039,63.25345993041992,65.29930877685547,65.21502685546875,63.51377868652344,58.66856002807617,55.94640350341797,54.120235443115234,47.41307830810547,46.51881408691406,43.90899658203125,40.31128692626953,37.735923767089844,35.22782897949219,33.0151481628418,31.14482307434082,32.557640075683594,32.015621185302734,32.4499626159668,31.906112670898438,34.438350677490234,34.885528564453125,37.161808013916016,40.31128692626953,40.24922180175781,45.18849563598633,46.647613525390625,49.39635467529297,51.865211486816406,53.26349639892578,53.740116119384766
0,-49.0,-95,25,11,75.05997467041016,68.18357849121094,63.12685775756836,54.33230972290039,50.35871505737305,42.296573638916016,38.01315689086914,31.0,27.294687271118164,22.360679626464844,21.095022201538086,22.803508758544922,22.847318649291992,25.70992088317871,30.5941162109375,35.12833786010742,38.11823654174805,42.10700607299805,45.09988784790039,50.15974426269531,52.345008850097656,54.58937454223633,55.10898208618164,54.918121337890625,55.31726837158203,51.41984176635742,49.030601501464844,47.85394287109375,44.55333709716797,46.173583984375,42.19004440307617,43.046485900878906,43.0,41.0,42.10700607299805,42.19004440307617,42.7551155090332,42.95346450805664,43.416587829589844,43.96589660644531,48.50773239135742,48.383880615234375,52.49761962890625,50.0,52.88667297363281,54.81787872314453,58.46366500854492,61.188232421875,62.64982223510742,63.3876953125,65.03076171875,64.1248779296875
0,-49.0,-95,24,10,88.58893585205078,85.08818817138672,82.85529327392578,79.64923095703125,72.56031799316406,66.37017059326172,61.057350158691406,55.4707145690918,51.865211486816406,48.41487503051758,43.27817153930664,38.897300720214844,35.38361358642578,30.610456466674805,27.20294189453125,24.59674835205078,19.92485809326172,19.416488647460938,19.0,20.099750518798828,20.39607810974121,20.880613327026367,19.92485809326172,21.540658950805664,21.840330123901367,18.439088821411133,15.0,15.0,11.180339813232422,8.9442720413208,8.485280990600586,7.211102485656738,8.246211051940918,11.0,12.165525436401367,16.155494689941406,18.027755737304688,20.615528106689453,22.360679626464844,25.495098114013672,30.01666259765625,33.83784866333008,35.22782897949219,37.80211639404297,40.607879638671875,42.52058410644531,46.010868072509766,47.381431579589844,51.7397346496582,51.400390625,54.918121337890625,54.120235443115234
0,-49.0,-95,24,9,85.98255920410156,82.68010711669922,79.32212829589844,78.892333984375,71.34423828125,65.51335906982422,62.12889862060547,57.14017868041992,53.25410842895508,48.60041046142578,46.22769546508789,42.44997024536133,39.59798049926758,36.878177642822266,33.60059356689453,31.764760971069336,29.73213768005371,29.120439529418945,30.5941162109375,31.256999969482422,32.140316009521484,33.060550689697266,32.06243896484375,34.01470184326172,34.058773040771484,33.241539001464844,29.614185333251953,25.70992088317871,25.0,22.135944366455078,19.697715759277344,17.8885440826416,13.892443656921387,12.806248664855957,10.0,8.5440034866333,9.0,8.5440034866333,9.433980941772461,12.041594505310059,13.416407585144043,17.0880069732666,18.439088821411133,21.095022201538086,24.0,26.019224166870117,30.265491485595703,30.805843353271484,33.52610778808594,34.928497314453125,36.715118408203125,37.202152252197266
0,-48.0,-95,23,13,88.8875732421875,86.33075714111328,79.69943237304688,78.54934692382812,71.86793518066406,66.48307800292969,62.96824645996094,58.52349853515625,55.973209381103516,50.28916549682617,49.72926712036133,46.87216567993164,42.42640686035156,41.04875183105469,40.0,40.199501037597656,40.79215621948242,41.231056213378906,43.32435989379883,44.59820556640625,46.81879806518555,50.59644317626953,49.47726821899414,51.6623649597168,50.990196228027344,48.50773239135742,46.173583984375,42.01190185546875,40.0,37.0,34.058773040771484,31.064449310302734,28.160255432128906,24.083189010620117,22.090721130371094,19.10497283935547,16.278820037841797,12.165525436401367,8.062257766723633,7.0,4.4721360206604,4.4721360206604,6.0,8.062257766723633,11.704699516296387,13.601470947265625,16.76305389404297,20.39607810974121,22.360679626464844,25.079872131347656,27.073972702026367,28.284271240234375
0,-49.0,-95,25,10,91.7060546875,87.66413116455078,83.21658325195312,78.29431915283203,73.82411193847656,65.79513549804688,62.7694206237793,56.64803695678711,52.49761962890625,48.764739990234375,47.67599105834961,45.27692413330078,45.0,44.10215377807617,44.18144226074219,48.05205535888672,48.764739990234375,51.6623649597168,54.08327102661133,57.567352294921875,61.392181396484375,64.76110076904297,62.801273345947266,64.93843078613281,66.18912506103516,61.20457458496094,57.03507614135742,55.145263671875,51.244510650634766,50.15974426269531,43.185646057128906,42.19004440307617,39.11521530151367,38.11823654174805,37.05401611328125,36.013885498046875,32.06243896484375,30.149627685546875,30.149627685546875,30.08321762084961,28.861740112304688,31.016124725341797,29.154760360717773,32.69556427001953,33.61547088623047,35.46829605102539,37.336307525634766,39.217342376708984,40.804412841796875,43.17406463623047,44.40720748901367,45.0111083984375
0,-49.0,-95,25,12,85.37564086914062,76.10519409179688,74.1080322265625,66.00757598876953,59.00847244262695,48.041648864746094,43.185646057128906,35.510562896728516,29.4108829498291,29.068883895874023,25.612497329711914,25.806976318359375,24.59674835205078,26.925823211669922,29.42787742614746,35.0,36.22154235839844,41.19466018676758,44.40720748901367,49.36598205566406,53.15073013305664,53.15073013305664,53.037723541259766,53.15073013305664,53.0848388671875,49.04079818725586,46.27094268798828,44.72135925292969,43.17406463623047,42.05948257446289,42.72002029418945,42.95346450805664,43.382022857666016,43.5660400390625,43.011627197265625,44.204071044921875,47.6340217590332,48.166378021240234,48.79549026489258,50.20956039428711,55.865909576416016,57.314918518066406,62.2414665222168,61.52235412597656,62.93647766113281,65.11528015136719,68.24954223632812,70.60453033447266,73.49829864501953,73.43023681640625,74.6860122680664,73.05477142333984
0,-49.0,-95,25,11,84.87638092041016,77.42092895507812,74.06078338623047,68.4105224609375,60.0,52.801513671875,45.0,36.8917350769043,31.764760971069336,28.792360305786133,22.203603744506836,20.0,19.92485809326172,18.867961883544922,19.10497283935547,21.095022201538086,24.351591110229492,26.925823211669922,30.5941162109375,34.71310806274414,36.49657440185547,38.470767974853516,35.693138122558594,37.336307525634766,36.34556198120117,34.2344856262207,30.0,28.284271240234375,29.120439529418945,27.312999725341797,28.017850875854492,31.890438079833984,33.241539001464844,36.06937789916992,38.41874694824219,38.60051727294922,41.88078308105469,45.79301071166992,48.87739944458008,52.839378356933594,53.712196350097656,56.82429122924805,62.265560150146484,60.90156173706055,65.0,67.41661834716797,71.02816009521484,74.81310272216797,75.92759704589844,77.8331527709961,77.89736938476562,76.40026092529297
0,-49.0,-95,24,12,76.92203521728516,72.89718627929688,67.11929321289062,65.7419204711914,57.706153869628906,51.0,47.50789260864258,41.34005355834961,38.27531814575195,31.890438079833984,28.319604873657227,24.75883674621582,18.867961883544922,17.72004508972168,16.124515533447266,16.0,15.81138801574707,15.264337539672852,17.69180679321289,19.84943389892578,21.260292053222656,21.931713104248047,21.931713104248047,20.615528106689453,20.615528106689453,16.401220321655273,11.180339813232422,9.219544410705566,6.7082037925720215,8.485280990600586,11.180339813232422,15.524174690246582,18.439088821411133,21.21320343017578,23.34523582458496,26.07680892944336,30.01666259765625,33.0,37.0,40.0,42.0,47.0,52.009613037109375,51.009803771972656,54.037025451660156,56.035701751708984,61.29437255859375,64.49806213378906,68.06614685058594,66.94026947021484,68.3081283569336,67.23094177246094
0,-49.0,-95,23,15,80.52949523925781,75.13321685791016,75.59100341796875,70.21395874023438,65.76473236083984,57.30619430541992,54.58937454223633,50.2493782043457,46.3249397277832,42.20189666748047,38.94868469238281,36.06937789916992,33.30165100097656,29.4108829498291,27.784887313842773,26.570659637451172,24.515300750732422,25.079872131347656,25.0,27.0,27.018512725830078,28.07133674621582,27.073972702026367,27.073972702026367,26.0,23.0,17.029386520385742,14.03566837310791,11.180339813232422,6.082762718200684,3.0,1.0,2.8284270763397217,5.385164737701416,10.440306663513184,13.34166431427002,16.278820037841797,17.464248657226562,20.615528106689453,25.0,27.892650604248047,30.364452362060547,33.83784866333008,37.0,39.0,41.146080017089844,44.777225494384766,47.50789260864258,51.03919982910156,52.009613037109375,55.90169906616211,54.5618896484375
0,-49.0,-95,24,11,86.97700500488281,84.85281372070312,77.78174591064453,75.53807067871094,69.46221923828125,65.37583923339844,59.41380310058594,55.578773498535156,51.788028717041016,44.643028259277344,43.32435989379883,38.62641525268555,37.121421813964844,34.13209533691406,32.80244064331055,31.14482307434082,31.240999221801758,30.232433319091797,33.12099075317383,33.12099075317383,34.48188018798828,35.35533905029297,34.13209533691406,34.48188018798828,34.13209533691406,31.62277603149414,24.083189010620117,19.79899024963379,16.970561981201172,12.041594505310059,8.602325439453125,3.605551242828369,2.0,2.0,5.0,7.280109882354736,9.486832618713379,13.0,15.65247631072998,20.615528106689453,22.135944366455078,25.298221588134766,29.4108829498291,32.280025482177734,32.98484420776367,36.67424011230469,40.31128692626953,44.10215377807617,46.010868072509766,49.01020431518555,50.35871505737305,51.41984176635742
0,-49.0,-95,24,10,83.6002426147461,77.42092895507812,76.40026092529297,69.89277648925781,66.85057830810547,59.36328887939453,56.035701751708984,52.15361785888672,47.20169448852539,45.45327377319336,41.86884307861328,38.897300720214844,36.400550842285156,33.2866325378418,31.764760971069336,33.61547088623047,31.62277603149414,33.95585250854492,34.525352478027344,36.49657440185547,37.85498809814453,37.85498809814453,38.327537536621094,37.10795211791992,37.0,32.69556427001953,27.312999725341797,25.495098114013672,18.788293838500977,18.384777069091797,13.601470947265625,12.165525436401367,10.0,8.246211051940918,7.6157732009887695,7.8102498054504395,7.211102485656738,11.180339813232422,13.03840446472168,15.0,17.0,19.0,24.020824432373047,25.01999282836914,28.07133674621582,30.265491485595703,34.525352478027344,37.10795211791992,40.16217041015625,40.31128692626953,42.05948257446289,42.20189666748047
0,-48.0,-95,24,11,88.60022735595703,82.80096435546875,79.2022705078125,75.28611755371094,68.24954223632812,62.36986541748047,55.31726837158203,50.0,47.20169448852539,41.67733383178711,38.910152435302734,36.400550842285156,36.13862228393555,33.37664031982422,33.060550689697266,32.015621185302734,33.13608169555664,33.37664031982422,37.10795211791992,39.051246643066406,38.832977294921875,39.81205749511719,38.327537536621094,37.656341552734375,36.22154235839844,33.060550689697266,28.160255432128906,23.34523582458496,20.39607810974121,16.76305389404297,15.65247631072998,15.0,14.142135620117188,14.422204971313477,13.928388595581055,14.317821502685547,16.124515533447266,19.02629852294922,21.02379608154297,24.1867733001709,26.305892944335938,29.42787742614746,31.575305938720703,33.541019439697266,36.49657440185547,39.20458984375,44.04542922973633,47.0,48.166378021240234,50.635955810546875,51.6623649597168,53.48831558227539
0,-48.0,-95,24,13,102.62553405761719,97.6524429321289,92.6552734375,86.40023040771484,77.801025390625,70.0,63.51377868652344,56.603885650634766,52.839378356933594,47.423622131347656,44.271888732910156,42.20189666748047,40.31128692626953,38.05259704589844,38.05259704589844,38.832977294921875,39.560081481933594,40.16217041015625,41.231056213378906,41.62931823730469,44.0113639831543,44.0113639831543,42.379241943359375,40.853397369384766,39.84971618652344,35.11410140991211,30.08321762084961,25.079872131347656,20.59126091003418,17.804492950439453,15.55634880065918,14.764822959899902,14.560219764709473,14.03566837310791,17.029386520385742,17.72004508972168,20.615528106689453,21.954498291015625,25.0,29.068883895874023,34.71310806274414,38.28837966918945,43.27817153930664,46.40043258666992,49.09175109863281,51.62363815307617,57.30619430541992,60.835845947265625,63.324562072753906,67.05221557617188,67.46851348876953,68.26419067382812
0,-49.0,-95,25,13,107.0,102.0,99.00505065917969,93.04837799072266,84.00595092773438,76.0,69.00724792480469,63.12685775756836,58.30952072143555,53.93514633178711,50.0,45.694637298583984,46.52956008911133,45.221675872802734,46.75468063354492,45.45327377319336,46.40043258666992,46.615447998046875,51.312767028808594,53.25410842895508,54.37830352783203,54.64430618286133,52.201534271240234,51.61395263671875,50.0,44.821868896484375,34.20526123046875,31.064449310302734,26.925823211669922,22.472204208374023,20.615528106689453,19.0,18.11077117919922,17.72004508972168,18.357559204101562,19.79899024963379,22.022714614868164,24.698177337646484,29.154760360717773,32.893768310546875,38.60051727294922,43.96589660644531,50.32891845703125,53.48831558227539,57.384666442871094,62.169124603271484,67.60177612304688,72.67048645019531,74.20242309570312,79.30951690673828,79.24645233154297,81.02468872070312
0,-50.0,-95,25,14,108.25894927978516,105.19029998779297,99.28242492675781,92.61209106445312,85.0,79.2022705078125,74.24284362792969,68.88395690917969,66.24198150634766,57.688819885253906,56.859474182128906,51.22499465942383,48.166378021240234,46.04345703125,45.486263275146484,45.694637298583984,47.12748718261719,49.04079818725586,51.97114562988281,56.29387283325195,56.51548385620117,56.51548385620117,55.02726745605469,55.6596794128418,53.851646423339844,48.46648406982422,37.947330474853516,32.572994232177734,28.44292449951172,26.0,23.0867919921875,22.803508758544922,21.189620971679688,22.472204208374023,22.472204208374023,23.34523582458496,24.698177337646484,27.312999725341797,31.62277603149414,35.1710090637207,38.07886505126953,42.20189666748047,50.447994232177734,52.88667297363281,57.28001403808594,62.62587356567383,68.15423583984375,72.44998168945312,76.32168579101562,78.81623840332031,80.65978240966797,81.56592559814453
0,-50.0,-95,25,12,81.1541748046875,78.23043060302734,76.10519409179688,72.24956512451172,67.11929321289062,62.20128631591797,60.13318634033203,55.081756591796875,55.0,49.04079818725586,48.166378021240234,44.55333709716797,40.79215621948242,40.16217041015625,40.853397369384766,42.54409408569336,41.88078308105469,43.011627197265625,44.204071044921875,49.20365905761719,48.82622146606445,49.648765563964844,49.92995071411133,48.54894256591797,46.14108657836914,43.90899658203125,37.735923767089844,34.13209533691406,29.4108829498291,29.73213768005371,25.495098114013672,26.07680892944336,25.553865432739258,26.832815170288086,28.23118782043457,29.120439529418945,27.459060668945312,29.27456283569336,31.016124725341797,31.0,36.013885498046875,36.0,41.19466018676758,43.046485900878906,46.0,49.0,53.15073013305664,58.4208869934082,60.01666259765625,61.400325775146484,62.3939094543457,62.265560150146484
0,-50.0,-95,25,11,73.06161499023438,69.065185546875,67.06713104248047,65.12296295166016,60.13318634033203,56.22277069091797,52.038448333740234,48.010414123535156,46.0,44.10215377807617,42.19004440307617,39.623226165771484,39.051246643066406,36.055511474609375,37.161808013916016,36.2353401184082,36.8917350769043,38.27531814575195,40.607879638671875,42.20189666748047,43.600460052490234,44.65422821044922,42.72002029418945,44.10215377807617,40.49691390991211,37.58989334106445,32.75667953491211,30.805843353271484,29.20616340637207,24.083189010620117,25.495098114013672,25.238859176635742,26.419689178466797,25.942243576049805,25.079872131347656,25.0,25.495098114013672,27.459060668945312,29.154760360717773,30.066593170166016,33.0151481628418,36.0,38.0,40.0,44.10215377807617,46.173583984375,49.497474670410156,52.63079071044922,55.36244201660156,56.46237564086914,58.18075180053711,57.80138397216797
0,-49.0,-95,24,12,76.05918884277344,73.02738952636719,69.02897644042969,67.0,60.0,56.0,51.03919982910156,46.27094268798828,44.40720748901367,41.0,39.560081481933594,37.336307525634766,35.7770881652832,34.98571014404297,35.0,35.38361358642578,36.769554138183594,37.53664779663086,38.41874694824219,40.607879638671875,42.63801193237305,41.231056213378906,41.72529220581055,39.69886779785156,38.20994567871094,36.878177642822266,31.62277603149414,28.844409942626953,27.294687271118164,26.570659637451172,25.0,26.305892944335938,27.166154861450195,27.0,29.0,29.017236709594727,29.068883895874023,29.832868576049805,32.015621185302734,34.48188018798828,37.64305877685547,39.84971618652344,43.65776062011719,45.880279541015625,48.764739990234375,51.195701599121094,54.918121337890625,59.304298400878906,61.00819778442383,63.071388244628906,63.78871536254883,63.324562072753906
0,-49.0,-95,25,9,81.93289947509766,78.54934692382812,73.38937377929688,70.00714111328125,62.2414665222168,55.71355438232422,52.81098556518555,45.880279541015625,41.9761848449707,44.18144226074219,41.0,38.01315689086914,38.470767974853516,37.36308288574219,37.64305877685547,37.6961555480957,39.357337951660156,39.357337951660156,42.72002029418945,42.72002029418945,44.41846466064453,44.41846466064453,39.357337951660156,39.4461669921875,39.96248245239258,34.98571014404297,30.610456466674805,28.284271240234375,26.248809814453125,24.413110733032227,25.495098114013672,26.570659637451172,25.961509704589844,26.476404190063477,28.44292449951172,28.07133674621582,29.0,32.06243896484375,33.37664031982422,36.878177642822266,38.832977294921875,43.17406463623047,47.85394287109375,50.990196228027344,52.46903991699219,55.226806640625,61.073726654052734,63.0,66.18912506103516,68.88395690917969,70.60453033447266,70.38465881347656
0,-48.0,-95,25,13,98.24967956542969,98.32598876953125,89.35882568359375,87.69264221191406,77.3175277709961,73.17103576660156,66.06814575195312,61.0,57.07889175415039,52.46903991699219,50.21951675415039,49.33558654785156,46.51881408691406,45.27692413330078,46.04345703125,46.86149978637695,50.20956039428711,48.83646011352539,53.26349639892578,52.63079071044922,53.90732955932617,55.31726837158203,52.40229034423828,50.447994232177734,48.91830062866211,43.931766510009766,38.27531814575195,33.2866325378418,32.202484130859375,30.08321762084961,28.44292449951172,29.0,30.0,30.4138126373291,32.015621185302734,32.69556427001953,34.0,37.44329071044922,40.607879638671875,44.55333709716797,48.83646011352539,58.051700592041016,60.14149856567383,65.29930877685547,70.60453033447266,72.20111083984375,78.23043060302734,84.59905242919922,88.10221099853516,92.11405944824219,93.40770721435547,95.03683471679688
0,-49.0,-95,26,9,87.66413116455078,83.6480712890625,82.3468246459961,76.92203521728516,73.34848022460938,67.5425796508789,64.07807922363281,60.74536895751953,55.36244201660156,53.93514633178711,49.25444030761719,48.0,47.26520919799805,45.35416030883789,45.880279541015625,45.31004333496094,46.957427978515625,48.764739990234375,49.92995071411133,52.15361785888672,53.33854293823242,53.851646423339844,50.774009704589844,48.25971221923828,46.3249397277832,41.88078308105469,33.30165100097656,30.610456466674805,28.65309715270996,27.20294189453125,26.172504425048828,28.017850875854492,30.01666259765625,31.575305938720703,33.241539001464844,35.84689712524414,38.94868469238281,43.5660400390625,48.82622146606445,52.801513671875,58.600341796875,61.400325775146484,70.80254364013672,70.80254364013672,76.00657653808594,78.892333984375,86.76981353759766,93.471923828125,96.3846435546875,99.95999145507812,102.35721588134766,102.1077880859375
0,-50.0,-95,26,9,63.03173828125,62.12889862060547,58.215118408203125,58.215118408203125,52.46903991699219,49.36598205566406,46.3249397277832,43.680660247802734,42.379241943359375,39.81205749511719,39.11521530151367,36.619667053222656,38.20994567871094,37.53664779663086,38.60051727294922,38.94868469238281,41.59326934814453,41.62931823730469,44.94440841674805,44.0113639831543,45.694637298583984,46.51881408691406,42.94182205200195,40.71854782104492,39.824615478515625,33.105892181396484,23.53720474243164,21.0,21.21320343017578,18.788293838500977,21.260292053222656,23.430749893188477,26.62705421447754,28.301942825317383,29.068883895874023,31.016124725341797,36.400550842285156,38.60051727294922,43.17406463623047,48.05205535888672,49.648765563964844,57.87054443359375,58.85575485229492,63.78871536254883,68.24954223632812,71.0633544921875,78.84795379638672,83.48652648925781,85.23497009277344,89.005615234375,92.11405944824219,92.80086517333984
0,-52.0,-95,23,17,35.80502700805664,34.66987228393555,34.98571014404297,31.764760971069336,30.4138126373291,28.23118782043457,25.495098114013672,23.53720474243164,23.0,22.022714614868164,21.587032318115234,22.135944366455078,21.931713104248047,23.021728515625,22.022714614868164,24.83948516845703,25.238859176635742,28.017850875854492,27.459060668945312,29.681644439697266,29.4108829498291,29.4108829498291,29.20616340637207,26.4007568359375,24.83948516845703,19.416488647460938,13.03840446472168,9.486832618713379,8.0,7.071067810058594,8.485280990600586,11.180339813232422,13.0,14.560219764709473,20.2237491607666,21.21320343017578,24.0,25.0,29.017236709594727,29.154760360717773,35.05709457397461,38.20994567871094,42.19004440307617,44.10215377807617,48.041648864746094,50.0099983215332,56.00892639160156,56.00892639160156,59.304298400878906,60.67124557495117,60.87692642211914,61.35144805908203
0,-52.0,-95,23,14,35.34119415283203,33.541019439697266,31.064449310302734,29.681644439697266,27.459060668945312,22.671567916870117,20.51828384399414,18.601076126098633,17.0,16.155494689941406,15.132745742797852,15.0,15.033296585083008,16.155494689941406,16.155494689941406,18.601076126098633,19.84943389892578,19.84943389892578,21.931713104248047,23.34523582458496,24.083189010620117,24.041629791259766,22.671567916870117,23.430749893188477,21.40093421936035,17.804492950439453,10.630146026611328,9.899495124816895,6.7082037925720215,5.0,6.324555397033691,7.211102485656738,7.8102498054504395,8.9442720413208,13.34166431427002,14.142135620117188,17.11724281311035,17.029386520385742,21.02379608154297,24.0,28.0,30.0,33.0,35.0,38.05259704589844,39.11521530151367,42.42640686035156,43.73785400390625,46.097721099853516,47.801673889160156,48.10405349731445,49.19349670410156
0,-49.0,-95,22,13,64.8459701538086,60.406951904296875,60.406951904296875,54.7813835144043,53.851646423339844,47.16990661621094,44.94440841674805,43.32435989379883,40.16217041015625,37.64305877685547,33.95585250854492,32.75667953491211,29.27456283569336,29.068883895874023,26.0,27.018512725830078,25.179357528686523,25.495098114013672,23.76972770690918,24.041629791259766,25.961509704589844,25.0,24.041629791259766,23.0867919921875,22.56102752685547,19.416488647460938,16.492422103881836,14.560219764709473,11.401754379272461,10.770329475402832,7.6157732009887695,6.4031243324279785,5.656854152679443,4.4721360206604,5.099019527435303,4.0,4.123105525970459,5.656854152679443,8.062257766723633,11.180339813232422,13.03840446472168,14.764822959899902,18.357559204101562,19.416488647460938,22.203603744506836,23.430749893188477,26.870058059692383,30.479501724243164,32.015621185302734,32.4499626159668,34.438350677490234,34.78505325317383
0,-47.0,-95,23,9,71.11258697509766,67.97793579101562,65.7419204711914,64.41273498535156,60.41522979736328,55.07267761230469,52.839378356933594,48.764739990234375,47.41307830810547,45.18849563598633,43.382022857666016,41.231056213378906,40.49691390991211,38.60051727294922,38.327537536621094,36.878177642822266,36.49657440185547,36.34556198120117,37.2155876159668,37.2155876159668,36.34556198120117,36.34556198120117,34.71310806274414,34.525352478027344,33.734256744384766,31.048349380493164,25.961509704589844,23.53720474243164,21.587032318115234,19.416488647460938,17.11724281311035,16.031219482421875,16.0,14.0,12.0,10.049875259399414,9.05538558959961,8.062257766723633,7.071067810058594,8.062257766723633,9.486832618713379,11.045360565185547,14.142135620117188,17.029386520385742,19.10497283935547,21.3775577545166,23.53720474243164,27.20294189453125,29.154760360717773,30.4138126373291,32.202484130859375,33.30165100097656
0,-47.0,-95,24,8,78.16009521484375,77.20103454589844,70.51950073242188,72.44998168945312,64.8459701538086,62.96824645996094,61.032779693603516,57.87054443359375,55.6596794128418,52.49761962890625,51.92301940917969,51.41984176635742,49.81967544555664,48.50773239135742,48.3735466003418,46.173583984375,49.09175109863281,48.093658447265625,50.0,50.03998565673828,50.15974426269531,50.2493782043457,47.381431579589844,48.50773239135742,45.54119110107422,42.95346450805664,38.63935852050781,35.693138122558594,35.693138122558594,31.400636672973633,31.400636672973633,31.14482307434082,29.068883895874023,27.073972702026367,27.166154861450195,25.0,22.0,22.0,20.099750518798828,18.681541442871094,20.248456954956055,21.02379608154297,22.825424194335938,23.853721618652344,25.238859176635742,27.784887313842773,30.528675079345703,32.202484130859375,35.34119415283203,35.11410140991211,38.60051727294922,40.31128692626953
0,-46.0,-95,25,10,91.7060546875,89.94442749023438,85.95928955078125,84.38008880615234,82.15229797363281,78.892333984375,73.9256362915039,70.23532104492188,69.77105712890625,66.21178436279297,66.70832061767578,64.8459701538086,62.93647766113281,63.06346130371094,62.817195892333984,64.93843078613281,64.62971496582031,64.62971496582031,65.37583923339844,67.60177612304688,67.74215698242188,67.89698028564453,65.30696868896484,63.95310592651367,62.169124603271484,57.87054443359375,55.226806640625,55.081756591796875,55.0,52.0,55.0,55.081756591796875,54.037025451660156,53.0848388671875,52.08646774291992,52.239830017089844,50.35871505737305,50.35871505737305,48.66210174560547,50.0099983215332,49.47726821899414,51.92301940917969,52.88667297363281,54.120235443115234,57.28001403808594,58.94064712524414,62.09669876098633,64.77654266357422,67.36467742919922,70.06425476074219,73.02738952636719,73.82411193847656
0,-47.0,-95,26,9,74.73285675048828,72.91776275634766,68.42514038085938,67.23094177246094,63.50590515136719,62.265560150146484,59.16925048828125,56.035701751708984,54.4058837890625,52.345008850097656,53.740116119384766,53.81449508666992,52.801513671875,53.823787689208984,56.30275344848633,55.07267761230469,59.9416389465332,59.4810905456543,63.56099319458008,63.50590515136719,62.60990524291992,64.41273498535156,59.4810905456543,60.539241790771484,59.61543273925781,59.80802536010742,54.81787872314453,56.29387283325195,58.85575485229492,56.4358024597168,58.30952072143555,60.29925537109375,61.073726654052734,63.19810104370117,64.1248779296875,62.00806427001953,64.0,63.0,64.0078125,66.06814575195312,67.18630981445312,72.11102294921875,72.17340087890625,74.06078338623047,78.0,78.025634765625,84.148681640625,84.38008880615234,86.5794448852539,89.26925659179688,90.52071380615234,91.78779602050781
0,-47.0,-95,26,11,63.694583892822266,60.926185607910156,56.920997619628906,52.81098556518555,49.72926712036133,46.097721099853516,43.416587829589844,42.01190185546875,41.04875183105469,40.79215621948242,41.9761848449707,42.72002029418945,45.650848388671875,46.647613525390625,48.25971221923828,50.447994232177734,53.90732955932617,55.17245864868164,58.694122314453125,59.396968841552734,60.8276252746582,60.8276252746582,59.46427536010742,60.20797348022461,58.79625701904297,56.080299377441406,53.5350341796875,55.009090423583984,55.54277801513672,57.93962478637695,59.4810905456543,62.09669876098633,62.585941314697266,64.32728576660156,65.92420196533203,65.76473236083984,70.45565795898438,72.24956512451172,74.24284362792969,77.10382843017578,81.22191619873047,86.09297180175781,89.08984375,90.27181243896484,94.42987060546875,95.88534545898438,101.78899383544922,105.32331085205078,109.63575744628906,112.60550689697266,112.80514526367188,113.74093627929688
0,-48.0,-95,25,13,51.88448715209961,48.764739990234375,48.3735466003418,44.41846466064453,39.66106414794922,35.608985900878906,32.557640075683594,30.4138126373291,28.301942825317383,26.4007568359375,26.68332862854004,28.017850875854492,29.017236709594727,31.400636672973633,33.241539001464844,36.769554138183594,38.4837646484375,41.59326934814453,45.17742919921875,47.41307830810547,48.754486083984375,48.30113983154297,46.957427978515625,45.27692413330078,46.14108657836914,44.10215377807617,39.69886779785156,41.773197174072266,41.400482177734375,40.8166618347168,42.54409408569336,45.31004333496094,45.880279541015625,46.173583984375,48.05205535888672,50.635955810546875,53.15073013305664,55.145263671875,61.00819778442383,63.0,68.02940368652344,73.0,77.0,79.0,82.02438354492188,85.14693450927734,91.4439697265625,94.8946762084961,100.62306213378906,102.35721588134766,105.3043212890625,105.19029998779297
0,-49.0,-95,25,10,51.088157653808594,47.6340217590332,45.25483322143555,41.72529220581055,37.48332977294922,32.557640075683594,28.600698471069336,24.698177337646484,22.360679626464844,18.973665237426758,18.027755737304688,18.248287200927734,17.464248657226562,18.439088821411133,19.84943389892578,24.20743751525879,25.05992889404297,29.529645919799805,29.546573638916016,32.69556427001953,33.241539001464844,31.95309066772461,32.69556427001953,31.78049659729004,30.805843353271484,29.154760360717773,27.166154861450195,29.614185333251953,30.870698928833008,31.78049659729004,32.75667953491211,37.202152252197266,39.20458984375,39.69886779785156,41.03656768798828,43.27817153930664,45.0,48.82622146606445,54.20331954956055,57.30619430541992,59.6824951171875,65.3681869506836,71.19690704345703,72.56031799316406,76.32168579101562,79.61155700683594,85.14693450927734,89.20201873779297,92.31468200683594,95.58765411376953,95.48298645019531,96.82975006103516
0,-49.0,-95,25,12,56.035701751708984,54.20331954956055,51.7397346496582,48.10405349731445,45.27692413330078,41.231056213378906,37.2155876159668,34.885528564453125,33.241539001464844,32.015621185302734,28.284271240234375,27.0,28.07133674621582,26.248809814453125,25.495098114013672,26.62705421447754,27.58622932434082,28.319604873657227,29.20616340637207,29.4108829498291,31.064449310302734,29.154760360717773,26.419689178466797,24.166091918945312,23.0867919921875,21.02379608154297,19.697715759277344,20.248456954956055,24.041629791259766,27.20294189453125,30.232433319091797,33.12099075317383,38.01315689086914,37.6961555480957,39.84971618652344,44.14748001098633,47.67599105834961,49.648765563964844,54.147945404052734,60.0,67.0,71.0,76.0,79.0,85.0,89.08984375,94.2602767944336,98.85848236083984,100.62306213378906,104.04806518554688,105.3043212890625,104.92378234863281
0,-50.0,-95,25,12,53.00943374633789,49.162994384765625,44.55333709716797,41.773197174072266,37.36308288574219,34.78505325317383,31.38471031188965,29.529645919799805,22.803508758544922,21.21320343017578,20.808652877807617,18.788293838500977,15.524174690246582,14.03566837310791,14.03566837310791,13.601470947265625,15.231546401977539,14.422204971313477,12.041594505310059,12.727922439575195,12.041594505310059,12.041594505310059,8.9442720413208,7.0,5.0,6.324555397033691,14.03566837310791,19.235383987426758,22.360679626464844,27.459060668945312,30.08321762084961,34.48188018798828,37.64305877685547,39.217342376708984,42.72002029418945,44.283180236816406,48.3735466003418,51.61395263671875,57.80138397216797,61.84658432006836,66.06814575195312,71.58910369873047,78.74642944335938,80.15609741210938,85.42832946777344,87.80091094970703,93.23089599609375,99.04544067382812,101.2422866821289,102.21546173095703,102.85912322998047,101.63660430908203
0,-49.0,-95,25,11,75.43209075927734,72.56720733642578,69.87130737304688,66.61080932617188,61.20457458496094,57.0,51.088157653808594,47.85394287109375,46.57252502441406,43.65776062011719,42.48529052734375,41.04875183105469,38.41874694824219,38.94868469238281,36.79673767089844,36.619667053222656,36.359317779541016,34.0,33.105892181396484,32.69556427001953,32.69556427001953,33.61547088623047,30.4138126373291,29.96664810180664,30.01666259765625,26.62705421447754,22.671567916870117,22.203603744506836,21.02379608154297,19.646883010864258,19.416488647460938,21.02379608154297,23.0,25.0,27.166154861450195,29.42787742614746,32.75667953491211,39.293766021728516,40.52159881591797,46.3249397277832,49.33558654785156,54.424259185791016,58.872745513916016,61.741397857666016,64.40496826171875,68.0,72.20111083984375,76.85050201416016,77.20103454589844,77.33692169189453,79.20858764648438,77.89736938476562
0,-48.0,-95,23,12,77.20103454589844,75.0,73.24616241455078,72.80110168457031,66.21932983398438,63.324562072753906,59.66573715209961,56.29387283325195,53.93514633178711,51.4781494140625,50.15974426269531,47.01063537597656,47.01063537597656,45.09988784790039,44.283180236816406,41.9761848449707,42.72002029418945,41.761226654052734,43.08131790161133,43.08131790161133,44.0113639831543,43.863426208496094,42.72002029418945,43.863426208496094,42.72002029418945,40.49691390991211,38.897300720214844,35.735137939453125,34.48188018798828,32.280025482177734,29.832868576049805,27.658634185791016,27.459060668945312,25.179357528686523,24.0,22.022714614868164,19.235383987426758,17.0880069732666,14.422204971313477,13.45362377166748,13.0,13.03840446472168,12.369317054748535,13.892443656921387,16.970561981201172,18.601076126098633,21.931713104248047,23.53720474243164,25.01999282836914,27.018512725830078,27.459060668945312,28.792360305786133
0,-47.0,-95,24,6,68.87670135498047,68.42514038085938,63.50590515136719,65.3681869506836,59.9416389465332,58.13776779174805,54.5618896484375,50.990196228027344,50.56678771972656,47.01063537597656,46.2385139465332,45.221675872802734,43.680660247802734,42.95346450805664,43.73785400390625,42.42640686035156,43.185646057128906,41.1096076965332,44.0113639831543,44.0113639831543,44.0113639831543,45.09988784790039,43.104522705078125,44.0113639831543,45.09988784790039,44.10215377807617,42.01190185546875,39.11521530151367,40.112342834472656,36.12478256225586,38.327537536621094,38.470767974853516,37.656341552734375,34.20526123046875,32.280025482177734,28.460498809814453,26.570659637451172,22.825424194335938,19.72308349609375,16.401220321655273,12.529964447021484,8.9442720413208,5.830951690673828,3.0,4.242640495300293,6.324555397033691,9.219544410705566,14.317821502685547,14.317821502685547,19.313207626342773,22.825424194335938,23.021728515625
0,-47.0,-95,25,7,73.81734466552734,70.0,68.00735473632812,64.20280456542969,61.61168670654297,55.803226470947266,55.226806640625,52.839378356933594,50.11985778808594,49.658836364746094,49.39635467529297,48.703182220458984,48.08325958251953,49.72926712036133,48.27007293701172,50.635955810546875,50.48762130737305,52.345008850097656,53.23532485961914,54.451812744140625,55.578773498535156,55.44366455078125,55.90169906616211,53.600372314453125,53.93514633178711,50.635955810546875,50.15974426269531,53.33854293823242,52.15361785888672,51.088157653808594,50.2493782043457,53.23532485961914,52.345008850097656,49.648765563964844,46.87216567993164,44.9110221862793,41.0,38.07886505126953,36.22154235839844,35.0142822265625,33.0,35.05709457397461,37.656341552734375,38.63935852050781,41.9761848449707,43.73785400390625,49.497474670410156,51.244510650634766,56.035701751708984,55.081756591796875,58.694122314453125,59.4810905456543
0,-48.0,-95,24,12,76.92203521728516,72.12489318847656,72.12489318847656,66.40782928466797,63.89052963256836,55.36244201660156,53.45091247558594,50.21951675415039,49.030601501464844,48.093658447265625,46.0,43.011627197265625,45.27692413330078,43.73785400390625,46.097721099853516,46.840152740478516,44.94440841674805,48.46648406982422,48.84669876098633,51.4781494140625,52.201534271240234,51.865211486816406,50.9215087890625,48.84669876098633,48.46648406982422,46.097721099853516,42.05948257446289,43.416587829589844,43.5660400390625,44.94440841674805,42.72002029418945,43.600460052490234,43.8292121887207,42.43819046020508,38.27531814575195,38.41874694824219,36.769554138183594,36.79673767089844,37.64305877685547,38.27531814575195,42.72002029418945,43.8292121887207,48.3735466003418,49.648765563964844,53.5350341796875,56.30275344848633,62.00806427001953,66.06814575195312,70.72481536865234,71.58910369873047,71.28113555908203,69.77105712890625
0,-49.0,-95,25,9,79.02531433105469,75.0,71.40028381347656,67.00746154785156,61.032779693603516,57.688819885253906,53.33854293823242,50.537113189697266,50.15974426269531,47.16990661621094,46.3249397277832,44.55333709716797,42.296573638916016,42.01190185546875,41.01219177246094,42.296573638916016,41.0,42.44997024536133,42.72002029418945,43.32435989379883,43.32435989379883,45.54119110107422,43.65776062011719,42.54409408569336,41.62931823730469,37.6961555480957,33.12099075317383,32.24903106689453,29.20616340637207,26.870058059692383,26.248809814453125,26.07680892944336,22.825424194335938,22.360679626464844,23.53720474243164,23.021728515625,25.495098114013672,27.20294189453125,33.61547088623047,35.34119415283203,41.62931823730469,48.754486083984375,52.801513671875,57.775428771972656,62.297672271728516,64.56005096435547,70.40596771240234,74.5452880859375,77.3175277709961,78.025634765625,80.22468566894531,80.60397338867188
0,-48.0,-95,24,13,78.54934692382812,73.38937377929688,72.73238372802734,68.94925689697266,64.8459701538086,60.16643524169922,57.27128601074219,56.56854248046875,54.33230972290039,53.037723541259766,51.03919982910156,49.01020431518555,47.16990661621094,44.55333709716797,41.773197174072266,43.32435989379883,41.78516387939453,41.62931823730469,43.90899658203125,44.41846466064453,44.41846466064453,44.94440841674805,43.046485900878906,42.72002029418945,41.34005355834961,37.735923767089844,34.13209533691406,30.232433319091797,26.925823211669922,23.853721618652344,19.416488647460938,15.0,12.041594505310059,7.071067810058594,3.605551242828369,1.0,6.0,12.0,19.0,23.021728515625,29.0,35.0142822265625,41.1096076965332,44.283180236816406,49.24428939819336,51.92301940917969,57.584720611572266,61.741397857666016,64.49806213378906,67.67569732666016,68.88395690917969,68.62215423583984
0,-49.0,-95,25,9,76.69419860839844,73.16419982910156,71.17584228515625,68.15423583984375,64.47480010986328,60.926185607910156,59.93329620361328,59.03388977050781,57.245086669921875,53.712196350097656,54.708316802978516,54.08327102661133,51.865211486816406,51.22499465942383,49.04079818725586,49.497474670410156,48.79549026489258,47.381431579589844,48.166378021240234,49.67897033691406,50.93132781982422,50.990196228027344,48.10405349731445,49.57822036743164,48.79549026489258,46.69047164916992,41.72529220581055,41.72529220581055,36.769554138183594,35.38361358642578,31.890438079833984,30.479501724243164,29.20616340637207,25.0,21.260292053222656,18.439088821411133,12.041594505310059,7.8102498054504395,5.0,5.830951690673828,8.602325439453125,13.601470947265625,17.8885440826416,22.825424194335938,25.942243576049805,29.4108829498291,34.828147888183594,38.94868469238281,42.42640686035156,44.204071044921875,48.02082824707031,48.84669876098633
0,-48.0,-95,26,9,79.6303939819336,77.66595458984375,77.20103454589844,75.45197296142578,71.61005401611328,70.80254364013672,68.4105224609375,67.62396240234375,67.62396240234375,64.38167572021484,65.11528015136719,63.639610290527344,63.65532302856445,62.36986541748047,61.61980056762695,61.073726654052734,60.605281829833984,59.203041076660156,60.464866638183594,60.80295944213867,59.81638717651367,59.203041076660156,55.44366455078125,55.0,52.801513671875,47.20169448852539,43.5660400390625,40.31128692626953,39.357337951660156,39.39543151855469,36.769554138183594,37.336307525634766,35.11410140991211,33.241539001464844,31.62277603149414,27.892650604248047,23.53720474243164,20.0,19.646883010864258,20.59126091003418,25.0,29.698484420776367,34.058773040771484,39.051246643066406,45.96738052368164,50.93132781982422,56.7274169921875,61.61168670654297,66.0378646850586,70.21395874023438,73.05477142333984,72.56720733642578
0,-49.0,-95,22,16,50.990196228027344,49.57822036743164,47.50789260864258,46.097721099853516,41.400482177734375,39.20458984375,36.055511474609375,34.885528564453125,32.202484130859375,33.241539001464844,32.280025482177734,31.78049659729004,31.400636672973633,32.06243896484375,32.015621185302734,33.13608169555664,32.140316009521484,32.140316009521484,33.37664031982422,34.525352478027344,34.36568069458008,33.541019439697266,32.38827133178711,32.557640075683594,31.400636672973633,28.160255432128906,24.331050872802734,23.34523582458496,20.615528106689453,16.76305389404297,15.81138801574707,13.928388595581055,12.529964447021484,9.433980941772461,7.071067810058594,5.830951690673828,5.0,5.385164737701416,7.8102498054504395,13.03840446472168,17.804492950439453,20.808652877807617,24.83948516845703,28.42534065246582,33.941123962402344,36.12478256225586,39.824615478515625,43.5660400390625,45.650848388671875,47.53945541381836,49.04079818725586,49.030601501464844
0,-50.0,-95,22,12,44.384681701660156,40.804412841796875,38.60051727294922,38.07886505126953,35.44009017944336,32.572994232177734,30.463092803955078,29.154760360717773,29.068883895874023,25.238859176635742,25.612497329711914,25.495098114013672,24.041629791259766,24.083189010620117,25.0,24.698177337646484,26.419689178466797,25.553865432739258,26.925823211669922,28.635643005371094,27.73084831237793,29.068883895874023,27.73084831237793,27.73084831237793,27.294687271118164,26.832815170288086,23.706539154052734,21.470911026000977,20.248456954956055,17.492855072021484,16.124515533447266,13.892443656921387,11.661903381347656,9.433980941772461,8.5440034866333,6.082762718200684,3.0,2.2360680103302,5.0,8.062257766723633,10.049875259399414,15.033296585083008,17.029386520385742,20.0,22.0,25.079872131347656,28.44292449951172,32.015621185302734,32.280025482177734,36.400550842285156,36.715118408203125,38.60051727294922
0,-49.0,-95,21,15,46.097721099853516,44.0113639831543,41.78516387939453,39.560081481933594,36.055511474609375,34.1760139465332,32.202484130859375,28.635643005371094,27.294687271118164,26.925823211669922,25.238859176635742,24.20743751525879,23.34523582458496,24.083189010620117,23.600847244262695,23.323806762695312,23.706539154052734,24.166091918945312,26.0,26.925823211669922,27.312999725341797,26.925823211669922,27.312999725341797,28.23118782043457,27.312999725341797,26.4007568359375,24.59674835205078,24.59674835205078,23.706539154052734,21.470911026000977,20.59126091003418,17.8885440826416,17.0,15.264337539672852,12.529964447021484,10.29563045501709,7.280109882354736,6.082762718200684,6.082762718200684,6.7082037925720215,8.602325439453125,11.661903381347656,13.03840446472168,16.552946090698242,18.357559204101562,20.248456954956055,23.600847244262695,26.248809814453125,28.284271240234375,29.832868576049805,31.064449310302734,32.649654388427734
0,-48.0,-95,24,13,83.81526947021484,78.4091796875,76.6093978881836,71.21797180175781,67.00746154785156,60.4400520324707,56.85068130493164,52.801513671875,48.60041046142578,45.27692413330078,43.416587829589844,39.81205749511719,37.64305877685547,35.902645111083984,34.36568069458008,33.0151481628418,32.0,32.06243896484375,34.525352478027344,35.693138122558594,33.734256744384766,35.902645111083984,33.241539001464844,34.539833068847656,31.38471031188965,31.78049659729004,31.064449310302734,31.240999221801758,31.14482307434082,32.526912689208984,33.241539001464844,34.058773040771484,33.42155075073242,32.015621185302734,30.805843353271484,29.154760360717773,29.96664810180664,32.572994232177734,33.52610778808594,35.902645111083984,38.470767974853516,41.59326934814453,48.50773239135742,47.51841735839844,53.15073013305664,54.5710563659668,58.8217658996582,63.324562072753906,65.79513549804688,68.0,67.67569732666016,68.11754608154297
0,-48.0,-95,25,12,105.26158142089844,98.48857879638672,94.72592163085938,90.8019790649414,81.04936981201172,78.4091796875,73.17103576660156,69.00724792480469,65.0076904296875,60.20797348022461,58.85575485229492,54.81787872314453,52.81098556518555,49.39635467529297,47.01063537597656,44.777225494384766,43.600460052490234,42.01190185546875,41.03656768798828,39.59798049926758,37.48332977294922,38.897300720214844,37.48332977294922,36.06937789916992,33.30165100097656,29.832868576049805,21.954498291015625,18.384777069091797,16.492422103881836,14.03566837310791,13.152946472167969,13.0,12.806248664855957,15.620499610900879,18.867961883544922,22.825424194335938,27.73084831237793,30.463092803955078,35.46829605102539,40.804412841796875,45.607017517089844,50.21951675415039,55.73149871826172,58.4208869934082,64.1248779296875,67.0,72.00694274902344,76.10519409179688,77.5241928100586,78.08969116210938,81.25269317626953,81.27114868164062
0,-48.0,-95,22,15,55.75840759277344,51.312767028808594,51.312767028808594,48.25971221923828,46.3249397277832,43.046485900878906,42.05948257446289,38.910152435302734,38.910152435302734,37.336307525634766,36.400550842285156,34.928497314453125,34.525352478027344,35.12833786010742,34.01470184326172,35.0142822265625,34.13209533691406,33.241539001464844,33.37664031982422,35.693138122558594,36.49657440185547,37.85498809814453,37.48332977294922,37.85498809814453,37.48332977294922,36.12478256225586,34.058773040771484,34.01470184326172,31.016124725341797,30.0,28.0,26.019224166870117,25.079872131347656,22.203603744506836,20.615528106689453,18.973665237426758,17.464248657226562,15.264337539672852,14.21267032623291,12.806248664855957,12.083045959472656,11.045360565185547,12.0,11.401754379272461,12.529964447021484,14.142135620117188,15.620499610900879,18.357559204101562,19.313207626342773,20.39607810974121,22.022714614868164,23.0
0,-49.0,-95,22,15,53.00943374633789,52.009613037109375,49.04079818725586,49.01020431518555,44.04542922973633,42.04759216308594,41.1096076965332,39.20458984375,37.48332977294922,35.902645111083984,35.44009017944336,34.1760139465332,33.61547088623047,33.12099075317383,33.61547088623047,32.4499626159668,32.649654388427734,33.30165100097656,33.941123962402344,34.65544509887695,35.38361358642578,36.79673767089844,36.06937789916992,37.48332977294922,36.79673767089844,35.46829605102539,32.80244064331055,32.4499626159668,30.232433319091797,27.459060668945312,28.17800521850586,25.495098114013672,24.166091918945312,23.0867919921875,19.92485809326172,18.681541442871094,17.11724281311035,16.031219482421875,14.317821502685547,12.083045959472656,11.180339813232422,10.630146026611328,12.083045959472656,11.180339813232422,12.0,13.34166431427002,15.231546401977539,18.027755737304688,19.84943389892578,20.615528106689453,21.095022201538086,21.540658950805664
0,-50.0,-95,23,11,54.08327102661133,51.54609680175781,49.33558654785156,48.764739990234375,45.607017517089844,44.14748001098633,42.44997024536133,39.560081481933594,38.60051727294922,36.400550842285156,36.400550842285156,34.928497314453125,35.34119415283203,33.12099075317383,31.906112670898438,33.0151481628418,33.60059356689453,32.015621185302734,32.015621185302734,34.058773040771484,34.828147888183594,35.608985900878906,36.400550842285156,35.46829605102539,35.22782897949219,34.4093017578125,32.4499626159668,30.528675079345703,29.154760360717773,29.154760360717773,26.419689178466797,26.419689178466797,23.409399032592773,23.409399032592773,22.472204208374023,20.880613327026367,18.681541442871094,14.317821502685547,11.180339813232422,10.049875259399414,8.062257766723633,6.0,3.605551242828369,1.4142135381698608,1.0,3.605551242828369,5.0,7.8102498054504395,10.630146026611328,12.206555366516113,13.03840446472168,14.317821502685547
0,-48.0,-95,23,9,60.87692642211914,57.00876998901367,59.90826416015625,56.920997619628906,54.708316802978516,49.648765563964844,47.75981521606445,45.221675872802734,45.221675872802734,43.011627197265625,41.1096076965332,39.293766021728516,39.293766021728516,36.67424011230469,35.510562896728516,36.34556198120117,34.2344856262207,35.12833786010742,35.05709457397461,36.055511474609375,35.12833786010742,35.12833786010742,33.37664031982422,33.241539001464844,32.38827133178711,29.42787742614746,26.476404190063477,25.317977905273438,23.0867919921875,22.203603744506836,22.090721130371094,20.02498435974121,20.02498435974121,18.11077117919922,17.262676239013672,14.142135620117188,13.152946472167969,11.045360565185547,8.0,7.071067810058594,5.385164737701416,6.4031243324279785,8.602325439453125,9.486832618713379,11.401754379272461,14.560219764709473,16.155494689941406,19.235383987426758,21.095022201538086,23.600847244262695,24.083189010620117,24.83948516845703
0,-47.0,-95,22,11,66.85057830810547,63.82006072998047,63.24555206298828,61.032779693603516,58.00862121582031,53.413482666015625,51.61395263671875,48.60041046142578,46.04345703125,44.94440841674805,43.5660400390625,41.67733383178711,39.81205749511719,38.07886505126953,38.07886505126953,37.336307525634766,35.11410140991211,34.78505325317383,34.928497314453125,35.44009017944336,34.48188018798828,34.78505325317383,32.893768310546875,31.62277603149414,30.08321762084961,26.4007568359375,22.847318649291992,20.248456954956055,18.027755737304688,18.027755737304688,15.524174690246582,15.29705810546875,13.34166431427002,11.180339813232422,10.440306663513184,7.6157732009887695,6.324555397033691,3.1622776985168457,1.0,2.2360680103302,4.242640495300293,7.8102498054504395,11.180339813232422,13.03840446472168,16.155494689941406,18.681541442871094,21.3775577545166,24.083189010620117,26.0,28.07133674621582,28.44292449951172,29.4108829498291
0,-46.0,-95,22,10,75.74298858642578,70.76722717285156,70.93659210205078,67.20863342285156,62.28964614868164,57.314918518066406,55.31726837158203,51.855567932128906,52.201534271240234,49.648765563964844,48.25971221923828,45.79301071166992,46.06517028808594,44.72135925292969,44.283180236816406,45.31004333496094,42.72002029418945,43.08131790161133,42.05948257446289,44.271888732910156,42.379241943359375,41.43669891357422,41.146080017089844,39.0,37.57658767700195,35.7770881652832,31.764760971069336,29.154760360717773,25.553865432739258,26.07680892944336,21.470911026000977,21.63330841064453,18.027755737304688,17.20465087890625,16.401220321655273,13.45362377166748,11.313708305358887,8.062257766723633,6.082762718200684,4.123105525970459,5.0,6.0,9.219544410705566,11.180339813232422,14.422204971313477,15.620499610900879,18.867961883544922,21.470911026000977,23.409399032592773,25.70992088317871,27.073972702026367,27.0
0,-46.0,-95,23,8,78.49203491210938,76.3675308227539,71.44927978515625,70.71067810058594,65.0691909790039,62.2414665222168,59.46427536010742,56.7274169921875,55.44366455078125,51.61395263671875,54.08327102661133,50.774009704589844,51.0,50.537113189697266,50.537113189697266,49.24428939819336,51.4781494140625,50.15974426269531,50.9215087890625,52.55473327636719,51.4781494140625,51.4781494140625,48.764739990234375,49.648765563964844,47.50789260864258,44.65422821044922,40.804412841796875,37.202152252197266,35.46829605102539,31.240999221801758,30.4138126373291,27.58622932434082,24.041629791259766,22.671567916870117,20.615528106689453,18.601076126098633,17.0,13.0,9.219544410705566,8.0,7.280109882354736,5.656854152679443,6.0,7.071067810058594,10.0,12.041594505310059,15.0,17.464248657226562,19.92485809326172,21.21320343017578,23.021728515625,23.021728515625
0,-47.0,-95,24,11,85.4400405883789,84.48076629638672,81.04319763183594,77.36924743652344,68.680419921875,67.72000885009766,67.06713104248047,63.5688591003418,62.7694206237793,60.835845947265625,62.17716598510742,59.6824951171875,60.74536895751953,61.032779693603516,60.80295944213867,61.22091293334961,63.12685775756836,62.62587356567383,66.06814575195312,67.00746154785156,68.24221801757812,69.065185546875,65.19202423095703,67.41661834716797,65.76473236083984,64.40496826171875,57.00876998901367,53.141319274902344,51.62363815307617,48.08325958251953,44.92215347290039,42.72002029418945,40.024993896484375,34.928497314453125,32.38827133178711,29.27456283569336,27.073972702026367,23.194826126098633,21.02379608154297,18.11077117919922,14.0,10.0,9.05538558959961,3.0,1.0,2.8284270763397217,5.656854152679443,8.602325439453125,12.041594505310059,13.892443656921387,17.464248657226562,19.313207626342773
0,-48.0,-95,25,15,116.4001693725586,114.20157623291016,105.42295837402344,103.07764434814453,91.0494384765625,87.45856475830078,82.20097351074219,76.5506362915039,73.7834701538086,70.66116333007812,71.11258697509766,68.54196166992188,69.57010650634766,70.3420181274414,72.56720733642578,72.83543395996094,75.53807067871094,75.95393371582031,84.71717834472656,85.15867614746094,87.66413116455078,88.5268325805664,85.070556640625,89.84430694580078,87.09190368652344,84.69356536865234,77.82030487060547,71.11962127685547,69.83551788330078,65.3681869506836,62.7694206237793,60.20797348022461,57.45433044433594,52.430908203125,51.61395263671875,45.80392837524414,42.01190185546875,39.20458984375,34.058773040771484,29.681644439697266,26.4007568359375,23.323806762695312,18.788293838500977,17.464248657226562,17.0,16.0,18.681541442871094,23.409399032592773,23.409399032592773,26.570659637451172,29.4108829498291,32.75667953491211
0,-50.0,-95,26,12,142.61135864257812,134.27210998535156,132.01893615722656,123.30855560302734,114.73883056640625,103.83159637451172,97.52947998046875,89.47066497802734,85.08818817138672,80.26206970214844,74.63243103027344,69.20259857177734,65.6048812866211,60.87692642211914,57.28001403808594,55.60575485229492,53.25410842895508,54.37830352783203,51.89412307739258,51.89412307739258,54.625999450683594,54.230987548828125,55.94640350341797,53.48831558227539,52.801513671875,49.24428939819336,46.2385139465332,44.271888732910156,39.84971618652344,37.36308288574219,37.36308288574219,37.10795211791992,33.541019439697266,33.95585250854492,29.832868576049805,26.476404190063477,24.1867733001709,21.3775577545166,17.029386520385742,14.03566837310791,13.601470947265625,15.55634880065918,15.264337539672852,19.313207626342773,26.4007568359375,30.08321762084961,35.34119415283203,37.58989334106445,42.19004440307617,45.80392837524414,46.75468063354492,48.91830062866211
0,-46.0,-95,24,6,77.3175277709961,77.05841827392578,77.05841827392578,77.0,77.0064926147461,72.02777099609375,70.0,65.0,63.0079345703125,61.032779693603516,62.07253646850586,57.314918518066406,55.3263053894043,52.611785888671875,51.4781494140625,52.39274597167969,48.27007293701172,48.27007293701172,47.12748718261719,48.08325958251953,46.840152740478516,47.434165954589844,44.643028259277344,44.271888732910156,43.96589660644531,41.48493576049805,37.64305877685547,35.735137939453125,33.241539001464844,32.893768310546875,31.62277603149414,31.62277603149414,27.892650604248047,25.961509704589844,24.73863410949707,21.21320343017578,19.235383987426758,16.0,12.0,7.280109882354736,5.099019527435303,3.605551242828369,5.099019527435303,6.7082037925720215,11.661903381347656,13.416407585144043,17.0,19.235383987426758,21.540658950805664,25.961509704589844,25.317977905273438,28.0
0,-46.0,-95,23,10,83.77350616455078,81.59656524658203,81.59656524658203,79.8122787475586,77.88452911376953,69.85699462890625,65.802734375,64.28841400146484,62.64183807373047,61.032779693603516,58.52349853515625,57.384666442871094,56.080299377441406,54.12947463989258,51.4781494140625,51.429561614990234,48.3735466003418,47.88528060913086,48.02082824707031,48.02082824707031,47.50789260864258,48.54894256591797,44.777225494384766,46.3249397277832,44.41846466064453,41.67733383178711,38.94868469238281,38.07886505126953,35.510562896728516,32.75667953491211,30.886890411376953,30.01666259765625,29.529645919799805,27.294687271118164,24.59674835205078,21.931713104248047,20.248456954956055,16.155494689941406,12.649110794067383,9.433980941772461,7.211102485656738,4.123105525970459,6.082762718200684,7.6157732009887695,10.816654205322266,13.03840446472168,17.492855072021484,21.02379608154297,22.472204208374023,24.351591110229492,26.305892944335938,26.019224166870117
0,-45.0,-95,23,8,73.76313781738281,71.56814575195312,70.3420181274414,68.24954223632812,65.11528015136719,59.03388977050781,58.24946212768555,55.10898208618164,54.12947463989258,53.15073013305664,53.36665725708008,50.96076965332031,51.244510650634766,49.33558654785156,48.383880615234375,47.75981521606445,47.75981521606445,46.48655700683594,47.16990661621094,48.10405349731445,47.12748718261719,47.434165954589844,44.92215347290039,46.173583984375,44.384681701660156,41.0,38.832977294921875,37.85498809814453,34.928497314453125,31.575305938720703,30.5941162109375,30.805843353271484,30.5941162109375,27.459060668945312,25.179357528686523,23.194826126098633,21.21320343017578,20.39607810974121,17.72004508972168,15.81138801574707,12.649110794067383,12.206555366516113,12.727922439575195,12.529964447021484,15.264337539672852,17.0,18.788293838500977,22.472204208374023,23.323806762695312,25.0,26.248809814453125,27.58622932434082
0,-45.0,-95,23,8,65.0,64.53681182861328,61.22091293334961,60.30754470825195,56.7274169921875,54.5618896484375,51.7397346496582,49.81967544555664,49.04079818725586,47.434165954589844,47.434165954589844,47.50789260864258,46.957427978515625,46.957427978515625,47.88528060913086,48.754486083984375,48.764739990234375,48.30113983154297,49.658836364746094,50.537113189697266,51.107730865478516,51.4781494140625,50.774009704589844,50.2493782043457,49.09175109863281,46.04345703125,42.43819046020508,40.804412841796875,39.408119201660156,36.8917350769043,36.619667053222656,35.80502700805664,34.4093017578125,32.202484130859375,32.4499626159668,30.232433319091797,28.844409942626953,25.553865432739258,25.495098114013672,23.76972770690918,23.409399032592773,24.351591110229492,24.515300750732422,24.73863410949707,26.476404190063477,27.459060668945312,31.400636672973633,32.280025482177734,32.98484420776367,35.735137939453125,36.400550842285156,37.58989334106445
0,-47.0,-95,23,13,62.513999938964844,59.41380310058594,56.32051086425781,54.58937454223633,50.48762130737305,46.69047164916992,44.18144226074219,41.01219177246094,40.0,40.04996871948242,38.20994567871094,38.470767974853516,39.293766021728516,41.1096076965332,41.78516387939453,42.95346450805664,44.777225494384766,44.777225494384766,48.30113983154297,49.24428939819336,49.76947021484375,51.26402282714844,48.703182220458984,49.97999572753906,50.28916549682617,49.04079818725586,48.08325958251953,45.54119110107422,46.81879806518555,45.54119110107422,44.59820556640625,43.65776062011719,43.32435989379883,42.379241943359375,40.804412841796875,37.64305877685547,37.0,36.400550842285156,35.84689712524414,34.438350677490234,33.12099075317383,34.98571014404297,39.11521530151367,38.832977294921875,37.44329071044922,40.49691390991211,43.046485900878906,47.41307830810547,48.332183837890625,50.9215087890625,50.0,51.788028717041016
0,-48.0,-95,25,12,56.22277069091797,53.33854293823242,46.27094268798828,44.40720748901367,37.2155876159668,34.01470184326172,30.0,26.172504425048828,22.803508758544922,17.20465087890625,19.79899024963379,21.02379608154297,23.0867919921875,26.476404190063477,30.265491485595703,34.058773040771484,39.0,40.0,44.0,46.0,48.041648864746094,49.0,49.04079818725586,50.0099983215332,52.009613037109375,50.03998565673828,54.147945404052734,53.33854293823242,55.578773498535156,53.600372314453125,53.46026611328125,55.578773498535156,54.58937454223633,53.600372314453125,53.600372314453125,51.6623649597168,53.45091247558594,49.97999572753906,50.32891845703125,53.712196350097656,55.03635025024414,58.5918083190918,60.90156173706055,64.0078125,66.64833068847656,68.42514038085938,73.40980529785156,75.3923110961914,76.89603424072266,80.0062484741211,82.0,81.88406372070312
0,-50.0,-95,26,11,87.05171203613281,82.0,80.15609741210938,77.10382843017578,70.1783447265625,64.28063201904297,59.84145736694336,54.918121337890625,49.24428939819336,44.94440841674805,40.853397369384766,36.67424011230469,35.35533905029297,30.528675079345703,27.80287742614746,23.34523582458496,21.931713104248047,18.439088821411133,16.124515533447266,14.560219764709473,13.928388595581055,13.03840446472168,13.152946472167969,12.041594505310059,11.180339813232422,13.416407585144043,14.21267032623291,15.264337539672852,16.124515533447266,17.8885440826416,18.788293838500977,22.135944366455078,24.351591110229492,26.925823211669922,27.73084831237793,35.34119415283203,40.71854782104492,44.0113639831543,49.39635467529297,56.080299377441406,60.926185607910156,65.92420196533203,72.11102294921875,74.94664764404297,78.74642944335938,81.60882568359375,86.12781524658203,87.55569458007812,91.7823486328125,92.39588928222656,94.76286315917969,94.19129180908203
0,-49.0,-95,26,9,93.14505004882812,93.00537872314453,89.53770446777344,87.31552124023438,79.30951690673828,73.34848022460938,70.32780456542969,66.0302963256836,62.801273345947266,60.8276252746582,57.314918518066406,55.217750549316406,52.47856521606445,51.429561614990234,47.92702865600586,45.607017517089844,43.73785400390625,42.04759216308594,42.01190185546875,43.185646057128906,42.7551155090332,43.416587829589844,44.92215347290039,46.81879806518555,48.46648406982422,46.81879806518555,46.48655700683594,44.384681701660156,44.94440841674805,43.65776062011719,40.804412841796875,41.1096076965332,40.52159881591797,39.293766021728516,42.42640686035156,42.04759216308594,45.0,45.27692413330078,45.89117431640625,49.97999572753906,50.537113189697266,52.69725036621094,54.037025451660156,57.28001403808594,58.2580451965332,60.74536895751953,64.0078125,64.47480010986328,64.51356506347656,69.37578582763672,68.88395690917969,69.2603759765625
0,-49.0,-95,25,11,96.00521087646484,94.0,86.00581359863281,88.0227279663086,81.05553436279297,79.10120391845703,73.33484649658203,69.87130737304688,66.0984115600586,61.84658432006836,62.09669876098633,59.46427536010742,55.54277801513672,53.66563034057617,50.2493782043457,48.41487503051758,48.83646011352539,44.59820556640625,47.434165954589844,49.39635467529297,50.11985778808594,51.89412307739258,51.429561614990234,54.230987548828125,55.54277801513672,56.859474182128906,54.7813835144043,53.851646423339844,56.080299377441406,53.48831558227539,55.54277801513672,55.03635025024414,54.5618896484375,53.712196350097656,53.0,50.0,50.32891845703125,47.6340217590332,45.486263275146484,42.48529052734375,37.947330474853516,37.656341552734375,34.0,31.400636672973633,28.792360305786133,27.459060668945312,29.068883895874023,29.154760360717773,28.861740112304688,30.149627685546875,32.140316009521484,31.78049659729004
0,-48.0,-95,24,10,86.40023040771484,84.87638092041016,81.54139709472656,78.39005279541016,73.06161499023438,67.60177612304688,63.52952194213867,60.41522979736328,55.94640350341797,51.97114562988281,51.312767028808594,47.434165954589844,44.821868896484375,41.1096076965332,38.94868469238281,37.53664779663086,36.400550842285156,36.055511474609375,35.35533905029297,37.121421813964844,38.01315689086914,38.07886505126953,37.6961555480957,40.16217041015625,40.16217041015625,40.16217041015625,40.52159881591797,40.804412841796875,42.72002029418945,42.44997024536133,41.761226654052734,43.65776062011719,44.0113639831543,42.154476165771484,41.146080017089844,40.70626449584961,37.58989334106445,35.510562896728516,32.202484130859375,29.20616340637207,25.0,23.021728515625,21.40093421936035,17.8885440826416,16.155494689941406,15.29705810546875,17.11724281311035,16.0,17.0,18.0,21.0,23.0
0,-47.0,-95,23,12,71.19690704345703,67.97793579101562,67.5351791381836,62.64982223510742,60.008331298828125,55.71355438232422,52.92447280883789,50.32891845703125,47.53945541381836,44.384681701660156,43.08131790161133,41.146080017089844,38.94868469238281,37.44329071044922,35.22782897949219,36.878177642822266,35.38361358642578,36.06937789916992,36.79673767089844,37.53664779663086,38.18376541137695,38.897300720214844,38.18376541137695,38.897300720214844,38.20994567871094,37.48332977294922,36.06937789916992,35.46829605102539,33.30165100097656,36.878177642822266,33.30165100097656,35.38361358642578,33.941123962402344,33.941123962402344,34.65544509887695,34.058773040771484,32.015621185302734,27.20294189453125,25.0,23.600847244262695,22.803508758544922,21.260292053222656,19.79899024963379,19.79899024963379,18.601076126098633,19.416488647460938,20.808652877807617,21.954498291015625,23.323806762695312,23.853721618652344,24.083189010620117,24.75883674621582
0,-47.0,-95,23,10,56.32051086425781,52.46903991699219,51.35172653198242,49.81967544555664,46.52956008911133,44.40720748901367,42.10700607299805,40.112342834472656,40.0,38.01315689086914,39.051246643066406,40.4474983215332,38.470767974853516,38.832977294921875,39.051246643066406,40.52159881591797,42.44997024536133,43.680660247802734,44.271888732910156,45.221675872802734,45.35416030883789,45.607017517089844,43.931766510009766,44.9110221862793,44.9110221862793,41.59326934814453,40.024993896484375,40.79215621948242,40.024993896484375,40.26164245605469,38.63935852050781,39.051246643066406,38.63935852050781,38.63935852050781,37.85498809814453,36.67424011230469,34.36568069458008,32.38827133178711,30.265491485595703,30.5941162109375,28.861740112304688,28.460498809814453,30.364452362060547,27.513633728027344,31.016124725341797,31.62277603149414,34.1760139465332,33.83784866333008,36.13862228393555,36.67424011230469,38.20994567871094,37.0
0,-47.0,-95,23,10,40.607879638671875,39.051246643066406,38.470767974853516,37.656341552734375,36.34556198120117,33.37664031982422,34.058773040771484,35.0142822265625,34.01470184326172,37.121421813964844,35.12833786010742,37.336307525634766,36.67424011230469,38.07886505126953,39.051246643066406,40.52159881591797,40.804412841796875,43.680660247802734,43.96589660644531,45.607017517089844,45.12205505371094,46.3249397277832,45.7055778503418,45.35416030883789,42.7551155090332,42.7551155090332,42.95346450805664,42.44997024536133,40.52159881591797,42.44997024536133,40.26164245605469,40.26164245605469,41.48493576049805,41.0,38.63935852050781,38.63935852050781,36.878177642822266,35.1710090637207,33.241539001464844,32.893768310546875,34.48188018798828,32.31098937988281,36.24913787841797,35.84689712524414,36.24913787841797,39.0,41.43669891357422,44.271888732910156,46.3249397277832,46.87216567993164,47.16990661621094,47.0
0,-47.0,-95,23,13,32.140316009521484,32.24903106689453,32.98484420776367,33.241539001464844,33.52610778808594,34.1760139465332,34.928497314453125,34.48188018798828,38.07886505126953,39.4461669921875,39.4461669921875,41.617305755615234,43.600460052490234,44.40720748901367,44.821868896484375,46.86149978637695,46.86149978637695,49.67897033691406,49.67897033691406,52.49761962890625,52.009613037109375,52.009613037109375,52.801513671875,53.26349639892578,51.855567932128906,50.990196228027344,53.075416564941406,52.345008850097656,53.037723541259766,55.154327392578125,52.345008850097656,55.226806640625,53.81449508666992,51.7397346496582,51.22499465942383,48.41487503051758,47.423622131347656,45.96738052368164,43.13930892944336,43.931766510009766,44.04542922973633,42.8018684387207,47.70744323730469,48.010414123535156,50.477718353271484,51.61395263671875,55.0,58.2580451965332,60.87692642211914,62.93647766113281,64.53681182861328,63.24555206298828
0,-47.0,-95,24,12,21.3775577545166,23.0867919921875,23.25940704345703,26.4007568359375,27.294687271118164,30.0,32.80244064331055,35.0,37.64305877685547,42.01190185546875,43.27817153930664,44.59820556640625,47.50789260864258,48.08325958251953,50.93132781982422,54.451812744140625,55.17245864868164,56.56854248046875,57.28001403808594,59.396968841552734,59.41380310058594,60.81118392944336,60.10823440551758,60.14149856567383,62.2414665222168,60.14149856567383,64.03124237060547,66.21932983398438,66.84310150146484,66.40029907226562,67.35725402832031,68.01470184326172,67.26811981201172,66.4680404663086,61.55485534667969,60.87692642211914,55.226806640625,55.973209381103516,54.81787872314453,54.4058837890625,54.20331954956055,55.4707145690918,56.82429122924805,57.245086669921875,59.93329620361328,62.64982223510742,67.11929321289062,68.96376037597656,72.94518280029297,71.84706115722656,76.05918884277344,76.38062286376953
0,-48.0,-95,25,12,5.0,8.602325439453125,11.313708305358887,15.620499610900879,17.029386520385742,22.203603744506836,27.459060668945312,29.529645919799805,34.01470184326172,36.67424011230469,38.4837646484375,41.62931823730469,44.384681701660156,47.53945541381836,52.39274597167969,53.851646423339844,54.7813835144043,56.080299377441406,60.008331298828125,59.236812591552734,57.384666442871094,61.46543884277344,59.93329620361328,61.400325775146484,63.631752014160156,64.14047241210938,68.79679870605469,73.49829864501953,74.88658142089844,74.625732421875,76.32168579101562,77.38862609863281,72.94518280029297,72.56031799316406,70.23532104492188,67.23094177246094,64.35060119628906,61.400325775146484,61.84658432006836,59.46427536010742,60.8276252746582,60.95900344848633,66.40029907226562,62.20128631591797,69.63475799560547,69.63475799560547,76.6093978881836,78.4091796875,83.86894226074219,83.73768615722656,86.27861785888672,86.55634307861328
0,-47.0,-95,25,14,20.2237491607666,19.92485809326172,18.788293838500977,23.430749893188477,21.260292053222656,23.323806762695312,25.079872131347656,27.20294189453125,30.4138126373291,32.38827133178711,36.055511474609375,38.05259704589844,44.0,45.0,45.09988784790039,48.25971221923828,51.15662384033203,50.35871505737305,54.33230972290039,54.230987548828125,55.226806640625,57.14017868041992,58.00862121582031,60.074954986572266,63.19810104370117,67.26811981201172,74.81310272216797,77.41446685791016,82.60750579833984,83.48652648925781,84.2140121459961,85.14693450927734,83.21658325195312,80.22468566894531,80.15609741210938,76.53103637695312,73.97972869873047,72.36711883544922,72.53275299072266,74.04052734375,73.68174743652344,78.92401123046875,79.2022705078125,81.85963439941406,85.86617279052734,85.86617279052734,91.23595428466797,94.93682098388672,95.85405731201172,98.61541748046875,99.29753112792969,99.45853424072266
0,-48.0,-95,25,13,31.400636672973633,30.01666259765625,30.870698928833008,30.675724029541016,27.892650604248047,29.154760360717773,30.0,29.017236709594727,29.614185333251953,27.892650604248047,30.675724029541016,29.73213768005371,29.154760360717773,31.30495262145996,30.528675079345703,33.541019439697266,33.2866325378418,31.064449310302734,31.906112670898438,35.35533905029297,35.84689712524414,34.438350677490234,35.84689712524414,41.48493576049805,43.416587829589844,45.12205505371094,53.15073013305664,59.03388977050781,61.0,60.8276252746582,62.585941314697266,63.150611877441406,64.13267517089844,63.95310592651367,61.400325775146484,60.20797348022461,63.071388244628906,64.0,64.0078125,68.11754608154297,69.46221923828125,72.69112396240234,76.79192352294922,76.29547882080078,80.0624771118164,81.04936981201172,84.85281372070312,87.57283020019531,90.44888305664062,89.20201873779297,90.0888442993164,87.00574493408203
0,-51.0,-95,25,11,43.27817153930664,42.8018684387207,44.04542922973633,43.8292121887207,41.04875183105469,39.4461669921875,37.2155876159668,33.541019439697266,31.30495262145996,29.546573638916016,26.832815170288086,25.942243576049805,23.706539154052734,20.615528106689453,19.313207626342773,17.8885440826416,16.552946090698242,13.416407585144043,13.03840446472168,12.041594505310059,10.630146026611328,12.083045959472656,14.317821502685547,17.262676239013672,19.235383987426758,23.0867919921875,30.265491485595703,33.541019439697266,34.71310806274414,35.35533905029297,38.07886505126953,39.293766021728516,40.26164245605469,40.607879638671875,40.4474983215332,43.104522705078125,46.010868072509766,49.0,52.0,54.0,55.03635025024414,59.07622146606445,61.032779693603516,61.13100814819336,62.12889862060547,63.071388244628906,66.0,68.0,69.0,69.00724792480469,70.06425476074219,66.12110137939453
0,-50.0,-95,25,12,82.76472473144531,80.95677947998047,78.26238250732422,76.02631378173828,71.11962127685547,66.24198150634766,61.400325775146484,57.14017868041992,51.865211486816406,44.204071044921875,41.86884307861328,36.79673767089844,32.649654388427734,26.62705421447754,21.931713104248047,19.235383987426758,17.11724281311035,16.76305389404297,19.209373474121094,22.671567916870117,27.20294189453125,30.01666259765625,34.0,35.7770881652832,37.121421813964844,38.910152435302734,41.146080017089844,40.31128692626953,40.31128692626953,42.05948257446289,40.8166618347168,41.34005355834961,41.34005355834961,40.804412841796875,41.400482177734375,41.231056213378906,39.623226165771484,40.45985794067383,38.60051727294922,39.4461669921875,38.01315689086914,38.07886505126953,38.60051727294922,37.10795211791992,36.22154235839844,36.013885498046875,37.013511657714844,37.2155876159668,36.878177642822266,36.400550842285156,36.055511474609375,35.34119415283203
0,-49.0,-95,25,9,95.13148498535156,94.04785919189453,93.4772720336914,88.60022735595703,83.6002426147461,76.843994140625,70.1783447265625,64.35060119628906,60.20797348022461,54.58937454223633,49.658836364746094,44.384681701660156,36.68787384033203,33.37664031982422,31.0,26.68332862854004,25.495098114013672,27.20294189453125,28.319604873657227,32.80244064331055,34.13209533691406,38.07886505126953,42.54409408569336,44.94440841674805,49.04079818725586,47.16990661621094,50.32891845703125,51.62363815307617,52.55473327636719,51.62363815307617,51.078372955322266,51.078372955322266,50.990196228027344,50.6063232421875,49.73931884765625,48.82622146606445,43.600460052490234,45.343135833740234,41.773197174072266,40.607879638671875,37.735923767089844,32.202484130859375,30.675724029541016,27.459060668945312,27.073972702026367,24.1867733001709,24.351591110229492,22.360679626464844,23.021728515625,22.022714614868164,20.808652877807617,19.697715759277344
0,-47.0,-95,23,11,81.58431243896484,80.80841827392578,81.39410400390625,76.90253448486328,75.18643188476562,66.21932983398438,63.78871536254883,59.43904495239258,54.918121337890625,51.35172653198242,47.381431579589844,43.104522705078125,40.01249694824219,35.22782897949219,34.525352478027344,32.31098937988281,29.529645919799805,30.805843353271484,32.526912689208984,34.058773040771484,36.400550842285156,39.66106414794922,41.34005355834961,42.05948257446289,45.27692413330078,45.27692413330078,48.87739944458008,47.88528060913086,47.16990661621094,48.87739944458008,47.70744323730469,49.09175109863281,47.434165954589844,47.6340217590332,48.10405349731445,46.69047164916992,45.343135833740234,41.231056213378906,39.66106414794922,34.48188018798828,34.01470184326172,30.675724029541016,27.658634185791016,22.022714614868164,20.0,17.11724281311035,12.369317054748535,11.180339813232422,8.602325439453125,7.211102485656738,5.099019527435303,5.0
0,-46.0,-95,23,7,62.20128631591797,60.20797348022461,61.20457458496094,58.4208869934082,54.451812744140625,51.4781494140625,48.3735466003418,44.283180236816406,42.04759216308594,40.0,39.0,36.055511474609375,35.22782897949219,34.71310806274414,32.98484420776367,31.95309066772461,32.202484130859375,31.38471031188965,33.83784866333008,35.608985900878906,36.878177642822266,38.28837966918945,39.051246643066406,41.01219177246094,42.44997024536133,43.185646057128906,44.59820556640625,43.931766510009766,45.343135833740234,45.45327377319336,44.821868896484375,45.0,45.221675872802734,44.10215377807617,43.8292121887207,41.62931823730469,41.231056213378906,38.897300720214844,35.44009017944336,32.98484420776367,31.400636672973633,27.166154861450195,24.083189010620117,21.02379608154297,19.0,15.0,13.0,11.180339813232422,9.486832618713379,7.6157732009887695,8.062257766723633,7.8102498054504395
0,-45.0,-95,22,10,57.48912811279297,55.785301208496094,55.785301208496094,52.201534271240234,50.0,44.643028259277344,44.384681701660156,41.0,38.832977294921875,38.470767974853516,37.121421813964844,38.11823654174805,38.0,37.013511657714844,37.013511657714844,37.48332977294922,36.67424011230469,38.832977294921875,38.327537536621094,38.60051727294922,40.26164245605469,42.05948257446289,41.761226654052734,43.32435989379883,44.92215347290039,44.92215347290039,45.12205505371094,45.607017517089844,45.12205505371094,45.89117431640625,43.73785400390625,44.55333709716797,46.389652252197266,44.10215377807617,44.0,42.04759216308594,40.199501037597656,37.2155876159668,34.525352478027344,32.75667953491211,30.08321762084961,26.248809814453125,25.298221588134766,21.189620971679688,17.0880069732666,15.524174690246582,14.142135620117188,14.03566837310791,15.0,14.03566837310791,14.142135620117188,14.03566837310791
0,-45.0,-95,22,9,53.23532485961914,50.11985778808594,51.0,47.50789260864258,44.777225494384766,41.67733383178711,39.81205749511719,38.4837646484375,37.6961555480957,37.947330474853516,38.327537536621094,36.67424011230469,37.48332977294922,37.336307525634766,37.2155876159668,39.0128173828125,38.0,40.0,40.01249694824219,41.0,43.0,44.0,44.0,45.0444221496582,46.010868072509766,45.0,46.0,46.0,46.0,47.01063537597656,46.097721099853516,46.097721099853516,46.27094268798828,45.7055778503418,45.12205505371094,43.680660247802734,41.761226654052734,39.217342376708984,35.46829605102539,32.31098937988281,31.30495262145996,28.635643005371094,26.0,23.25940704345703,21.02379608154297,18.973665237426758,19.646883010864258,19.235383987426758,20.099750518798828,20.099750518798828,21.095022201538086,21.21320343017578
0,-45.0,-95,21,12,44.04542922973633,43.046485900878906,42.04759216308594,40.04996871948242,38.05259704589844,37.05401611328125,35.0142822265625,34.01470184326172,34.01470184326172,33.241539001464844,33.541019439697266,33.95585250854492,34.20526123046875,34.48188018798828,35.44009017944336,36.055511474609375,36.400550842285156,37.336307525634766,38.07886505126953,39.560081481933594,39.84971618652344,41.1096076965332,41.1096076965332,40.853397369384766,42.05948257446289,42.05948257446289,43.011627197265625,41.48493576049805,42.20189666748047,42.20189666748047,41.0,41.59326934814453,42.19004440307617,39.11521530151367,40.04996871948242,39.051246643066406,37.0,34.01470184326172,32.015621185302734,30.066593170166016,29.068883895874023,27.073972702026367,26.07680892944336,24.020824432373047,23.0,22.0,22.022714614868164,22.022714614868164,23.194826126098633,23.0867919921875,24.020824432373047,25.01999282836914
0,-45.0,-95,21,11,41.1096076965332,40.16217041015625,38.60051727294922,38.897300720214844,34.78505325317383,32.572994232177734,31.048349380493164,29.832868576049805,29.42787742614746,29.068883895874023,29.017236709594727,29.017236709594727,29.154760360717773,31.400636672973633,32.557640075683594,31.78049659729004,34.20526123046875,34.928497314453125,37.10795211791992,37.10795211791992,38.832977294921875,39.623226165771484,39.458839416503906,39.623226165771484,39.458839416503906,40.31128692626953,39.20458984375,38.327537536621094,39.20458984375,37.121421813964844,38.11823654174805,38.05259704589844,38.0,36.013885498046875,35.12833786010742,33.241539001464844,32.24903106689453,30.265491485595703,29.27456283569336,27.294687271118164,24.331050872802734,24.1867733001709,22.090721130371094,20.02498435974121,20.0,21.02379608154297,21.02379608154297,22.022714614868164,22.090721130371094,23.0867919921875,24.0,25.01999282836914
0,-45.0,-95,21,10,42.72002029418945,41.88078308105469,38.27531814575195,38.587562561035156,35.510562896728516,34.13209533691406,32.4499626159668,30.610456466674805,28.42534065246582,26.90724754333496,28.284271240234375,28.42534065246582,28.844409942626953,29.681644439697266,30.886890411376953,31.764760971069336,33.541019439697266,33.12099075317383,36.24913787841797,36.67424011230469,37.58989334106445,38.94868469238281,37.735923767089844,39.4461669921875,38.832977294921875,37.44329071044922,38.01315689086914,36.400550842285156,37.80211639404297,36.400550842285156,36.2353401184082,35.46829605102539,36.06937789916992,33.970577239990234,34.058773040771484,32.202484130859375,30.805843353271484,26.62705421447754,25.806976318359375,24.20743751525879,22.803508758544922,22.803508758544922,20.51828384399414,20.51828384399414,19.79899024963379,18.439088821411133,20.615528106689453,21.40093421936035,21.40093421936035,22.671567916870117,24.041629791259766,24.083189010620117
0,-45.0,-95,21,10,45.17742919921875,43.185646057128906,43.185646057128906,39.11521530151367,38.11823654174805,36.12478256225586,35.12833786010742,32.140316009521484,31.400636672973633,30.805843353271484,30.08321762084961,29.73213768005371,30.08321762084961,30.4138126373291,30.886890411376953,32.75667953491211,32.4499626159668,34.48188018798828,34.13209533691406,37.2155876159668,37.58989334106445,38.470767974853516,38.4837646484375,39.39543151855469,38.62641525268555,37.336307525634766,37.0,37.0,34.78505325317383,34.78505325317383,32.98484420776367,33.95585250854492,32.557640075683594,30.4138126373291,30.149627685546875,28.07133674621582,27.073972702026367,24.020824432373047,21.095022201538086,21.21320343017578,19.416488647460938,19.416488647460938,18.973665237426758,18.384777069091797,19.697715759277344,19.697715759277344,20.615528106689453,22.360679626464844,22.847318649291992,24.351591110229492,25.0,24.515300750732422
0,-45.0,-95,22,6,43.104522705078125,41.1096076965332,41.1096076965332,39.11521530151367,38.11823654174805,34.058773040771484,33.0,32.0,31.0,31.064449310302734,30.265491485595703,29.614185333251953,31.048349380493164,32.280025482177734,31.320919036865234,33.241539001464844,33.241539001464844,35.11410140991211,35.84689712524414,37.336307525634766,37.947330474853516,38.897300720214844,38.327537536621094,38.60051727294922,38.07886505126953,36.878177642822266,35.510562896728516,35.35533905029297,34.36568069458008,32.24903106689453,32.140316009521484,32.140316009521484,32.06243896484375,30.066593170166016,28.0,26.0,24.0,23.0,21.0,19.10497283935547,18.11077117919922,17.464248657226562,19.646883010864258,18.973665237426758,19.313207626342773,19.697715759277344,21.540658950805664,23.0867919921875,24.351591110229492,25.298221588134766,25.495098114013672,26.172504425048828
0,-45.0,-95,21,10,45.27692413330078,43.13930892944336,41.86884307861328,40.360870361328125,36.878177642822266,35.46829605102539,34.20526123046875,33.0151481628418,33.0151481628418,33.61547088623047,32.75667953491211,31.764760971069336,32.202484130859375,33.61547088623047,35.11410140991211,35.735137939453125,35.735137939453125,35.735137939453125,38.60051727294922,39.217342376708984,39.560081481933594,40.71854782104492,38.470767974853516,39.357337951660156,38.587562561035156,37.2155876159668,34.13209533691406,34.13209533691406,31.906112670898438,31.38471031188965,29.681644439697266,30.528675079345703,29.154760360717773,27.459060668945312,26.4007568359375,25.806976318359375,24.413110733032227,22.472204208374023,21.954498291015625,21.931713104248047,21.540658950805664,22.472204208374023,24.351591110229492,24.041629791259766,24.041629791259766,25.63201141357422,28.792360305786133,30.08321762084961,31.30495262145996,31.906112670898438,32.015621185302734,32.557640075683594
0,-44.0,-95,22,6,42.72002029418945,39.560081481933594,39.560081481933594,37.6961555480957,35.84689712524414,34.438350677490234,32.649654388427734,31.38471031188965,31.906112670898438,30.805843353271484,31.400636672973633,30.479501724243164,32.557640075683594,31.827661514282227,33.241539001464844,33.970577239990234,33.970577239990234,33.970577239990234,35.38361358642578,36.06937789916992,36.12478256225586,36.79673767089844,36.2353401184082,35.38361358642578,34.058773040771484,32.649654388427734,31.14482307434082,29.73213768005371,29.068883895874023,28.284271240234375,28.284271240234375,27.58622932434082,27.58622932434082,26.172504425048828,24.75883674621582,24.75883674621582,23.430749893188477,25.0,23.853721618652344,23.853721618652344,24.698177337646484,25.05992889404297,27.784887313842773,27.784887313842773,29.681644439697266,28.844409942626953,31.62277603149414,32.649654388427734,33.970577239990234,34.65544509887695,34.828147888183594,35.510562896728516
0,-44.0,-95,22,6,43.28972244262695,41.30375289916992,40.4474983215332,39.458839416503906,37.48332977294922,35.902645111083984,35.1710090637207,34.48188018798828,35.11410140991211,34.539833068847656,34.928497314453125,34.885528564453125,37.121421813964844,36.715118408203125,37.121421813964844,38.94868469238281,38.470767974853516,38.470767974853516,39.357337951660156,39.81205749511719,39.0,38.62641525268555,37.0,37.336307525634766,36.055511474609375,33.83784866333008,31.38471031188965,31.38471031188965,30.463092803955078,28.635643005371094,29.546573638916016,29.546573638916016,27.73084831237793,27.312999725341797,25.942243576049805,24.1867733001709,24.698177337646484,25.238859176635742,25.0,25.0,26.248809814453125,26.90724754333496,29.068883895874023,29.832868576049805,30.610456466674805,32.202484130859375,34.13209533691406,35.35533905029297,36.67424011230469,37.6961555480957,37.36308288574219,36.67424011230469
0,-44.0,-95,21,9,45.09988784790039,43.011627197265625,43.0,42.01190185546875,40.0,36.0,36.12478256225586,36.22154235839844,35.510562896728516,36.49657440185547,36.49657440185547,36.878177642822266,37.85498809814453,37.85498809814453,39.051246643066406,39.293766021728516,39.051246643066406,37.85498809814453,39.051246643066406,39.051246643066406,38.63935852050781,37.656341552734375,35.510562896728516,35.35533905029297,35.22782897949219,33.37664031982422,30.5941162109375,30.5941162109375,29.832868576049805,28.160255432128906,27.892650604248047,28.160255432128906,27.20294189453125,27.20294189453125,25.63201141357422,24.698177337646484,24.698177337646484,25.079872131347656,25.942243576049805,26.419689178466797,26.925823211669922,28.844409942626953,29.681644439697266,30.528675079345703,31.906112670898438,32.24903106689453,34.438350677490234,35.46829605102539,37.64305877685547,37.85498809814453,37.336307525634766,38.01315689086914
0,-44.0,-95,21,10,47.01063537597656,44.204071044921875,43.27817153930664,40.45985794067383,40.360870361328125,36.12478256225586,36.769554138183594,34.71310806274414,35.46829605102539,36.619667053222656,36.8917350769043,37.735923767089844,38.587562561035156,38.470767974853516,38.07886505126953,39.4461669921875,38.07886505126953,39.4461669921875,38.07886505126953,39.11521530151367,38.832977294921875,37.44329071044922,36.619667053222656,35.510562896728516,34.66987228393555,33.2866325378418,31.38471031188965,31.764760971069336,29.529645919799805,31.30495262145996,27.294687271118164,29.068883895874023,29.068883895874023,27.312999725341797,27.312999725341797,26.570659637451172,26.248809814453125,26.68332862854004,27.459060668945312,28.44292449951172,29.614185333251953,29.42787742614746,33.37664031982422,31.575305938720703,33.734256744384766,35.1710090637207,36.68787384033203,38.62641525268555,40.71854782104492,39.357337951660156,40.49691390991211,39.824615478515625
0,-44.0,-95,22,6,44.821868896484375,42.01190185546875,41.1096076965332,38.41874694824219,36.12478256225586,32.557640075683594,31.827661514282227,31.890438079833984,32.015621185302734,32.4499626159668,32.4499626159668,33.61547088623047,33.12099075317383,33.541019439697266,34.885528564453125,33.541019439697266,35.34119415283203,34.885528564453125,34.928497314453125,35.7770881652832,35.35533905029297,36.2353401184082,34.48188018798828,34.438350677490234,34.438350677490234,32.202484130859375,32.202484130859375,32.69556427001953,31.38471031188965,31.38471031188965,31.38471031188965,30.463092803955078,30.463092803955078,28.635643005371094,29.546573638916016,27.85677719116211,27.513633728027344,27.20294189453125,28.160255432128906,27.658634185791016,27.892650604248047,29.832868576049805,31.575305938720703,31.048349380493164,33.241539001464844,33.83784866333008,35.46829605102539,38.4837646484375,38.470767974853516,39.11521530151367,38.60051727294922,38.897300720214844
0,-45.0,-95,22,8,45.221675872802734,43.32435989379883,41.1096076965332,39.217342376708984,36.055511474609375,33.61547088623047,30.870698928833008,32.202484130859375,30.01666259765625,30.232433319091797,30.610456466674805,30.4138126373291,31.14482307434082,31.827661514282227,32.526912689208984,32.649654388427734,34.058773040771484,32.649654388427734,34.828147888183594,34.828147888183594,36.878177642822266,36.2353401184082,36.2353401184082,37.202152252197266,37.013511657714844,36.400550842285156,37.013511657714844,36.400550842285156,39.20458984375,37.013511657714844,38.28837966918945,38.20994567871094,37.48332977294922,35.35533905029297,35.35533905029297,33.941123962402344,33.241539001464844,33.241539001464844,31.14482307434082,32.557640075683594,30.479501724243164,31.240999221801758,32.649654388427734,32.015621185302734,33.30165100097656,33.970577239990234,35.35533905029297,37.53664779663086,38.41874694824219,39.408119201660156,39.4461669921875,39.81205749511719
0,-45.0,-95,22,8,39.81205749511719,39.051246643066406,38.07886505126953,35.902645111083984,34.20526123046875,30.364452362060547,29.4108829498291,28.23118782043457,27.312999725341797,26.832815170288086,26.62705421447754,27.018512725830078,26.90724754333496,26.870058059692383,27.58622932434082,29.068883895874023,27.80287742614746,29.20616340637207,30.805843353271484,30.805843353271484,31.62277603149414,33.0151481628418,31.62277603149414,33.2866325378418,33.2866325378418,34.66987228393555,36.359317779541016,36.8917350769043,36.8917350769043,37.44329071044922,36.400550842285156,37.80211639404297,37.53664779663086,35.38361358642578,34.65544509887695,33.241539001464844,32.557640075683594,31.890438079833984,31.14482307434082,30.479501724243164,29.73213768005371,29.20616340637207,30.610456466674805,29.832868576049805,30.610456466674805,30.479501724243164,33.970577239990234,34.65544509887695,35.38361358642578,36.400550842285156,36.055511474609375,35.35533905029297
0,-46.0,-95,22,7,37.36308288574219,36.400550842285156,33.241539001464844,32.280025482177734,28.861740112304688,26.476404190063477,25.317977905273438,24.083189010620117,23.021728515625,21.0,20.2237491607666,20.615528106689453,18.973665237426758,19.697715759277344,20.59126091003418,21.40093421936035,22.022714614868164,23.430749893188477,23.34523582458496,24.75883674621582,25.45584487915039,27.658634185791016,27.58622932434082,29.20616340637207,29.20616340637207,30.610456466674805,32.202484130859375,34.4093017578125,35.0,35.0,36.2353401184082,36.878177642822266,38.20994567871094,36.06937789916992,37.48332977294922,36.06937789916992,35.38361358642578,32.649654388427734,31.890438079833984,33.30165100097656,32.649654388427734,32.557640075683594,32.557640075683594,31.14482307434082,31.890438079833984,32.649654388427734,32.649654388427734,33.60059356689453,33.2866325378418,34.48188018798828,34.438350677490234,34.1760139465332
0,-46.0,-95,21,11,38.0,34.0,34.01470184326172,31.016124725341797,29.017236709594727,27.073972702026367,26.172504425048828,24.1867733001709,21.3775577545166,19.92485809326172,20.615528106689453,18.357559204101562,18.601076126098633,17.69180679321289,19.10497283935547,20.0,20.59126091003418,21.470911026000977,22.360679626464844,23.76972770690918,23.76972770690918,26.570659637451172,26.0,26.925823211669922,28.160255432128906,29.120439529418945,30.805843353271484,32.75667953491211,32.75667953491211,34.71310806274414,35.1710090637207,36.400550842285156,37.0,36.055511474609375,35.46829605102539,35.84689712524414,33.61547088623047,32.69556427001953,32.69556427001953,30.463092803955078,32.69556427001953,31.78049659729004,32.69556427001953,30.463092803955078,31.78049659729004,32.202484130859375,32.649654388427734,33.12099075317383,33.2866325378418,34.4093017578125,34.058773040771484,33.241539001464844
0,-46.0,-95,21,10,36.67424011230469,35.693138122558594,32.75667953491211,32.38827133178711,28.44292449951172,25.70992088317871,23.76972770690918,21.840330123901367,18.973665237426758,18.788293838500977,18.357559204101562,16.401220321655273,17.029386520385742,16.278820037841797,17.804492950439453,16.124515533447266,16.552946090698242,15.81138801574707,17.464248657226562,18.439088821411133,18.439088821411133,19.235383987426758,19.02629852294922,20.0,20.0,21.02379608154297,22.090721130371094,24.331050872802734,26.305892944335938,26.476404190063477,28.44292449951172,29.27456283569336,30.149627685546875,30.149627685546875,30.01666259765625,29.068883895874023,30.066593170166016,29.0,30.0,30.0,28.0,30.0,30.0,30.0,29.0,30.01666259765625,31.064449310302734,31.256999969482422,31.575305938720703,31.048349380493164,30.364452362060547,31.78049659729004
0,-46.0,-95,20,11,36.24913787841797,34.01470184326172,33.241539001464844,30.463092803955078,28.23118782043457,26.0,23.409399032592773,22.135944366455078,20.615528106689453,20.39607810974121,18.248287200927734,18.027755737304688,18.0,17.029386520385742,16.124515533447266,16.492422103881836,15.81138801574707,16.155494689941406,15.65247631072998,16.124515533447266,15.264337539672852,15.81138801574707,15.264337539672852,15.620499610900879,15.55634880065918,14.866068840026855,15.264337539672852,17.464248657226562,18.788293838500977,19.697715759277344,20.615528106689453,21.540658950805664,23.76972770690918,23.25940704345703,22.847318649291992,23.706539154052734,22.825424194335938,24.1867733001709,24.59674835205078,23.706539154052734,23.25940704345703,24.59674835205078,26.419689178466797,25.05992889404297,25.553865432739258,26.07680892944336,27.20294189453125,28.600698471069336,29.0,27.58622932434082,27.80287742614746,27.784887313842773
0,-45.0,-95,20,8,38.07886505126953,35.84689712524414,33.61547088623047,32.202484130859375,29.546573638916016,29.154760360717773,26.925823211669922,25.63201141357422,25.298221588134766,23.0867919921875,22.803508758544922,22.360679626464844,20.39607810974121,20.099750518798828,19.10497283935547,19.0,18.0,18.027755737304688,18.027755737304688,18.11077117919922,18.11077117919922,17.11724281311035,16.124515533447266,15.524174690246582,15.524174690246582,13.928388595581055,14.422204971313477,14.422204971313477,15.0,16.970561981201172,15.55634880065918,17.69180679321289,18.384777069091797,19.10497283935547,19.10497283935547,19.79899024963379,19.79899024963379,19.10497283935547,19.79899024963379,19.10497283935547,20.51828384399414,21.260292053222656,21.931713104248047,21.931713104248047,23.34523582458496,23.430749893188477,25.0,26.62705421447754,26.419689178466797,26.4007568359375,27.513633728027344,26.68332862854004
0,-44.0,-95,19,13,38.4837646484375,36.24913787841797,35.7770881652832,33.61547088623047,31.78049659729004,30.463092803955078,29.96664810180664,28.635643005371094,27.73084831237793,26.419689178466797,25.942243576049805,25.553865432739258,23.021728515625,22.203603744506836,21.40093421936035,21.931713104248047,20.51828384399414,21.260292053222656,20.51828384399414,19.84943389892578,19.79899024963379,19.209373474121094,19.10497283935547,18.027755737304688,18.027755737304688,16.6433162689209,17.0,17.464248657226562,16.76305389404297,17.72004508972168,16.492422103881836,17.72004508972168,18.681541442871094,18.681541442871094,18.681541442871094,18.681541442871094,18.681541442871094,17.262676239013672,18.248287200927734,18.11077117919922,19.235383987426758,19.235383987426758,21.21320343017578,20.2237491607666,22.56102752685547,21.587032318115234,24.041629791259766,25.298221588134766,26.0,27.294687271118164,26.62705421447754,26.248809814453125
0,-43.0,-95,18,13,32.557640075683594,31.890438079833984,30.479501724243164,31.240999221801758,28.42534065246582,28.42534065246582,26.248809814453125,24.83948516845703,24.083189010620117,22.671567916870117,22.627416610717773,21.931713104248047,21.260292053222656,20.615528106689453,20.615528106689453,20.0,21.63330841064453,19.416488647460938,21.63330841064453,20.248456954956055,20.0,19.416488647460938,18.867961883544922,18.867961883544922,18.867961883544922,18.357559204101562,18.788293838500977,17.8885440826416,18.788293838500977,18.384777069091797,18.357559204101562,18.357559204101562,17.8885440826416,17.8885440826416,17.0,15.65247631072998,16.552946090698242,14.764822959899902,14.317821502685547,14.317821502685547,13.928388595581055,15.81138801574707,14.560219764709473,17.0880069732666,16.76305389404297,17.0880069732666,18.384777069091797,17.8885440826416,18.357559204101562,19.72308349609375,20.615528106689453,20.51828384399414
0,-42.0,-95,17,14,30.4138126373291,29.96664810180664,28.17800521850586,27.73084831237793,26.832815170288086,25.495098114013672,24.59674835205078,23.706539154052734,23.706539154052734,21.095022201538086,21.954498291015625,21.095022201538086,20.808652877807617,20.0,20.0,19.84943389892578,19.84943389892578,19.84943389892578,19.79899024963379,19.79899024963379,19.79899024963379,20.51828384399414,19.10497283935547,19.10497283935547,19.10497283935547,19.10497283935547,19.10497283935547,19.10497283935547,19.10497283935547,19.10497283935547,19.10497283935547,19.10497283935547,19.79899024963379,18.384777069091797,18.439088821411133,17.029386520385742,16.401220321655273,15.620499610900879,14.866068840026855,14.866068840026855,14.21267032623291,14.142135620117188,14.21267032623291,13.45362377166748,14.866068840026855,14.866068840026855,15.55634880065918,16.970561981201172,17.029386520385742,17.804492950439453,17.492855072021484,17.8885440826416
0,-41.0,-95,17,12,28.861740112304688,27.892650604248047,27.658634185791016,26.925823211669922,25.70992088317871,24.515300750732422,23.53720474243164,23.34523582458496,22.360679626464844,21.21320343017578,21.21320343017578,21.095022201538086,21.02379608154297,20.02498435974121,20.0,20.0,20.0,20.0,19.02629852294922,19.02629852294922,19.02629852294922,19.02629852294922,19.02629852294922,19.10497283935547,19.10497283935547,19.10497283935547,19.235383987426758,19.235383987426758,19.235383987426758,19.235383987426758,19.10497283935547,19.10497283935547,20.02498435974121,19.0,19.0,18.0,18.0,16.0,16.0,15.0,15.0,15.0,14.0,14.0,14.0,15.0,15.0,15.0,16.0,16.0,16.124515533447266,16.492422103881836
0,-40.0,-95,13,24,25.612497329711914,24.20743751525879,23.430749893188477,22.803508758544922,21.40093421936035,20.615528106689453,19.84943389892578,19.84943389892578,19.10497283935547,18.384777069091797,18.384777069091797,18.384777069091797,17.69180679321289,17.69180679321289,17.69180679321289,17.029386520385742,17.804492950439453,16.401220321655273,17.20465087890625,16.401220321655273,16.401220321655273,16.401220321655273,15.81138801574707,16.6433162689209,15.81138801574707,16.6433162689209,16.124515533447266,16.124515533447266,17.492855072021484,17.0,16.6433162689209,17.20465087890625,17.804492950439453,17.029386520385742,17.029386520385742,16.278820037841797,16.278820037841797,14.866068840026855,14.866068840026855,13.45362377166748,13.45362377166748,13.45362377166748,12.727922439575195,12.727922439575195,12.727922439575195,12.041594505310059,12.806248664855957,12.806248664855957,12.806248664855957,13.601470947265625,14.764822959899902,14.317821502685547
0,-40.0,-95,13,22,25.317977905273438,24.331050872802734,23.53720474243164,22.360679626464844,21.3775577545166,20.39607810974121,20.39607810974121,19.416488647460938,19.646883010864258,18.681541442871094,18.681541442871094,18.973665237426758,18.027755737304688,18.027755737304688,17.0880069732666,17.464248657226562,17.0880069732666,17.0880069732666,16.552946090698242,17.464248657226562,17.464248657226562,17.464248657226562,16.155494689941406,16.552946090698242,16.155494689941406,16.155494689941406,16.155494689941406,15.231546401977539,15.231546401977539,16.155494689941406,14.317821502685547,15.231546401977539,15.231546401977539,14.866068840026855,14.866068840026855,13.601470947265625,13.601470947265625,12.649110794067383,12.649110794067383,12.649110794067383,12.369317054748535,12.649110794067383,12.649110794067383,11.401754379272461,11.704699516296387,12.649110794067383,12.369317054748535,13.601470947265625,13.34166431427002,14.142135620117188,14.0,14.0
0,-40.0,-95,13,23,25.298221588134766,24.351591110229492,23.409399032592773,23.409399032592773,21.189620971679688,20.248456954956055,19.313207626342773,19.313207626342773,19.313207626342773,18.384777069091797,18.788293838500977,18.357559204101562,18.357559204101562,18.357559204101562,18.357559204101562,17.492855072021484,16.6433162689209,16.6433162689209,16.6433162689209,17.492855072021484,17.492855072021484,16.6433162689209,16.124515533447266,16.6433162689209,16.6433162689209,15.81138801574707,15.81138801574707,15.81138801574707,15.81138801574707,15.0,15.264337539672852,15.264337539672852,14.764822959899902,14.764822959899902,14.764822959899902,13.892443656921387,13.892443656921387,13.416407585144043,13.416407585144043,12.529964447021484,11.661903381347656,11.661903381347656,11.180339813232422,11.661903381347656,11.180339813232422,12.083045959472656,13.0,13.0,13.0,13.601470947265625,14.317821502685547,14.03566837310791
0,-37.0,-95,10,35,28.319604873657227,26.172504425048828,24.75883674621582,25.45584487915039,23.34523582458496,22.627416610717773,21.260292053222656,20.615528106689453,21.260292053222656,19.209373474121094,19.209373474121094,20.0,19.209373474121094,18.601076126098633,18.027755737304688,18.357559204101562,18.357559204101562,17.492855072021484,18.027755737304688,17.492855072021484,17.20465087890625,17.492855072021484,17.20465087890625,16.6433162689209,16.6433162689209,16.6433162689209,16.6433162689209,14.422204971313477,14.422204971313477,14.422204971313477,14.422204971313477,14.422204971313477,14.422204971313477,13.601470947265625,13.601470947265625,12.206555366516113,13.601470947265625,12.206555366516113,11.401754379272461,11.401754379272461,11.661903381347656,11.401754379272461,10.816654205322266,11.180339813232422,11.180339813232422,11.661903381347656,12.206555366516113,12.206555366516113,12.041594505310059,13.45362377166748,13.45362377166748,12.806248664855957
0,-37.0,-95,10,35,29.154760360717773,28.07133674621582,28.07133674621582,28.017850875854492,26.019224166870117,25.01999282836914,23.0867919921875,22.090721130371094,21.095022201538086,21.095022201538086,21.02379608154297,20.099750518798828,20.2237491607666,20.2237491607666,20.2237491607666,19.416488647460938,18.439088821411133,18.248287200927734,18.439088821411133,18.681541442871094,19.416488647460938,18.439088821411133,17.262676239013672,18.248287200927734,18.248287200927734,16.278820037841797,16.278820037841797,16.278820037841797,15.29705810546875,14.317821502685547,14.142135620117188,14.317821502685547,14.317821502685547,13.34166431427002,12.369317054748535,13.152946472167969,12.165525436401367,12.165525436401367,11.180339813232422,11.401754379272461,10.440306663513184,10.440306663513184,10.440306663513184,10.440306663513184,10.440306663513184,10.440306663513184,11.401754379272461,12.369317054748535,12.165525436401367,12.041594505310059,13.0,13.03840446472168
0,-37.0,-95,10,35,31.38471031188965,30.08321762084961,30.08321762084961,28.635643005371094,27.73084831237793,25.079872131347656,25.079872131347656,23.76972770690918,23.76972770690918,22.847318649291992,22.472204208374023,22.472204208374023,22.135944366455078,20.880613327026367,20.880613327026367,20.615528106689453,19.646883010864258,19.646883010864258,19.646883010864258,19.646883010864258,18.681541442871094,19.646883010864258,18.681541442871094,18.681541442871094,18.681541442871094,18.027755737304688,16.76305389404297,16.492422103881836,15.524174690246582,15.524174690246582,14.560219764709473,14.317821502685547,14.317821502685547,13.34166431427002,13.34166431427002,12.649110794067383,12.649110794067383,11.401754379272461,10.440306663513184,10.440306663513184,10.198039054870605,10.049875259399414,10.049875259399414,10.049875259399414,10.049875259399414,10.049875259399414,10.049875259399414,11.180339813232422,11.401754379272461,11.401754379272461,11.704699516296387,11.180339813232422
0,-36.0,-95,10,35,32.557640075683594,30.265491485595703,30.5941162109375,29.27456283569336,28.284271240234375,27.166154861450195,26.172504425048828,25.179357528686523,25.179357528686523,24.331050872802734,23.194826126098633,23.34523582458496,22.360679626464844,22.56102752685547,21.3775577545166,22.56102752685547,20.39607810974121,21.3775577545166,20.615528106689453,20.39607810974121,19.416488647460938,20.39607810974121,20.2237491607666,19.646883010864258,18.439088821411133,18.248287200927734,18.248287200927734,18.248287200927734,16.278820037841797,16.278820037841797,16.278820037841797,16.278820037841797,15.132745742797852,15.132745742797852,15.033296585083008,14.03566837310791,14.03566837310791,13.03840446472168,12.041594505310059,12.041594505310059,11.0,10.049875259399414,10.049875259399414,10.049875259399414,10.049875259399414,10.049875259399414,10.049875259399414,10.049875259399414,11.045360565185547,11.045360565185547,12.0,11.0
0,-36.0,-95,11,31,31.320919036865234,31.320919036865234,30.364452362060547,29.832868576049805,26.925823211669922,25.70992088317871,25.70992088317871,24.041629791259766,23.76972770690918,22.803508758544922,23.0867919921875,22.472204208374023,22.135944366455078,22.135944366455078,21.189620971679688,21.540658950805664,20.615528106689453,19.313207626342773,19.697715759277344,19.697715759277344,19.697715759277344,19.697715759277344,18.384777069091797,18.788293838500977,18.788293838500977,17.464248657226562,17.464248657226562,17.464248657226562,16.552946090698242,15.65247631072998,16.155494689941406,16.552946090698242,16.155494689941406,14.866068840026855,14.866068840026855,13.928388595581055,13.928388595581055,13.601470947265625,12.369317054748535,12.649110794067383,11.401754379272461,11.704699516296387,10.440306663513184,9.848857879638672,9.486832618713379,9.486832618713379,9.848857879638672,9.486832618713379,10.440306663513184,10.440306663513184,10.440306663513184,11.180339813232422
0,-37.0,-95,10,36,32.98484420776367,30.805843353271484,31.78049659729004,30.08321762084961,29.120439529418945,26.68332862854004,25.70992088317871,24.73863410949707,24.73863410949707,23.53720474243164,23.53720474243164,22.360679626464844,23.34523582458496,22.203603744506836,21.3775577545166,21.095022201538086,20.099750518798828,20.099750518798828,21.0,21.02379608154297,20.099750518798828,20.02498435974121,19.02629852294922,20.0,20.02498435974121,19.02629852294922,19.02629852294922,19.02629852294922,18.027755737304688,18.0,18.027755737304688,18.027755737304688,17.11724281311035,17.11724281311035,17.262676239013672,15.29705810546875,15.29705810546875,15.132745742797852,14.317821502685547,13.34166431427002,12.165525436401367,11.180339813232422,12.165525436401367,11.180339813232422,11.180339813232422,11.180339813232422,10.198039054870605,11.045360565185547,11.045360565185547,11.180339813232422,12.369317054748535,11.704699516296387
0,-37.0,-95,10,36,31.048349380493164,30.08321762084961,28.160255432128906,27.892650604248047,26.925823211669922,24.515300750732422,24.73863410949707,23.76972770690918,23.53720474243164,22.803508758544922,21.840330123901367,21.840330123901367,20.880613327026367,20.248456954956055,19.313207626342773,19.313207626342773,19.313207626342773,18.384777069091797,18.788293838500977,18.788293838500977,18.788293838500977,18.788293838500977,18.788293838500977,18.788293838500977,17.8885440826416,17.464248657226562,17.8885440826416,17.464248657226562,16.552946090698242,17.8885440826416,16.155494689941406,17.0880069732666,17.0880069732666,15.81138801574707,16.76305389404297,15.524174690246582,14.317821502685547,14.317821502685547,13.34166431427002,13.152946472167969,12.165525436401367,11.180339813232422,11.180339813232422,10.198039054870605,10.049875259399414,10.049875259399414,10.198039054870605,10.440306663513184,11.180339813232422,11.180339813232422,10.049875259399414,11.045360565185547
0,-40.0,-95,13,25,29.832868576049805,27.892650604248047,27.892650604248047,26.68332862854004,25.70992088317871,24.515300750732422,23.53720474243164,22.56102752685547,22.56102752685547,21.840330123901367,21.840330123901367,20.880613327026367,21.189620971679688,20.248456954956055,19.313207626342773,20.615528106689453,19.697715759277344,19.313207626342773,18.788293838500977,18.788293838500977,19.313207626342773,18.788293838500977,18.384777069091797,18.788293838500977,18.384777069091797,18.384777069091797,17.464248657226562,17.464248657226562,16.552946090698242,16.552946090698242,16.155494689941406,16.552946090698242,16.155494689941406,15.81138801574707,15.81138801574707,15.524174690246582,15.524174690246582,14.317821502685547,13.34166431427002,12.165525436401367,12.165525436401367,11.180339813232422,11.180339813232422,10.198039054870605,10.198039054870605,10.198039054870605,10.198039054870605,10.198039054870605,10.198039054870605,10.198039054870605,11.045360565185547,10.0
0,-40.0,-95,14,22,30.08321762084961,29.154760360717773,29.154760360717773,27.85677719116211,26.570659637451172,24.698177337646484,24.698177337646484,23.76972770690918,23.76972770690918,22.847318649291992,22.360679626464844,21.470911026000977,22.360679626464844,21.470911026000977,21.470911026000977,21.095022201538086,21.095022201538086,21.095022201538086,20.248456954956055,21.095022201538086,20.59126091003418,20.59126091003418,19.72308349609375,20.248456954956055,19.72308349609375,18.357559204101562,17.492855072021484,17.492855072021484,16.6433162689209,16.6433162689209,16.124515533447266,17.0,17.0,16.552946090698242,16.552946090698242,15.65247631072998,15.231546401977539,14.866068840026855,13.601470947265625,12.369317054748535,12.369317054748535,11.401754379272461,11.401754379272461,9.486832618713379,9.486832618713379,8.5440034866333,8.5440034866333,8.5440034866333,8.5440034866333,8.5440034866333,8.5440034866333,8.246211051940918
0,-41.0,-95,17,11,30.479501724243164,29.73213768005371,29.068883895874023,28.319604873657227,26.90724754333496,25.495098114013672,25.612497329711914,24.83948516845703,24.20743751525879,24.20743751525879,24.20743751525879,23.600847244262695,23.600847244262695,22.203603744506836,23.021728515625,22.472204208374023,22.472204208374023,21.63330841064453,21.63330841064453,21.954498291015625,21.63330841064453,21.63330841064453,20.808652877807617,20.808652877807617,20.808652877807617,20.0,19.416488647460938,18.601076126098633,18.601076126098633,18.027755737304688,17.029386520385742,17.804492950439453,17.804492950439453,17.029386520385742,16.278820037841797,16.278820037841797,16.278820037841797,14.21267032623291,13.601470947265625,12.206555366516113,11.401754379272461,11.401754379272461,10.816654205322266,10.0,8.602325439453125,7.8102498054504395,7.8102498054504395,7.8102498054504395,7.8102498054504395,7.071067810058594,7.071067810058594,7.071067810058594
0,-41.0,-95,17,12,31.62277603149414,30.364452362060547,30.364452362060547,29.120439529418945,28.160255432128906,26.248809814453125,25.298221588134766,25.298221588134766,24.351591110229492,24.698177337646484,23.76972770690918,24.166091918945312,22.847318649291992,23.25940704345703,23.25940704345703,22.825424194335938,21.470911026000977,21.470911026000977,21.954498291015625,22.360679626464844,22.360679626464844,22.360679626464844,21.02379608154297,21.470911026000977,21.931713104248047,20.615528106689453,19.313207626342773,19.313207626342773,18.384777069091797,18.384777069091797,18.027755737304688,18.027755737304688,16.76305389404297,16.76305389404297,15.524174690246582,15.524174690246582,14.142135620117188,14.142135620117188,13.03840446472168,12.041594505310059,11.045360565185547,10.0,10.0,8.062257766723633,8.0,7.071067810058594,7.071067810058594,6.082762718200684,6.082762718200684,6.324555397033691,7.280109882354736,6.082762718200684
0,-42.0,-95,18,11,40.112342834472656,38.11823654174805,38.20994567871094,37.336307525634766,35.35533905029297,32.38827133178711,32.24903106689453,31.256999969482422,30.265491485595703,30.265491485595703,29.154760360717773,28.017850875854492,28.07133674621582,27.018512725830078,26.019224166870117,26.0,26.0,25.0,26.019224166870117,26.0,26.0,26.0,25.01999282836914,26.0,25.0,24.020824432373047,23.0867919921875,23.021728515625,22.090721130371094,22.090721130371094,21.21320343017578,20.2237491607666,20.2237491607666,19.416488647460938,18.439088821411133,16.76305389404297,16.492422103881836,15.81138801574707,13.928388595581055,12.649110794067383,11.704699516296387,10.770329475402832,10.770329475402832,9.486832618713379,8.246211051940918,8.246211051940918,7.071067810058594,8.062257766723633,8.062257766723633,8.0,8.0,8.062257766723633
0,-43.0,-95,19,10,41.231056213378906,40.024993896484375,39.051246643066406,37.85498809814453,35.693138122558594,33.541019439697266,31.575305938720703,30.5941162109375,29.614185333251953,28.635643005371094,27.658634185791016,25.961509704589844,26.248809814453125,25.63201141357422,24.698177337646484,24.166091918945312,24.59674835205078,23.25940704345703,24.1867733001709,24.59674835205078,24.59674835205078,25.05992889404297,23.706539154052734,25.05992889404297,24.59674835205078,24.166091918945312,23.25940704345703,22.847318649291992,22.847318649291992,21.540658950805664,21.189620971679688,21.189620971679688,20.880613327026367,18.681541442871094,18.681541442871094,17.262676239013672,16.278820037841797,16.124515533447266,15.033296585083008,13.03840446472168,11.045360565185547,11.045360565185547,10.049875259399414,8.062257766723633,8.246211051940918,7.280109882354736,7.280109882354736,6.7082037925720215,7.6157732009887695,7.6157732009887695,7.6157732009887695,8.5440034866333
0,-44.0,-95,20,8,42.04759216308594,39.824615478515625,38.470767974853516,37.58989334106445,34.48188018798828,31.906112670898438,30.886890411376953,28.65309715270996,27.294687271118164,26.4007568359375,25.079872131347656,24.351591110229492,22.803508758544922,22.56102752685547,22.360679626464844,23.194826126098633,23.0867919921875,23.0867919921875,23.021728515625,24.020824432373047,24.083189010620117,25.01999282836914,24.083189010620117,25.01999282836914,25.079872131347656,24.083189010620117,24.331050872802734,24.1867733001709,24.1867733001709,23.34523582458496,22.360679626464844,22.803508758544922,21.840330123901367,21.189620971679688,20.615528106689453,19.697715759277344,18.788293838500977,17.0,15.264337539672852,13.892443656921387,13.601470947265625,11.661903381347656,10.816654205322266,8.602325439453125,7.8102498054504395,7.6157732009887695,6.7082037925720215,6.324555397033691,7.071067810058594,8.062257766723633,7.071067810058594,8.246211051940918
0,-46.0,-95,21,7,46.647613525390625,43.5660400390625,41.34005355834961,39.408119201660156,35.80502700805664,33.0151481628418,29.681644439697266,27.784887313842773,25.942243576049805,23.25940704345703,23.409399032592773,22.803508758544922,22.360679626464844,22.090721130371094,23.0867919921875,24.0,24.020824432373047,24.020824432373047,25.179357528686523,26.07680892944336,28.07133674621582,28.160255432128906,28.07133674621582,28.160255432128906,30.149627685546875,30.01666259765625,29.0,29.0,29.0,29.0,28.07133674621582,28.160255432128906,27.294687271118164,26.305892944335938,25.495098114013672,25.0,24.041629791259766,21.540658950805664,20.615528106689453,18.788293838500977,17.0,15.65247631072998,13.892443656921387,11.180339813232422,10.770329475402832,8.9442720413208,8.246211051940918,8.246211051940918,8.062257766723633,8.0,10.0,10.049875259399414
0,-47.0,-95,22,7,47.67599105834961,44.9110221862793,43.73785400390625,40.26164245605469,35.693138122558594,30.805843353271484,27.459060668945312,25.179357528686523,23.0,22.203603744506836,22.56102752685547,21.189620971679688,22.360679626464844,22.825424194335938,23.853721618652344,25.0,25.612497329711914,27.658634185791016,29.73213768005371,30.479501724243164,31.890438079833984,33.42155075073242,32.649654388427734,34.058773040771484,35.46829605102539,34.20526123046875,34.4093017578125,34.4093017578125,34.4093017578125,33.2866325378418,32.75667953491211,33.61547088623047,33.541019439697266,31.78049659729004,31.016124725341797,30.675724029541016,28.460498809814453,27.892650604248047,25.495098114013672,24.515300750732422,21.095022201538086,19.10497283935547,19.10497283935547,15.132745742797852,14.142135620117188,12.165525436401367,12.649110794067383,12.649110794067383,13.0,13.0,13.0,13.601470947265625
0,-47.0,-95,22,9,49.33558654785156,48.08325958251953,41.48493576049805,41.231056213378906,36.400550842285156,32.572994232177734,30.675724029541016,28.23118782043457,26.419689178466797,24.20743751525879,25.0,26.172504425048828,25.0,25.553865432739258,26.419689178466797,26.832815170288086,29.96664810180664,29.546573638916016,32.31098937988281,34.1760139465332,34.928497314453125,36.24913787841797,35.7770881652832,36.24913787841797,38.470767974853516,37.2155876159668,36.8917350769043,35.510562896728516,34.66987228393555,34.66987228393555,33.60059356689453,35.0,34.058773040771484,33.42155075073242,33.241539001464844,31.14482307434082,31.890438079833984,29.20616340637207,27.20294189453125,25.238859176635742,22.360679626464844,21.470911026000977,18.357559204101562,17.492855072021484,15.264337539672852,13.892443656921387,12.206555366516113,12.727922439575195,13.45362377166748,14.142135620117188,14.866068840026855,14.866068840026855
0,-47.0,-95,22,11,59.6824951171875,56.08921432495117,50.80354309082031,48.05205535888672,42.95346450805664,40.607879638671875,38.470767974853516,35.12833786010742,33.0151481628418,30.01666259765625,31.14482307434082,30.5941162109375,30.08321762084961,30.675724029541016,31.95309066772461,31.78049659729004,33.541019439697266,33.541019439697266,35.84689712524414,37.121421813964844,38.01315689086914,39.81205749511719,39.39543151855469,40.71854782104492,39.924930572509766,39.560081481933594,37.947330474853516,36.68787384033203,35.735137939453125,35.735137939453125,35.44009017944336,34.928497314453125,35.693138122558594,33.541019439697266,33.37664031982422,32.140316009521484,31.064449310302734,29.0,26.0,24.0,23.021728515625,21.02379608154297,18.027755737304688,17.029386520385742,16.031219482421875,15.0,14.03566837310791,14.142135620117188,15.29705810546875,15.29705810546875,16.124515533447266,16.031219482421875
0,-47.0,-95,22,11,60.10823440551758,56.58621597290039,52.345008850097656,49.67897033691406,44.68780517578125,41.03656768798828,38.20994567871094,35.38361358642578,34.058773040771484,31.400636672973633,30.528675079345703,30.4138126373291,29.546573638916016,29.4108829498291,30.08321762084961,32.557640075683594,33.37664031982422,34.525352478027344,35.22782897949219,37.48332977294922,38.832977294921875,39.81205749511719,39.051246643066406,38.832977294921875,39.560081481933594,38.897300720214844,36.400550842285156,36.055511474609375,36.055511474609375,33.83784866333008,34.1760139465332,34.1760139465332,35.34119415283203,33.541019439697266,33.12099075317383,32.24903106689453,30.528675079345703,28.600698471069336,26.4007568359375,24.83948516845703,22.671567916870117,22.022714614868164,19.209373474121094,18.439088821411133,17.804492950439453,17.20465087890625,16.6433162689209,16.6433162689209,16.6433162689209,18.027755737304688,18.601076126098633,17.69180679321289
0,-46.0,-95,21,14,62.22539520263672,58.728187561035156,56.63920974731445,53.26349639892578,49.67897033691406,47.50789260864258,43.185646057128906,41.03656768798828,39.59798049926758,38.897300720214844,38.20994567871094,38.41874694824219,35.608985900878906,35.0,34.4093017578125,35.84689712524414,36.715118408203125,36.715118408203125,36.715118408203125,37.2155876159668,36.8917350769043,36.8917350769043,37.202152252197266,36.055511474609375,35.0,33.42155075073242,30.805843353271484,30.805843353271484,28.301942825317383,29.154760360717773,29.154760360717773,29.681644439697266,30.232433319091797,30.0,28.600698471069336,27.658634185791016,26.90724754333496,26.172504425048828,24.083189010620117,22.671567916870117,21.931713104248047,21.21320343017578,19.79899024963379,19.10497283935547,19.10497283935547,18.439088821411133,19.10497283935547,18.439088821411133,19.79899024963379,19.10497283935547,19.84943389892578,18.867961883544922
0,-46.0,-95,22,9,61.0,59.0,55.0,54.08327102661133,49.09175109863281,47.095645904541016,45.0444221496582,42.04759216308594,40.01249694824219,37.013511657714844,38.01315689086914,37.05401611328125,36.12478256225586,33.37664031982422,32.24903106689453,32.38827133178711,33.541019439697266,31.575305938720703,33.241539001464844,32.75667953491211,32.557640075683594,32.38827133178711,30.4138126373291,31.575305938720703,30.265491485595703,29.27456283569336,26.476404190063477,24.515300750732422,25.0,25.0,25.298221588134766,26.570659637451172,24.73863410949707,25.0,25.70992088317871,24.515300750732422,24.515300750732422,22.360679626464844,22.203603744506836,21.095022201538086,20.099750518798828,20.099750518798828,18.439088821411133,18.248287200927734,17.262676239013672,17.11724281311035,18.439088821411133,19.416488647460938,18.248287200927734,19.235383987426758,19.0,19.02629852294922
0,-47.0,-95,22,6,58.85575485229492,57.27128601074219,53.36665725708008,50.96076965332031,45.880279541015625,43.680660247802734,41.48493576049805,39.293766021728516,38.07886505126953,34.928497314453125,34.928497314453125,33.541019439697266,31.256999969482422,30.149627685546875,29.154760360717773,28.07133674621582,28.017850875854492,27.018512725830078,27.0,27.0,26.0,25.0,25.0,24.0,23.0,22.0,19.0,17.0,17.11724281311035,16.278820037841797,17.464248657226562,16.76305389404297,16.76305389404297,17.72004508972168,18.681541442871094,17.464248657226562,18.439088821411133,17.11724281311035,16.124515533447266,15.132745742797852,15.033296585083008,14.03566837310791,13.03840446472168,13.03840446472168,12.041594505310059,11.045360565185547,11.180339813232422,11.045360565185547,10.198039054870605,10.198039054870605,11.045360565185547,11.045360565185547
0,-46.0,-95,21,9,61.85466766357422,58.600341796875,56.22277069091797,53.90732955932617,49.67897033691406,46.097721099853516,44.821868896484375,42.63801193237305,40.45985794067383,37.64305877685547,37.202152252197266,34.4093017578125,33.0151481628418,31.064449310302734,30.528675079345703,29.529645919799805,28.635643005371094,27.312999725341797,26.4007568359375,26.0,26.4007568359375,26.0,24.166091918945312,23.76972770690918,23.25940704345703,21.540658950805664,19.313207626342773,18.027755737304688,17.464248657226562,17.11724281311035,17.11724281311035,17.029386520385742,17.029386520385742,17.029386520385742,18.0,17.029386520385742,17.0,17.11724281311035,16.278820037841797,16.278820037841797,15.132745742797852,14.317821502685547,12.369317054748535,11.401754379272461,10.440306663513184,9.219544410705566,9.0,8.062257766723633,8.0,8.0,8.0,8.0
0,-47.0,-95,21,8,57.00876998901367,55.54277801513672,52.17279052734375,51.62363815307617,46.389652252197266,43.416587829589844,39.31920623779297,37.336307525634766,35.22782897949219,32.38827133178711,31.400636672973633,29.42787742614746,27.658634185791016,25.70992088317871,24.73863410949707,22.135944366455078,22.472204208374023,20.615528106689453,21.470911026000977,21.02379608154297,20.124610900878906,19.235383987426758,18.788293838500977,18.867961883544922,18.357559204101562,16.6433162689209,13.45362377166748,13.45362377166748,14.142135620117188,12.206555366516113,13.03840446472168,13.892443656921387,14.317821502685547,14.764822959899902,14.764822959899902,14.764822959899902,15.81138801574707,15.0,15.620499610900879,14.866068840026855,12.727922439575195,12.041594505310059,12.041594505310059,10.630146026611328,9.899495124816895,8.485280990600586,7.071067810058594,7.071067810058594,7.071067810058594,6.4031243324279785,5.830951690673828,6.4031243324279785
0,-47.0,-95,21,8,58.8217658996582,54.08327102661133,53.5350341796875,49.73931884765625,47.01063537597656,42.54409408569336,40.31128692626953,36.715118408203125,34.48188018798828,33.12099075317383,31.064449310302734,27.459060668945312,26.62705421447754,24.413110733032227,22.203603744506836,21.931713104248047,19.84943389892578,18.601076126098633,18.601076126098633,18.867961883544922,17.20465087890625,17.0,16.552946090698242,16.76305389404297,14.866068840026855,13.34166431427002,13.0,14.0,14.142135620117188,16.278820037841797,17.262676239013672,18.439088821411133,20.39607810974121,19.235383987426758,21.3775577545166,21.095022201538086,21.02379608154297,20.0,19.02629852294922,17.11724281311035,17.029386520385742,15.132745742797852,15.29705810546875,14.142135620117188,12.165525436401367,11.180339813232422,11.045360565185547,10.049875259399414,9.0,10.0,9.0,8.0
0,-47.0,-95,21,9,58.79625701904297,55.44366455078125,53.15073013305664,50.0,47.20169448852539,43.8292121887207,39.66106414794922,37.44329071044922,35.510562896728516,32.202484130859375,29.4108829498291,28.42534065246582,26.248809814453125,24.041629791259766,21.931713104248047,21.260292053222656,18.601076126098633,18.027755737304688,17.0,16.552946090698242,15.81138801574707,15.81138801574707,14.866068840026855,15.132745742797852,15.132745742797852,13.0,13.03840446472168,13.34166431427002,14.560219764709473,15.231546401977539,17.464248657226562,18.384777069091797,19.697715759277344,19.313207626342773,19.92485809326172,20.39607810974121,20.2237491607666,19.235383987426758,19.02629852294922,19.02629852294922,17.0,16.031219482421875,15.033296585083008,12.041594505310059,11.0,10.0,9.0,10.0,9.0,8.062257766723633,8.062257766723633,8.0
0,-49.0,-95,22,7,62.96824645996094,62.513999938964844,58.4208869934082,57.21887969970703,52.08646774291992,49.01020431518555,47.04253387451172,43.011627197265625,40.01249694824219,37.013511657714844,36.013885498046875,33.060550689697266,30.01666259765625,26.07680892944336,25.179357528686523,23.53720474243164,20.880613327026367,18.973665237426758,18.788293838500977,17.492855072021484,18.357559204101562,17.20465087890625,17.20465087890625,18.439088821411133,17.804492950439453,16.278820037841797,15.620499610900879,13.601470947265625,14.317821502685547,15.231546401977539,14.560219764709473,15.524174690246582,15.524174690246582,16.492422103881836,18.027755737304688,18.027755737304688,18.788293838500977,15.65247631072998,16.552946090698242,15.65247631072998,14.422204971313477,13.416407585144043,12.083045959472656,10.816654205322266,9.848857879638672,9.219544410705566,8.246211051940918,10.049875259399414,10.0,10.0,12.041594505310059,11.180339813232422
0,-50.0,-95,22,11,64.76110076904297,60.87692642211914,61.84658432006836,57.567352294921875,55.36244201660156,48.703182220458984,45.54119110107422,43.32435989379883,40.49691390991211,38.897300720214844,35.11410140991211,31.62277603149414,29.120439529418945,25.961509704589844,23.53720474243164,20.2237491607666,17.11724281311035,16.0,15.033296585083008,15.29705810546875,14.560219764709473,14.317821502685547,14.317821502685547,13.892443656921387,13.892443656921387,12.083045959472656,8.5440034866333,8.062257766723633,6.7082037925720215,5.0,4.242640495300293,3.1622776985168457,4.123105525970459,4.0,4.123105525970459,4.123105525970459,3.1622776985168457,4.4721360206604,4.4721360206604,4.242640495300293,5.099019527435303,5.385164737701416,6.324555397033691,7.071067810058594,7.071067810058594,9.05538558959961,11.045360565185547,11.180339813232422,12.369317054748535,13.0,13.0,12.529964447021484
0,-50.0,-95,22,12,64.03124237060547,61.073726654052734,59.66573715209961,56.63920974731445,53.037723541259766,48.08325958251953,45.25483322143555,41.72529220581055,39.623226165771484,36.06937789916992,33.941123962402344,30.4138126373291,28.319604873657227,24.83948516845703,21.40093421936035,19.416488647460938,17.8885440826416,15.231546401977539,14.560219764709473,14.142135620117188,13.03840446472168,14.0,13.0,13.03840446472168,13.03840446472168,12.0,9.0,8.062257766723633,6.082762718200684,4.0,2.8284270763397217,2.2360680103302,4.4721360206604,4.0,4.0,3.0,3.1622776985168457,4.123105525970459,4.4721360206604,4.4721360206604,4.4721360206604,5.830951690673828,6.7082037925720215,7.6157732009887695,8.5440034866333,8.9442720413208,9.848857879638672,11.180339813232422,11.661903381347656,13.601470947265625,13.45362377166748,14.142135620117188
0,-51.0,-95,23,11,74.81310272216797,71.70076751708984,68.73136138916016,65.27633666992188,59.21148681640625,55.145263671875,51.244510650634766,47.26520919799805,44.18144226074219,40.199501037597656,36.22154235839844,32.557640075683594,29.42787742614746,25.495098114013672,21.3775577545166,18.973665237426758,16.155494689941406,13.892443656921387,11.661903381347656,11.313708305358887,10.0,9.433980941772461,9.433980941772461,9.433980941772461,8.062257766723633,7.211102485656738,4.242640495300293,3.0,0.0,3.0,3.0,6.324555397033691,6.7082037925720215,8.062257766723633,7.8102498054504395,7.8102498054504395,8.602325439453125,10.0,10.29563045501709,11.180339813232422,10.29563045501709,11.704699516296387,13.928388595581055,13.928388595581055,14.560219764709473,16.76305389404297,17.72004508972168,18.973665237426758,20.615528106689453,21.540658950805664,21.095022201538086,22.203603744506836
0,-51.0,-95,23,13,76.02631378173828,70.21395874023438,68.87670135498047,64.47480010986328,59.93329620361328,52.0,47.423622131347656,44.283180236816406,41.146080017089844,38.01315689086914,34.0,29.529645919799805,27.784887313842773,23.323806762695312,20.248456954956055,16.6433162689209,14.422204971313477,11.401754379272461,9.899495124816895,8.485280990600586,7.071067810058594,4.4721360206604,4.242640495300293,5.0,4.4721360206604,4.0,7.211102485656738,9.219544410705566,10.0,13.416407585144043,15.231546401977539,16.76305389404297,16.492422103881836,18.439088821411133,20.2237491607666,19.235383987426758,18.248287200927734,17.464248657226562,17.464248657226562,17.72004508972168,20.248456954956055,19.313207626342773,20.124610900878906,20.59126091003418,23.323806762695312,21.470911026000977,24.1867733001709,25.553865432739258,26.925823211669922,27.294687271118164,27.73084831237793,26.0
0,-51.0,-95,24,11,89.26925659179688,80.52328491210938,79.30951690673828,71.56814575195312,67.72000885009766,57.28001403808594,56.75385284423828,48.50773239135742,44.384681701660156,39.81205749511719,34.525352478027344,31.14482307434082,27.294687271118164,24.1867733001709,19.235383987426758,18.11077117919922,14.142135620117188,11.180339813232422,7.280109882354736,4.4721360206604,5.0,2.8284270763397217,3.1622776985168457,4.123105525970459,7.0,9.0,14.142135620117188,17.11724281311035,18.439088821411133,22.135944366455078,23.0867919921875,25.298221588134766,26.570659637451172,27.312999725341797,28.65309715270996,26.832815170288086,26.832815170288086,25.63201141357422,24.351591110229492,24.73863410949707,25.0,24.331050872802734,26.0,25.0,26.07680892944336,29.068883895874023,30.265491485595703,32.24903106689453,34.2344856262207,35.12833786010742,33.060550689697266,34.0
0,-50.0,-95,24,10,88.09085845947266,84.05355072021484,82.2192153930664,75.02666473388672,68.02940368652344,61.0,55.009090423583984,50.03998565673828,46.0,42.19004440307617,37.05401611328125,33.060550689697266,30.149627685546875,26.172504425048828,22.090721130371094,18.0,14.0,12.0,8.0,6.324555397033691,5.830951690673828,5.656854152679443,5.830951690673828,5.385164737701416,7.280109882354736,9.486832618713379,16.124515533447266,18.027755737304688,22.0,24.0,26.07680892944336,27.073972702026367,29.27456283569336,29.42787742614746,28.284271240234375,28.284271240234375,28.284271240234375,26.305892944335938,27.0,26.0,26.172504425048828,26.68332862854004,27.892650604248047,28.460498809814453,31.016124725341797,31.78049659729004,36.24913787841797,37.6961555480957,39.0,39.560081481933594,39.217342376708984,39.560081481933594
0,-50.0,-95,24,11,83.40863037109375,78.24320983886719,76.83749389648438,72.20111083984375,67.00746154785156,61.22091293334961,56.080299377441406,51.088157653808594,47.50789260864258,44.04542922973633,40.45985794067383,35.46829605102539,32.80244064331055,29.4108829498291,26.4007568359375,21.40093421936035,17.492855072021484,15.231546401977539,13.601470947265625,11.401754379272461,10.0,9.05538558959961,8.5440034866333,10.770329475402832,12.529964447021484,14.21267032623291,19.10497283935547,22.627416610717773,22.022714614868164,25.612497329711914,26.07680892944336,29.681644439697266,28.844409942626953,29.681644439697266,30.528675079345703,29.681644439697266,28.844409942626953,28.600698471069336,29.20616340637207,29.698484420776367,30.610456466674805,32.202484130859375,33.83784866333008,35.510562896728516,34.885528564453125,38.470767974853516,42.94182205200195,43.382022857666016,46.647613525390625,44.94440841674805,47.20169448852539,46.22769546508789
0,-49.0,-95,24,11,81.27114868164062,75.89466094970703,74.3303451538086,68.62215423583984,66.73080444335938,61.35144805908203,57.584720611572266,52.201534271240234,49.39635467529297,44.94440841674805,42.154476165771484,38.62641525268555,33.241539001464844,30.364452362060547,25.70992088317871,23.76972770690918,19.235383987426758,17.11724281311035,15.0,13.152946472167969,11.704699516296387,12.083045959472656,11.661903381347656,13.03840446472168,15.0,17.029386520385742,20.51828384399414,23.430749893188477,24.83948516845703,27.018512725830078,29.4108829498291,30.232433319091797,31.064449310302734,31.62277603149414,31.62277603149414,31.240999221801758,31.890438079833984,32.557640075683594,34.71310806274414,34.20526123046875,36.619667053222656,37.735923767089844,41.67733383178711,42.05948257446289,43.8292121887207,46.06517028808594,48.764739990234375,51.88448715209961,55.07267761230469,54.708316802978516,53.5350341796875,53.00943374633789
0,-49.0,-95,25,9,81.74349975585938,82.2800064086914,76.40026092529297,75.96051788330078,69.6419448852539,63.06346130371094,57.00876998901367,50.96076965332031,48.50773239135742,45.12205505371094,39.81205749511719,36.878177642822266,33.52610778808594,28.23118782043457,25.63201141357422,20.615528106689453,20.248456954956055,17.029386520385742,17.029386520385742,16.6433162689209,16.6433162689209,15.231546401977539,14.317821502685547,16.6433162689209,18.788293838500977,22.847318649291992,29.068883895874023,30.4138126373291,34.928497314453125,34.928497314453125,38.01315689086914,42.04759216308594,42.48529052734375,42.95346450805664,42.94182205200195,44.41846466064453,46.87216567993164,47.801673889160156,50.447994232177734,51.62363815307617,53.90732955932617,57.982757568359375,58.051700592041016,60.87692642211914,63.89052963256836,64.53681182861328,68.88395690917969,69.42621612548828,71.50524139404297,71.58910369873047,72.13875579833984,71.50524139404297
0,-48.0,-95,25,12,87.72685241699219,83.67198181152344,78.79086303710938,76.32168579101562,70.57620239257812,60.406951904296875,55.02726745605469,48.764739990234375,43.011627197265625,38.327537536621094,34.928497314453125,29.614185333251953,26.305892944335938,25.179357528686523,22.0,20.39607810974121,17.72004508972168,19.235383987426758,16.401220321655273,17.69180679321289,18.384777069091797,20.615528106689453,23.34523582458496,24.83948516845703,27.80287742614746,32.80244064331055,41.400482177734375,43.600460052490234,48.25971221923828,53.25410842895508,53.823787689208984,59.40538787841797,61.032779693603516,61.032779693603516,63.51377868652344,65.0,67.11929321289062,68.47627258300781,70.21395874023438,73.40980529785156,72.61542510986328,77.8331527709961,78.10890197753906,79.05693817138672,81.90848541259766,82.56512451171875,88.8875732421875,88.8875732421875,90.13877868652344,91.4166259765625,91.0,90.87353515625
0,-48.0,-95,25,18,89.14033508300781,80.09993743896484,73.06161499023438,65.19202423095703,55.081756591796875,45.09988784790039,36.0,30.01666259765625,22.090721130371094,18.681541442871094,13.928388595581055,6.4031243324279785,8.0,8.485280990600586,12.083045959472656,18.439088821411133,25.179357528686523,29.154760360717773,34.13209533691406,39.11521530151367,43.046485900878906,48.0,48.0,52.15361785888672,55.44366455078125,61.61168670654297,72.44998168945312,79.12016296386719,84.30895233154297,89.69392395019531,94.9210205078125,100.30453491210938,105.0047607421875,105.0047607421875,105.6219711303711,106.56922912597656,106.56922912597656,105.6219711303711,104.06248474121094,104.177734375,105.30906677246094,103.87010955810547,106.51290893554688,105.55093383789062,106.89247131347656,105.11898040771484,110.90987396240234,113.59577178955078,115.45128631591797,114.01753997802734,115.43396759033203,112.64102172851562
0,-49.0,-95,27,9,86.09297180175781,79.22752380371094,70.25667572021484,62.28964614868164,53.33854293823242,44.10215377807617,38.0,31.064449310302734,25.317977905273438,18.439088821411133,13.928388595581055,10.816654205322266,4.0,5.656854152679443,9.848857879638672,14.866068840026855,17.72004508972168,27.459060668945312,33.13608169555664,38.05259704589844,39.11521530151367,41.0,45.0,50.2493782043457,50.635955810546875,52.88667297363281,66.73080444335938,73.73601531982422,78.54934692382812,82.85529327392578,88.0227279663086,96.00521087646484,96.79875946044922,98.68130493164062,99.29753112792969,98.97979736328125,98.68130493164062,97.14422607421875,100.08995819091797,95.63471984863281,96.25486755371094,98.84330749511719,101.96568298339844,98.84330749511719,102.85912322998047,102.88343048095703,104.65657806396484,111.35977935791016,111.40017700195312,110.16805267333984,110.13627624511719,109.4805908203125
0,-47.0,-95,25,14,82.134033203125,76.48529052734375,70.72481536865234,64.38167572021484,56.58621597290039,50.20956039428711,45.27692413330078,40.45985794067383,35.80502700805664,30.870698928833008,26.925823211669922,23.53720474243164,23.0,20.880613327026367,21.095022201538086,21.931713104248047,28.301942825317383,29.96664810180664,35.46829605102539,39.84971618652344,44.0113639831543,46.840152740478516,47.53945541381836,51.97114562988281,53.600372314453125,56.32051086425781,65.12296295166016,71.02816009521484,75.0,78.025634765625,81.1541748046875,84.2911605834961,86.70063781738281,85.84288024902344,87.132080078125,86.14522552490234,84.85281372070312,84.01190185546875,83.86298370361328,81.88406372070312,80.8949966430664,82.03657531738281,83.86298370361328,80.7527084350586,79.76214599609375,78.91767883300781,82.56512451171875,84.92938232421875,85.14693450927734,86.12781524658203,86.03487396240234,83.77350616455078
0,-47.0,-95,24,12,75.80237579345703,72.94518280029297,62.96824645996094,63.24555206298828,57.688819885253906,53.5350341796875,47.88528060913086,45.17742919921875,41.146080017089844,36.400550842285156,35.44009017944336,32.38827133178711,29.068883895874023,26.0,26.476404190063477,25.298221588134766,26.07680892944336,27.20294189453125,29.698484420776367,33.241539001464844,36.12478256225586,36.400550842285156,38.41874694824219,40.224369049072266,45.0,44.10215377807617,49.39635467529297,49.73931884765625,54.708316802978516,52.47856521606445,57.14017868041992,60.20797348022461,58.8217658996582,59.81638717651367,61.84658432006836,58.2580451965332,59.54829788208008,57.384666442871094,55.973209381103516,55.973209381103516,52.32590103149414,54.488529205322266,49.51767349243164,50.2493782043457,49.57822036743164,48.08325958251953,49.51767349243164,50.2493782043457,50.2493782043457,50.6063232421875,49.40647888183594,48.87739944458008
0,-46.0,-95,22,12,70.34912872314453,64.49806213378906,61.66035842895508,56.88584899902344,54.34151077270508,47.07440948486328,45.89117431640625,41.59326934814453,37.48332977294922,34.13209533691406,32.06243896484375,31.0,28.07133674621582,26.305892944335938,24.73863410949707,25.63201141357422,25.079872131347656,27.294687271118164,25.238859176635742,26.4007568359375,28.600698471069336,29.832868576049805,30.0,30.479501724243164,30.479501724243164,29.73213768005371,30.4138126373291,32.557640075683594,31.890438079833984,34.71310806274414,33.241539001464844,35.38361358642578,36.06937789916992,36.12478256225586,36.2353401184082,35.80502700805664,34.4093017578125,32.75667953491211,32.24903106689453,30.01666259765625,30.886890411376953,27.294687271118164,27.73084831237793,24.1867733001709,23.706539154052734,22.825424194335938,23.323806762695312,24.1867733001709,24.1867733001709,22.847318649291992,22.847318649291992,22.135944366455078
0,-48.0,-95,22,8,59.53990173339844,56.56854248046875,53.93514633178711,52.17279052734375,46.57252502441406,42.44997024536133,38.327537536621094,35.1710090637207,31.78049659729004,30.4138126373291,27.294687271118164,25.079872131347656,25.01999282836914,24.020824432373047,22.090721130371094,22.56102752685547,21.840330123901367,22.135944366455078,22.472204208374023,22.847318649291992,23.409399032592773,22.472204208374023,21.931713104248047,23.25940704345703,22.847318649291992,21.470911026000977,20.248456954956055,20.808652877807617,21.40093421936035,22.022714614868164,22.803508758544922,23.430749893188477,24.20743751525879,23.600847244262695,24.698177337646484,23.853721618652344,23.323806762695312,23.25940704345703,21.931713104248047,21.540658950805664,19.313207626342773,18.027755737304688,16.155494689941406,16.552946090698242,15.65247631072998,14.764822959899902,14.764822959899902,15.65247631072998,14.764822959899902,15.231546401977539,16.155494689941406,14.560219764709473
0,-48.0,-95,22,7,59.36328887939453,56.93856430053711,53.0,50.537113189697266,46.06517028808594,43.46262741088867,39.0,35.34119415283203,32.202484130859375,30.4138126373291,29.96664810180664,26.419689178466797,25.806976318359375,24.20743751525879,22.671567916870117,21.21320343017578,21.260292053222656,21.260292053222656,22.203603744506836,21.40093421936035,21.40093421936035,20.808652877807617,20.0,19.72308349609375,18.867961883544922,18.027755737304688,15.65247631072998,14.560219764709473,16.278820037841797,15.524174690246582,16.278820037841797,17.11724281311035,18.11077117919922,18.11077117919922,19.416488647460938,18.439088821411133,19.646883010864258,18.027755737304688,18.027755737304688,18.384777069091797,15.231546401977539,16.155494689941406,15.81138801574707,13.928388595581055,13.0,12.649110794067383,12.369317054748535,13.601470947265625,13.928388595581055,14.866068840026855,12.649110794067383,14.317821502685547
0,-50.0,-95,22,7,56.4358024597168,55.73149871826172,50.48762130737305,50.0099983215332,44.14748001098633,41.48493576049805,37.10795211791992,33.95585250854492,31.78049659729004,29.42787742614746,27.294687271118164,26.305892944335938,25.079872131347656,24.020824432373047,21.0,20.02498435974121,19.10497283935547,18.248287200927734,19.416488647460938,18.439088821411133,17.464248657226562,17.464248657226562,15.29705810546875,15.524174690246582,14.560219764709473,13.34166431427002,11.180339813232422,9.433980941772461,8.485280990600586,9.433980941772461,10.29563045501709,11.704699516296387,12.083045959472656,13.928388595581055,13.416407585144043,13.416407585144043,14.317821502685547,13.892443656921387,13.892443656921387,13.892443656921387,12.529964447021484,12.529964447021484,11.180339813232422,10.29563045501709,11.180339813232422,11.180339813232422,9.848857879638672,11.704699516296387,10.770329475402832,11.180339813232422,11.180339813232422,11.180339813232422
0,-50.0,-95,21,12,57.48912811279297,53.90732955932617,50.990196228027344,48.10405349731445,44.55333709716797,40.31128692626953,38.20994567871094,35.38361358642578,33.970577239990234,30.4138126373291,29.73213768005371,27.018512725830078,24.20743751525879,22.203603744506836,20.808652877807617,19.72308349609375,17.0,17.0,14.317821502685547,13.928388595581055,13.0,12.649110794067383,11.704699516296387,10.770329475402832,9.486832618713379,7.6157732009887695,5.0,2.2360680103302,2.2360680103302,5.099019527435303,6.0,7.0,10.049875259399414,10.049875259399414,11.180339813232422,11.401754379272461,11.401754379272461,11.401754379272461,11.401754379272461,10.198039054870605,10.440306663513184,11.401754379272461,11.045360565185547,11.045360565185547,11.045360565185547,11.0,12.041594505310059,13.0,14.03566837310791,14.142135620117188,14.142135620117188,13.34166431427002
0,-49.0,-95,22,12,60.41522979736328,58.24946212768555,54.12947463989258,53.36665725708008,49.030601501464844,46.87216567993164,43.73785400390625,41.43669891357422,38.327537536621094,35.22782897949219,34.2344856262207,32.015621185302734,29.068883895874023,26.019224166870117,24.083189010620117,23.0,20.0,18.0,17.0,15.033296585083008,14.03566837310791,12.041594505310059,10.198039054870605,9.219544410705566,8.9442720413208,7.8102498054504395,8.5440034866333,10.049875259399414,12.0,12.649110794067383,13.416407585144043,14.764822959899902,15.81138801574707,15.620499610900879,15.620499610900879,16.278820037841797,16.278820037841797,16.970561981201172,17.69180679321289,17.69180679321289,18.384777069091797,19.10497283935547,19.209373474121094,19.209373474121094,19.209373474121094,20.0,21.40093421936035,23.430749893188477,23.34523582458496,23.34523582458496,24.041629791259766,23.430749893188477
0,-47.0,-95,25,8,76.6093978881836,78.00640869140625,73.49829864501953,74.06078338623047,68.818603515625,64.66065216064453,61.91122817993164,56.603885650634766,55.226806640625,49.39635467529297,47.70744323730469,46.14108657836914,43.046485900878906,40.8166618347168,39.408119201660156,34.98571014404297,35.80502700805664,30.0,33.42155075073242,30.4138126373291,30.4138126373291,31.14482307434082,30.610456466674805,33.970577239990234,36.12478256225586,38.41874694824219,44.40720748901367,46.04345703125,49.92995071411133,50.11985778808594,52.77309799194336,54.120235443115234,53.66563034057617,54.12947463989258,55.46169662475586,54.5618896484375,57.245086669921875,55.4707145690918,57.30619430541992,57.80138397216797,58.66856002807617,60.20797348022461,58.52349853515625,59.07622146606445,57.42821502685547,58.00862121582031,60.80295944213867,59.40538787841797,59.40538787841797,58.24946212768555,55.803226470947266,55.226806640625
0,-47.0,-95,25,10,74.32361602783203,72.44998168945312,67.97793579101562,65.79513549804688,63.976558685302734,59.09314727783203,55.54277801513672,51.429561614990234,51.078372955322266,43.46262741088867,41.231056213378906,41.62931823730469,39.0,36.400550842285156,34.48188018798828,35.902645111083984,33.95585250854492,33.541019439697266,32.140316009521484,33.060550689697266,33.0151481628418,34.01470184326172,36.013885498046875,38.05259704589844,41.04875183105469,46.04345703125,51.0,54.0,58.03447341918945,60.008331298828125,64.07027435302734,65.12296295166016,66.27216339111328,67.11929321289062,66.27216339111328,67.18630981445312,68.02940368652344,70.00714111328125,68.0,68.0,68.0,68.02940368652344,71.0633544921875,68.18357849121094,68.06614685058594,67.11929321289062,68.11754608154297,69.2603759765625,67.18630981445312,66.12110137939453,64.07027435302734,62.00806427001953
0,-47.0,-95,25,11,69.065185546875,68.06614685058594,64.03124237060547,59.13543701171875,54.230987548828125,50.2493782043457,43.5660400390625,42.57933807373047,38.327537536621094,34.71310806274414,32.557640075683594,31.400636672973633,30.364452362060547,30.08321762084961,29.529645919799805,29.154760360717773,28.42534065246582,29.832868576049805,31.14482307434082,33.241539001464844,33.970577239990234,37.48332977294922,37.53664779663086,42.44997024536133,45.27692413330078,48.91830062866211,58.728187561035156,61.61980056762695,68.62215423583984,69.3108901977539,75.66372680664062,76.3675308227539,79.30951690673828,78.51751708984375,81.39410400390625,79.98124694824219,83.48652648925781,79.19596099853516,77.78174591064453,78.51751708984375,77.10382843017578,78.64476776123047,78.24320983886719,78.4091796875,74.65252685546875,73.40980529785156,74.81310272216797,73.60027313232422,73.40980529785156,70.80254364013672,70.80254364013672,66.06814575195312
0,-47.0,-95,25,9,70.028564453125,61.073726654052734,59.03388977050781,51.15662384033203,50.48762130737305,44.283180236816406,38.327537536621094,34.71310806274414,32.75667953491211,28.861740112304688,24.698177337646484,23.76972770690918,23.853721618652344,21.40093421936035,20.808652877807617,22.022714614868164,22.825424194335938,24.698177337646484,27.85677719116211,30.675724029541016,32.015621185302734,32.893768310546875,34.78505325317383,40.853397369384766,44.0113639831543,47.92702865600586,57.384666442871094,63.50590515136719,68.02940368652344,71.69379425048828,73.00685119628906,76.69419860839844,79.47956085205078,79.37883758544922,78.77182006835938,81.93289947509766,77.6208724975586,75.7693862915039,76.05918884277344,74.24958038330078,73.35530090332031,72.06941223144531,75.47184753417969,69.1158447265625,69.3397445678711,67.67569732666016,70.45565795898438,70.43436431884766,72.20111083984375,69.40460968017578,67.62396240234375,66.0302963256836
0,-48.0,-95,25,7,59.53990173339844,51.88448715209961,51.0,44.283180236816406,41.62931823730469,34.01470184326172,29.529645919799805,23.76972770690918,20.880613327026367,20.248456954956055,15.132745742797852,12.0,11.045360565185547,8.062257766723633,11.401754379272461,11.704699516296387,14.142135620117188,16.0,18.11077117919922,23.0,22.022714614868164,27.018512725830078,29.068883895874023,32.24903106689453,36.49657440185547,40.607879638671875,49.24428939819336,55.31726837158203,56.08921432495117,63.150611877441406,63.639610290527344,67.60177612304688,68.59300231933594,67.36467742919922,70.45565795898438,70.57620239257812,67.89698028564453,65.37583923339844,65.76473236083984,64.77654266357422,66.0984115600586,61.61168670654297,65.0,60.16643524169922,63.89052963256836,62.62587356567383,65.55150604248047,65.55150604248047,69.28924560546875,69.28924560546875,68.00735473632812,66.48307800292969
0,-47.0,-95,23,13,52.239830017089844,48.166378021240234,45.27692413330078,42.10700607299805,37.121421813964844,31.256999969482422,27.166154861450195,24.1867733001709,20.39607810974121,17.0880069732666,13.0,9.433980941772461,7.211102485656738,5.385164737701416,4.123105525970459,7.211102485656738,9.433980941772461,10.770329475402832,13.601470947265625,14.560219764709473,16.492422103881836,18.439088821411133,20.02498435974121,23.0867919921875,24.083189010620117,26.68332862854004,34.928497314453125,38.897300720214844,41.761226654052734,46.173583984375,47.53945541381836,50.0099983215332,52.95280838012695,52.77309799194336,52.77309799194336,54.918121337890625,54.34151077270508,51.97114562988281,52.95280838012695,50.990196228027344,52.95280838012695,51.41984176635742,52.63079071044922,51.92301940917969,54.120235443115234,53.851646423339844,56.32051086425781,57.723480224609375,59.66573715209961,60.41522979736328,59.84145736694336,59.304298400878906
0,-48.0,-95,23,9,55.31726837158203,51.22499465942383,48.10405349731445,44.821868896484375,41.72529220581055,37.013511657714844,32.557640075683594,30.4138126373291,26.172504425048828,22.203603744506836,22.472204208374023,17.8885440826416,17.464248657226562,14.142135620117188,13.03840446472168,12.165525436401367,13.0,13.03840446472168,14.866068840026855,15.620499610900879,16.124515533447266,18.788293838500977,17.0880069732666,17.464248657226562,19.10497283935547,21.02379608154297,25.079872131347656,27.459060668945312,30.4138126373291,32.557640075683594,35.510562896728516,39.458839416503906,39.31920623779297,41.30375289916992,42.19004440307617,41.19466018676758,42.04759216308594,42.10700607299805,42.19004440307617,42.19004440307617,43.185646057128906,42.19004440307617,46.389652252197266,42.42640686035156,45.27692413330078,45.27692413330078,49.162994384765625,50.0099983215332,51.0,50.03998565673828,51.4781494140625,50.0099983215332
0,-47.0,-95,22,10,58.24946212768555,54.918121337890625,52.77309799194336,49.497474670410156,45.39823913574219,39.31920623779297,36.34556198120117,33.37664031982422,30.5941162109375,27.658634185791016,25.0,21.540658950805664,19.697715759277344,17.492855072021484,15.81138801574707,12.727922439575195,10.816654205322266,11.180339813232422,11.180339813232422,13.03840446472168,13.03840446472168,13.03840446472168,13.152946472167969,13.34166431427002,13.601470947265625,13.892443656921387,14.142135620117188,16.401220321655273,18.027755737304688,20.59126091003418,21.954498291015625,24.1867733001709,26.07680892944336,26.925823211669922,28.301942825317383,28.301942825317383,29.154760360717773,28.017850875854492,29.4108829498291,28.844409942626953,29.681644439697266,29.681644439697266,30.805843353271484,29.681644439697266,29.4108829498291,30.0,31.400636672973633,31.240999221801758,32.649654388427734,31.827661514282227,30.4138126373291,30.610456466674805
0,-49.0,-95,21,13,60.8276252746582,57.697486877441406,55.03635025024414,52.92447280883789,48.46648406982422,42.72002029418945,39.560081481933594,35.46829605102539,32.31098937988281,29.546573638916016,26.832815170288086,23.706539154052734,22.825424194335938,19.416488647460938,17.20465087890625,14.142135620117188,11.401754379272461,10.29563045501709,10.440306663513184,11.180339813232422,11.045360565185547,11.0,10.198039054870605,10.198039054870605,9.486832618713379,8.062257766723633,8.062257766723633,8.062257766723633,10.440306663513184,12.041594505310059,13.03840446472168,16.031219482421875,18.027755737304688,19.02629852294922,20.099750518798828,20.099750518798828,22.090721130371094,21.21320343017578,21.3775577545166,21.3775577545166,22.203603744506836,21.3775577545166,21.3775577545166,22.203603744506836,21.21320343017578,21.3775577545166,22.203603744506836,22.360679626464844,22.360679626464844,22.56102752685547,22.803508758544922,22.472204208374023
0,-52.0,-95,26,9,83.16850280761719,79.4040298461914,78.16009521484375,73.38937377929688,69.57010650634766,62.62587356567383,61.09828186035156,54.08327102661133,52.39274597167969,49.648765563964844,45.31004333496094,42.154476165771484,39.924930572509766,35.7770881652832,34.98571014404297,32.202484130859375,28.319604873657227,26.172504425048828,21.931713104248047,21.260292053222656,18.027755737304688,18.027755737304688,18.027755737304688,14.866068840026855,16.278820037841797,19.72308349609375,24.166091918945312,27.294687271118164,29.068883895874023,30.886890411376953,31.906112670898438,34.98571014404297,37.44329071044922,35.510562896728516,32.649654388427734,33.541019439697266,31.62277603149414,30.675724029541016,32.015621185302734,29.42787742614746,33.0151481628418,35.0142822265625,36.34556198120117,38.832977294921875,43.17406463623047,44.643028259277344,50.0,52.39274597167969,54.81787872314453,55.785301208496094,57.48912811279297,56.718605041503906
0,-52.0,-95,25,14,88.00568389892578,82.00609588623047,80.0062484741211,76.0,71.0,65.0,61.0,57.00876998901367,53.0,50.0099983215332,46.04345703125,45.09988784790039,40.4474983215332,37.656341552734375,32.98484420776367,33.241539001464844,30.463092803955078,25.495098114013672,23.323806762695312,21.63330841064453,18.601076126098633,17.804492950439453,16.401220321655273,16.155494689941406,18.027755737304688,19.416488647460938,25.179357528686523,26.172504425048828,29.154760360717773,32.38827133178711,34.36568069458008,36.67424011230469,36.49657440185547,35.510562896728516,34.525352478027344,32.24903106689453,32.06243896484375,33.0151481628418,32.06243896484375,32.557640075683594,30.805843353271484,34.1760139465332,36.715118408203125,38.832977294921875,41.400482177734375,46.22769546508789,50.447994232177734,55.803226470947266,57.20139694213867,59.36328887939453,59.36328887939453,59.16925048828125
0,-51.0,-95,27,11,84.95881652832031,77.98717498779297,76.48529052734375,70.60453033447266,68.818603515625,61.91122817993164,60.0333251953125,55.07267761230469,52.801513671875,50.15974426269531,50.59644317626953,48.50773239135742,47.07440948486328,44.72135925292969,44.0113639831543,44.0,40.31128692626953,42.42640686035156,38.63935852050781,38.327537536621094,37.10795211791992,33.734256744384766,32.38827133178711,32.015621185302734,31.400636672973633,31.78049659729004,39.39543151855469,45.650848388671875,48.87739944458008,51.62363815307617,53.33854293823242,56.93856430053711,58.830265045166016,56.603885650634766,54.20331954956055,53.15073013305664,53.037723541259766,53.81449508666992,55.803226470947266,54.37830352783203,56.859474182128906,58.18934631347656,67.05221557617188,67.46851348876953,71.58910369873047,76.48529052734375,82.76472473144531,88.6453628540039,93.17188262939453,90.24411010742188,90.70832061767578,93.30059051513672
0,-48.0,-95,27,12,32.80244064331055,24.83948516845703,23.34523582458496,16.155494689941406,14.03566837310791,13.03840446472168,15.65247631072998,20.615528106689453,25.0,32.015621185302734,38.20994567871094,43.73785400390625,47.85394287109375,51.41984176635742,56.04462432861328,61.400325775146484,62.93647766113281,64.8459701538086,65.14598846435547,66.73080444335938,65.78753662109375,63.89052963256836,61.13100814819336,59.84145736694336,61.52235412597656,62.00806427001953,68.88395690917969,75.31268310546875,78.33900451660156,83.93450164794922,83.19855499267578,88.32327270507812,87.80091094970703,89.9888916015625,91.0933609008789,92.6552734375,91.4166259765625,90.82400512695312,92.30926513671875,93.471923828125,98.83824920654297,98.48857879638672,101.71037292480469,101.87246704101562,105.68821716308594,107.70329284667969,114.73883056640625,118.20744323730469,122.54386901855469,123.06502532958984,122.19656372070312,123.32882690429688
0,-47.0,-95,25,14,39.84971618652344,33.83784866333008,31.575305938720703,24.083189010620117,19.10497283935547,16.155494689941406,17.69180679321289,21.095022201538086,25.298221588134766,31.575305938720703,34.525352478027344,38.470767974853516,43.185646057128906,45.09988784790039,50.08992004394531,53.037723541259766,53.0,56.035701751708984,58.03447341918945,60.13318634033203,58.13776779174805,58.03447341918945,56.00892639160156,56.035701751708984,57.21887969970703,54.918121337890625,61.032779693603516,62.032249450683594,65.55150604248047,67.11929321289062,69.85699462890625,73.9256362915039,75.1531753540039,75.23961639404297,77.47257232666016,76.967529296875,77.38862609863281,78.26238250732422,80.0624771118164,81.41252899169922,80.52949523925781,82.36504364013672,86.35391998291016,85.95928955078125,87.70974731445312,89.44271850585938,94.81033325195312,97.69339752197266,98.4327163696289,101.19288635253906,102.1077880859375,100.28459167480469
0,-46.0,-95,23,12,47.53945541381836,44.384681701660156,39.84971618652344,36.769554138183594,34.01470184326172,30.4138126373291,29.4108829498291,30.4138126373291,30.4138126373291,29.681644439697266,31.906112670898438,33.12099075317383,33.241539001464844,34.1760139465332,35.11410140991211,38.327537536621094,38.07886505126953,39.293766021728516,38.63935852050781,40.607879638671875,40.79215621948242,40.607879638671875,38.832977294921875,40.199501037597656,38.11823654174805,38.01315689086914,39.11521530151367,41.59326934814453,41.773197174072266,44.384681701660156,45.35416030883789,49.47726821899414,51.195701599121094,52.17279052734375,52.17279052734375,51.788028717041016,52.77309799194336,51.62363815307617,52.611785888671875,52.77309799194336,53.46026611328125,53.600372314453125,53.600372314453125,52.46903991699219,54.451812744140625,55.226806640625,58.13776779174805,61.00819778442383,61.00819778442383,62.07253646850586,61.98386764526367,61.61168670654297
0,-45.0,-95,21,11,43.931766510009766,41.773197174072266,39.051246643066406,37.85498809814453,33.95585250854492,33.241539001464844,31.62277603149414,29.546573638916016,29.546573638916016,27.784887313842773,28.301942825317383,28.017850875854492,27.018512725830078,26.90724754333496,26.870058059692383,27.58622932434082,27.658634185791016,27.658634185791016,30.0,30.0,29.20616340637207,29.4108829498291,28.42534065246582,29.4108829498291,28.301942825317383,26.925823211669922,28.635643005371094,29.154760360717773,31.016124725341797,31.016124725341797,33.52610778808594,35.11410140991211,36.400550842285156,36.769554138183594,37.57658767700195,37.121421813964844,37.58989334106445,37.2155876159668,36.359317779541016,36.359317779541016,34.4093017578125,34.4093017578125,34.4093017578125,33.60059356689453,32.80244064331055,32.80244064331055,33.30165100097656,34.058773040771484,34.65544509887695,36.12478256225586,35.0,35.510562896728516
0,-44.0,-95,20,9,40.26164245605469,38.832977294921875,36.878177642822266,37.656341552734375,33.541019439697266,31.78049659729004,29.832868576049805,27.658634185791016,28.160255432128906,27.20294189453125,25.63201141357422,26.0,26.0,24.59674835205078,24.59674835205078,24.698177337646484,23.853721618652344,23.853721618652344,25.806976318359375,25.806976318359375,25.238859176635742,25.806976318359375,24.413110733032227,24.20743751525879,24.20743751525879,22.803508758544922,22.671567916870117,23.34523582458496,23.34523582458496,23.34523582458496,24.041629791259766,25.45584487915039,26.172504425048828,26.172504425048828,26.172504425048828,25.495098114013672,24.83948516845703,26.4007568359375,25.0,25.0,23.853721618652344,23.323806762695312,24.698177337646484,23.323806762695312,22.825424194335938,21.470911026000977,22.360679626464844,23.25940704345703,22.847318649291992,23.409399032592773,23.76972770690918,24.331050872802734
0,-45.0,-95,20,7,41.72529220581055,39.623226165771484,38.897300720214844,36.79673767089844,36.12478256225586,32.649654388427734,31.14482307434082,31.14482307434082,29.73213768005371,29.0,28.319604873657227,26.870058059692383,26.172504425048828,25.495098114013672,23.430749893188477,23.600847244262695,23.021728515625,23.853721618652344,24.1867733001709,24.1867733001709,24.698177337646484,25.553865432739258,24.413110733032227,23.853721618652344,23.600847244262695,22.803508758544922,20.808652877807617,20.248456954956055,20.248456954956055,20.248456954956055,19.72308349609375,19.72308349609375,21.02379608154297,19.72308349609375,19.72308349609375,20.248456954956055,20.248456954956055,19.416488647460938,18.601076126098633,18.601076126098633,17.029386520385742,17.029386520385742,17.029386520385742,14.866068840026855,14.866068840026855,14.866068840026855,15.55634880065918,15.55634880065918,16.278820037841797,16.278820037841797,16.401220321655273,15.81138801574707
0,-46.0,-95,21,6,38.01315689086914,38.27531814575195,36.055511474609375,34.98571014404297,34.13209533691406,32.75667953491211,31.38471031188965,30.01666259765625,29.529645919799805,27.459060668945312,27.459060668945312,26.62705421447754,25.0,24.20743751525879,24.20743751525879,24.083189010620117,24.083189010620117,23.430749893188477,24.041629791259766,23.34523582458496,24.083189010620117,24.083189010620117,23.430749893188477,23.430749893188477,23.430749893188477,23.021728515625,20.248456954956055,19.416488647460938,18.027755737304688,18.027755737304688,17.20465087890625,15.81138801574707,16.401220321655273,15.81138801574707,16.6433162689209,15.81138801574707,15.264337539672852,13.892443656921387,14.317821502685547,13.416407585144043,12.083045959472656,11.704699516296387,10.29563045501709,9.486832618713379,8.5440034866333,7.6157732009887695,8.062257766723633,7.8102498054504395,7.8102498054504395,8.602325439453125,8.062257766723633,8.5440034866333
0,-47.0,-95,22,9,47.381431579589844,45.27692413330078,48.10405349731445,46.75468063354492,45.27692413330078,42.44997024536133,41.72529220581055,40.31128692626953,39.623226165771484,38.20994567871094,38.20994567871094,36.878177642822266,36.2353401184082,35.0,34.4093017578125,34.48188018798828,32.649654388427734,33.12099075317383,33.541019439697266,34.438350677490234,34.885528564453125,35.7770881652832,34.48188018798828,34.98571014404297,34.66987228393555,33.0151481628418,29.4108829498291,29.20616340637207,27.20294189453125,25.0,24.20743751525879,23.430749893188477,22.022714614868164,20.51828384399414,18.439088821411133,18.384777069091797,16.970561981201172,16.401220321655273,15.81138801574707,13.416407585144043,11.661903381347656,9.486832618713379,9.219544410705566,6.082762718200684,5.0,3.1622776985168457,1.4142135381698608,1.0,1.4142135381698608,2.0,3.0,3.1622776985168457
0,-51.0,-95,27,8,89.005615234375,84.9705810546875,82.85529327392578,78.79086303710938,71.51223754882812,65.19202423095703,58.52349853515625,56.08921432495117,50.635955810546875,44.0113639831543,43.0,37.121421813964844,33.734256744384766,31.016124725341797,26.4007568359375,26.4007568359375,22.671567916870117,24.1867733001709,23.76972770690918,26.68332862854004,29.27456283569336,31.256999969482422,33.37664031982422,37.121421813964844,38.470767974853516,39.623226165771484,41.1096076965332,39.84971618652344,38.62641525268555,42.48529052734375,39.4461669921875,39.66106414794922,41.34005355834961,41.04875183105469,43.046485900878906,47.16990661621094,50.6063232421875,50.774009704589844,53.823787689208984,58.24946212768555,62.68173599243164,65.19202423095703,72.00694274902344,72.80110168457031,76.216796875,77.98717498779297,82.8070068359375,82.75868225097656,88.41380310058594,87.86353302001953,86.68333435058594,85.0
0,-48.0,-95,25,12,43.185646057128906,37.48332977294922,34.058773040771484,29.4108829498291,25.553865432739258,24.041629791259766,23.0,23.0867919921875,24.041629791259766,26.925823211669922,28.65309715270996,30.805843353271484,32.015621185302734,35.35533905029297,36.12478256225586,40.607879638671875,42.8018684387207,41.400482177734375,42.43819046020508,43.8292121887207,41.88078308105469,40.31128692626953,37.121421813964844,37.6961555480957,37.0,33.734256744384766,35.12833786010742,37.656341552734375,40.52159881591797,42.154476165771484,46.2385139465332,48.754486083984375,50.537113189697266,51.4781494140625,53.25410842895508,55.803226470947266,59.40538787841797,61.84658432006836,65.19202423095703,68.01470184326172,72.18032836914062,77.077880859375,82.03657531738281,84.17243957519531,88.41380310058594,90.68627166748047,98.71676635742188,101.212646484375,104.62313079833984,105.47511291503906,109.56732940673828,109.00458526611328
0,-46.0,-95,23,12,51.788028717041016,48.50773239135742,45.17742919921875,42.19004440307617,38.01315689086914,35.0142822265625,33.13608169555664,33.541019439697266,32.015621185302734,33.241539001464844,33.105892181396484,33.2866325378418,35.608985900878906,38.28837966918945,38.28837966918945,39.623226165771484,41.72529220581055,41.72529220581055,43.84062194824219,44.55333709716797,43.13930892944336,43.863426208496094,40.360870361328125,39.623226165771484,37.53664779663086,36.12478256225586,34.13209533691406,35.35533905029297,34.928497314453125,35.11410140991211,35.11410140991211,36.68787384033203,38.60051727294922,38.327537536621094,39.051246643066406,38.470767974853516,39.31920623779297,40.199501037597656,42.10700607299805,43.011627197265625,45.0111083984375,47.0,51.0,52.0,55.03635025024414,57.07889175415039,63.3876953125,66.0984115600586,68.65857696533203,71.47027587890625,71.69379425048828,72.94518280029297
0,-46.0,-95,22,10,50.447994232177734,49.20365905761719,46.097721099853516,45.45327377319336,40.607879638671875,39.051246643066406,36.12478256225586,34.65544509887695,33.30165100097656,31.400636672973633,33.0151481628418,32.4499626159668,31.764760971069336,34.438350677490234,34.01470184326172,34.539833068847656,35.46829605102539,35.84689712524414,37.336307525634766,38.07886505126953,36.24913787841797,37.161808013916016,34.885528564453125,35.34119415283203,34.885528564453125,32.69556427001953,30.463092803955078,29.73213768005371,30.364452362060547,29.120439529418945,28.861740112304688,28.635643005371094,28.635643005371094,28.44292449951172,28.635643005371094,27.658634185791016,28.284271240234375,27.073972702026367,28.017850875854492,28.0,28.017850875854492,30.0,31.064449310302734,32.015621185302734,34.01470184326172,36.0,39.0,42.10700607299805,43.416587829589844,46.097721099853516,47.434165954589844,47.85394287109375
0,-46.0,-95,22,8,51.4781494140625,50.56678771972656,46.51881408691406,46.52956008911133,42.94182205200195,40.24922180175781,39.81205749511719,36.400550842285156,36.055511474609375,33.52610778808594,34.928497314453125,34.525352478027344,33.541019439697266,34.2344856262207,35.22782897949219,36.055511474609375,37.013511657714844,36.055511474609375,38.05259704589844,38.05259704589844,39.20458984375,39.31920623779297,38.327537536621094,38.327537536621094,38.63935852050781,36.67424011230469,32.98484420776367,31.048349380493164,29.832868576049805,26.68332862854004,25.961509704589844,26.68332862854004,25.495098114013672,23.34523582458496,23.34523582458496,22.203603744506836,21.095022201538086,20.099750518798828,18.027755737304688,18.0,17.029386520385742,18.248287200927734,16.492422103881836,18.973665237426758,20.248456954956055,21.540658950805664,23.409399032592773,26.248809814453125,29.120439529418945,29.614185333251953,33.13608169555664,33.0151481628418
0,-47.0,-95,23,6,54.918121337890625,53.36665725708008,50.21951675415039,49.72926712036133,45.35416030883789,44.14748001098633,40.79215621948242,39.623226165771484,39.31920623779297,36.12478256225586,38.05259704589844,37.0,36.013885498046875,36.055511474609375,37.121421813964844,37.48332977294922,38.832977294921875,39.623226165771484,39.81205749511719,41.773197174072266,42.42640686035156,44.40720748901367,42.04759216308594,43.046485900878906,42.0,41.01219177246094,37.121421813964844,33.241539001464844,32.24903106689453,30.149627685546875,28.635643005371094,26.305892944335938,24.331050872802734,22.203603744506836,21.095022201538086,19.10497283935547,18.027755737304688,15.132745742797852,14.142135620117188,12.0,12.041594505310059,9.486832618713379,8.9442720413208,10.630146026611328,10.630146026611328,12.806248664855957,15.81138801574707,18.027755737304688,20.615528106689453,21.931713104248047,23.430749893188477,24.1867733001709
0,-48.0,-95,24,10,74.96665954589844,70.85901641845703,71.19690704345703,66.75328063964844,63.95310592651367,58.051700592041016,54.5710563659668,52.201534271240234,50.9215087890625,51.62363815307617,48.754486083984375,47.50789260864258,49.39635467529297,49.40647888183594,49.81967544555664,50.93132781982422,50.91168975830078,53.037723541259766,56.58621597290039,57.28001403808594,57.982757568359375,60.87692642211914,59.03388977050781,60.30754470825195,61.032779693603516,56.603885650634766,52.35456085205078,50.08992004394531,44.777225494384766,42.154476165771484,38.27531814575195,36.400550842285156,32.280025482177734,30.08321762084961,28.635643005371094,24.331050872802734,22.090721130371094,19.0,15.0,12.041594505310059,8.246211051940918,4.4721360206604,2.8284270763397217,2.8284270763397217,5.0,9.0,12.165525436401367,14.317821502685547,16.124515533447266,17.804492950439453,19.84943389892578,20.615528106689453
0,-49.0,-95,26,10,93.14505004882812,86.40023040771484,87.28115844726562,80.95677947998047,77.8331527709961,70.38465881347656,67.5351791381836,64.49806213378906,62.12889862060547,61.717098236083984,61.52235412597656,58.898216247558594,60.74536895751953,60.0333251953125,58.600341796875,62.96824645996094,60.728904724121094,65.25334930419922,67.26811981201172,72.03471374511719,73.49829864501953,74.46475982666016,74.72616577148438,77.20103454589844,74.3303451538086,71.69379425048828,64.41273498535156,61.91122817993164,58.30952072143555,54.64430618286133,48.27007293701172,44.68780517578125,43.863426208496094,39.69886779785156,37.80211639404297,37.2155876159668,35.34119415283203,33.83784866333008,32.557640075683594,32.015621185302734,35.05709457397461,34.71310806274414,34.1760139465332,37.121421813964844,38.832977294921875,39.623226165771484,39.824615478515625,38.832977294921875,43.416587829589844,43.46262741088867,43.32435989379883,43.416587829589844
0,-50.0,-95,27,10,96.40020751953125,88.60022735595703,83.21658325195312,76.85050201416016,67.74215698242188,59.53990173339844,55.54277801513672,47.434165954589844,45.54119110107422,44.04542922973633,42.01190185546875,40.607879638671875,40.52159881591797,37.161808013916016,38.587562561035156,38.41874694824219,37.53664779663086,36.06937789916992,38.20994567871094,36.79673767089844,35.46829605102539,31.400636672973633,27.58622932434082,24.413110733032227,17.20465087890625,11.180339813232422,8.062257766723633,13.152946472167969,21.0,24.0,31.064449310302734,35.12833786010742,39.31920623779297,42.7551155090332,46.3249397277832,47.801673889160156,54.08327102661133,58.30952072143555,65.0,71.58910369873047,76.92203521728516,81.85963439941406,91.23595428466797,93.10746765136719,98.61541748046875,103.24727630615234,108.78418731689453,115.13470458984375,118.84864044189453,124.19742584228516,124.7798080444336,122.40914916992188
0,-50.0,-95,27,10,95.13148498535156,85.14693450927734,81.02468872070312,71.00704193115234,66.0,57.07889175415039,49.648765563964844,46.57252502441406,43.46262741088867,39.357337951660156,40.607879638671875,38.20994567871094,37.013511657714844,34.98571014404297,34.438350677490234,37.36308288574219,36.67424011230469,35.510562896728516,34.2344856262207,35.0,34.13209533691406,31.0,27.073972702026367,23.0,17.11724281311035,12.165525436401367,10.0,14.560219764709473,19.235383987426758,24.413110733032227,30.0,34.828147888183594,37.80211639404297,42.52058410644531,47.381431579589844,50.2493782043457,54.20331954956055,58.600341796875,62.12889862060547,69.1158447265625,76.27581787109375,79.92496490478516,89.35882568359375,90.13877868652344,95.44107818603516,100.0,108.23123168945312,112.92918395996094,119.00420379638672,118.82760620117188,121.82774353027344,120.42009735107422
0,-48.0,-95,24,13,74.40430450439453,68.00735473632812,64.03124237060547,61.22091293334961,57.48912811279297,51.7397346496582,50.2493782043457,47.50789260864258,45.80392837524414,44.94440841674805,44.41846466064453,43.90899658203125,43.46262741088867,43.65776062011719,42.72002029418945,42.44997024536133,42.20189666748047,42.20189666748047,43.416587829589844,44.55333709716797,41.59326934814453,43.28972244262695,38.832977294921875,37.48332977294922,35.35533905029297,32.24903106689453,29.068883895874023,27.658634185791016,29.4108829498291,28.635643005371094,31.38471031188965,33.2866325378418,35.22782897949219,35.22782897949219,35.80502700805664,37.013511657714844,35.46829605102539,38.897300720214844,41.03656768798828,43.27817153930664,45.45327377319336,48.60041046142578,54.20331954956055,55.44366455078125,59.54829788208008,62.28964614868164,67.88224792480469,73.10950469970703,76.02631378173828,78.03204345703125,78.29431915283203,80.65357971191406
0,-46.0,-95,22,14,61.00819778442383,60.008331298828125,54.00925827026367,56.0,49.0,49.0,47.01063537597656,44.0113639831543,42.04759216308594,39.20458984375,41.1096076965332,38.470767974853516,37.656341552734375,37.10795211791992,37.36308288574219,37.0,37.947330474853516,36.055511474609375,37.6961555480957,37.6961555480957,37.947330474853516,37.336307525634766,35.44009017944336,35.735137939453125,34.48188018798828,33.241539001464844,31.016124725341797,29.546573638916016,28.635643005371094,27.73084831237793,28.65309715270996,28.301942825317383,26.925823211669922,27.459060668945312,27.459060668945312,26.925823211669922,26.62705421447754,24.20743751525879,25.495098114013672,26.870058059692383,26.172504425048828,29.73213768005371,29.832868576049805,31.240999221801758,33.30165100097656,33.970577239990234,38.18376541137695,41.03656768798828,42.01190185546875,45.486263275146484,46.52956008911133,47.16990661621094
0,-46.0,-95,22,11,59.03388977050781,56.22277069091797,54.81787872314453,53.00943374633789,50.80354309082031,47.20169448852539,45.607017517089844,43.416587829589844,42.01190185546875,41.231056213378906,39.69886779785156,38.897300720214844,38.897300720214844,38.20994567871094,36.06937789916992,36.2353401184082,37.013511657714844,36.400550842285156,37.202152252197266,37.80211639404297,37.64305877685547,39.051246643066406,36.79673767089844,36.878177642822266,36.06937789916992,34.65544509887695,30.4138126373291,29.0,29.0,26.870058059692383,25.495098114013672,24.041629791259766,22.627416610717773,21.21320343017578,19.79899024963379,18.439088821411133,15.620499610900879,14.866068840026855,13.892443656921387,13.416407585144043,12.369317054748535,14.142135620117188,14.03566837310791,16.0,17.0,19.02629852294922,21.0,23.0,25.01999282836914,26.172504425048828,27.892650604248047,27.85677719116211
0,-48.0,-95,24,11,93.98403930664062,93.04837799072266,90.13877868652344,88.60022735595703,83.93450164794922,77.6208724975586,74.67261505126953,70.22820281982422,68.3081283569336,65.25334930419922,64.76110076904297,60.20797348022461,59.6824951171875,56.14267349243164,55.226806640625,52.009613037109375,51.0,50.03998565673828,50.35871505737305,50.2493782043457,50.2493782043457,50.48762130737305,49.09175109863281,49.36598205566406,48.041648864746094,46.010868072509766,41.04875183105469,38.05259704589844,35.12833786010742,31.14482307434082,29.42787742614746,26.476404190063477,24.73863410949707,19.92485809326172,19.235383987426758,16.6433162689209,17.029386520385742,13.892443656921387,11.704699516296387,13.0,14.03566837310791,14.866068840026855,14.422204971313477,17.69180679321289,20.0,21.931713104248047,25.0,26.305892944335938,29.0,31.064449310302734,31.78049659729004,32.572994232177734
0,-50.0,-95,26,9,114.85643005371094,109.04127502441406,106.23088073730469,100.95543670654297,94.03190612792969,86.8216552734375,79.25907135009766,75.58438873291016,69.35416412353516,64.51356506347656,61.35144805908203,58.46366500854492,53.75872039794922,50.35871505737305,47.095645904541016,46.0,42.04759216308594,39.458839416503906,38.327537536621094,38.327537536621094,37.64305877685547,38.897300720214844,36.68787384033203,35.44009017944336,33.734256744384766,31.400636672973633,26.019224166870117,23.34523582458496,22.472204208374023,19.697715759277344,19.84943389892578,19.84943389892578,20.808652877807617,21.02379608154297,21.931713104248047,23.76972770690918,26.570659637451172,32.015621185302734,33.541019439697266,39.458839416503906,42.42640686035156,47.26520919799805,52.038448333740234,53.037723541259766,57.0,61.13100814819336,65.27633666992188,67.89698028564453,70.8307876586914,71.47027587890625,71.86793518066406,70.68238830566406
0,-50.0,-95,25,14,98.81295776367188,94.04785919189453,87.00574493408203,80.80223083496094,74.20242309570312,63.60031509399414,58.898216247558594,52.345008850097656,48.08325958251953,41.231056213378906,39.051246643066406,33.0151481628418,29.068883895874023,25.079872131347656,22.56102752685547,20.2237491607666,17.029386520385742,16.031219482421875,15.231546401977539,13.416407585144043,12.529964447021484,11.401754379272461,9.219544410705566,6.4031243324279785,1.4142135381698608,2.0,12.083045959472656,18.973665237426758,22.803508758544922,28.160255432128906,31.575305938720703,36.67424011230469,39.051246643066406,39.81205749511719,40.607879638671875,43.17406463623047,45.607017517089844,46.173583984375,48.46648406982422,52.801513671875,56.36488342285156,59.9416389465332,65.29930877685547,64.88451385498047,71.11962127685547,72.44998168945312,78.29431915283203,83.77350616455078,83.81526947021484,85.72631072998047,85.86617279052734,85.32877349853516
0,-48.0,-95,24,11,70.1783447265625,65.85590362548828,60.14149856567383,56.58621597290039,49.51767349243164,44.59820556640625,39.20458984375,35.22782897949219,32.75667953491211,29.529645919799805,26.570659637451172,25.0,23.194826126098633,21.0,21.3775577545166,21.540658950805664,22.360679626464844,24.1867733001709,24.413110733032227,24.83948516845703,24.83948516845703,25.45584487915039,26.172504425048828,25.238859176635742,26.07680892944336,26.4007568359375,31.048349380493164,33.541019439697266,37.2155876159668,38.327537536621094,41.59326934814453,43.5660400390625,45.89117431640625,44.9110221862793,47.85394287109375,46.57252502441406,47.29693603515625,44.9110221862793,45.89117431640625,44.72135925292969,46.52956008911133,48.3735466003418,50.48762130737305,50.35871505737305,51.4781494140625,53.75872039794922,57.27128601074219,58.46366500854492,60.16643524169922,61.6846809387207,63.56099319458008,63.1347770690918
0,-47.0,-95,22,14,71.56116485595703,67.95587158203125,66.37017059326172,62.64982223510742,56.82429122924805,51.429561614990234,50.6063232421875,45.27692413330078,45.486263275146484,42.72002029418945,41.400482177734375,39.824615478515625,38.20994567871094,38.897300720214844,37.53664779663086,37.80211639404297,38.60051727294922,38.01315689086914,39.11521530151367,40.224369049072266,39.66106414794922,40.224369049072266,39.66106414794922,39.96248245239258,40.224369049072266,37.735923767089844,38.94868469238281,39.824615478515625,38.94868469238281,38.910152435302734,39.4461669921875,42.19004440307617,40.49691390991211,40.49691390991211,41.400482177734375,39.824615478515625,37.013511657714844,36.12478256225586,33.241539001464844,33.30165100097656,29.73213768005371,29.068883895874023,28.319604873657227,27.018512725830078,27.80287742614746,26.62705421447754,28.017850875854492,27.80287742614746,29.20616340637207,29.4108829498291,32.526912689208984,31.14482307434082
0,-47.0,-95,23,10,74.00675964355469,70.028564453125,70.06425476074219,66.27216339111328,62.28964614868164,58.4208869934082,54.147945404052734,52.08646774291992,49.162994384765625,49.01020431518555,45.0111083984375,44.0113639831543,43.104522705078125,42.19004440307617,40.4474983215332,42.57933807373047,40.26164245605469,41.9761848449707,42.72002029418945,42.72002029418945,42.44997024536133,43.416587829589844,40.024993896484375,42.44997024536133,41.0,38.832977294921875,37.10795211791992,37.64305877685547,37.0,36.68787384033203,37.64305877685547,38.60051727294922,38.327537536621094,38.832977294921875,36.34556198120117,34.13209533691406,32.06243896484375,31.016124725341797,29.0,25.01999282836914,23.0,20.0,20.02498435974121,17.029386520385742,17.262676239013672,15.524174690246582,16.552946090698242,17.0,17.8885440826416,19.313207626342773,20.248456954956055,20.880613327026367
0,-47.0,-95,23,9,73.43704986572266,70.85901641845703,67.74215698242188,65.30696868896484,61.392181396484375,57.723480224609375,55.10898208618164,50.80354309082031,50.990196228027344,46.69047164916992,47.67599105834961,44.55333709716797,43.185646057128906,42.04759216308594,42.04759216308594,41.01219177246094,41.04875183105469,41.04875183105469,41.1096076965332,42.10700607299805,42.04759216308594,42.04759216308594,41.0,39.0128173828125,39.0,38.0,36.013885498046875,34.0,35.05709457397461,33.060550689697266,35.0142822265625,34.01470184326172,33.0,33.060550689697266,33.060550689697266,31.256999969482422,30.4138126373291,25.961509704589844,24.351591110229492,21.189620971679688,17.72004508972168,17.72004508972168,14.560219764709473,14.142135620117188,11.0,11.045360565185547,10.198039054870605,10.770329475402832,11.704699516296387,13.928388595581055,14.866068840026855,15.29705810546875
0,-48.0,-95,25,6,92.02716827392578,90.8019790649414,84.11896514892578,85.86617279052734,76.65507507324219,73.97972869873047,71.0633544921875,65.802734375,63.89052963256836,59.236812591552734,58.600341796875,56.35601043701172,54.58937454223633,52.15361785888672,51.62363815307617,49.648765563964844,50.80354309082031,47.01063537597656,49.57822036743164,47.6340217590332,47.6340217590332,46.86149978637695,44.821868896484375,46.69047164916992,44.04542922973633,41.86884307861328,36.878177642822266,35.46829605102539,34.71310806274414,31.890438079833984,31.400636672973633,30.610456466674805,27.80287742614746,28.301942825317383,27.20294189453125,25.553865432739258,24.59674835205078,20.880613327026367,21.095022201538086,17.0,13.34166431427002,13.416407585144043,11.313708305358887,9.433980941772461,10.0,9.219544410705566,10.816654205322266,12.041594505310059,16.124515533447266,14.866068840026855,16.492422103881836,17.464248657226562
0,-48.0,-95,25,9,102.42070007324219,97.94896697998047,94.41397857666016,90.78546142578125,87.23531341552734,77.41446685791016,73.9256362915039,69.6419448852539,66.5732650756836,62.801273345947266,60.30754470825195,57.314918518066406,54.451812744140625,50.990196228027344,48.91830062866211,46.615447998046875,44.41846466064453,41.67733383178711,43.8292121887207,41.59326934814453,40.71854782104492,40.71854782104492,38.910152435302734,38.07886505126953,35.7770881652832,33.61547088623047,29.4108829498291,27.459060668945312,25.612497329711914,22.671567916870117,19.79899024963379,19.10497283935547,17.20465087890625,16.6433162689209,17.0,18.384777069091797,19.416488647460938,20.099750518798828,23.0,24.515300750732422,27.20294189453125,30.463092803955078,32.649654388427734,32.80244064331055,35.38361358642578,36.878177642822266,40.224369049072266,40.31128692626953,42.48529052734375,44.384681701660156,43.96589660644531,43.931766510009766
0,-49.0,-95,25,10,96.66436767578125,89.96110534667969,90.3382568359375,85.0,79.60527801513672,69.7782211303711,66.73080444335938,60.90156173706055,57.982757568359375,54.08327102661133,48.010414123535156,44.59820556640625,41.03656768798828,38.18376541137695,34.71310806274414,30.528675079345703,26.925823211669922,25.553865432739258,23.76972770690918,23.25940704345703,21.931713104248047,20.880613327026367,17.464248657226562,15.65247631072998,13.03840446472168,11.401754379272461,10.0,8.246211051940918,9.433980941772461,14.142135620117188,13.03840446472168,15.264337539672852,18.357559204101562,18.357559204101562,21.63330841064453,23.853721618652344,25.612497329711914,28.600698471069336,31.240999221801758,35.46829605102539,40.360870361328125,44.59820556640625,48.166378021240234,50.447994232177734,54.81787872314453,58.00862121582031,62.12889862060547,64.66065216064453,66.64833068847656,67.97793579101562,70.00714111328125,69.2603759765625
0,-49.0,-95,23,13,64.8459701538086,60.835845947265625,58.600341796875,54.625999450683594,50.15974426269531,46.615447998046875,42.54409408569336,38.470767974853516,35.7770881652832,32.24903106689453,30.01666259765625,27.459060668945312,25.0,22.022714614868164,17.69180679321289,17.029386520385742,15.264337539672852,14.317821502685547,13.152946472167969,14.0,13.0,11.180339813232422,11.401754379272461,11.661903381347656,12.206555366516113,12.041594505310059,16.155494689941406,17.72004508972168,19.416488647460938,21.840330123901367,22.56102752685547,24.331050872802734,25.317977905273438,24.331050872802734,25.495098114013672,25.179357528686523,26.07680892944336,26.019224166870117,28.0,28.07133674621582,30.066593170166016,31.14482307434082,36.22154235839844,35.35533905029297,38.470767974853516,40.4474983215332,44.283180236816406,48.041648864746094,51.0,53.15073013305664,52.611785888671875,53.36665725708008
0,-48.0,-95,22,15,69.7782211303711,66.18912506103516,64.41273498535156,61.400325775146484,57.45433044433594,50.477718353271484,48.54894256591797,45.79301071166992,43.5660400390625,39.824615478515625,38.01315689086914,35.34119415283203,34.928497314453125,31.62277603149414,30.364452362060547,27.658634185791016,26.305892944335938,26.172504425048828,26.019224166870117,27.018512725830078,26.07680892944336,28.160255432128906,26.305892944335938,26.68332862854004,25.961509704589844,26.248809814453125,26.925823211669922,27.73084831237793,28.65309715270996,30.01666259765625,30.886890411376953,31.764760971069336,32.202484130859375,31.78049659729004,29.154760360717773,27.312999725341797,25.495098114013672,25.942243576049805,25.05992889404297,23.853721618652344,21.40093421936035,24.083189010620117,25.45584487915039,26.248809814453125,28.42534065246582,31.400636672973633,35.46829605102539,38.897300720214844,41.03656768798828,43.27817153930664,45.221675872802734,46.06517028808594
0,-47.0,-95,23,9,64.8459701538086,61.35144805908203,61.032779693603516,57.723480224609375,55.785301208496094,49.47726821899414,48.764739990234375,45.607017517089844,44.643028259277344,42.72002029418945,40.52159881591797,37.947330474853516,37.0,34.539833068847656,34.01470184326172,33.12099075317383,31.38471031188965,31.064449310302734,30.805843353271484,31.400636672973633,32.202484130859375,32.202484130859375,30.805843353271484,30.0,28.600698471069336,27.80287742614746,26.172504425048828,26.870058059692383,26.172504425048828,25.495098114013672,25.495098114013672,27.58622932434082,26.90724754333496,25.495098114013672,23.34523582458496,22.022714614868164,19.84943389892578,17.804492950439453,16.278820037841797,14.21267032623291,12.529964447021484,11.704699516296387,12.165525436401367,14.0,16.0,18.027755737304688,22.022714614868164,23.021728515625,26.0,28.07133674621582,29.614185333251953,31.62277603149414
0,-48.0,-95,23,11,79.12016296386719,75.43209075927734,72.2772445678711,71.80529022216797,65.51335906982422,63.348243713378906,60.41522979736328,57.723480224609375,55.54277801513672,51.244510650634766,51.244510650634766,48.703182220458984,48.10405349731445,45.31004333496094,44.777225494384766,42.94182205200195,42.94182205200195,40.31128692626953,40.8166618347168,40.49691390991211,39.96248245239258,39.4461669921875,37.2155876159668,36.8917350769043,34.98571014404297,33.61547088623047,29.681644439697266,27.459060668945312,26.62705421447754,25.0,22.803508758544922,22.203603744506836,20.808652877807617,18.867961883544922,20.248456954956055,17.0,14.317821502685547,11.401754379272461,8.246211051940918,5.099019527435303,3.0,0.0,5.0,8.062257766723633,11.045360565185547,13.928388595581055,18.027755737304688,20.59126091003418,22.472204208374023,25.495098114013672,27.58622932434082,29.4108829498291
0,-50.0,-95,25,7,89.14033508300781,83.15046691894531,82.05486297607422,77.16217041015625,72.06246948242188,67.02984619140625,65.0076904296875,64.0078125,58.07753372192383,55.145263671875,53.23532485961914,51.4781494140625,47.67599105834961,44.14748001098633,40.26164245605469,42.72002029418945,39.39543151855469,38.4837646484375,37.2155876159668,37.44329071044922,37.735923767089844,37.44329071044922,35.84689712524414,34.66987228393555,32.649654388427734,30.528675079345703,24.1867733001709,22.847318649291992,20.615528106689453,16.124515533447266,13.601470947265625,11.180339813232422,10.770329475402832,8.9442720413208,8.062257766723633,5.0,4.4721360206604,7.211102485656738,8.246211051940918,11.0,13.152946472167969,16.155494689941406,21.954498291015625,22.803508758544922,26.248809814453125,30.4138126373291,32.202484130859375,37.2155876159668,39.39543151855469,39.84971618652344,42.7551155090332,42.04759216308594
0,-50.0,-95,23,14,70.93659210205078,69.07966613769531,64.07807922363281,62.64982223510742,55.46169662475586,52.801513671875,48.332183837890625,44.777225494384766,41.231056213378906,36.400550842285156,35.735137939453125,32.015621185302734,28.635643005371094,26.305892944335938,24.083189010620117,23.0867919921875,22.090721130371094,19.416488647460938,18.439088821411133,18.681541442871094,17.464248657226562,15.524174690246582,13.928388595581055,12.529964447021484,11.180339813232422,8.485280990600586,7.071067810058594,7.280109882354736,8.9442720413208,13.03840446472168,15.264337539672852,16.401220321655273,18.027755737304688,18.357559204101562,19.72308349609375,18.867961883544922,19.84943389892578,19.84943389892578,21.260292053222656,22.803508758544922,24.20743751525879,27.80287742614746,29.681644439697266,31.064449310302734,33.0151481628418,35.608985900878906,36.878177642822266,41.03656768798828,42.42640686035156,44.59820556640625,46.40043258666992,46.3249397277832
0,-50.0,-95,24,10,70.1783447265625,67.42403411865234,63.0079345703125,61.22091293334961,54.671749114990234,51.088157653808594,46.86149978637695,42.01190185546875,39.20458984375,36.619667053222656,33.61547088623047,31.764760971069336,29.068883895874023,26.925823211669922,25.63201141357422,24.515300750732422,24.1867733001709,24.083189010620117,23.0,23.0,22.0,21.02379608154297,20.099750518798828,18.439088821411133,17.72004508972168,16.552946090698242,18.384777069091797,18.439088821411133,20.808652877807617,22.472204208374023,25.238859176635742,26.62705421447754,27.20294189453125,27.80287742614746,28.319604873657227,27.658634185791016,26.248809814453125,24.20743751525879,23.021728515625,24.1867733001709,25.05992889404297,26.0,26.248809814453125,29.4108829498291,30.675724029541016,31.95309066772461,35.46829605102539,39.0,40.31128692626953,42.05948257446289,44.65422821044922,45.45327377319336
0,-50.0,-95,23,14,69.6419448852539,64.637451171875,62.68173599243164,57.80138397216797,55.0,49.20365905761719,45.221675872802734,44.10215377807617,43.5660400390625,39.4461669921875,38.910152435302734,38.07886505126953,35.46829605102539,34.78505325317383,34.78505325317383,35.693138122558594,33.541019439697266,35.510562896728516,34.2344856262207,33.241539001464844,35.35533905029297,35.22782897949219,34.525352478027344,33.241539001464844,31.256999969482422,29.068883895874023,28.017850875854492,27.073972702026367,28.160255432128906,29.42787742614746,29.27456283569336,30.4138126373291,32.24903106689453,33.0151481628418,30.01666259765625,30.0,26.0,23.0,22.0,19.10497283935547,18.439088821411133,18.384777069091797,19.72308349609375,20.0,24.20743751525879,27.80287742614746,31.240999221801758,34.828147888183594,39.11521530151367,41.18252182006836,44.384681701660156,45.880279541015625
0,-49.0,-95,23,16,79.47956085205078,74.0,73.38937377929688,67.35725402832031,64.51356506347656,57.245086669921875,55.154327392578125,52.39274597167969,50.990196228027344,51.4781494140625,49.39635467529297,49.648765563964844,48.60041046142578,47.801673889160156,47.6340217590332,50.20956039428711,48.08325958251953,50.20956039428711,50.20956039428711,52.32590103149414,51.7397346496582,52.49761962890625,51.22499465942383,49.04079818725586,47.01063537597656,42.20189666748047,40.0,38.28837966918945,36.79673767089844,37.48332977294922,36.06937789916992,36.769554138183594,36.79673767089844,37.013511657714844,33.60059356689453,31.62277603149414,28.301942825317383,24.166091918945312,20.59126091003418,16.124515533447266,11.401754379272461,9.433980941772461,8.0,11.401754379272461,14.764822959899902,20.124610900878906,26.0,31.016124725341797,35.44009017944336,40.607879638671875,43.046485900878906,45.0444221496582
0,-49.0,-95,24,13,93.6375961303711,88.60022735595703,85.09406280517578,80.23091888427734,76.32168579101562,69.28924560546875,67.05221557617188,64.03124237060547,62.585941314697266,60.01666259765625,58.4208869934082,58.07753372192383,57.03507614135742,56.0,56.035701751708984,58.215118408203125,56.32051086425781,57.314918518066406,56.56854248046875,58.4208869934082,59.21148681640625,58.215118408203125,56.035701751708984,54.147945404052734,53.037723541259766,50.03998565673828,44.04542922973633,43.046485900878906,40.04996871948242,40.199501037597656,37.05401611328125,38.05259704589844,35.05709457397461,34.0,32.06243896484375,29.154760360717773,25.317977905273438,21.189620971679688,17.8885440826416,12.206555366516113,6.4031243324279785,3.0,5.0,8.5440034866333,15.264337539672852,19.10497283935547,26.62705421447754,31.38471031188965,35.84689712524414,38.327537536621094,41.30375289916992,44.0
0,-50.0,-95,25,9,91.02197265625,84.05355072021484,83.48652648925781,79.02531433105469,75.21302795410156,68.24221801757812,67.11929321289062,62.433963775634766,60.90156173706055,57.245086669921875,54.58937454223633,54.5618896484375,51.865211486816406,49.648765563964844,48.764739990234375,49.47726821899414,48.05205535888672,47.67599105834961,47.67599105834961,47.51841735839844,47.67599105834961,46.69047164916992,44.72135925292969,43.931766510009766,41.9761848449707,38.832977294921875,32.557640075683594,31.575305938720703,28.635643005371094,27.459060668945312,24.331050872802734,23.194826126098633,21.21320343017578,21.587032318115234,18.027755737304688,16.124515533447266,13.601470947265625,9.219544410705566,6.324555397033691,3.605551242828369,5.830951690673828,10.0,13.928388595581055,16.76305389404297,22.825424194335938,26.248809814453125,28.284271240234375,33.2866325378418,35.7770881652832,38.27531814575195,39.623226165771484,41.04875183105469
0,-49.0,-95,24,10,78.49203491210938,77.78174591064453,71.44927978515625,71.4212875366211,65.05382537841797,64.35060119628906,60.14149856567383,55.226806640625,54.488529205322266,49.04079818725586,50.32891845703125,46.40043258666992,44.40720748901367,41.34005355834961,39.96248245239258,37.58989334106445,38.01315689086914,34.928497314453125,35.11410140991211,34.78505325317383,31.95309066772461,31.320919036865234,29.154760360717773,28.460498809814453,26.248809814453125,23.0867919921875,19.646883010864258,16.492422103881836,16.278820037841797,13.152946472167969,13.0,12.0,12.0,10.0,8.062257766723633,6.324555397033691,2.8284270763397217,1.4142135381698608,3.0,7.0,10.198039054870605,13.34166431427002,16.155494689941406,19.235383987426758,23.323806762695312,25.806976318359375,30.479501724243164,33.30165100097656,33.83784866333008,36.715118408203125,39.0,38.897300720214844
0,-50.0,-95,22,15,52.32590103149414,48.332183837890625,48.332183837890625,46.51881408691406,43.863426208496094,40.24922180175781,38.910152435302734,36.769554138183594,34.539833068847656,33.241539001464844,30.675724029541016,28.460498809814453,26.925823211669922,23.53720474243164,22.360679626464844,20.02498435974121,18.0,17.0,17.262676239013672,17.72004508972168,16.492422103881836,15.81138801574707,13.601470947265625,12.083045959472656,10.29563045501709,8.485280990600586,8.5440034866333,10.049875259399414,13.03840446472168,14.03566837310791,17.262676239013672,17.464248657226562,18.248287200927734,17.262676239013672,17.262676239013672,17.262676239013672,16.155494689941406,18.027755737304688,18.357559204101562,18.867961883544922,19.84943389892578,22.671567916870117,25.45584487915039,27.58622932434082,29.73213768005371,32.526912689208984,36.79673767089844,39.824615478515625,43.8292121887207,44.777225494384766,47.92702865600586,48.703182220458984
0,-50.0,-95,25,7,71.02112579345703,66.73080444335938,63.1347770690918,61.269893646240234,54.120235443115234,51.97114562988281,48.3735466003418,43.26661682128906,43.26661682128906,41.400482177734375,40.45985794067383,41.01219177246094,40.31128692626953,38.94868469238281,38.28837966918945,38.01315689086914,38.01315689086914,39.20458984375,39.11521530151367,39.66106414794922,38.60051727294922,38.60051727294922,35.22782897949219,34.66987228393555,33.83784866333008,28.844409942626953,25.63201141357422,26.570659637451172,26.248809814453125,24.083189010620117,27.294687271118164,29.27456283569336,31.14482307434082,30.805843353271484,27.294687271118164,26.305892944335938,25.495098114013672,25.0,22.360679626464844,19.0,18.11077117919922,19.416488647460938,21.189620971679688,24.698177337646484,26.925823211669922,30.886890411376953,35.84689712524414,39.39543151855469,43.08131790161133,44.643028259277344,48.50773239135742,50.03998565673828
0,-49.0,-95,23,15,70.21395874023438,68.54196166992188,65.0,62.032249450683594,54.424259185791016,51.62363815307617,47.01063537597656,45.18849563598633,43.416587829589844,42.19004440307617,41.88078308105469,40.804412841796875,39.20458984375,39.69886779785156,38.94868469238281,38.94868469238281,38.94868469238281,38.20994567871094,40.45985794067383,38.94868469238281,40.31128692626953,38.20994567871094,34.65544509887695,35.38361358642578,33.241539001464844,29.832868576049805,25.238859176635742,25.942243576049805,25.942243576049805,25.298221588134766,27.513633728027344,28.160255432128906,29.4108829498291,29.154760360717773,27.513633728027344,26.570659637451172,24.351591110229492,22.847318649291992,20.248456954956055,17.464248657226562,17.0,18.248287200927734,19.416488647460938,21.540658950805664,26.0,29.546573638916016,33.241539001464844,37.336307525634766,39.293766021728516,43.5660400390625,46.04345703125,47.04253387451172
0,-50.0,-95,24,12,78.23681640625,73.60027313232422,70.0,66.21932983398438,59.03388977050781,54.037025451660156,50.6063232421875,47.434165954589844,46.647613525390625,42.94182205200195,42.95346450805664,43.08131790161133,42.72002029418945,43.011627197265625,41.761226654052734,41.231056213378906,40.79215621948242,40.79215621948242,42.57933807373047,41.0,39.560081481933594,38.327537536621094,35.44009017944336,34.20526123046875,33.241539001464844,29.120439529418945,25.079872131347656,24.0,24.083189010620117,25.01999282836914,26.172504425048828,26.476404190063477,27.294687271118164,25.079872131347656,26.0,21.02379608154297,20.02498435974121,16.0,14.03566837310791,10.440306663513184,9.433980941772461,9.433980941772461,13.928388595581055,16.492422103881836,20.615528106689453,25.0,28.792360305786133,34.885528564453125,34.66987228393555,38.41874694824219,40.31128692626953,41.400482177734375
0,-51.0,-95,24,13,78.025634765625,71.11258697509766,71.11258697509766,65.12296295166016,59.21148681640625,52.038448333740234,50.0,49.04079818725586,46.27094268798828,46.52956008911133,44.283180236816406,43.17406463623047,42.20189666748047,40.804412841796875,39.84971618652344,41.231056213378906,39.39543151855469,40.71854782104492,39.357337951660156,39.81205749511719,40.31128692626953,38.4837646484375,34.1760139465332,34.928497314453125,31.78049659729004,28.23118782043457,26.07680892944336,27.018512725830078,26.248809814453125,26.90724754333496,26.90724754333496,26.90724754333496,26.248809814453125,25.238859176635742,21.470911026000977,18.384777069091797,14.866068840026855,11.401754379272461,6.324555397033691,2.2360680103302,2.8284270763397217,7.280109882354736,11.661903381347656,15.264337539672852,19.416488647460938,24.83948516845703,28.284271240234375,32.202484130859375,36.715118408203125,37.161808013916016,39.293766021728516,38.470767974853516
0,-51.0,-95,24,15,83.19855499267578,75.92759704589844,75.69015502929688,70.3420181274414,66.21932983398438,61.13100814819336,57.245086669921875,53.851646423339844,51.429561614990234,47.88528060913086,47.16990661621094,44.65422821044922,42.63801193237305,39.623226165771484,38.18376541137695,42.63801193237305,38.01315689086914,38.27531814575195,38.470767974853516,38.94868469238281,36.715118408203125,34.438350677490234,34.48188018798828,32.69556427001953,31.016124725341797,30.08321762084961,26.925823211669922,25.70992088317871,23.34523582458496,24.1867733001709,21.21320343017578,20.2237491607666,19.416488647460938,15.81138801574707,14.764822959899902,12.206555366516113,8.602325439453125,6.082762718200684,7.6157732009887695,10.049875259399414,15.033296585083008,19.646883010864258,26.4007568359375,30.01666259765625,33.0151481628418,39.623226165771484,41.773197174072266,48.010414123535156,50.6063232421875,54.12947463989258,55.6596794128418,55.31726837158203
0,-51.0,-95,25,12,80.99382781982422,77.2528305053711,74.32361602783203,69.07966613769531,65.79513549804688,61.741397857666016,58.13776779174805,54.58937454223633,51.62363815307617,47.434165954589844,46.097721099853516,42.44997024536133,37.64305877685547,35.80502700805664,33.61547088623047,33.61547088623047,32.280025482177734,32.98484420776367,31.256999969482422,32.06243896484375,31.016124725341797,31.0,30.0,27.166154861450195,26.172504425048828,23.34523582458496,20.124610900878906,20.808652877807617,19.209373474121094,19.10497283935547,17.69180679321289,17.20465087890625,15.264337539672852,14.317821502685547,11.704699516296387,9.0,8.246211051940918,10.630146026611328,17.8885440826416,23.409399032592773,28.635643005371094,33.61547088623047,43.46262741088867,44.72135925292969,50.537113189697266,57.45433044433594,63.24555206298828,68.24954223632812,73.59347534179688,77.10382843017578,77.801025390625,79.07591247558594
0,-49.0,-95,24,14,81.88406372070312,78.03204345703125,76.5375747680664,73.9256362915039,69.6419448852539,63.28506851196289,59.16925048828125,54.20331954956055,53.22593307495117,48.84669876098633,46.81879806518555,46.840152740478516,43.931766510009766,40.4474983215332,39.11521530151367,39.0,37.05401611328125,37.121421813964844,36.49657440185547,37.48332977294922,35.693138122558594,35.1710090637207,32.98484420776367,32.31098937988281,30.870698928833008,28.17800521850586,29.068883895874023,30.479501724243164,30.479501724243164,32.80244064331055,32.4499626159668,33.83784866333008,32.4499626159668,31.064449310302734,29.4108829498291,26.925823211669922,24.59674835205078,23.76972770690918,24.1867733001709,25.0,27.459060668945312,31.62277603149414,38.897300720214844,41.1096076965332,46.173583984375,50.695167541503906,58.24946212768555,62.801273345947266,67.06713104248047,69.00724792480469,72.56031799316406,72.7804946899414
0,-48.0,-95,23,15,84.8646011352539,81.1541748046875,78.39005279541016,74.6860122680664,69.77105712890625,65.7419204711914,61.741397857666016,57.775428771972656,54.230987548828125,51.62363815307617,49.39635467529297,47.12748718261719,44.92215347290039,41.9761848449707,39.623226165771484,39.051246643066406,38.0,38.0,36.055511474609375,35.05709457397461,35.22782897949219,32.38827133178711,31.256999969482422,29.832868576049805,27.892650604248047,26.570659637451172,27.20294189453125,29.20616340637207,29.0,32.557640075683594,33.241539001464844,35.35533905029297,34.65544509887695,33.970577239990234,34.65544509887695,31.240999221801758,29.832868576049805,24.83948516845703,22.803508758544922,22.472204208374023,23.76972770690918,24.515300750732422,28.284271240234375,31.256999969482422,35.12833786010742,39.31920623779297,43.5660400390625,47.85394287109375,50.0,54.230987548828125,55.94640350341797,58.00862121582031
0,-48.0,-95,24,10,75.92759704589844,73.54590606689453,71.19690704345703,67.60177612304688,62.513999938964844,57.42821502685547,54.451812744140625,50.48762130737305,48.3735466003418,45.7055778503418,42.44997024536133,40.52159881591797,39.217342376708984,37.6961555480957,36.24913787841797,33.541019439697266,32.75667953491211,31.064449310302734,32.202484130859375,32.202484130859375,30.0,30.610456466674805,27.80287742614746,26.248809814453125,27.018512725830078,25.806976318359375,26.4007568359375,27.85677719116211,29.120439529418945,29.120439529418945,32.572994232177734,34.78505325317383,34.539833068847656,34.438350677490234,32.202484130859375,29.529645919799805,28.17800521850586,26.832815170288086,24.166091918945312,22.472204208374023,21.3775577545166,22.022714614868164,23.0,26.07680892944336,28.284271240234375,30.265491485595703,35.12833786010742,38.0,41.0,43.104522705078125,46.69047164916992,46.173583984375
0,-48.0,-95,24,11,84.77027893066406,79.37883758544922,79.05693817138672,72.80110168457031,70.00714111328125,62.7694206237793,59.46427536010742,56.30275344848633,54.708316802978516,52.49761962890625,50.9215087890625,48.08325958251953,47.801673889160156,46.3249397277832,43.931766510009766,43.416587829589844,40.199501037597656,41.19466018676758,41.04875183105469,41.04875183105469,39.11521530151367,38.0,36.055511474609375,36.0,34.0,33.0151481628418,31.256999969482422,31.575305938720703,32.015621185302734,34.20526123046875,33.95585250854492,34.20526123046875,35.693138122558594,33.241539001464844,33.060550689697266,31.0,28.0,26.0,22.022714614868164,20.099750518798828,18.439088821411133,16.552946090698242,18.357559204101562,19.84943389892578,21.260292053222656,24.83948516845703,27.658634185791016,30.4138126373291,35.0,37.2155876159668,39.81205749511719,40.16217041015625
0,-50.0,-95,24,14,84.11896514892578,81.27114868164062,76.89603424072266,75.27283477783203,69.89277648925781,66.73080444335938,62.7694206237793,59.09314727783203,55.46169662475586,52.35456085205078,52.35456085205078,48.87739944458008,46.615447998046875,44.204071044921875,43.27817153930664,41.72529220581055,41.03656768798828,39.69886779785156,37.80211639404297,37.80211639404297,36.2353401184082,35.80502700805664,32.649654388427734,28.600698471069336,27.018512725830078,24.20743751525879,17.8885440826416,15.81138801574707,14.317821502685547,14.03566837310791,13.0,12.165525436401367,12.165525436401367,11.045360565185547,10.049875259399414,6.0,4.0,2.0,5.830951690673828,10.0,14.764822959899902,18.867961883544922,26.4007568359375,29.068883895874023,34.65544509887695,38.41874694824219,43.26661682128906,47.41307830810547,50.32891845703125,53.16013717651367,54.918121337890625,56.080299377441406
0,-50.0,-95,24,14,85.0,80.0,77.05841827392578,76.02631378173828,71.0633544921875,64.07027435302734,61.20457458496094,58.30952072143555,55.44366455078125,53.15073013305664,50.990196228027344,48.764739990234375,47.12748718261719,44.94440841674805,43.46262741088867,40.70626449584961,38.587562561035156,37.735923767089844,37.80211639404297,37.202152252197266,36.619667053222656,34.20526123046875,31.62277603149414,29.832868576049805,27.20294189453125,22.203603744506836,17.69180679321289,14.764822959899902,13.928388595581055,13.34166431427002,13.0,13.0,13.03840446472168,11.0,10.0,6.0,3.0,3.0,6.7082037925720215,10.816654205322266,16.401220321655273,22.022714614868164,27.459060668945312,31.38471031188965,35.7770881652832,42.154476165771484,47.12748718261719,50.990196228027344,54.33230972290039,55.03635025024414,59.07622146606445,59.84145736694336
0,-50.0,-95,25,11,79.42921447753906,79.42921447753906,72.56720733642578,72.18032836914062,64.53681182861328,62.585941314697266,58.94064712524414,55.36244201660156,53.141319274902344,47.92702865600586,47.423622131347656,45.27692413330078,42.72002029418945,41.04875183105469,37.80211639404297,37.48332977294922,37.64305877685547,34.058773040771484,33.0151481628418,32.4499626159668,31.906112670898438,30.01666259765625,26.419689178466797,24.166091918945312,20.615528106689453,18.681541442871094,15.29705810546875,14.866068840026855,15.264337539672852,17.029386520385742,17.69180679321289,19.209373474121094,17.029386520385742,18.601076126098633,17.492855072021484,16.552946090698242,15.29705810546875,15.132745742797852,19.416488647460938,23.25940704345703,25.942243576049805,33.12099075317383,38.27531814575195,43.8292121887207,46.51881408691406,52.0,58.18934631347656,64.28841400146484,66.70832061767578,72.83543395996094,73.06161499023438,74.06078338623047
0,-49.0,-95,25,10,85.5102310180664,84.34452819824219,78.44743347167969,79.07591247558594,72.00694274902344,70.03570556640625,67.26811981201172,64.53681182861328,61.84658432006836,59.203041076660156,59.203041076660156,56.61272048950195,52.81098556518555,50.695167541503906,49.24428939819336,46.957427978515625,46.14108657836914,42.54409408569336,42.72002029418945,40.224369049072266,39.66106414794922,38.60051727294922,36.055511474609375,31.890438079833984,29.0,26.172504425048828,23.25940704345703,21.840330123901367,22.56102752685547,24.083189010620117,26.019224166870117,27.0,26.019224166870117,27.0,27.073972702026367,25.317977905273438,23.76972770690918,22.472204208374023,24.1867733001709,26.248809814453125,28.284271240234375,33.970577239990234,39.051246643066406,42.52058410644531,46.010868072509766,50.93132781982422,56.7274169921875,61.22091293334961,65.45991516113281,68.0,70.00714111328125,72.80110168457031
0,-48.0,-95,26,6,98.08159637451172,98.0051040649414,98.0,98.04590606689453,93.02149963378906,89.08984375,87.09190368652344,81.05553436279297,81.1541748046875,75.05997467041016,73.02738952636719,71.00704193115234,66.0,62.0,60.008331298828125,57.07889175415039,55.226806640625,50.48762130737305,49.648765563964844,47.67599105834961,45.39823913574219,41.59326934814453,40.79215621948242,38.327537536621094,34.48188018798828,32.69556427001953,27.20294189453125,28.600698471069336,29.832868576049805,29.4108829498291,28.600698471069336,32.4499626159668,33.60059356689453,31.906112670898438,32.24903106689453,29.96664810180664,29.154760360717773,26.925823211669922,26.68332862854004,26.172504425048828,28.0,33.0,33.13608169555664,37.336307525634766,40.31128692626953,45.17742919921875,48.041648864746094,53.037723541259766,56.0,58.30952072143555,62.169124603271484,61.6846809387207
0,-48.0,-95,25,8,100.7223892211914,99.16148376464844,98.4327163696289,96.76776123046875,91.0933609008789,88.05680084228516,83.24061584472656,79.12016296386719,77.88452911376953,70.60453033447266,68.680419921875,64.56005096435547,60.728904724121094,57.87054443359375,53.141319274902344,53.3104133605957,48.332183837890625,46.957427978515625,43.8292121887207,42.94182205200195,40.24922180175781,38.94868469238281,34.0,32.4499626159668,30.232433319091797,27.018512725830078,23.430749893188477,21.954498291015625,21.540658950805664,22.803508758544922,22.203603744506836,25.317977905273438,24.515300750732422,24.331050872802734,24.331050872802734,24.1867733001709,22.090721130371094,20.099750518798828,20.099750518798828,19.646883010864258,20.615528106689453,23.706539154052734,25.238859176635742,28.844409942626953,29.4108829498291,31.62277603149414,34.66987228393555,40.31128692626953,44.283180236816406,43.46262741088867,46.3249397277832,47.67599105834961
0,-48.0,-95,25,7,97.57561492919922,95.2732925415039,94.9210205078125,92.6552734375,87.93179321289062,79.69943237304688,75.96051788330078,71.56814575195312,68.00735473632812,66.40782928466797,61.032779693603516,58.52349853515625,56.080299377441406,52.55473327636719,49.24428939819336,46.957427978515625,43.416587829589844,40.70626449584961,39.11521530151367,39.11521530151367,35.510562896728516,34.20526123046875,31.62277603149414,27.658634185791016,26.4007568359375,24.083189010620117,19.72308349609375,21.02379608154297,20.615528106689453,20.39607810974121,22.203603744506836,23.021728515625,23.194826126098633,22.360679626464844,21.0,20.0,17.0,16.124515533447266,17.0880069732666,15.231546401977539,16.6433162689209,18.384777069091797,20.51828384399414,24.083189010620117,26.172504425048828,29.0,32.557640075683594,35.38361358642578,37.64305877685547,40.804412841796875,42.54409408569336,44.0113639831543
0,-48.0,-95,24,9,84.2911605834961,84.48076629638672,84.38008880615234,84.85281372070312,78.77182006835938,72.83543395996094,69.87130737304688,64.93843078613281,62.64982223510742,57.314918518066406,56.14267349243164,52.038448333740234,50.03998565673828,48.0,46.0,43.046485900878906,41.04875183105469,38.11823654174805,37.336307525634766,36.34556198120117,34.2344856262207,32.38827133178711,28.44292449951172,26.925823211669922,25.0,23.0867919921875,17.8885440826416,18.867961883544922,18.439088821411133,16.278820037841797,16.278820037841797,15.620499610900879,15.620499610900879,14.21267032623291,13.45362377166748,10.816654205322266,8.9442720413208,8.246211051940918,7.0,6.324555397033691,8.485280990600586,12.806248664855957,15.620499610900879,17.20465087890625,21.260292053222656,23.34523582458496,26.172504425048828,29.20616340637207,31.62277603149414,34.13209533691406,35.34119415283203,35.735137939453125
0,-49.0,-95,23,14,86.83317565917969,83.24061584472656,80.0,77.33692169189453,71.70076751708984,66.60330200195312,61.073726654052734,57.48912811279297,53.413482666015625,50.21951675415039,48.010414123535156,45.486263275146484,43.046485900878906,39.824615478515625,37.121421813964844,36.24913787841797,32.69556427001953,30.08321762084961,29.120439529418945,27.892650604248047,26.68332862854004,24.515300750732422,20.615528106689453,20.099750518798828,17.262676239013672,15.033296585083008,11.180339813232422,10.29563045501709,10.0,7.8102498054504395,8.9442720413208,9.848857879638672,11.401754379272461,11.180339813232422,9.219544410705566,8.0,8.062257766723633,9.486832618713379,10.630146026611328,12.727922439575195,15.620499610900879,18.601076126098633,21.40093421936035,25.0,27.658634185791016,31.11269760131836,34.71310806274414,35.608985900878906,39.11521530151367,41.59326934814453,42.154476165771484,41.761226654052734
0,-50.0,-95,24,13,84.59314727783203,80.39900207519531,77.41446685791016,75.05997467041016,68.06614685058594,62.07253646850586,58.03447341918945,55.081756591796875,52.08646774291992,50.2493782043457,45.27692413330078,44.55333709716797,42.42640686035156,38.832977294921875,36.878177642822266,33.241539001464844,30.364452362060547,27.85677719116211,27.312999725341797,28.17800521850586,25.942243576049805,26.419689178466797,23.021728515625,22.022714614868164,21.260292053222656,17.69180679321289,16.552946090698242,18.788293838500977,17.72004508972168,17.262676239013672,20.099750518798828,20.099750518798828,21.095022201538086,20.2237491607666,20.099750518798828,18.027755737304688,18.0,17.0,15.29705810546875,14.866068840026855,16.6433162689209,20.615528106689453,22.671567916870117,26.90724754333496,29.20616340637207,32.015621185302734,36.8917350769043,39.4461669921875,42.04759216308594,43.65776062011719,45.607017517089844,45.54119110107422
0,-50.0,-95,24,13,83.81526947021484,79.8122787475586,74.72616577148438,73.00685119628906,66.70832061767578,65.51335906982422,60.41522979736328,56.29387283325195,54.12947463989258,50.0,49.24428939819336,45.880279541015625,43.32435989379883,39.217342376708984,37.336307525634766,34.539833068847656,33.105892181396484,30.886890411376953,30.805843353271484,31.62277603149414,29.832868576049805,29.20616340637207,28.42534065246582,26.248809814453125,26.172504425048828,22.671567916870117,21.095022201538086,21.931713104248047,21.540658950805664,22.135944366455078,23.53720474243164,23.53720474243164,25.0,24.515300750732422,24.351591110229492,20.615528106689453,20.39607810974121,20.099750518798828,18.0,19.10497283935547,18.248287200927734,21.189620971679688,23.409399032592773,25.079872131347656,30.463092803955078,31.38471031188965,37.0,40.26164245605469,43.73785400390625,45.27692413330078,47.01063537597656,47.16990661621094
0,-49.0,-95,24,12,85.61541748046875,83.43260955810547,77.36924743652344,75.70997619628906,70.40596771240234,68.24954223632812,63.56099319458008,60.63827133178711,59.43904495239258,53.600372314453125,54.81787872314453,52.201534271240234,47.434165954589844,45.880279541015625,44.94440841674805,41.62931823730469,41.146080017089844,39.357337951660156,39.96248245239258,39.96248245239258,39.96248245239258,39.96248245239258,36.2353401184082,36.619667053222656,34.13209533691406,31.62277603149414,30.0,27.658634185791016,26.90724754333496,24.83948516845703,24.083189010620117,26.4007568359375,24.20743751525879,22.803508758544922,23.021728515625,21.40093421936035,18.788293838500977,16.155494689941406,16.278820037841797,18.027755737304688,19.02629852294922,21.21320343017578,24.515300750732422,26.925823211669922,29.832868576049805,32.98484420776367,37.48332977294922,41.30375289916992,44.04542922973633,48.0,51.244510650634766,52.63079071044922
0,-49.0,-95,24,12,86.83317565917969,83.48652648925781,83.38465118408203,77.16217041015625,72.17340087890625,65.19202423095703,63.3876953125,60.406951904296875,57.314918518066406,54.58937454223633,53.600372314453125,48.83646011352539,49.24428939819336,46.840152740478516,43.96589660644531,44.0113639831543,42.54409408569336,42.95346450805664,41.146080017089844,42.04759216308594,41.146080017089844,40.71854782104492,38.4837646484375,37.57658767700195,34.928497314453125,31.78049659729004,28.301942825317383,25.806976318359375,24.83948516845703,23.34523582458496,23.34523582458496,24.20743751525879,23.600847244262695,23.021728515625,21.095022201538086,20.59126091003418,18.384777069091797,18.027755737304688,18.11077117919922,20.02498435974121,19.02629852294922,23.194826126098633,26.305892944335938,27.20294189453125,32.015621185302734,34.928497314453125,40.4474983215332,43.185646057128906,48.0,50.08992004394531,52.77309799194336,52.49761962890625
0,-48.0,-95,24,12,90.73587799072266,85.95928955078125,83.72574615478516,80.0624771118164,75.13321685791016,69.31810760498047,68.0,63.52952194213867,60.41522979736328,58.66856002807617,55.226806640625,53.5350341796875,51.865211486816406,51.03919982910156,50.21951675415039,48.91830062866211,47.423622131347656,46.010868072509766,45.343135833740234,45.343135833740234,44.68780517578125,43.27817153930664,41.231056213378906,38.94868469238281,36.2353401184082,33.30165100097656,29.0,28.42534065246582,26.07680892944336,24.698177337646484,25.05992889404297,26.4007568359375,26.832815170288086,25.079872131347656,24.698177337646484,22.472204208374023,20.615528106689453,19.646883010864258,18.248287200927734,18.027755737304688,20.099750518798828,22.56102752685547,21.587032318115234,25.0,28.460498809814453,30.08321762084961,35.44009017944336,37.85498809814453,41.30375289916992,43.046485900878906,45.0444221496582,45.7055778503418
0,-49.0,-95,24,12,98.79270935058594,94.2443618774414,92.6552734375,88.32327270507812,82.71033477783203,75.69015502929688,70.88018035888672,66.7607650756836,64.56005096435547,62.297672271728516,60.74536895751953,57.00876998901367,54.7813835144043,52.39274597167969,49.24428939819336,48.30113983154297,45.17742919921875,44.29446792602539,41.67733383178711,42.19004440307617,39.4461669921875,38.94868469238281,35.35533905029297,33.61547088623047,30.528675079345703,28.017850875854492,23.34523582458496,22.671567916870117,20.0,20.59126091003418,19.697715759277344,21.189620971679688,20.248456954956055,19.92485809326172,18.681541442871094,18.681541442871094,16.278820037841797,16.278820037841797,13.03840446472168,13.03840446472168,13.152946472167969,15.65247631072998,16.124515533447266,18.027755737304688,21.40093421936035,23.021728515625,26.4007568359375,29.681644439697266,32.649654388427734,32.69556427001953,35.735137939453125,35.510562896728516
0,-49.0,-95,24,13,96.02603912353516,96.33794403076172,91.08238220214844,91.21951293945312,82.22530364990234,79.07591247558594,72.7804946899414,68.44705963134766,66.2872543334961,59.84145736694336,61.814239501953125,58.54912567138672,53.23532485961914,49.25444030761719,47.26520919799805,44.04542922973633,43.0,38.0,38.05259704589844,36.055511474609375,34.01470184326172,32.24903106689453,29.154760360717773,26.68332862854004,24.73863410949707,22.135944366455078,20.248456954956055,18.439088821411133,19.79899024963379,21.40093421936035,22.803508758544922,24.413110733032227,23.600847244262695,24.20743751525879,24.083189010620117,21.21320343017578,19.79899024963379,15.55634880065918,13.601470947265625,11.704699516296387,10.198039054870605,11.045360565185547,13.601470947265625,15.65247631072998,19.235383987426758,21.02379608154297,25.079872131347656,28.460498809814453,32.015621185302734,33.734256744384766,37.121421813964844,37.0
0,-50.0,-95,24,11,90.90654754638672,86.45230102539062,82.32861328125,78.56844329833984,73.59347534179688,68.62215423583984,64.44377136230469,60.87692642211914,57.384666442871094,55.973209381103516,52.345008850097656,49.57822036743164,46.86149978637695,44.04542922973633,41.400482177734375,37.44329071044922,34.98571014404297,33.12099075317383,30.870698928833008,29.546573638916016,28.23118782043457,26.570659637451172,24.351591110229492,22.56102752685547,21.3775577545166,19.02629852294922,17.262676239013672,18.439088821411133,18.973665237426758,19.313207626342773,20.615528106689453,21.02379608154297,20.248456954956055,20.248456954956055,18.027755737304688,16.492422103881836,14.317821502685547,12.649110794067383,8.9442720413208,7.071067810058594,5.385164737701416,9.0,12.0,14.317821502685547,17.262676239013672,20.39607810974121,24.1867733001709,27.073972702026367,29.0,31.256999969482422,32.75667953491211,33.241539001464844
0,-49.0,-95,23,12,81.88406372070312,77.89736938476562,76.5375747680664,72.20111083984375,67.74215698242188,64.14047241210938,61.057350158691406,56.603885650634766,54.37830352783203,50.6063232421875,49.73931884765625,45.27692413330078,42.94182205200195,39.357337951660156,36.67424011230469,33.61547088623047,30.08321762084961,26.570659637451172,26.925823211669922,25.495098114013672,23.53720474243164,22.203603744506836,19.02629852294922,18.0,17.0,14.142135620117188,13.0,12.529964447021484,12.806248664855957,12.727922439575195,13.45362377166748,13.45362377166748,12.727922439575195,12.041594505310059,10.630146026611328,9.219544410705566,6.7082037925720215,7.071067810058594,6.0,7.6157732009887695,7.071067810058594,11.401754379272461,14.21267032623291,16.401220321655273,18.601076126098633,21.260292053222656,25.45584487915039,27.658634185791016,30.0,31.906112670898438,33.541019439697266,35.46829605102539
0,-49.0,-95,23,10,75.27283477783203,74.94664764404297,69.28924560546875,68.96376037597656,62.93647766113281,60.4400520324707,56.61272048950195,52.201534271240234,50.28916549682617,45.54119110107422,44.271888732910156,40.49691390991211,37.6961555480957,33.61547088623047,30.870698928833008,28.65309715270996,26.419689178466797,23.853721618652344,22.022714614868164,19.84943389892578,18.439088821411133,16.278820037841797,15.55634880065918,13.601470947265625,11.401754379272461,10.29563045501709,6.082762718200684,5.0,6.7082037925720215,5.830951690673828,5.656854152679443,6.7082037925720215,6.7082037925720215,7.6157732009887695,7.6157732009887695,6.082762718200684,6.0,7.6157732009887695,10.29563045501709,12.206555366516113,12.206555366516113,15.620499610900879,18.439088821411133,19.84943389892578,22.671567916870117,25.0,27.20294189453125,30.528675079345703,31.764760971069336,34.928497314453125,35.735137939453125,36.878177642822266
0,-49.0,-95,23,10,69.1158447265625,68.11754608154297,66.12110137939453,64.03124237060547,60.008331298828125,53.00943374633789,50.0099983215332,46.010868072509766,42.01190185546875,39.051246643066406,36.12478256225586,33.241539001464844,30.265491485595703,27.459060668945312,23.76972770690918,21.189620971679688,18.384777069091797,15.65247631072998,15.81138801574707,14.21267032623291,12.041594505310059,11.401754379272461,8.602325439453125,7.211102485656738,6.324555397033691,4.0,3.605551242828369,5.099019527435303,7.071067810058594,9.0,9.0,11.0,13.0,13.03840446472168,13.34166431427002,12.649110794067383,13.928388595581055,15.231546401977539,15.65247631072998,16.6433162689209,19.209373474121094,22.022714614868164,24.083189010620117,25.45584487915039,28.319604873657227,29.73213768005371,33.30165100097656,35.0,37.44329071044922,39.4461669921875,40.24922180175781,40.49691390991211
0,-50.0,-95,23,15,76.10519409179688,74.1080322265625,69.065185546875,67.0,61.00819778442383,56.00892639160156,51.0,46.010868072509766,41.0,36.12478256225586,33.13608169555664,29.42787742614746,24.515300750732422,21.189620971679688,19.313207626342773,16.124515533447266,14.21267032623291,12.727922439575195,10.29563045501709,10.198039054870605,10.049875259399414,10.0,9.219544410705566,8.9442720413208,10.0,9.899495124816895,13.601470947265625,16.278820037841797,18.11077117919922,19.416488647460938,20.099750518798828,22.0,23.0,24.0,24.020824432373047,24.020824432373047,22.090721130371094,22.56102752685547,24.73863410949707,26.925823211669922,27.312999725341797,30.4138126373291,33.12099075317383,35.84689712524414,38.587562561035156,41.18252182006836,44.29446792602539,47.85394287109375,50.15974426269531,51.54609680175781,52.39274597167969,53.600372314453125
0,-51.0,-95,25,12,77.15568542480469,74.5184555053711,68.88395690917969,65.0,59.40538787841797,52.201534271240234,45.80392837524414,40.45985794067383,35.38361358642578,31.11269760131836,25.495098114013672,23.021728515625,18.788293838500977,17.464248657226562,15.0,14.560219764709473,17.492855072021484,18.601076126098633,19.10497283935547,22.671567916870117,22.803508758544922,23.853721618652344,24.698177337646484,27.312999725341797,27.513633728027344,28.861740112304688,32.38827133178711,34.2344856262207,36.22154235839844,39.051246643066406,40.112342834472656,40.199501037597656,40.4474983215332,40.199501037597656,38.11823654174805,37.05401611328125,35.0,34.0,33.241539001464844,34.928497314453125,38.27531814575195,40.853397369384766,44.384681701660156,48.84669876098633,51.078372955322266,53.48831558227539,56.61272048950195,59.4810905456543,63.348243713378906,63.639610290527344,65.0691909790039,64.03124237060547
0,-50.0,-95,25,14,83.67198181152344,80.77747344970703,72.23572540283203,69.57010650634766,59.13543701171875,54.08327102661133,48.10405349731445,43.46262741088867,40.71854782104492,32.202484130859375,30.610456466674805,30.479501724243164,26.419689178466797,26.248809814453125,28.44292449951172,28.017850875854492,32.0,32.24903106689453,37.48332977294922,38.470767974853516,39.81205749511719,41.9761848449707,40.52159881591797,42.379241943359375,45.31004333496094,47.92702865600586,52.77309799194336,53.66563034057617,56.36488342285156,56.79788589477539,56.36488342285156,56.46237564086914,56.30275344848633,53.48831558227539,54.120235443115234,49.04079818725586,47.53945541381836,45.617977142333984,46.14108657836914,46.87216567993164,44.65422821044922,49.81967544555664,51.088157653808594,53.90732955932617,54.81787872314453,58.00862121582031,63.60031509399414,66.8879623413086,67.74215698242188,72.00694274902344,72.23572540283203,71.56814575195312
0,-49.0,-95,25,14,93.14505004882812,85.14693450927734,83.9523696899414,75.13321685791016,69.23149871826172,63.78871536254883,58.24087905883789,54.08327102661133,49.24428939819336,50.08992004394531,47.16990661621094,45.80392837524414,46.097721099853516,45.96738052368164,48.166378021240234,51.312767028808594,50.2493782043457,53.33854293823242,55.07267761230469,58.66856002807617,59.16925048828125,59.16925048828125,60.539241790771484,59.9416389465332,63.52952194213867,61.269893646240234,64.40496826171875,67.08203887939453,67.97793579101562,68.88395690917969,68.09552001953125,69.3397445678711,67.42403411865234,62.801273345947266,60.605281829833984,59.66573715209961,53.413482666015625,52.63079071044922,49.40647888183594,47.70744323730469,48.764739990234375,47.01063537597656,51.429561614990234,50.695167541503906,53.3104133605957,54.7813835144043,58.18075180053711,61.269893646240234,62.7694206237793,63.60031509399414,66.70832061767578,65.79513549804688
0,-48.0,-95,25,9,87.66413116455078,83.77350616455078,78.54934692382812,78.29431915283203,69.35416412353516,68.02940368652344,62.7694206237793,59.61543273925781,56.30275344848633,55.081756591796875,52.88667297363281,53.15073013305664,54.12947463989258,53.600372314453125,56.56854248046875,53.0848388671875,56.035701751708984,54.147945404052734,56.035701751708984,57.03507614135742,57.03507614135742,57.14017868041992,53.33854293823242,56.22277069091797,54.230987548828125,54.33230972290039,55.226806640625,54.147945404052734,55.03635025024414,53.15073013305664,52.611785888671875,51.62363815307617,50.635955810546875,49.24428939819336,45.607017517089844,40.16217041015625,39.560081481933594,38.897300720214844,36.13862228393555,36.13862228393555,31.575305938720703,31.14482307434082,32.06243896484375,32.0,32.015621185302734,32.0,37.0,38.01315689086914,40.04996871948242,41.30375289916992,44.55333709716797,45.35416030883789
0,-48.0,-95,24,10,86.46965026855469,81.22191619873047,80.09993743896484,73.02738952636719,71.02816009521484,65.0,62.07253646850586,60.074954986572266,59.21148681640625,57.21887969970703,57.314918518066406,55.578773498535156,53.75872039794922,52.95280838012695,50.635955810546875,53.600372314453125,51.195701599121094,53.15073013305664,49.47726821899414,51.195701599121094,49.030601501464844,50.21951675415039,49.648765563964844,47.67599105834961,46.389652252197266,45.54119110107422,40.607879638671875,42.42640686035156,39.458839416503906,39.81205749511719,36.49657440185547,37.2155876159668,37.2155876159668,34.13209533691406,33.060550689697266,33.060550689697266,30.066593170166016,26.0,23.0867919921875,19.10497283935547,20.39607810974121,18.439088821411133,17.0880069732666,16.155494689941406,18.027755737304688,20.615528106689453,21.931713104248047,24.75883674621582,27.58622932434082,29.068883895874023,31.064449310302734,31.764760971069336
0,-48.0,-95,24,9,83.86894226074219,82.97589874267578,77.89736938476562,76.38062286376953,69.3108901977539,65.76473236083984,60.10823440551758,59.46427536010742,56.63920974731445,56.22277069091797,55.60575485229492,54.64430618286133,54.37830352783203,51.865211486816406,50.477718353271484,49.39635467529297,49.39635467529297,47.20169448852539,48.3735466003418,47.16990661621094,46.04345703125,46.04345703125,41.617305755615234,42.19004440307617,39.66106414794922,36.8917350769043,33.83784866333008,33.2866325378418,30.01666259765625,29.154760360717773,28.17800521850586,27.784887313842773,26.07680892944336,24.1867733001709,23.323806762695312,21.095022201538086,18.867961883544922,16.124515533447266,13.416407585144043,11.180339813232422,8.062257766723633,7.0,6.7082037925720215,7.8102498054504395,10.630146026611328,13.601470947265625,17.804492950439453,21.260292053222656,24.083189010620117,27.20294189453125,28.301942825317383,28.635643005371094
0,-48.0,-95,23,14,90.8019790649414,90.2496566772461,86.12781524658203,83.19855499267578,78.85429382324219,74.73285675048828,71.0633544921875,67.18630981445312,63.324562072753906,60.083274841308594,60.083274841308594,58.872745513916016,55.154327392578125,52.0,50.15974426269531,50.537113189697266,48.30113983154297,47.41307830810547,45.79301071166992,45.79301071166992,43.046485900878906,43.046485900878906,39.824615478515625,39.66106414794922,37.2155876159668,34.0,29.154760360717773,25.553865432739258,23.853721618652344,22.022714614868164,20.0,17.69180679321289,17.69180679321289,16.970561981201172,16.278820037841797,13.45362377166748,11.313708305358887,7.071067810058594,4.4721360206604,2.0,2.8284270763397217,6.324555397033691,11.180339813232422,13.152946472167969,17.464248657226562,19.92485809326172,25.63201141357422,29.068883895874023,31.064449310302734,33.30165100097656,35.38361358642578,35.80502700805664
0,-49.0,-95,24,13,105.55093383789062,104.69479370117188,99.28242492675781,94.8946762084961,88.1192398071289,82.2982406616211,79.15807342529297,73.34848022460938,71.58910369873047,66.70832061767578,63.694583892822266,60.74536895751953,57.584720611572266,53.45091247558594,49.04079818725586,47.85394287109375,45.39823913574219,44.283180236816406,41.04875183105469,41.04875183105469,38.05259704589844,38.01315689086914,35.0142822265625,33.0,30.0,28.0,20.2237491607666,18.681541442871094,15.81138801574707,15.264337539672852,13.601470947265625,13.45362377166748,12.041594505310059,10.816654205322266,10.29563045501709,8.9442720413208,7.0,5.385164737701416,7.071067810058594,10.816654205322266,15.264337539672852,19.235383987426758,22.825424194335938,26.925823211669922,31.064449310302734,35.0,38.94868469238281,43.13930892944336,47.01063537597656,47.70744323730469,49.648765563964844,49.97999572753906
0,-49.0,-95,25,9,95.50916290283203,93.92018127441406,84.11896514892578,85.09406280517578,74.09453582763672,72.80110168457031,66.128662109375,61.35144805908203,58.52349853515625,52.201534271240234,50.447994232177734,46.87216567993164,41.773197174072266,38.327537536621094,36.055511474609375,32.015621185302734,33.060550689697266,29.42787742614746,29.832868576049805,26.68332862854004,25.961509704589844,26.248809814453125,23.409399032592773,22.360679626464844,20.248456954956055,19.416488647460938,16.278820037841797,14.21267032623291,14.764822959899902,12.369317054748535,13.152946472167969,14.142135620117188,14.0,12.0,12.165525436401367,11.180339813232422,10.29563045501709,12.041594505310059,14.422204971313477,16.552946090698242,19.697715759277344,24.698177337646484,27.85677719116211,31.016124725341797,33.541019439697266,36.2353401184082,40.8166618347168,44.40720748901367,44.821868896484375,47.423622131347656,48.166378021240234,48.82622146606445
0,-50.0,-95,24,11,89.53770446777344,84.50444030761719,81.3449478149414,78.39005279541016,71.17584228515625,66.64083099365234,60.835845947265625,55.46169662475586,52.39274597167969,45.880279541015625,43.65776062011719,39.84971618652344,36.49657440185547,33.13608169555664,33.0151481628418,31.064449310302734,31.256999969482422,29.42787742614746,30.364452362060547,30.08321762084961,29.120439529418945,27.85677719116211,27.513633728027344,26.4007568359375,25.495098114013672,23.706539154052734,20.248456954956055,18.439088821411133,17.69180679321289,16.278820037841797,16.6433162689209,15.65247631072998,15.231546401977539,14.560219764709473,12.369317054748535,12.041594505310059,13.152946472167969,14.560219764709473,16.552946090698242,18.357559204101562,20.0,24.413110733032227,26.62705421447754,28.844409942626953,31.62277603149414,34.13209533691406,39.357337951660156,41.231056213378906,43.32435989379883,45.607017517089844,46.69047164916992,46.04345703125
0,-50.0,-95,23,12,66.00757598876953,62.00806427001953,59.00847244262695,57.14017868041992,51.15662384033203,45.17742919921875,40.04996871948242,36.055511474609375,33.0151481628418,31.016124725341797,28.160255432128906,25.70992088317871,25.0,25.495098114013672,25.05992889404297,23.600847244262695,24.083189010620117,24.083189010620117,25.45584487915039,25.45584487915039,26.172504425048828,26.172504425048828,23.34523582458496,24.75883674621582,23.34523582458496,21.931713104248047,18.601076126098633,16.6433162689209,15.65247631072998,13.928388595581055,13.928388595581055,14.317821502685547,13.34166431427002,12.0,12.041594505310059,12.041594505310059,11.401754379272461,12.649110794067383,13.892443656921387,14.422204971313477,16.278820037841797,19.10497283935547,19.79899024963379,22.671567916870117,24.75883674621582,28.284271240234375,31.240999221801758,32.015621185302734,34.66987228393555,37.58989334106445,37.6961555480957,38.327537536621094
0,-51.0,-95,23,16,73.40980529785156,68.42514038085938,66.18912506103516,60.0333251953125,54.708316802978516,47.70744323730469,43.5660400390625,38.07886505126953,34.885528564453125,31.95309066772461,30.08321762084961,26.476404190063477,27.0,26.019224166870117,26.305892944335938,25.961509704589844,27.513633728027344,27.85677719116211,29.96664810180664,31.78049659729004,31.78049659729004,32.69556427001953,29.546573638916016,31.30495262145996,29.96664810180664,27.294687271118164,24.698177337646484,24.20743751525879,24.083189010620117,22.627416610717773,25.495098114013672,27.018512725830078,27.658634185791016,26.248809814453125,24.83948516845703,24.20743751525879,23.021728515625,23.323806762695312,21.470911026000977,22.847318649291992,20.615528106689453,24.083189010620117,26.172504425048828,29.068883895874023,32.06243896484375,34.13209533691406,38.327537536621094,40.79215621948242,44.384681701660156,47.75981521606445,49.658836364746094,49.39635467529297
0,-50.0,-95,25,10,80.15609741210938,75.60423278808594,68.4105224609375,65.94694519042969,57.48912811279297,52.49761962890625,46.40043258666992,41.617305755615234,38.587562561035156,36.67424011230469,35.46829605102539,34.48188018798828,35.510562896728516,33.13608169555664,36.0,37.05401611328125,37.336307525634766,37.336307525634766,41.0,43.73785400390625,42.42640686035156,43.5660400390625,41.43669891357422,43.5660400390625,42.57933807373047,42.57933807373047,42.20189666748047,41.761226654052734,44.92215347290039,41.48493576049805,46.3249397277832,44.384681701660156,46.097721099853516,43.5660400390625,41.30375289916992,38.11823654174805,37.121421813964844,35.12833786010742,32.38827133178711,30.5941162109375,28.460498809814453,28.23118782043457,29.96664810180664,31.38471031188965,32.202484130859375,35.22782897949219,40.224369049072266,43.5660400390625,46.14108657836914,51.078372955322266,53.45091247558594,55.90169906616211
0,-48.0,-95,25,11,91.26883697509766,84.31488800048828,79.88116455078125,73.23933410644531,70.21395874023438,61.61168670654297,57.45433044433594,53.33854293823242,53.23532485961914,50.990196228027344,48.84669876098633,48.383880615234375,48.764739990234375,50.0099983215332,49.497474670410156,52.15361785888672,51.088157653808594,54.037025451660156,54.0,57.07889175415039,57.07889175415039,60.20797348022461,57.42821502685547,57.21887969970703,57.42821502685547,56.4358024597168,54.451812744140625,54.58937454223633,54.451812744140625,54.58937454223633,51.97114562988281,51.195701599121094,51.92301940917969,49.33558654785156,47.53945541381836,44.283180236816406,38.470767974853516,33.541019439697266,31.30495262145996,27.85677719116211,24.041629791259766,22.203603744506836,22.0,21.21320343017578,22.803508758544922,26.925823211669922,30.08321762084961,35.735137939453125,39.051246643066406,42.57933807373047,45.09988784790039,46.04345703125
0,-47.0,-95,24,10,81.1541748046875,74.84651184082031,75.3923110961914,71.69379425048828,66.30987548828125,59.236812591552734,58.18934631347656,54.708316802978516,53.600372314453125,52.95280838012695,50.635955810546875,50.35871505737305,51.03919982910156,50.0,50.0,52.038448333740234,50.15974426269531,52.15361785888672,52.239830017089844,53.15073013305664,54.037025451660156,54.037025451660156,53.0,52.038448333740234,51.0,49.04079818725586,45.09988784790039,44.18144226074219,40.199501037597656,38.327537536621094,35.510562896728516,35.510562896728516,32.75667953491211,28.635643005371094,27.20294189453125,23.76972770690918,21.02379608154297,15.65247631072998,11.401754379272461,7.211102485656738,3.605551242828369,1.0,4.4721360206604,7.211102485656738,12.529964447021484,15.231546401977539,19.416488647460938,23.194826126098633,26.0,28.07133674621582,29.42787742614746,29.73213768005371
0,-48.0,-95,23,11,75.05997467041016,69.02897644042969,70.00714111328125,64.03124237060547,62.00806427001953,55.0,53.00943374633789,50.08992004394531,47.381431579589844,47.85394287109375,45.12205505371094,43.96589660644531,44.59820556640625,43.863426208496094,43.863426208496094,43.90899658203125,41.34005355834961,43.5660400390625,43.8292121887207,44.65422821044922,44.41846466064453,44.94440841674805,43.416587829589844,43.046485900878906,42.48529052734375,38.4837646484375,34.539833068847656,33.61547088623047,29.73213768005371,27.85677719116211,23.76972770690918,23.76972770690918,20.615528106689453,17.11724281311035,16.0,13.03840446472168,11.401754379272461,8.062257766723633,7.8102498054504395,6.0,8.5440034866333,10.816654205322266,12.206555366516113,15.65247631072998,18.973665237426758,21.21320343017578,23.021728515625,26.019224166870117,28.44292449951172,29.120439529418945,31.78049659729004,31.906112670898438
0,-50.0,-95,24,10,71.70076751708984,66.70832061767578,64.66065216064453,60.30754470825195,55.44366455078125,49.20365905761719,44.40720748901367,43.5660400390625,42.94182205200195,40.71854782104492,38.27531814575195,35.735137939453125,36.400550842285156,33.541019439697266,32.140316009521484,32.0,31.064449310302734,31.14482307434082,30.265491485595703,32.24903106689453,31.064449310302734,30.265491485595703,28.160255432128906,26.305892944335938,25.079872131347656,23.021728515625,15.524174690246582,13.34166431427002,11.401754379272461,7.211102485656738,5.656854152679443,4.4721360206604,6.0,8.246211051940918,9.433980941772461,9.219544410705566,13.45362377166748,12.529964447021484,16.124515533447266,19.697715759277344,24.166091918945312,27.73084831237793,31.764760971069336,34.0,38.94868469238281,41.88078308105469,45.607017517089844,49.57822036743164,52.345008850097656,52.63079071044922,54.08327102661133,55.90169906616211
0,-50.0,-95,25,7,76.94153594970703,72.06941223144531,68.96376037597656,64.14047241210938,61.400325775146484,55.90169906616211,53.66563034057617,50.15974426269531,49.76947021484375,48.703182220458984,44.271888732910156,42.72002029418945,41.231056213378906,38.63935852050781,36.49657440185547,37.05401611328125,35.0,35.0,33.13608169555664,34.058773040771484,33.060550689697266,33.060550689697266,30.01666259765625,29.27456283569336,28.160255432128906,23.34523582458496,19.646883010864258,15.65247631072998,16.124515533447266,13.45362377166748,13.601470947265625,15.0,15.65247631072998,12.649110794067383,16.0,16.031219482421875,16.124515533447266,16.492422103881836,20.248456954956055,22.847318649291992,26.832815170288086,30.870698928833008,33.12099075317383,34.885528564453125,38.4837646484375,44.0113639831543,45.54119110107422,50.447994232177734,53.75872039794922,55.03635025024414,60.074954986572266,57.55866622924805
0,-48.0,-95,24,13,101.83319854736328,98.31072998046875,94.06912231445312,90.78546142578125,82.32861328125,77.46611785888672,72.4706802368164,68.88395690917969,65.85590362548828,60.14149856567383,58.728187561035156,55.865909576416016,52.49761962890625,50.447994232177734,48.010414123535156,45.27692413330078,46.14108657836914,43.046485900878906,42.54409408569336,41.62931823730469,41.62931823730469,41.231056213378906,36.24913787841797,35.46829605102539,35.46829605102539,31.62277603149414,27.459060668945312,27.073972702026367,26.019224166870117,23.0,24.083189010620117,23.53720474243164,23.53720474243164,22.135944366455078,23.409399032592773,20.615528106689453,20.248456954956055,22.022714614868164,24.041629791259766,25.612497329711914,26.62705421447754,28.844409942626953,34.98571014404297,35.84689712524414,38.27531814575195,43.011627197265625,46.22769546508789,50.93132781982422,51.6623649597168,54.4058837890625,56.4358024597168,56.080299377441406
0,-48.0,-95,25,8,94.5409927368164,95.12622833251953,94.72592163085938,90.70832061767578,84.64632415771484,79.30951690673828,76.40026092529297,70.8307876586914,65.51335906982422,61.98386764526367,61.52235412597656,56.22277069091797,53.037723541259766,50.0,48.010414123535156,48.166378021240234,46.52956008911133,43.73785400390625,43.17406463623047,42.95346450805664,42.20189666748047,41.231056213378906,39.293766021728516,38.27531814575195,36.055511474609375,33.61547088623047,30.01666259765625,29.681644439697266,26.62705421447754,26.172504425048828,26.172504425048828,26.172504425048828,22.803508758544922,24.413110733032227,23.706539154052734,22.847318649291992,21.840330123901367,21.21320343017578,23.0867919921875,24.0,28.017850875854492,31.256999969482422,34.36568069458008,36.34556198120117,39.31920623779297,43.185646057128906,48.041648864746094,51.0,53.037723541259766,56.56854248046875,56.32051086425781,56.080299377441406
0,-49.0,-95,25,8,92.00543212890625,92.0,92.04889678955078,92.43917083740234,85.28775024414062,76.65507507324219,75.32595825195312,67.18630981445312,64.1248779296875,60.0333251953125,59.03388977050781,55.009090423583984,56.080299377441406,51.244510650634766,48.50773239135742,46.097721099853516,45.35416030883789,43.680660247802734,47.434165954589844,44.94440841674805,44.271888732910156,43.08131790161133,42.05948257446289,41.146080017089844,39.0,39.39543151855469,35.7770881652832,34.0,34.13209533691406,31.064449310302734,29.681644439697266,31.890438079833984,29.20616340637207,26.90724754333496,26.248809814453125,25.45584487915039,23.34523582458496,20.615528106689453,21.63330841064453,19.697715759277344,18.973665237426758,22.56102752685547,25.079872131347656,27.073972702026367,29.0,34.058773040771484,37.2155876159668,39.623226165771484,41.761226654052734,44.94440841674805,44.72135925292969,47.434165954589844
0,-47.0,-95,23,12,96.54014587402344,90.55384826660156,89.14033508300781,82.75868225097656,77.15568542480469,69.42621612548828,66.60330200195312,60.95900344848633,58.0,55.865909576416016,52.345008850097656,50.2493782043457,47.6340217590332,45.80392837524414,43.600460052490234,43.046485900878906,40.31128692626953,40.70626449584961,40.71854782104492,40.71854782104492,39.81205749511719,40.31128692626953,38.4837646484375,39.0,38.07886505126953,35.84689712524414,34.01470184326172,31.38471031188965,29.154760360717773,29.154760360717773,26.925823211669922,26.248809814453125,25.298221588134766,23.409399032592773,23.409399032592773,21.189620971679688,19.313207626342773,15.81138801574707,14.317821502685547,12.041594505310059,10.0,9.486832618713379,11.401754379272461,12.806248664855957,15.55634880065918,17.69180679321289,19.79899024963379,24.083189010620117,25.0,25.553865432739258,26.832815170288086,28.460498809814453
0,-48.0,-95,23,8,73.82411193847656,74.14849853515625,74.14849853515625,68.88395690917969,64.76110076904297,57.723480224609375,53.36665725708008,49.47726821899414,45.89117431640625,45.54119110107422,41.30375289916992,38.05259704589844,37.013511657714844,34.01470184326172,32.06243896484375,31.575305938720703,29.614185333251953,30.08321762084961,29.73213768005371,31.95309066772461,31.016124725341797,32.31098937988281,29.73213768005371,31.38471031188965,30.08321762084961,28.792360305786133,25.298221588134766,24.351591110229492,22.472204208374023,21.189620971679688,19.92485809326172,18.973665237426758,17.0880069732666,15.81138801574707,13.601470947265625,12.369317054748535,11.180339813232422,9.05538558959961,6.0,4.0,1.4142135381698608,1.0,4.0,8.0,10.198039054870605,12.649110794067383,14.764822959899902,17.20465087890625,19.84943389892578,20.51828384399414,22.203603744506836,22.360679626464844
0,-49.0,-95,22,11,72.44998168945312,68.94925689697266,64.51356506347656,62.361846923828125,55.36244201660156,52.201534271240234,48.703182220458984,44.59820556640625,40.49691390991211,37.161808013916016,35.34119415283203,32.24903106689453,29.4108829498291,25.612497329711914,25.495098114013672,24.83948516845703,23.853721618652344,22.825424194335938,22.472204208374023,23.409399032592773,24.351591110229492,25.0,24.041629791259766,23.53720474243164,23.76972770690918,22.135944366455078,20.880613327026367,18.973665237426758,16.76305389404297,15.81138801574707,13.928388595581055,11.704699516296387,10.770329475402832,9.486832618713379,7.6157732009887695,6.7082037925720215,5.656854152679443,3.0,2.8284270763397217,5.385164737701416,6.082762718200684,9.0,11.180339813232422,13.34166431427002,16.155494689941406,17.0,20.248456954956055,23.34523582458496,24.083189010620117,25.806976318359375,27.294687271118164,27.85677719116211
0,-50.0,-95,23,9,65.0,61.13100814819336,57.723480224609375,54.120235443115234,49.72926712036133,44.384681701660156,40.024993896484375,36.67424011230469,32.38827133178711,30.066593170166016,27.018512725830078,24.020824432373047,21.095022201538086,18.681541442871094,17.0880069732666,17.20465087890625,16.970561981201172,16.401220321655273,17.492855072021484,17.8885440826416,17.8885440826416,18.788293838500977,18.788293838500977,18.384777069091797,18.788293838500977,17.0880069732666,13.601470947265625,12.083045959472656,9.486832618713379,8.062257766723633,6.324555397033691,4.123105525970459,3.1622776985168457,1.0,1.0,1.0,4.123105525970459,7.0,9.05538558959961,11.401754379272461,14.317821502685547,16.552946090698242,20.615528106689453,21.954498291015625,23.853721618652344,27.20294189453125,29.832868576049805,31.827661514282227,33.970577239990234,34.828147888183594,34.66987228393555,35.34119415283203
0,-51.0,-95,23,14,71.02112579345703,67.26811981201172,63.348243713378906,58.694122314453125,53.15073013305664,47.29693603515625,42.7551155090332,37.336307525634766,33.060550689697266,28.0,26.07680892944336,22.803508758544922,20.248456954956055,19.72308349609375,17.69180679321289,18.601076126098633,18.788293838500977,20.615528106689453,20.615528106689453,21.587032318115234,22.56102752685547,22.56102752685547,20.39607810974121,19.235383987426758,19.10497283935547,16.031219482421875,13.03840446472168,11.180339813232422,8.9442720413208,9.219544410705566,8.062257766723633,7.6157732009887695,9.219544410705566,11.0,13.152946472167969,13.601470947265625,16.155494689941406,18.027755737304688,19.84943389892578,23.34523582458496,27.018512725830078,29.832868576049805,34.058773040771484,36.2353401184082,38.41874694824219,40.224369049072266,43.90899658203125,46.14108657836914,49.19349670410156,49.76947021484375,50.0,49.24428939819336
0,-50.0,-95,24,13,77.10382843017578,73.59347534179688,67.26811981201172,63.411354064941406,57.00876998901367,49.40647888183594,44.04542922973633,39.051246643066406,33.970577239990234,29.832868576049805,26.925823211669922,24.698177337646484,24.73863410949707,23.194826126098633,24.0,24.331050872802734,24.73863410949707,26.248809814453125,26.570659637451172,28.23118782043457,27.85677719116211,28.23118782043457,25.079872131347656,25.553865432739258,24.698177337646484,22.203603744506836,19.10497283935547,20.0,20.124610900878906,20.248456954956055,20.615528106689453,22.56102752685547,22.203603744506836,23.0867919921875,25.0,24.020824432373047,26.305892944335938,26.476404190063477,26.925823211669922,30.675724029541016,33.83784866333008,37.336307525634766,37.6961555480957,40.853397369384766,43.32435989379883,45.880279541015625,49.72926712036133,51.195701599121094,53.33854293823242,55.081756591796875,56.035701751708984,54.58937454223633
0,-49.0,-95,24,14,86.05230712890625,79.4040298461914,74.40430450439453,67.41661834716797,61.91122817993164,52.47856521606445,48.25971221923828,44.204071044921875,41.1096076965332,38.897300720214844,38.41874694824219,36.619667053222656,36.359317779541016,35.7770881652832,36.67424011230469,37.947330474853516,37.64305877685547,38.327537536621094,39.293766021728516,39.293766021728516,39.293766021728516,39.560081481933594,37.36308288574219,37.10795211791992,36.13862228393555,33.241539001464844,30.265491485595703,32.140316009521484,30.066593170166016,30.0,30.0,30.0,29.017236709594727,29.154760360717773,27.294687271118164,27.658634185791016,27.658634185791016,25.298221588134766,26.925823211669922,25.495098114013672,30.01666259765625,31.38471031188965,34.13209533691406,35.510562896728516,38.587562561035156,39.824615478515625,44.283180236816406,45.694637298583984,48.08325958251953,48.27007293701172,49.25444030761719,49.01020431518555
0,-49.0,-95,25,10,92.35800170898438,89.1852035522461,81.4923324584961,77.82030487060547,70.21395874023438,63.06346130371094,58.66856002807617,54.08327102661133,51.865211486816406,48.41487503051758,47.6340217590332,46.69047164916992,45.25483322143555,44.59820556640625,45.343135833740234,45.80392837524414,45.221675872802734,45.221675872802734,45.221675872802734,46.87216567993164,46.04345703125,45.221675872802734,43.8292121887207,42.20189666748047,42.63801193237305,39.824615478515625,36.055511474609375,34.4093017578125,34.13209533691406,30.4138126373291,29.068883895874023,29.96664810180664,28.635643005371094,26.0,24.73863410949707,24.515300750732422,23.194826126098633,22.360679626464844,22.090721130371094,22.022714614868164,24.1867733001709,27.459060668945312,27.459060668945312,30.805843353271484,33.95585250854492,35.510562896728516,39.458839416503906,42.19004440307617,43.0,44.10215377807617,46.87216567993164,47.12748718261719
0,-49.0,-95,24,11,89.45389556884766,84.71717834472656,79.90619659423828,76.48529052734375,69.42621612548828,62.585941314697266,57.48912811279297,51.41984176635742,49.24428939819336,45.7055778503418,41.30375289916992,38.05259704589844,36.0,33.13608169555664,33.37664031982422,32.572994232177734,32.31098937988281,33.105892181396484,35.35533905029297,35.35533905029297,37.58989334106445,38.07886505126953,35.35533905029297,36.715118408203125,36.359317779541016,33.12099075317383,31.064449310302734,30.610456466674805,30.610456466674805,29.832868576049805,29.73213768005371,30.4138126373291,30.4138126373291,29.0,26.870058059692383,26.870058059692383,26.248809814453125,25.0,24.413110733032227,25.238859176635742,23.76972770690918,26.570659637451172,28.23118782043457,28.460498809814453,31.320919036865234,33.241539001464844,35.46829605102539,35.84689712524414,38.07886505126953,39.96248245239258,40.804412841796875,41.773197174072266
0,-49.0,-95,23,12,83.6480712890625,77.5241928100586,74.94664764404297,70.45565795898438,63.60031509399414,56.22277069091797,52.63079071044922,47.801673889160156,43.600460052490234,41.617305755615234,36.8917350769043,34.0,33.61547088623047,31.320919036865234,30.805843353271484,30.149627685546875,30.01666259765625,31.0,33.0151481628418,33.0151481628418,35.0142822265625,36.013885498046875,34.0,34.0,34.0,32.015621185302734,31.0,31.016124725341797,29.068883895874023,27.073972702026367,27.166154861450195,27.294687271118164,27.166154861450195,27.166154861450195,25.179357528686523,24.1867733001709,22.203603744506836,22.56102752685547,21.3775577545166,20.880613327026367,20.248456954956055,20.124610900878906,20.59126091003418,20.248456954956055,23.323806762695312,23.323806762695312,26.07680892944336,28.65309715270996,29.546573638916016,30.463092803955078,31.62277603149414,32.75667953491211
0,-49.0,-95,23,13,80.72174072265625,77.79460144042969,72.13875579833984,70.93659210205078,62.481998443603516,57.628116607666016,53.26349639892578,46.86149978637695,44.68780517578125,39.59798049926758,38.94868469238281,36.2353401184082,33.60059356689453,32.24903106689453,31.764760971069336,31.62277603149414,32.280025482177734,31.78049659729004,33.541019439697266,33.734256744384766,33.95585250854492,34.928497314453125,34.928497314453125,33.95585250854492,32.280025482177734,30.08321762084961,26.925823211669922,24.73863410949707,24.331050872802734,21.21320343017578,21.095022201538086,21.02379608154297,20.0,18.0,18.11077117919922,18.11077117919922,16.278820037841797,14.317821502685547,13.928388595581055,13.892443656921387,15.620499610900879,17.69180679321289,19.10497283935547,21.260292053222656,22.671567916870117,24.75883674621582,27.58622932434082,28.42534065246582,30.0,31.906112670898438,32.202484130859375,33.52610778808594
0,-49.0,-95,23,14,79.02531433105469,72.00694274902344,73.0,66.12110137939453,63.071388244628906,54.147945404052734,52.038448333740234,48.010414123535156,45.0,42.0,39.051246643066406,36.22154235839844,34.525352478027344,33.52610778808594,31.95309066772461,31.30495262145996,31.38471031188965,32.75667953491211,33.2866325378418,34.66987228393555,34.66987228393555,34.66987228393555,33.61547088623047,32.75667953491211,31.764760971069336,28.17800521850586,24.698177337646484,23.600847244262695,20.808652877807617,19.84943389892578,18.439088821411133,18.601076126098633,17.804492950439453,17.0,16.552946090698242,16.155494689941406,17.0880069732666,15.524174690246582,17.11724281311035,17.0,20.099750518798828,21.3775577545166,23.0867919921875,24.331050872802734,28.284271240234375,29.154760360717773,31.064449310302734,33.0,35.12833786010742,35.510562896728516,36.400550842285156,35.84689712524414
0,-49.0,-95,23,14,84.05355072021484,81.09870910644531,75.1065902709961,71.56814575195312,65.4904556274414,60.8276252746582,57.314918518066406,52.345008850097656,50.2493782043457,44.10215377807617,43.046485900878906,41.01219177246094,38.20994567871094,37.48332977294922,35.693138122558594,34.48188018798828,36.400550842285156,37.6961555480957,37.161808013916016,38.07886505126953,37.336307525634766,37.336307525634766,35.735137939453125,36.055511474609375,34.48188018798828,31.048349380493164,27.20294189453125,23.0867919921875,23.409399032592773,21.02379608154297,18.788293838500977,17.492855072021484,15.81138801574707,16.278820037841797,15.55634880065918,15.81138801574707,14.764822959899902,13.601470947265625,15.132745742797852,18.027755737304688,18.0,22.0,23.0,25.0,27.0,29.068883895874023,31.400636672973633,34.525352478027344,34.20526123046875,35.11410140991211,36.67424011230469,35.510562896728516
0,-50.0,-95,24,12,90.2496566772461,85.61541748046875,79.30951690673828,75.31268310546875,68.44705963134766,60.8276252746582,57.070133209228516,50.695167541503906,47.801673889160156,43.011627197265625,40.16217041015625,39.0,34.98571014404297,34.20526123046875,33.241539001464844,34.058773040771484,35.0,35.80502700805664,36.619667053222656,38.27531814575195,38.01315689086914,37.80211639404297,37.64305877685547,36.878177642822266,34.65544509887695,32.526912689208984,25.495098114013672,23.430749893188477,20.615528106689453,18.867961883544922,15.264337539672852,13.0,9.848857879638672,10.198039054870605,10.0,10.198039054870605,10.816654205322266,11.313708305358887,13.601470947265625,14.764822959899902,18.867961883544922,21.095022201538086,25.553865432739258,27.459060668945312,28.844409942626953,31.400636672973633,34.058773040771484,36.79673767089844,38.94868469238281,40.224369049072266,40.31128692626953,40.31128692626953
0,-51.0,-95,25,11,89.67720031738281,85.32877349853516,75.13321685791016,72.56720733642578,61.61168670654297,57.27128601074219,50.635955810546875,43.28972244262695,40.04996871948242,34.058773040771484,34.71310806274414,31.95309066772461,31.764760971069336,32.202484130859375,33.42155075073242,36.79673767089844,37.53664779663086,38.20994567871094,40.45985794067383,41.1096076965332,41.03656768798828,41.72529220581055,37.48332977294922,37.48332977294922,33.970577239990234,31.11269760131836,24.083189010620117,21.40093421936035,20.248456954956055,17.72004508972168,15.524174690246582,17.0,16.031219482421875,17.464248657226562,18.973665237426758,21.470911026000977,21.63330841064453,24.20743751525879,26.172504425048828,29.698484420776367,32.526912689208984,35.38361358642578,37.48332977294922,39.59798049926758,41.86884307861328,43.416587829589844,47.434165954589844,50.477718353271484,51.4781494140625,54.12947463989258,54.424259185791016,55.54277801513672
0,-49.0,-95,25,12,101.51354217529297,90.82400512695312,89.15716552734375,78.72102355957031,70.21395874023438,59.03388977050781,52.92447280883789,46.173583984375,43.931766510009766,42.19004440307617,40.01249694824219,40.199501037597656,40.79215621948242,43.416587829589844,45.880279541015625,49.39635467529297,48.10405349731445,51.54609680175781,49.97999572753906,51.54609680175781,50.447994232177734,50.695167541503906,48.05205535888672,45.607017517089844,43.73785400390625,39.81205749511719,35.1710090637207,33.541019439697266,29.96664810180664,30.528675079345703,30.232433319091797,29.73213768005371,31.11269760131836,31.11269760131836,29.698484420776367,29.832868576049805,29.832868576049805,31.064449310302734,31.064449310302734,30.886890411376953,34.885528564453125,34.928497314453125,38.910152435302734,38.4837646484375,42.95346450805664,45.17742919921875,47.01063537597656,48.82622146606445,51.400390625,51.6623649597168,53.81449508666992,51.61395263671875
0,-49.0,-95,25,11,105.39450073242188,97.75479888916016,89.47066497802734,80.52949523925781,71.58910369873047,63.50590515136719,57.80138397216797,53.5350341796875,49.20365905761719,47.381431579589844,47.423622131347656,48.41487503051758,48.25971221923828,48.87739944458008,50.2493782043457,51.4781494140625,51.429561614990234,52.839378356933594,51.88448715209961,53.851646423339844,53.25410842895508,53.25410842895508,49.648765563964844,48.25971221923828,46.40043258666992,42.20189666748047,36.619667053222656,34.98571014404297,32.649654388427734,30.463092803955078,29.546573638916016,31.95309066772461,30.08321762084961,30.08321762084961,30.805843353271484,29.27456283569336,29.154760360717773,28.07133674621582,27.0,28.017850875854492,30.149627685546875,31.14482307434082,33.241539001464844,36.49657440185547,37.48332977294922,39.11521530151367,42.10700607299805,44.0113639831543,47.0,49.09175109863281,50.635955810546875,50.96076965332031
0,-49.0,-95,25,11,100.6578369140625,91.9673843383789,84.8646011352539,78.51751708984375,70.03570556640625,64.35060119628906,59.46427536010742,55.44366455078125,51.61395263671875,49.92995071411133,51.4781494140625,50.56678771972656,49.76947021484375,49.39635467529297,49.04079818725586,52.49761962890625,52.201534271240234,52.49761962890625,53.45091247558594,52.49761962890625,52.55473327636719,53.3104133605957,50.990196228027344,48.332183837890625,48.30113983154297,42.48529052734375,37.161808013916016,37.161808013916016,32.69556427001953,31.62277603149414,31.320919036865234,30.5941162109375,30.5941162109375,29.154760360717773,30.066593170166016,30.01666259765625,30.01666259765625,27.0,27.018512725830078,29.154760360717773,29.42787742614746,30.805843353271484,30.805843353271484,33.95585250854492,35.1710090637207,36.67424011230469,40.607879638671875,42.57933807373047,44.18144226074219,48.0,49.09175109863281,48.83646011352539
0,-48.0,-95,24,11,87.23531341552734,81.84130859375,76.967529296875,70.7742919921875,65.92420196533203,59.09314727783203,55.90169906616211,53.23532485961914,52.35456085205078,49.73931884765625,46.87216567993164,47.801673889160156,46.22769546508789,46.22769546508789,46.22769546508789,46.69047164916992,45.96738052368164,46.75468063354492,46.010868072509766,47.50789260864258,45.607017517089844,44.40720748901367,42.43819046020508,42.43819046020508,40.8166618347168,37.44329071044922,32.4499626159668,30.528675079345703,27.20294189453125,26.4007568359375,24.83948516845703,24.75883674621582,24.041629791259766,21.931713104248047,21.260292053222656,20.615528106689453,19.416488647460938,18.867961883544922,18.384777069091797,19.646883010864258,20.39607810974121,21.3775577545166,24.331050872802734,23.194826126098633,26.305892944335938,28.284271240234375,29.614185333251953,31.78049659729004,34.20526123046875,36.055511474609375,37.121421813964844,36.359317779541016
0,-48.0,-95,24,9,85.0,80.52949523925781,75.23961639404297,70.93659210205078,62.032249450683594,57.93962478637695,52.0,50.56678771972656,47.85394287109375,45.27692413330078,44.65422821044922,43.416587829589844,42.63801193237305,41.03656768798828,41.03656768798828,43.13930892944336,43.185646057128906,41.72529220581055,42.44997024536133,41.72529220581055,41.86884307861328,41.773197174072266,39.69886779785156,38.20994567871094,36.2353401184082,33.42155075073242,28.42534065246582,26.90724754333496,26.172504425048828,23.34523582458496,22.022714614868164,22.022714614868164,20.615528106689453,20.0,18.867961883544922,17.0,17.0880069732666,15.81138801574707,16.492422103881836,16.031219482421875,16.0,18.11077117919922,19.10497283935547,21.3775577545166,22.360679626464844,24.331050872802734,27.294687271118164,30.066593170166016,32.06243896484375,34.01470184326172,35.05709457397461,35.510562896728516
0,-48.0,-95,23,11,80.5046615600586,74.67261505126953,71.84706115722656,67.26811981201172,61.392181396484375,55.10898208618164,49.648765563964844,46.52956008911133,44.283180236816406,42.01190185546875,42.0,39.11521530151367,40.112342834472656,39.31920623779297,40.4474983215332,39.81205749511719,39.81205749511719,39.623226165771484,41.0,40.4474983215332,40.4474983215332,41.30375289916992,37.121421813964844,37.121421813964844,34.01470184326172,32.015621185302734,27.073972702026367,26.019224166870117,23.0867919921875,21.095022201538086,21.3775577545166,20.39607810974121,20.880613327026367,17.72004508972168,17.72004508972168,16.155494689941406,14.317821502685547,13.892443656921387,12.806248664855957,12.806248664855957,13.03840446472168,14.764822959899902,16.552946090698242,18.027755737304688,19.92485809326172,21.189620971679688,23.76972770690918,25.495098114013672,28.17800521850586,30.528675079345703,31.400636672973633,32.526912689208984
0,-48.0,-95,23,11,80.22468566894531,74.06078338623047,74.00675964355469,68.02940368652344,62.12889862060547,54.230987548828125,50.08992004394531,46.04345703125,42.0,41.01219177246094,38.327537536621094,35.510562896728516,36.878177642822266,36.13862228393555,34.48188018798828,34.539833068847656,32.31098937988281,34.928497314453125,34.01470184326172,35.34119415283203,34.1760139465332,33.61547088623047,32.893768310546875,31.016124725341797,30.364452362060547,27.513633728027344,23.76972770690918,24.166091918945312,21.470911026000977,20.59126091003418,19.72308349609375,20.248456954956055,18.027755737304688,17.804492950439453,14.866068840026855,14.866068840026855,14.142135620117188,12.806248664855957,11.661903381347656,12.083045959472656,11.401754379272461,13.03840446472168,15.033296585083008,16.0,18.0,20.0,22.0,23.021728515625,25.179357528686523,28.635643005371094,30.364452362060547,30.870698928833008
0,-49.0,-95,23,12,83.23461151123047,79.02531433105469,74.81310272216797,71.50524139404297,64.38167572021484,55.865909576416016,50.93132781982422,45.27692413330078,41.1096076965332,38.60051727294922,35.22782897949219,34.13209533691406,32.202484130859375,31.95309066772461,31.320919036865234,31.575305938720703,30.265491485595703,30.265491485595703,31.064449310302734,31.016124725341797,31.14482307434082,31.016124725341797,29.154760360717773,29.017236709594727,29.154760360717773,27.073972702026367,25.01999282836914,24.0,22.0,21.0,20.02498435974121,18.11077117919922,18.248287200927734,18.439088821411133,14.142135620117188,14.317821502685547,12.649110794067383,13.416407585144043,11.401754379272461,11.313708305358887,11.401754379272461,12.529964447021484,14.764822959899902,15.81138801574707,16.76305389404297,18.973665237426758,22.135944366455078,24.698177337646484,26.832815170288086,27.459060668945312,30.0,31.11269760131836
0,-50.0,-95,24,11,91.9673843383789,85.5628433227539,82.03657531738281,76.5767593383789,68.88395690917969,60.80295944213867,55.44366455078125,50.32891845703125,45.343135833740234,41.72529220581055,38.897300720214844,36.2353401184082,34.66987228393555,32.202484130859375,31.38471031188965,31.320919036865234,29.832868576049805,31.400636672973633,32.140316009521484,32.06243896484375,33.060550689697266,33.060550689697266,32.140316009521484,31.064449310302734,31.256999969482422,29.27456283569336,27.073972702026367,25.079872131347656,23.021728515625,21.095022201538086,19.0,18.0,16.124515533447266,15.132745742797852,14.560219764709473,12.369317054748535,11.704699516296387,11.401754379272461,11.401754379272461,11.180339813232422,13.0,14.317821502685547,17.262676239013672,19.10497283935547,20.099750518798828,24.331050872802734,25.495098114013672,28.861740112304688,31.95309066772461,33.105892181396484,34.66987228393555,35.608985900878906
0,-50.0,-95,25,10,108.25894927978516,106.23088073730469,94.5409927368164,92.02716827392578,80.0062484741211,74.04052734375,66.0984115600586,60.74536895751953,53.851646423339844,47.423622131347656,46.52956008911133,40.224369049072266,40.360870361328125,36.12478256225586,35.46829605102539,34.48188018798828,35.7770881652832,34.539833068847656,34.48188018798828,38.327537536621094,38.327537536621094,39.293766021728516,36.400550842285156,38.07886505126953,37.64305877685547,35.1710090637207,31.575305938720703,29.614185333251953,27.294687271118164,24.1867733001709,21.095022201538086,20.02498435974121,18.0,15.132745742797852,15.29705810546875,14.317821502685547,12.806248664855957,12.206555366516113,14.866068840026855,17.72004508972168,18.248287200927734,23.194826126098633,26.172504425048828,26.305892944335938,30.149627685546875,33.37664031982422,38.07886505126953,40.52159881591797,44.92215347290039,46.615447998046875,47.01063537597656,49.40647888183594
0,-50.0,-95,25,12,120.73938751220703,113.3710708618164,107.91200256347656,99.28242492675781,89.89994812011719,79.30951690673828,72.91776275634766,64.8459701538086,59.03388977050781,53.5350341796875,49.40647888183594,45.343135833740234,41.773197174072266,38.01315689086914,36.715118408203125,37.6961555480957,37.64305877685547,39.051246643066406,39.31920623779297,43.28972244262695,44.40720748901367,44.40720748901367,43.416587829589844,43.185646057128906,42.57933807373047,39.458839416503906,35.35533905029297,32.24903106689453,28.160255432128906,27.018512725830078,22.0,22.203603744506836,19.416488647460938,16.155494689941406,15.264337539672852,16.278820037841797,14.422204971313477,18.027755737304688,19.416488647460938,23.34523582458496,26.172504425048828,29.017236709594727,34.058773040771484,34.13209533691406,39.20458984375,42.19004440307617,46.69047164916992,52.39274597167969,54.708316802978516,57.384666442871094,59.05929183959961,58.00862121582031
0,-50.0,-95,26,9,120.76837158203125,113.21660614013672,108.85311126708984,100.6578369140625,90.2496566772461,79.47956085205078,71.69379425048828,63.976558685302734,59.4810905456543,54.37830352783203,49.81967544555664,48.08325958251953,45.45327377319336,44.10215377807617,44.29446792602539,45.54119110107422,46.173583984375,48.27007293701172,50.21951675415039,52.39274597167969,52.88667297363281,54.81787872314453,51.92301940917969,51.92301940917969,49.33558654785156,44.59820556640625,37.64305877685547,33.52610778808594,30.805843353271484,25.317977905273438,23.021728515625,22.022714614868164,20.615528106689453,19.313207626342773,19.72308349609375,21.21320343017578,21.40093421936035,24.1867733001709,25.079872131347656,27.85677719116211,32.572994232177734,36.400550842285156,39.560081481933594,42.44997024536133,48.08325958251953,49.97999572753906,55.54277801513672,58.13776779174805,62.265560150146484,64.637451171875,65.85590362548828,65.19202423095703
0,-49.0,-95,25,13,119.80818176269531,111.25196838378906,102.34255981445312,98.1121826171875,85.58621215820312,78.03204345703125,69.3397445678711,61.400325775146484,56.85068130493164,51.62363815307617,48.27007293701172,46.87216567993164,46.14108657836914,45.18849563598633,45.880279541015625,48.27007293701172,47.85394287109375,48.50773239135742,52.345008850097656,53.600372314453125,55.578773498535156,53.93514633178711,52.17279052734375,50.80354309082031,49.72926712036133,45.35416030883789,38.327537536621094,35.1710090637207,29.27456283569336,26.172504425048828,23.0,22.203603744506836,21.840330123901367,19.697715759277344,20.0,21.21320343017578,23.600847244262695,23.323806762695312,26.4007568359375,27.85677719116211,32.572994232177734,34.48188018798828,38.897300720214844,40.804412841796875,44.94440841674805,48.84669876098633,53.66563034057617,57.30619430541992,59.07622146606445,61.84658432006836,61.52235412597656,62.62587356567383
0,-49.0,-95,25,11,100.40418243408203,96.7470932006836,90.55384826660156,81.88406372070312,73.82411193847656,65.76473236083984,61.400325775146484,57.21887969970703,53.0,49.09175109863281,48.50773239135742,46.097721099853516,45.880279541015625,45.694637298583984,44.777225494384766,47.88528060913086,48.87739944458008,50.774009704589844,49.92995071411133,53.33854293823242,53.33854293823242,52.839378356933594,51.62363815307617,48.84669876098633,46.81879806518555,44.271888732910156,35.735137939453125,32.893768310546875,28.23118782043457,25.05992889404297,22.472204208374023,20.51828384399414,21.260292053222656,20.248456954956055,21.470911026000977,21.02379608154297,21.189620971679688,21.21320343017578,24.0,26.07680892944336,28.0,31.016124725341797,34.13209533691406,36.013885498046875,39.0128173828125,42.0,45.09988784790039,48.50773239135742,51.195701599121094,52.49761962890625,53.712196350097656,53.33854293823242
0,-49.0,-95,24,12,92.0869140625,85.21150207519531,80.15609741210938,73.43704986572266,67.26811981201172,60.29925537109375,57.07889175415039,54.00925827026367,51.0,48.166378021240234,45.54119110107422,44.72135925292969,43.96589660644531,43.65776062011719,43.08131790161133,46.097721099853516,46.957427978515625,46.51881408691406,47.41307830810547,49.658836364746094,50.32891845703125,49.97999572753906,47.801673889160156,48.08325958251953,45.12205505371094,40.79215621948242,34.525352478027344,32.75667953491211,26.68332862854004,25.298221588134766,21.540658950805664,21.954498291015625,21.095022201538086,20.0,20.51828384399414,19.10497283935547,19.209373474121094,18.867961883544922,20.124610900878906,20.880613327026367,24.351591110229492,26.248809814453125,28.861740112304688,30.364452362060547,33.52610778808594,34.539833068847656,37.57658767700195,40.24922180175781,42.19004440307617,43.011627197265625,43.185646057128906,42.01190185546875
0,-49.0,-95,24,11,89.49860382080078,81.46778869628906,78.56844329833984,70.00714111328125,67.17886352539062,59.41380310058594,56.080299377441406,52.63079071044922,51.400390625,47.20169448852539,45.486263275146484,43.416587829589844,42.94182205200195,42.95346450805664,41.231056213378906,43.96589660644531,43.680660247802734,45.880279541015625,44.643028259277344,46.173583984375,47.75981521606445,47.01063537597656,46.06517028808594,44.72135925292969,40.8166618347168,37.735923767089844,30.528675079345703,28.301942825317383,24.1867733001709,22.847318649291992,21.540658950805664,22.135944366455078,21.3775577545166,20.2237491607666,21.02379608154297,20.0,19.0,18.11077117919922,19.416488647460938,19.646883010864258,22.135944366455078,22.472204208374023,26.0,26.570659637451172,28.792360305786133,30.364452362060547,32.280025482177734,33.734256744384766,36.34556198120117,37.05401611328125,37.05401611328125,36.34556198120117
0,-49.0,-95,24,10,84.85281372070312,81.46778869628906,73.59347534179688,70.93659210205078,63.25345993041992,56.22277069091797,51.088157653808594,46.75468063354492,45.96738052368164,43.185646057128906,41.231056213378906,39.66106414794922,39.824615478515625,40.24922180175781,39.81205749511719,39.924930572509766,40.49691390991211,41.78516387939453,42.72002029418945,43.863426208496094,43.8292121887207,42.05948257446289,39.96248245239258,40.31128692626953,37.202152252197266,33.0151481628418,28.600698471069336,25.553865432739258,22.825424194335938,20.615528106689453,19.92485809326172,20.615528106689453,20.615528106689453,19.235383987426758,19.235383987426758,17.029386520385742,17.029386520385742,18.0,19.10497283935547,20.39607810974121,19.416488647460938,19.92485809326172,21.840330123901367,22.472204208374023,23.0867919921875,25.0,25.961509704589844,28.44292449951172,29.614185333251953,31.14482307434082,32.06243896484375,33.060550689697266
0,-49.0,-95,23,14,84.31488800048828,76.32168579101562,74.3303451538086,66.73080444335938,63.52952194213867,54.5618896484375,51.88448715209961,47.50789260864258,44.10215377807617,41.400482177734375,39.20458984375,37.53664779663086,35.38361358642578,36.400550842285156,35.80502700805664,38.07886505126953,36.359317779541016,39.96248245239258,38.94868469238281,40.8166618347168,40.804412841796875,40.804412841796875,36.878177642822266,35.608985900878906,32.557640075683594,31.11269760131836,24.83948516845703,23.021728515625,19.72308349609375,19.235383987426758,18.973665237426758,19.92485809326172,19.416488647460938,18.248287200927734,18.439088821411133,17.11724281311035,17.11724281311035,17.0,19.02629852294922,18.11077117919922,18.11077117919922,17.464248657226562,22.56102752685547,19.92485809326172,20.880613327026367,22.803508758544922,25.0,27.658634185791016,28.44292449951172,30.149627685546875,31.016124725341797,32.06243896484375
0,-50.0,-95,24,12,88.61715698242188,84.17243957519531,79.19596099853516,73.0,66.84310150146484,59.81638717651367,54.037025451660156,48.91830062866211,45.27692413330078,41.03656768798828,39.408119201660156,36.715118408203125,35.7770881652832,34.539833068847656,35.46829605102539,36.400550842285156,37.85498809814453,38.07886505126953,39.051246643066406,40.26164245605469,38.897300720214844,39.217342376708984,36.400550842285156,36.055511474609375,34.1760139465332,28.792360305786133,25.0,24.515300750732422,22.203603744506836,22.022714614868164,22.022714614868164,21.0,22.0,22.0,21.095022201538086,21.095022201538086,20.615528106689453,18.248287200927734,17.72004508972168,18.027755737304688,18.788293838500977,19.235383987426758,18.867961883544922,19.416488647460938,22.203603744506836,22.803508758544922,26.4007568359375,27.80287742614746,31.62277603149414,33.61547088623047,35.34119415283203,34.78505325317383
0,-51.0,-95,24,14,97.34988403320312,89.69392395019531,84.72307586669922,78.72102355957031,71.17584228515625,62.7694206237793,56.859474182128906,50.56678771972656,44.72135925292969,42.72002029418945,39.408119201660156,38.28837966918945,36.12478256225586,35.80502700805664,36.619667053222656,39.81205749511719,39.357337951660156,38.910152435302734,40.31128692626953,42.95346450805664,42.94182205200195,42.05948257446289,39.4461669921875,40.70626449584961,38.07886505126953,34.98571014404297,30.4138126373291,29.96664810180664,26.925823211669922,28.460498809814453,26.68332862854004,25.70992088317871,25.70992088317871,23.76972770690918,24.331050872802734,24.515300750732422,23.194826126098633,20.099750518798828,20.0,19.02629852294922,17.11724281311035,17.262676239013672,20.880613327026367,19.697715759277344,22.360679626464844,25.553865432739258,28.17800521850586,31.30495262145996,35.46829605102539,37.947330474853516,38.07886505126953,40.31128692626953
0,-50.0,-95,25,12,109.5627670288086,102.78618621826172,98.97979736328125,88.5268325805664,81.02468872070312,69.63475799560547,65.0,56.32051086425781,52.81098556518555,47.53945541381836,44.29446792602539,41.88078308105469,38.94868469238281,38.897300720214844,41.86884307861328,44.65422821044922,46.647613525390625,47.50789260864258,48.3735466003418,50.774009704589844,51.312767028808594,51.312767028808594,49.40647888183594,48.82622146606445,48.60041046142578,43.600460052490234,41.34005355834961,39.66106414794922,38.27531814575195,37.2155876159668,34.13209533691406,35.35533905029297,33.61547088623047,30.886890411376953,29.068883895874023,25.942243576049805,24.166091918945312,21.540658950805664,20.39607810974121,19.235383987426758,19.0,19.416488647460938,21.587032318115234,23.409399032592773,24.698177337646484,28.17800521850586,32.202484130859375,35.84689712524414,38.27531814575195,41.761226654052734,44.72135925292969,46.04345703125
0,-49.0,-95,25,11,106.4048843383789,100.60317993164062,95.8018798828125,88.20430755615234,79.92496490478516,72.40165710449219,66.0302963256836,58.00862121582031,54.671749114990234,50.990196228027344,47.381431579589844,45.80392837524414,45.486263275146484,44.72135925292969,46.51881408691406,48.383880615234375,49.72926712036133,52.201534271240234,55.081756591796875,56.32051086425781,56.920997619628906,55.36244201660156,54.230987548828125,54.230987548828125,51.429561614990234,49.658836364746094,46.097721099853516,42.48529052734375,41.59326934814453,39.0,38.01315689086914,34.885528564453125,33.105892181396484,30.4138126373291,27.73084831237793,24.166091918945312,20.615528106689453,18.027755737304688,15.29705810546875,14.0,13.34166431427002,16.155494689941406,16.401220321655273,19.10497283935547,20.51828384399414,24.083189010620117,29.0,32.526912689208984,37.013511657714844,40.49691390991211,42.04759216308594,43.65776062011719
0,-49.0,-95,25,11,106.0,99.86490631103516,92.41753387451172,87.45856475830078,78.10249328613281,69.65629577636719,64.20280456542969,57.688819885253906,53.851646423339844,47.88528060913086,47.423622131347656,45.54119110107422,45.12205505371094,46.52956008911133,46.173583984375,49.0,50.0,51.009803771972656,54.00925827026367,55.0,54.00925827026367,55.03635025024414,53.33854293823242,53.23532485961914,51.4781494140625,47.51841735839844,45.54119110107422,42.296573638916016,39.458839416503906,38.20994567871094,35.510562896728516,34.36568069458008,32.38827133178711,30.4138126373291,27.166154861450195,25.179357528686523,22.022714614868164,17.11724281311035,15.0,13.34166431427002,13.03840446472168,15.55634880065918,15.620499610900879,17.492855072021484,21.540658950805664,25.495098114013672,29.068883895874023,33.541019439697266,36.055511474609375,39.051246643066406,41.72529220581055,43.416587829589844
0,-49.0,-95,25,9,96.76776123046875,89.8888168334961,85.79627227783203,79.7057113647461,72.09021759033203,64.47480010986328,58.694122314453125,54.08327102661133,49.33558654785156,47.29693603515625,45.7055778503418,44.18144226074219,44.0,44.04542922973633,44.18144226074219,44.72135925292969,44.72135925292969,46.52956008911133,48.05205535888672,49.81967544555664,50.635955810546875,49.497474670410156,47.095645904541016,47.16990661621094,44.04542922973633,42.01190185546875,37.05401611328125,35.12833786010742,34.058773040771484,31.064449310302734,29.068883895874023,28.160255432128906,27.073972702026367,23.194826126098633,21.02379608154297,20.099750518798828,16.031219482421875,13.152946472167969,11.401754379272461,9.433980941772461,8.602325439453125,9.219544410705566,14.03566837310791,15.033296585083008,19.02629852294922,23.0,27.0,30.066593170166016,32.38827133178711,35.1710090637207,37.336307525634766,37.58989334106445
0,-49.0,-95,24,11,89.005615234375,87.02298736572266,82.00609588623047,75.1065902709961,68.11754608154297,63.19810104370117,58.03447341918945,53.0,48.010414123535156,45.27692413330078,43.73785400390625,42.44997024536133,42.379241943359375,41.231056213378906,42.04759216308594,42.94182205200195,43.046485900878906,43.416587829589844,43.90899658203125,44.41846466064453,45.17742919921875,44.283180236816406,42.54409408569336,40.24922180175781,39.39543151855469,37.161808013916016,31.78049659729004,29.068883895874023,27.73084831237793,26.832815170288086,25.05992889404297,22.360679626464844,21.954498291015625,19.235383987426758,18.357559204101562,14.764822959899902,13.892443656921387,8.062257766723633,5.0,5.385164737701416,6.082762718200684,8.062257766723633,12.041594505310059,15.0,18.439088821411133,22.472204208374023,26.07680892944336,30.4138126373291,32.31098937988281,33.52610778808594,35.510562896728516,36.055511474609375
0,-50.0,-95,24,10,85.6037368774414,79.6303939819336,74.40430450439453,69.89277648925781,62.68173599243164,56.603885650634766,53.823787689208984,47.801673889160156,45.45327377319336,42.42640686035156,41.72529220581055,41.1096076965332,40.804412841796875,39.66106414794922,38.07886505126953,39.357337951660156,38.01315689086914,39.81205749511719,39.924930572509766,40.71854782104492,38.01315689086914,38.4837646484375,38.07886505126953,37.58989334106445,35.510562896728516,33.83784866333008,27.459060668945312,24.698177337646484,22.472204208374023,21.095022201538086,19.235383987426758,18.384777069091797,16.155494689941406,14.866068840026855,13.601470947265625,11.704699516296387,8.5440034866333,6.0,5.099019527435303,5.656854152679443,7.280109882354736,11.180339813232422,15.29705810546875,17.262676239013672,20.39607810974121,25.298221588134766,27.312999725341797,30.01666259765625,33.83784866333008,35.38361358642578,36.79673767089844,37.202152252197266
0,-50.0,-95,24,10,80.05622863769531,75.02666473388672,68.70953369140625,65.39112854003906,58.694122314453125,52.39274597167969,47.16990661621094,43.96589660644531,40.804412841796875,39.81205749511719,37.48332977294922,36.22154235839844,35.05709457397461,34.0,34.058773040771484,33.241539001464844,32.557640075683594,32.557640075683594,33.95585250854492,34.71310806274414,34.525352478027344,34.71310806274414,31.14482307434082,32.24903106689453,30.066593170166016,27.018512725830078,23.0867919921875,20.099750518798828,17.464248657226562,15.29705810546875,15.231546401977539,13.928388595581055,13.416407585144043,12.529964447021484,9.433980941772461,7.8102498054504395,6.4031243324279785,6.324555397033691,7.0,8.246211051940918,12.083045959472656,14.422204971313477,17.0,21.095022201538086,23.706539154052734,25.63201141357422,29.120439529418945,31.575305938720703,34.2344856262207,36.013885498046875,38.11823654174805,39.623226165771484
0,-51.0,-95,24,11,75.29276275634766,72.40165710449219,64.66065216064453,62.42595672607422,55.217750549316406,49.648765563964844,44.94440841674805,40.8166618347168,38.07886505126953,35.84689712524414,34.928497314453125,32.572994232177734,31.78049659729004,29.27456283569336,29.154760360717773,29.0,29.0,29.068883895874023,31.256999969482422,31.14482307434082,31.14482307434082,31.064449310302734,29.017236709594727,28.07133674621582,27.0,24.0,19.02629852294922,16.124515533447266,15.29705810546875,12.649110794067383,13.416407585144043,13.03840446472168,12.041594505310059,12.727922439575195,11.401754379272461,9.433980941772461,9.219544410705566,11.180339813232422,13.0,15.0,17.11724281311035,20.39607810974121,22.203603744506836,25.317977905273438,28.160255432128906,30.01666259765625,34.0,36.055511474609375,38.327537536621094,39.051246643066406,41.761226654052734,42.54409408569336
0,-51.0,-95,24,12,78.71467590332031,74.24958038330078,68.88395690917969,64.88451385498047,58.18075180053711,52.39274597167969,46.957427978515625,42.54409408569336,40.31128692626953,37.44329071044922,35.0,33.30165100097656,30.4138126373291,30.0,29.154760360717773,29.154760360717773,30.675724029541016,30.364452362060547,32.98484420776367,33.241539001464844,32.572994232177734,33.52610778808594,31.016124725341797,29.73213768005371,27.85677719116211,26.0,20.880613327026367,18.11077117919922,16.0,16.031219482421875,15.524174690246582,16.76305389404297,15.264337539672852,17.0,15.81138801574707,15.620499610900879,14.866068840026855,18.601076126098633,19.416488647460938,22.360679626464844,22.847318649291992,26.0,29.546573638916016,31.78049659729004,34.01470184326172,36.2353401184082,39.96248245239258,43.8292121887207,44.68780517578125,48.10405349731445,48.91830062866211,49.92995071411133
0,-50.0,-95,24,12,78.23681640625,74.06078338623047,68.818603515625,65.45991516113281,58.24946212768555,53.5350341796875,49.40647888183594,45.221675872802734,41.231056213378906,38.20994567871094,37.48332977294922,34.828147888183594,33.2866325378418,32.24903106689453,31.78049659729004,31.016124725341797,32.98484420776367,32.75667953491211,34.928497314453125,34.928497314453125,35.44009017944336,35.44009017944336,32.572994232177734,31.62277603149414,28.460498809814453,27.20294189453125,20.2237491607666,18.0,18.11077117919922,18.439088821411133,18.973665237426758,19.235383987426758,19.72308349609375,20.248456954956055,19.416488647460938,20.615528106689453,21.260292053222656,23.34523582458496,24.83948516845703,28.844409942626953,28.017850875854492,31.064449310302734,34.66987228393555,35.22782897949219,38.01315689086914,40.0,43.931766510009766,47.381431579589844,50.447994232177734,52.430908203125,51.97114562988281,52.801513671875
0,-50.0,-95,25,10,79.02531433105469,74.5184555053711,71.40028381347656,66.70832061767578,61.717098236083984,56.7274169921875,51.855567932128906,46.86149978637695,45.221675872802734,44.41846466064453,39.824615478515625,38.4837646484375,38.27531814575195,38.327537536621094,37.85498809814453,36.34556198120117,37.121421813964844,37.121421813964844,38.0,40.112342834472656,39.20458984375,37.121421813964844,33.241539001464844,33.060550689697266,32.140316009521484,30.149627685546875,21.02379608154297,20.615528106689453,21.540658950805664,21.189620971679688,18.867961883544922,21.260292053222656,22.627416610717773,24.083189010620117,23.34523582458496,23.34523582458496,25.0,26.62705421447754,28.017850875854492,29.529645919799805,29.96664810180664,32.69556427001953,38.01315689086914,37.58989334106445,40.31128692626953,41.88078308105469,46.04345703125,48.41487503051758,52.49761962890625,53.75872039794922,54.81787872314453,55.226806640625
0,-50.0,-95,25,11,87.3670425415039,83.00602722167969,78.81623840332031,74.20242309570312,69.20259857177734,61.400325775146484,56.40035629272461,53.25410842895508,52.430908203125,48.764739990234375,46.957427978515625,44.777225494384766,45.54119110107422,43.680660247802734,42.20189666748047,40.607879638671875,40.4474983215332,41.1096076965332,42.04759216308594,43.104522705078125,42.296573638916016,42.42640686035156,39.458839416503906,38.20994567871094,36.22154235839844,32.24903106689453,28.017850875854492,24.083189010620117,23.194826126098633,23.0867919921875,23.25940704345703,23.853721618652344,26.925823211669922,27.20294189453125,27.459060668945312,27.20294189453125,26.90724754333496,29.698484420776367,31.14482307434082,32.015621185302734,34.20526123046875,35.608985900878906,40.804412841796875,39.408119201660156,42.63801193237305,44.59820556640625,48.79549026489258,51.7397346496582,54.037025451660156,55.4707145690918,57.30619430541992,56.859474182128906
0,-49.0,-95,25,12,92.57429504394531,87.96590423583984,82.87339782714844,81.3019027709961,74.4311752319336,68.4689712524414,64.49806213378906,58.694122314453125,57.87054443359375,52.95280838012695,51.6623649597168,47.12748718261719,46.48655700683594,43.863426208496094,43.382022857666016,41.34005355834961,43.011627197265625,42.8018684387207,44.821868896484375,44.821868896484375,44.204071044921875,45.607017517089844,42.43819046020508,43.011627197265625,41.04875183105469,36.400550842285156,31.14482307434082,30.4138126373291,30.0,27.784887313842773,29.529645919799805,29.96664810180664,33.61547088623047,31.38471031188965,31.320919036865234,30.364452362060547,31.048349380493164,32.015621185302734,31.575305938720703,33.241539001464844,35.22782897949219,38.05259704589844,38.11823654174805,41.1096076965332,43.104522705078125,45.39823913574219,47.67599105834961,50.0099983215332,51.92301940917969,55.71355438232422,57.245086669921875,57.14017868041992
0,-49.0,-95,25,12,106.60675048828125,98.81295776367188,94.86833190917969,88.5098876953125,82.68010711669922,73.57308959960938,69.6419448852539,63.51377868652344,63.51377868652344,59.40538787841797,54.4058837890625,51.855567932128906,49.497474670410156,46.75468063354492,46.22769546508789,46.87216567993164,45.650848388671875,48.30113983154297,49.19349670410156,50.990196228027344,50.537113189697266,51.0,49.39635467529297,48.764739990234375,46.14108657836914,44.29446792602539,39.39543151855469,38.27531814575195,35.44009017944336,39.051246643066406,36.49657440185547,38.63935852050781,39.623226165771484,38.327537536621094,39.31920623779297,38.63935852050781,37.2155876159668,37.121421813964844,37.0,38.01315689086914,40.04996871948242,40.04996871948242,44.10215377807617,41.04875183105469,44.10215377807617,45.09988784790039,49.0,53.00943374633789,55.145263671875,56.88584899902344,59.203041076660156,59.236812591552734
0,-48.0,-95,25,11,106.6208267211914,100.6578369140625,93.40770721435547,90.13877868652344,81.32035064697266,75.43209075927734,68.00735473632812,63.89052963256836,60.083274841308594,55.36244201660156,53.48831558227539,49.24428939819336,47.41307830810547,46.04345703125,45.45327377319336,46.66904830932617,46.69047164916992,48.10405349731445,50.32891845703125,51.22499465942383,51.7397346496582,53.15073013305664,50.20956039428711,48.79549026489258,47.381431579589844,45.25483322143555,44.04542922973633,40.804412841796875,41.04875183105469,41.04875183105469,40.49691390991211,43.5660400390625,42.19004440307617,40.49691390991211,41.04875183105469,38.832977294921875,39.11521530151367,35.510562896728516,35.84689712524414,35.34119415283203,33.541019439697266,36.24913787841797,37.161808013916016,37.6961555480957,37.947330474853516,39.84971618652344,42.72002029418945,45.31004333496094,47.41307830810547,49.92995071411133,49.81967544555664,50.2493782043457
0,-48.0,-95,24,14,104.06248474121094,102.2007827758789,100.68763732910156,96.10411071777344,87.4757080078125,82.03657531738281,74.96665954589844,69.05070495605469,64.93843078613281,61.13100814819336,59.90826416015625,53.851646423339844,52.0,50.11985778808594,49.73931884765625,48.54894256591797,51.61395263671875,49.40647888183594,52.63079071044922,52.63079071044922,54.20331954956055,52.801513671875,51.400390625,51.855567932128906,50.6063232421875,48.60041046142578,45.607017517089844,45.343135833740234,44.59820556640625,45.27692413330078,44.55333709716797,45.96738052368164,44.59820556640625,44.59820556640625,43.27817153930664,41.86884307861328,40.45985794067383,36.79673767089844,35.38361358642578,36.79673767089844,33.241539001464844,33.970577239990234,34.4093017578125,34.20526123046875,36.400550842285156,36.055511474609375,38.60051727294922,42.01190185546875,43.27817153930664,45.27692413330078,46.010868072509766,45.80392837524414
0,-48.0,-95,25,8,106.7801513671875,100.4987564086914,96.5660400390625,91.7060546875,84.07734680175781,76.967529296875,73.00685119628906,65.79513549804688,63.071388244628906,58.66856002807617,54.58937454223633,53.5350341796875,51.400390625,49.57822036743164,47.423622131347656,47.381431579589844,46.75468063354492,46.010868072509766,47.801673889160156,50.0,50.447994232177734,47.6340217590332,48.91830062866211,48.41487503051758,47.6340217590332,45.45327377319336,44.40720748901367,43.011627197265625,43.011627197265625,41.04875183105469,42.20189666748047,43.011627197265625,42.8018684387207,40.45985794067383,40.45985794067383,38.20994567871094,36.12478256225586,33.241539001464844,29.73213768005371,28.319604873657227,26.248809814453125,23.021728515625,25.553865432739258,23.25940704345703,22.847318649291992,25.079872131347656,25.298221588134766,30.364452362060547,30.675724029541016,33.52610778808594,35.7770881652832,33.60059356689453
0,-48.0,-95,25,7,98.0866928100586,95.85926818847656,89.53770446777344,85.72631072998047,79.12016296386719,72.80110168457031,67.44627380371094,64.56005096435547,60.16643524169922,55.973209381103516,55.36244201660156,51.62363815307617,47.85394287109375,46.52956008911133,44.94440841674805,44.204071044921875,44.40720748901367,43.931766510009766,44.55333709716797,45.96738052368164,45.343135833740234,45.96738052368164,43.931766510009766,43.863426208496094,44.59820556640625,41.1096076965332,40.31128692626953,39.623226165771484,38.20994567871094,40.31128692626953,39.59798049926758,38.18376541137695,36.79673767089844,38.20994567871094,34.71310806274414,33.42155075073242,32.202484130859375,29.4108829498291,25.238859176635742,22.203603744506836,20.808652877807617,18.439088821411133,18.439088821411133,15.81138801574707,16.552946090698242,17.72004508972168,19.92485809326172,20.39607810974121,25.0,25.0,28.23118782043457,26.832815170288086
0,-48.0,-95,24,9,87.32124328613281,86.4927749633789,86.14522552490234,81.39410400390625,76.2364730834961,72.17340087890625,68.26419067382812,62.28964614868164,59.304298400878906,55.3263053894043,54.58937454223633,51.41984176635742,47.53945541381836,45.607017517089844,43.011627197265625,41.62931823730469,42.04759216308594,41.18252182006836,43.5660400390625,42.72002029418945,41.34005355834961,44.94440841674805,42.54409408569336,43.90899658203125,43.90899658203125,42.54409408569336,38.94868469238281,38.587562561035156,38.587562561035156,37.2155876159668,36.715118408203125,36.359317779541016,35.7770881652832,34.01470184326172,32.69556427001953,29.73213768005371,26.925823211669922,23.76972770690918,21.587032318115234,18.681541442871094,16.76305389404297,12.649110794067383,11.661903381347656,10.630146026611328,11.661903381347656,10.770329475402832,13.601470947265625,16.492422103881836,20.39607810974121,21.587032318115234,23.409399032592773,24.166091918945312
0,-48.0,-95,23,12,86.68333435058594,86.02325439453125,81.90848541259766,77.2528305053711,72.80110168457031,65.92420196533203,62.96824645996094,58.52349853515625,54.08327102661133,50.9215087890625,49.04079818725586,44.92215347290039,42.44997024536133,41.0,37.336307525634766,38.01315689086914,37.0,37.013511657714844,37.2155876159668,38.327537536621094,38.327537536621094,38.470767974853516,39.20458984375,38.11823654174805,37.121421813964844,37.121421813964844,33.241539001464844,33.241539001464844,32.24903106689453,31.400636672973633,30.149627685546875,31.14482307434082,29.017236709594727,28.0,27.0,25.01999282836914,23.194826126098633,17.464248657226562,14.317821502685547,12.369317054748535,10.049875259399414,7.0,5.099019527435303,4.242640495300293,5.099019527435303,8.062257766723633,11.0,14.03566837310791,16.031219482421875,19.416488647460938,20.248456954956055,21.931713104248047
0,-48.0,-95,23,11,80.0062484741211,80.0062484741211,80.0,75.1664810180664,70.1783447265625,64.28063201904297,61.20457458496094,56.22277069091797,53.0848388671875,49.01020431518555,47.01063537597656,44.0113639831543,40.04996871948242,37.336307525634766,35.1710090637207,36.055511474609375,34.539833068847656,34.928497314453125,34.0,36.2353401184082,35.35533905029297,36.2353401184082,35.34119415283203,35.84689712524414,36.2353401184082,32.69556427001953,30.886890411376953,29.154760360717773,27.784887313842773,26.419689178466797,25.05992889404297,25.05992889404297,24.59674835205078,22.847318649291992,21.540658950805664,20.615528106689453,17.262676239013672,14.03566837310791,11.045360565185547,8.0,6.0,3.0,0.0,2.2360680103302,5.830951690673828,7.8102498054504395,12.206555366516113,14.866068840026855,17.029386520385742,20.248456954956055,21.470911026000977,21.540658950805664
0,-48.0,-95,23,11,82.46211242675781,78.33900451660156,79.55501556396484,74.3303451538086,69.2603759765625,61.032779693603516,57.567352294921875,53.45091247558594,49.72926712036133,46.57252502441406,42.20189666748047,39.623226165771484,37.336307525634766,35.12833786010742,33.0,32.140316009521484,30.4138126373291,29.614185333251953,31.048349380493164,30.675724029541016,31.62277603149414,31.62277603149414,30.675724029541016,29.4108829498291,29.120439529418945,26.248809814453125,23.0867919921875,23.409399032592773,21.540658950805664,20.615528106689453,19.697715759277344,18.788293838500977,18.384777069091797,16.155494689941406,14.866068840026855,12.369317054748535,10.049875259399414,8.0,5.0,3.0,1.0,3.1622776985168457,6.082762718200684,9.0,11.180339813232422,13.34166431427002,18.027755737304688,19.697715759277344,21.63330841064453,24.083189010620117,26.248809814453125,26.62705421447754
0,-49.0,-95,23,11,81.02468872070312,75.1531753540039,72.44998168945312,67.11929321289062,63.52952194213867,57.706153869628906,53.23532485961914,49.19349670410156,45.18849563598633,42.54409408569336,39.560081481933594,36.400550842285156,32.98484420776367,30.4138126373291,28.160255432128906,27.0,27.166154861450195,25.179357528686523,23.76972770690918,25.961509704589844,25.0,24.351591110229492,24.351591110229492,23.76972770690918,23.409399032592773,22.472204208374023,18.027755737304688,16.552946090698242,15.231546401977539,14.764822959899902,12.083045959472656,11.661903381347656,10.29563045501709,10.0,8.602325439453125,6.7082037925720215,4.4721360206604,3.0,1.4142135381698608,2.2360680103302,5.830951690673828,7.6157732009887695,10.440306663513184,13.152946472167969,17.029386520385742,19.0,22.022714614868164,25.179357528686523,26.68332862854004,28.792360305786133,29.96664810180664,29.681644439697266
0,-50.0,-95,23,11,76.94153594970703,72.4706802368164,68.09552001953125,64.66065216064453,59.6824951171875,55.226806640625,51.97114562988281,47.01063537597656,43.416587829589844,39.357337951660156,37.57658767700195,33.61547088623047,31.016124725341797,28.160255432128906,25.317977905273438,25.01999282836914,23.0,23.194826126098633,22.360679626464844,22.803508758544922,22.56102752685547,22.803508758544922,22.803508758544922,21.840330123901367,20.880613327026367,18.681541442871094,15.81138801574707,14.560219764709473,13.0,11.180339813232422,9.433980941772461,8.602325439453125,7.8102498054504395,6.4031243324279785,5.830951690673828,4.242640495300293,1.4142135381698608,1.0,2.0,5.099019527435303,7.0,10.0,13.03840446472168,17.0,19.02629852294922,20.2237491607666,23.53720474243164,26.248809814453125,29.154760360717773,29.529645919799805,30.805843353271484,32.557640075683594
0,-50.0,-95,23,12,77.20103454589844,73.08214569091797,68.96376037597656,65.78753662109375,60.406951904296875,57.245086669921875,52.49761962890625,47.12748718261719,43.96589660644531,39.560081481933594,37.85498809814453,33.37664031982422,30.265491485595703,28.017850875854492,24.0,22.203603744506836,20.880613327026367,20.615528106689453,20.59126091003418,21.63330841064453,20.808652877807617,20.615528106689453,20.0,20.615528106689453,18.601076126098633,18.439088821411133,14.866068840026855,12.727922439575195,10.630146026611328,9.433980941772461,8.062257766723633,7.6157732009887695,5.385164737701416,5.099019527435303,3.0,2.2360680103302,3.1622776985168457,4.0,7.071067810058594,9.486832618713379,11.401754379272461,14.866068840026855,17.464248657226562,19.92485809326172,22.803508758544922,24.515300750732422,27.294687271118164,30.01666259765625,33.0151481628418,35.0142822265625,36.34556198120117,36.400550842285156
0,-50.0,-95,24,8,77.38862609863281,73.79024505615234,69.31810760498047,67.11929321289062,61.717098236083984,56.35601043701172,52.77309799194336,49.19349670410156,44.283180236816406,38.4837646484375,36.400550842285156,34.20526123046875,27.892650604248047,25.317977905273438,22.203603744506836,20.02498435974121,18.439088821411133,19.313207626342773,18.867961883544922,19.416488647460938,18.601076126098633,19.209373474121094,18.439088821411133,17.69180679321289,17.69180679321289,16.278820037841797,12.041594505310059,11.401754379272461,8.062257766723633,8.246211051940918,7.071067810058594,5.0,3.0,4.123105525970459,4.242640495300293,3.1622776985168457,5.0,7.280109882354736,10.29563045501709,12.083045959472656,13.928388595581055,17.0,20.124610900878906,21.931713104248047,25.079872131347656,27.85677719116211,30.364452362060547,33.241539001464844,34.71310806274414,37.336307525634766,38.05259704589844,38.01315689086914
0,-51.0,-95,23,13,79.62411499023438,77.82030487060547,69.7782211303711,70.71067810058594,61.717098236083984,59.9416389465332,54.120235443115234,49.648765563964844,44.283180236816406,39.357337951660156,36.769554138183594,31.62277603149414,27.20294189453125,23.34523582458496,20.099750518798828,18.248287200927734,17.0880069732666,16.124515533447266,17.20465087890625,16.970561981201172,18.439088821411133,18.439088821411133,18.439088821411133,17.804492950439453,17.029386520385742,15.0,11.661903381347656,8.9442720413208,7.280109882354736,6.082762718200684,5.385164737701416,5.385164737701416,5.0,4.4721360206604,7.071067810058594,8.0,10.198039054870605,10.770329475402832,13.892443656921387,16.6433162689209,18.867961883544922,21.095022201538086,24.413110733032227,26.925823211669922,29.529645919799805,31.38471031188965,34.01470184326172,36.769554138183594,37.947330474853516,41.761226654052734,42.57933807373047,43.104522705078125
0,-50.0,-95,23,13,79.61155700683594,78.23043060302734,73.7834701538086,70.45565795898438,64.8999252319336,59.64059066772461,54.918121337890625,48.54894256591797,44.41846466064453,39.4461669921875,34.48188018798828,29.546573638916016,26.0,21.840330123901367,18.439088821411133,15.0,12.649110794067383,12.206555366516113,12.041594505310059,12.806248664855957,13.601470947265625,14.422204971313477,14.317821502685547,12.529964447021484,11.661903381347656,9.848857879638672,6.0,4.0,3.605551242828369,5.099019527435303,6.0,7.0,8.246211051940918,9.848857879638672,11.704699516296387,12.529964447021484,15.620499610900879,16.970561981201172,17.69180679321289,20.615528106689453,24.083189010620117,26.4007568359375,30.0,31.240999221801758,34.20526123046875,36.2353401184082,38.20994567871094,41.72529220581055,43.863426208496094,44.68780517578125,46.615447998046875,45.79301071166992
0,-50.0,-95,24,11,79.62411499023438,77.38862609863281,72.44998168945312,71.11962127685547,63.95310592651367,56.82429122924805,51.88448715209961,47.85394287109375,42.04759216308594,36.67424011230469,31.78049659729004,27.513633728027344,22.847318649291992,18.439088821411133,15.132745742797852,12.041594505310059,7.6157732009887695,9.219544410705566,8.062257766723633,8.9442720413208,9.219544410705566,11.180339813232422,10.0,9.0,9.0,7.071067810058594,3.605551242828369,4.0,7.071067810058594,8.9442720413208,9.848857879638672,12.206555366516113,15.0,15.81138801574707,17.804492950439453,19.79899024963379,21.931713104248047,22.022714614868164,23.021728515625,26.07680892944336,28.301942825317383,32.24903106689453,34.0,35.35533905029297,38.07886505126953,40.8166618347168,42.19004440307617,46.3249397277832,47.434165954589844,48.60041046142578,50.32891845703125,49.497474670410156
0,-50.0,-95,24,12,85.42832946777344,80.49844360351562,77.36924743652344,73.43023681640625,66.24198150634766,58.66856002807617,55.4707145690918,48.3735466003418,41.18252182006836,35.7770881652832,31.78049659729004,26.0,20.615528106689453,13.601470947265625,10.198039054870605,5.0,3.605551242828369,7.0,8.062257766723633,10.440306663513184,12.083045959472656,13.416407585144043,12.529964447021484,13.892443656921387,11.401754379272461,10.630146026611328,10.049875259399414,13.03840446472168,13.601470947265625,17.464248657226562,18.788293838500977,22.360679626464844,23.706539154052734,25.553865432739258,27.20294189453125,29.20616340637207,29.73213768005371,28.284271240234375,30.610456466674805,33.60059356689453,38.27531814575195,40.49691390991211,42.54409408569336,45.27692413330078,47.88528060913086,50.2493782043457,52.839378356933594,56.080299377441406,57.982757568359375,61.032779693603516,60.605281829833984,60.87692642211914
0,-50.0,-95,25,11,87.46427917480469,79.7057113647461,77.47257232666016,70.68238830566406,64.41273498535156,56.82429122924805,50.537113189697266,43.416587829589844,36.715118408203125,30.01666259765625,23.706539154052734,17.0,9.848857879638672,5.0,3.1622776985168457,8.062257766723633,12.529964447021484,17.492855072021484,21.954498291015625,24.1867733001709,25.942243576049805,26.925823211669922,26.419689178466797,28.600698471069336,26.4007568359375,26.172504425048828,27.459060668945312,29.546573638916016,31.38471031188965,35.735137939453125,33.83784866333008,37.10795211791992,39.293766021728516,36.878177642822266,41.59326934814453,39.20458984375,40.04996871948242,38.0,41.1096076965332,42.42640686035156,46.69047164916992,47.07440948486328,51.41984176635742,51.92301940917969,54.120235443115234,56.32051086425781,60.16643524169922,63.324562072753906,66.2872543334961,68.59300231933594,69.2603759765625,68.0
0,-50.0,-95,24,15,90.3548583984375,84.2911605834961,77.16217041015625,73.00685119628906,64.0,59.0,51.0,45.0111083984375,38.0,30.0,25.0,19.02629852294922,11.401754379272461,4.242640495300293,5.0,9.899495124816895,14.21267032623291,18.439088821411133,23.600847244262695,25.612497329711914,29.068883895874023,29.832868576049805,29.068883895874023,28.301942825317383,28.65309715270996,29.546573638916016,30.265491485595703,30.066593170166016,33.13608169555664,34.0,36.12478256225586,38.11823654174805,39.11521530151367,39.31920623779297,39.458839416503906,40.607879638671875,40.52159881591797,40.49691390991211,41.231056213378906,42.48529052734375,43.416587829589844,48.3735466003418,50.21951675415039,51.03919982910156,53.600372314453125,56.61272048950195,59.90826416015625,64.07027435302734,66.8879623413086,67.5351791381836,68.02940368652344,68.94925689697266
0,-50.0,-95,25,11,86.83317565917969,79.17701721191406,77.36924743652344,70.26378631591797,65.39112854003906,55.36244201660156,49.04079818725586,40.49691390991211,35.84689712524414,29.154760360717773,21.954498291015625,15.81138801574707,10.630146026611328,7.0,8.602325439453125,13.03840446472168,18.357559204101562,21.931713104248047,25.079872131347656,29.154760360717773,30.870698928833008,30.463092803955078,30.870698928833008,30.675724029541016,30.805843353271484,29.154760360717773,31.064449310302734,35.12833786010742,34.71310806274414,38.327537536621094,38.07886505126953,42.20189666748047,41.48493576049805,42.72002029418945,42.154476165771484,42.54409408569336,40.70626449584961,41.67733383178711,41.88078308105469,44.204071044921875,47.6340217590332,47.423622131347656,51.6623649597168,52.32590103149414,55.154327392578125,58.0,62.28964614868164,64.53681182861328,66.84310150146484,67.62396240234375,67.95587158203125,68.88395690917969
0,-50.0,-95,24,15,85.4400405883789,84.05355072021484,76.27581787109375,73.40980529785156,63.25345993041992,56.63920974731445,48.91830062866211,40.360870361328125,34.71310806274414,27.20294189453125,21.954498291015625,14.764822959899902,11.045360565185547,9.433980941772461,12.529964447021484,14.317821502685547,22.203603744506836,24.083189010620117,28.017850875854492,30.066593170166016,31.14482307434082,33.13608169555664,32.140316009521484,34.0,33.060550689697266,31.256999969482422,35.44009017944336,36.769554138183594,40.24922180175781,39.357337951660156,43.416587829589844,44.41846466064453,45.27692413330078,44.41846466064453,44.41846466064453,41.88078308105469,43.600460052490234,45.343135833740234,45.27692413330078,47.381431579589844,46.097721099853516,49.04079818725586,52.201534271240234,54.08327102661133,57.20139694213867,57.80138397216797,62.00806427001953,66.60330200195312,66.52819061279297,70.00714111328125,70.1783447265625,69.40460968017578
0,-49.0,-95,25,11,92.26592254638672,85.58621215820312,79.4040298461914,71.38627624511719,64.32728576660156,57.27128601074219,50.0099983215332,41.9761848449707,34.71310806274414,27.166154861450195,24.0,17.72004508972168,13.892443656921387,12.529964447021484,15.132745742797852,19.0,23.194826126098633,28.284271240234375,32.015621185302734,34.928497314453125,36.878177642822266,37.85498809814453,39.051246643066406,37.947330474853516,37.336307525634766,38.07886505126953,40.31128692626953,41.34005355834961,41.617305755615234,45.607017517089844,44.204071044921875,46.86149978637695,47.50789260864258,46.097721099853516,48.27007293701172,47.423622131347656,46.69047164916992,44.59820556640625,45.45327377319336,46.04345703125,46.87216567993164,49.92995071411133,52.839378356933594,53.33854293823242,56.82429122924805,59.16925048828125,62.433963775634766,64.8999252319336,67.20118713378906,66.06814575195312,67.89698028564453,68.01470184326172
0,-49.0,-95,25,11,94.13288116455078,88.36288452148438,80.3056640625,73.82411193847656,65.92420196533203,58.24946212768555,50.80354309082031,43.5660400390625,38.20994567871094,30.01666259765625,27.073972702026367,22.803508758544922,18.027755737304688,18.027755737304688,20.248456954956055,25.317977905273438,30.066593170166016,34.01470184326172,37.0,41.01219177246094,43.104522705078125,44.0113639831543,44.10215377807617,46.0,45.0,44.0,46.27094268798828,45.54119110107422,46.69047164916992,48.27007293701172,50.21951675415039,50.21951675415039,51.195701599121094,49.24428939819336,51.195701599121094,48.27007293701172,46.840152740478516,45.54119110107422,45.54119110107422,45.694637298583984,47.423622131347656,50.11985778808594,52.47856521606445,52.839378356933594,55.4707145690918,56.35601043701172,60.373836517333984,62.2414665222168,64.25729370117188,65.45991516113281,65.96968841552734,65.6201171875
0,-49.0,-95,25,12,100.84146118164062,90.93404388427734,86.31338500976562,77.87811279296875,70.61161041259766,61.392181396484375,57.27128601074219,48.66210174560547,42.57933807373047,35.0142822265625,31.016124725341797,26.476404190063477,23.706539154052734,24.041629791259766,23.853721618652344,30.463092803955078,33.83784866333008,37.36308288574219,41.9761848449707,45.35416030883789,47.801673889160156,48.764739990234375,50.0,50.695167541503906,49.72926712036133,47.07440948486328,48.3735466003418,49.25444030761719,49.25444030761719,53.037723541259766,50.15974426269531,53.15073013305664,52.15361785888672,50.15974426269531,51.088157653808594,50.03998565673828,49.01020431518555,47.0,45.09988784790039,45.39823913574219,48.3735466003418,48.66210174560547,51.788028717041016,50.0099983215332,53.93514633178711,53.93514633178711,58.54912567138672,60.530982971191406,64.1248779296875,64.0,66.12110137939453,64.77654266357422
0,-49.0,-95,25,11,98.18350219726562,92.54188537597656,87.46427917480469,78.91767883300781,70.03570556640625,62.96824645996094,55.90169906616211,49.497474670410156,43.185646057128906,35.0,31.016124725341797,27.892650604248047,24.698177337646484,26.172504425048828,27.20294189453125,31.30495262145996,35.84689712524414,39.0,41.78516387939453,46.48655700683594,45.694637298583984,49.76947021484375,47.01063537597656,48.84669876098633,50.15974426269531,46.615447998046875,47.12748718261719,47.801673889160156,47.53945541381836,49.24428939819336,47.29693603515625,50.21951675415039,50.447994232177734,47.29693603515625,48.27007293701172,45.35416030883789,44.9110221862793,42.42640686035156,42.296573638916016,42.10700607299805,43.046485900878906,45.0111083984375,46.0,47.0,49.0,50.0,52.038448333740234,56.080299377441406,56.4358024597168,57.070133209228516,57.567352294921875,58.30952072143555
0,-49.0,-95,24,13,92.8493423461914,87.72685241699219,80.05622863769531,74.30342864990234,67.11929321289062,60.90156173706055,54.20331954956055,47.85394287109375,41.62931823730469,35.735137939453125,32.98484420776367,29.068883895874023,27.073972702026367,25.961509704589844,28.635643005371094,31.064449310302734,35.608985900878906,37.80211639404297,41.773197174072266,44.68780517578125,43.416587829589844,45.45327377319336,43.600460052490234,45.45327377319336,44.821868896484375,42.52058410644531,43.84062194824219,43.185646057128906,43.185646057128906,44.68780517578125,44.59820556640625,47.423622131347656,47.423622131347656,45.27692413330078,43.863426208496094,43.27817153930664,42.52058410644531,39.824615478515625,38.60051727294922,39.408119201660156,40.224369049072266,42.43819046020508,41.67733383178711,43.046485900878906,44.41846466064453,44.65422821044922,46.615447998046875,49.40647888183594,51.22499465942383,52.345008850097656,52.40229034423828,52.801513671875
0,-48.0,-95,24,13,93.94147491455078,90.91754150390625,79.92496490478516,76.843994140625,67.67569732666016,61.61168670654297,54.64430618286133,46.87216567993164,42.54409408569336,36.2353401184082,34.1760139465332,30.5941162109375,28.07133674621582,28.160255432128906,28.635643005371094,31.38471031188965,35.7770881652832,36.2353401184082,40.49691390991211,40.8166618347168,42.54409408569336,44.41846466064453,42.94182205200195,43.416587829589844,44.41846466064453,43.046485900878906,42.63801193237305,44.204071044921875,43.416587829589844,44.04542922973633,44.821868896484375,46.097721099853516,45.607017517089844,44.40720748901367,43.600460052490234,42.01190185546875,41.231056213378906,40.45985794067383,38.41874694824219,38.897300720214844,37.48332977294922,39.623226165771484,40.31128692626953,40.360870361328125,43.185646057128906,42.44997024536133,45.25483322143555,46.69047164916992,48.91830062866211,49.40647888183594,50.2493782043457,49.19349670410156
0,-48.0,-95,24,12,90.5096664428711,84.2199478149414,78.74642944335938,74.20242309570312,65.0,58.600341796875,51.855567932128906,46.097721099853516,42.52058410644531,35.38361358642578,35.80502700805664,32.24903106689453,29.546573638916016,27.892650604248047,29.154760360717773,32.0,34.058773040771484,36.34556198120117,37.656341552734375,40.79215621948242,40.607879638671875,41.59326934814453,41.30375289916992,43.5660400390625,42.42640686035156,40.607879638671875,41.231056213378906,42.20189666748047,43.416587829589844,41.761226654052734,43.416587829589844,43.680660247802734,43.416587829589844,43.17406463623047,41.231056213378906,40.024993896484375,39.293766021728516,36.878177642822266,36.878177642822266,35.44009017944336,34.78505325317383,35.46829605102539,35.46829605102539,37.161808013916016,37.57658767700195,37.6961555480957,40.31128692626953,41.43669891357422,42.05948257446289,45.35416030883789,44.55333709716797,45.0444221496582
0,-49.0,-95,24,9,84.2911605834961,79.10120391845703,76.02631378173828,70.06425476074219,65.0691909790039,56.14267349243164,53.037723541259766,47.04253387451172,43.046485900878906,39.0,36.12478256225586,30.5941162109375,28.861740112304688,28.23118782043457,27.784887313842773,28.42534065246582,29.0,32.557640075683594,31.890438079833984,34.71310806274414,35.38361358642578,36.06937789916992,36.79673767089844,36.878177642822266,36.878177642822266,36.12478256225586,34.828147888183594,35.608985900878906,35.0,34.4093017578125,34.4093017578125,35.0,35.46829605102539,33.42155075073242,32.649654388427734,31.240999221801758,28.42534065246582,27.658634185791016,27.80287742614746,26.4007568359375,24.698177337646484,25.05992889404297,25.05992889404297,24.166091918945312,25.079872131347656,25.079872131347656,27.312999725341797,28.635643005371094,29.529645919799805,30.01666259765625,31.62277603149414,31.240999221801758
0,-49.0,-95,24,9,84.59314727783203,78.91767883300781,75.31268310546875,71.80529022216797,65.0,57.723480224609375,52.88667297363281,46.840152740478516,43.680660247802734,39.81205749511719,36.34556198120117,32.06243896484375,32.0,29.614185333251953,29.832868576049805,28.635643005371094,29.529645919799805,32.24903106689453,33.0151481628418,33.83784866333008,34.98571014404297,35.510562896728516,35.510562896728516,35.22782897949219,36.055511474609375,34.4093017578125,33.60059356689453,33.42155075073242,33.42155075073242,32.649654388427734,31.890438079833984,32.649654388427734,32.80244064331055,32.202484130859375,30.0,29.4108829498291,27.80287742614746,27.80287742614746,25.612497329711914,24.083189010620117,23.34523582458496,23.34523582458496,24.083189010620117,22.803508758544922,23.021728515625,23.853721618652344,25.806976318359375,28.017850875854492,28.42534065246582,28.42534065246582,31.11269760131836,31.240999221801758
0,-49.0,-95,23,13,84.72307586669922,77.10382843017578,75.95393371582031,69.35416412353516,66.12110137939453,58.03447341918945,55.03635025024414,49.04079818725586,44.04542922973633,40.199501037597656,36.49657440185547,33.241539001464844,31.38471031188965,28.65309715270996,27.20294189453125,29.73213768005371,30.4138126373291,30.479501724243164,32.80244064331055,35.0,35.608985900878906,35.608985900878906,35.46829605102539,37.202152252197266,35.608985900878906,34.20526123046875,33.60059356689453,33.2866325378418,32.75667953491211,34.98571014404297,31.906112670898438,33.61547088623047,33.2866325378418,31.62277603149414,31.62277603149414,31.62277603149414,28.844409942626953,26.07680892944336,24.1867733001709,24.1867733001709,25.05992889404297,23.25940704345703,23.409399032592773,23.409399032592773,23.0867919921875,24.73863410949707,25.298221588134766,26.925823211669922,29.73213768005371,29.73213768005371,29.96664810180664,30.528675079345703
0,-49.0,-95,24,9,81.27114868164062,77.20103454589844,73.76313781738281,69.42621612548828,63.95310592651367,55.90169906616211,50.990196228027344,46.69047164916992,42.7551155090332,38.832977294921875,34.928497314453125,32.572994232177734,30.463092803955078,28.301942825317383,27.80287742614746,28.284271240234375,29.20616340637207,29.4108829498291,31.62277603149414,33.2866325378418,33.83784866333008,35.22782897949219,33.60059356689453,33.83784866333008,35.0,32.4499626159668,31.906112670898438,32.75667953491211,32.24903106689453,31.30495262145996,30.528675079345703,32.24903106689453,30.528675079345703,30.528675079345703,27.784887313842773,27.459060668945312,26.07680892944336,25.806976318359375,24.413110733032227,23.323806762695312,21.931713104248047,22.472204208374023,22.472204208374023,22.135944366455078,21.840330123901367,22.803508758544922,24.73863410949707,25.961509704589844,27.85677719116211,28.23118782043457,28.65309715270996,28.844409942626953
0,-49.0,-95,23,13,89.4930191040039,83.57032775878906,80.77747344970703,73.34848022460938,69.31810760498047,61.29437255859375,57.30619430541992,51.0,46.51881408691406,41.62931823730469,38.27531814575195,35.44009017944336,31.575305938720703,32.06243896484375,30.0,31.256999969482422,30.5941162109375,32.280025482177734,33.83784866333008,36.055511474609375,35.735137939453125,36.055511474609375,35.44009017944336,36.400550842285156,35.11410140991211,34.1760139465332,32.69556427001953,32.202484130859375,31.30495262145996,33.12099075317383,31.30495262145996,31.764760971069336,31.30495262145996,30.870698928833008,31.30495262145996,29.546573638916016,28.17800521850586,25.942243576049805,24.1867733001709,23.323806762695312,23.853721618652344,22.803508758544922,21.931713104248047,23.34523582458496,23.34523582458496,23.34523582458496,25.495098114013672,26.172504425048828,29.0,30.4138126373291,29.20616340637207,30.528675079345703
0,-49.0,-95,23,13,84.05355072021484,81.21575927734375,74.65252685546875,72.24956512451172,64.35060119628906,59.396968841552734,53.037723541259766,48.79549026489258,45.343135833740234,40.45985794067383,38.41874694824219,36.619667053222656,32.24903106689453,29.96664810180664,29.73213768005371,29.614185333251953,30.265491485595703,30.149627685546875,32.0,32.0,32.0,33.0151481628418,32.0,33.0,34.0,32.0,30.066593170166016,30.149627685546875,30.265491485595703,28.44292449951172,28.44292449951172,29.42787742614746,29.27456283569336,28.284271240234375,29.27456283569336,27.294687271118164,26.172504425048828,24.083189010620117,24.1867733001709,21.3775577545166,20.615528106689453,20.880613327026367,18.973665237426758,19.697715759277344,20.59126091003418,20.59126091003418,23.323806762695312,23.323806762695312,25.553865432739258,26.832815170288086,26.925823211669922,27.20294189453125
0,-50.0,-95,24,10,87.02298736572266,86.02325439453125,80.05622863769531,76.41989135742188,68.35934448242188,63.95310592651367,59.03388977050781,53.600372314453125,48.66210174560547,44.283180236816406,41.04875183105469,37.0,33.060550689697266,30.265491485595703,28.635643005371094,26.925823211669922,27.294687271118164,28.301942825317383,27.80287742614746,29.068883895874023,30.610456466674805,31.14482307434082,30.610456466674805,30.4138126373291,30.4138126373291,29.0,27.658634185791016,27.80287742614746,27.20294189453125,26.07680892944336,26.62705421447754,27.459060668945312,28.017850875854492,27.20294189453125,27.80287742614746,25.0,25.0,20.808652877807617,19.72308349609375,19.235383987426758,17.8885440826416,17.0880069732666,16.492422103881836,16.492422103881836,17.11724281311035,17.029386520385742,19.0,22.0,22.0,24.0,24.020824432373047,25.317977905273438
0,-50.0,-95,24,10,97.94896697998047,90.8019790649414,88.63971710205078,81.93289947509766,77.49193572998047,69.6419448852539,65.802734375,58.24087905883789,55.081756591796875,48.383880615234375,45.54119110107422,40.853397369384766,36.67424011230469,33.2866325378418,29.20616340637207,31.11269760131836,27.80287742614746,30.528675079345703,30.870698928833008,32.202484130859375,33.541019439697266,33.61547088623047,33.105892181396484,32.893768310546875,32.31098937988281,31.016124725341797,30.08321762084961,29.614185333251953,28.284271240234375,30.149627685546875,29.154760360717773,30.265491485595703,30.265491485595703,28.284271240234375,30.4138126373291,28.635643005371094,26.305892944335938,23.34523582458496,22.090721130371094,20.099750518798828,19.0,17.0,17.11724281311035,17.262676239013672,16.492422103881836,18.384777069091797,20.248456954956055,22.825424194335938,24.59674835205078,25.495098114013672,26.925823211669922,28.160255432128906
0,-50.0,-95,23,14,92.97311401367188,86.72946166992188,84.30895233154297,78.26238250732422,72.4706802368164,64.49806213378906,59.16925048828125,55.56977462768555,50.11985778808594,45.17742919921875,40.71854782104492,37.336307525634766,32.015621185302734,29.614185333251953,27.166154861450195,28.0,26.305892944335938,26.68332862854004,27.513633728027344,27.85677719116211,28.23118782043457,29.068883895874023,29.068883895874023,28.65309715270996,29.154760360717773,26.925823211669922,26.248809814453125,26.248809814453125,26.172504425048828,28.319604873657227,26.172504425048828,27.58622932434082,28.319604873657227,26.870058059692383,27.58622932434082,25.45584487915039,24.75883674621582,21.260292053222656,20.51828384399414,18.439088821411133,17.804492950439453,15.264337539672852,14.317821502685547,15.524174690246582,15.29705810546875,16.124515533447266,17.029386520385742,20.0,22.0,24.0,24.083189010620117,26.305892944335938
0,-50.0,-95,24,12,92.34716796875,92.77930450439453,87.82368469238281,83.74365997314453,74.21590423583984,68.4105224609375,63.324562072753906,57.9741325378418,52.63079071044922,46.3249397277832,42.7551155090332,38.470767974853516,34.13209533691406,29.0,26.019224166870117,22.803508758544922,22.472204208374023,22.472204208374023,24.083189010620117,25.45584487915039,27.658634185791016,28.42534065246582,29.20616340637207,29.4108829498291,30.232433319091797,28.844409942626953,28.17800521850586,28.17800521850586,28.23118782043457,27.85677719116211,28.23118782043457,28.23118782043457,29.154760360717773,28.23118782043457,28.17800521850586,26.832815170288086,25.495098114013672,21.470911026000977,19.697715759277344,17.0880069732666,16.76305389404297,15.132745742797852,14.0,13.0,13.34166431427002,13.928388595581055,17.0,20.59126091003418,21.470911026000977,23.706539154052734,25.495098114013672,26.925823211669922
0,-50.0,-95,24,11,93.92018127441406,90.52071380615234,86.58522033691406,80.23091888427734,73.97972869873047,65.76473236083984,60.67124557495117,54.58937454223633,50.635955810546875,46.52956008911133,41.9761848449707,37.10795211791992,33.241539001464844,27.85677719116211,24.59674835205078,22.671567916870117,22.022714614868164,22.472204208374023,22.847318649291992,26.570659637451172,25.0,27.892650604248047,29.120439529418945,29.42787742614746,29.614185333251953,28.284271240234375,28.07133674621582,29.017236709594727,29.0,29.0,29.0,29.0,29.017236709594727,29.017236709594727,28.0,26.019224166870117,24.020824432373047,22.203603744506836,20.0,17.0,14.03566837310791,14.560219764709473,14.560219764709473,13.892443656921387,15.0,15.55634880065918,17.804492950439453,20.0,21.40093421936035,23.600847244262695,24.83948516845703,26.870058059692383
0,-50.0,-95,24,12,95.12622833251953,93.38094329833984,89.94442749023438,85.37564086914062,78.16009521484375,67.11929321289062,64.1248779296875,57.03507614135742,53.0848388671875,48.041648864746094,43.046485900878906,37.336307525634766,32.38827133178711,28.160255432128906,23.76972770690918,21.40093421936035,19.84943389892578,20.59126091003418,22.472204208374023,24.73863410949707,26.68332862854004,28.44292449951172,28.44292449951172,29.27456283569336,31.400636672973633,29.27456283569336,29.0,30.0,29.068883895874023,29.068883895874023,30.066593170166016,30.066593170166016,30.01666259765625,29.0,27.0,26.0,23.0,22.0,20.0,17.11724281311035,15.524174690246582,13.928388595581055,13.416407585144043,12.806248664855957,12.806248664855957,15.264337539672852,17.8885440826416,19.697715759277344,21.931713104248047,23.706539154052734,26.419689178466797,28.017850875854492
0,-50.0,-95,24,13,105.11898040771484,100.18482971191406,94.82615661621094,90.21086120605469,82.68010711669922,74.06078338623047,67.42403411865234,59.40538787841797,54.4058837890625,48.54894256591797,43.5660400390625,36.2353401184082,31.78049659729004,27.513633728027344,23.194826126098633,20.099750518798828,20.880613327026367,20.124610900878906,23.600847244262695,26.248809814453125,28.284271240234375,30.479501724243164,29.0,30.479501724243164,31.14482307434082,30.610456466674805,30.232433319091797,30.4138126373291,30.4138126373291,30.4138126373291,31.30495262145996,32.202484130859375,31.30495262145996,30.4138126373291,28.65309715270996,25.553865432739258,24.698177337646484,22.360679626464844,18.788293838500977,18.384777069091797,14.142135620117188,13.03840446472168,14.0,13.152946472167969,14.422204971313477,16.6433162689209,18.601076126098633,22.203603744506836,24.413110733032227,28.017850875854492,29.681644439697266,29.529645919799805
0,-51.0,-95,24,13,99.6242904663086,97.40636444091797,94.57801055908203,89.15716552734375,81.85963439941406,72.44998168945312,64.8459701538086,58.13776779174805,52.32590103149414,48.332183837890625,41.62931823730469,35.11410140991211,30.08321762084961,26.305892944335938,22.0,18.439088821411133,19.235383987426758,20.248456954956055,22.671567916870117,24.20743751525879,28.600698471069336,28.844409942626953,29.681644439697266,30.01666259765625,29.529645919799805,29.529645919799805,28.23118782043457,29.4108829498291,30.08321762084961,30.08321762084961,30.08321762084961,31.78049659729004,31.048349380493164,30.08321762084961,27.513633728027344,26.248809814453125,24.351591110229492,23.0867919921875,19.416488647460938,17.11724281311035,15.0,14.142135620117188,14.560219764709473,15.264337539672852,16.401220321655273,18.384777069091797,21.931713104248047,23.34523582458496,26.172504425048828,28.284271240234375,30.479501724243164,32.202484130859375
0,-51.0,-95,25,10,113.87712860107422,110.47624206542969,104.20172882080078,97.69339752197266,89.31964874267578,79.37883758544922,70.83784484863281,63.24555206298828,57.245086669921875,47.92702865600586,43.46262741088867,37.121421813964844,30.232433319091797,26.248809814453125,22.203603744506836,18.384777069091797,18.11077117919922,20.0,22.803508758544922,25.63201141357422,28.792360305786133,30.463092803955078,30.870698928833008,31.764760971069336,33.12099075317383,31.38471031188965,32.80244064331055,31.240999221801758,34.058773040771484,33.970577239990234,32.526912689208984,35.35533905029297,34.71310806274414,32.526912689208984,32.015621185302734,29.832868576049805,27.58622932434082,24.083189010620117,21.260292053222656,20.808652877807617,16.124515533447266,15.81138801574707,17.029386520385742,19.0,21.21320343017578,23.53720474243164,26.68332862854004,29.832868576049805,33.241539001464844,36.878177642822266,38.470767974853516,40.199501037597656
0,-51.0,-95,25,10,98.18350219726562,98.41239929199219,97.62171936035156,92.39588928222656,83.54639434814453,72.56720733642578,65.51335906982422,57.48912811279297,50.990196228027344,46.69047164916992,39.458839416503906,33.13608169555664,29.0,23.194826126098633,20.880613327026367,17.20465087890625,18.027755737304688,20.615528106689453,21.587032318115234,24.331050872802734,27.459060668945312,30.265491485595703,30.265491485595703,33.13608169555664,31.14482307434082,32.140316009521484,32.0,33.0151481628418,32.140316009521484,31.400636672973633,32.24903106689453,33.37664031982422,33.37664031982422,32.24903106689453,30.265491485595703,27.073972702026367,26.172504425048828,23.194826126098633,20.2237491607666,18.027755737304688,15.65247631072998,14.866068840026855,17.029386520385742,18.357559204101562,20.248456954956055,23.409399032592773,26.248809814453125,28.792360305786133,32.31098937988281,33.61547088623047,36.67424011230469,38.587562561035156
0,-51.0,-95,25,9,100.24469757080078,101.2422866821289,94.9210205078125,90.07774353027344,80.95677947998047,71.11258697509766,64.40496826171875,56.35601043701172,50.08992004394531,44.777225494384766,38.4837646484375,32.893768310546875,26.925823211669922,22.203603744506836,19.0,15.65247631072998,15.55634880065918,16.6433162689209,22.360679626464844,25.298221588134766,27.85677719116211,30.08321762084961,31.016124725341797,32.572994232177734,33.83784866333008,31.320919036865234,31.78049659729004,31.400636672973633,32.140316009521484,32.06243896484375,34.058773040771484,33.060550689697266,32.06243896484375,31.064449310302734,29.068883895874023,26.07680892944336,25.079872131347656,23.021728515625,22.0,20.099750518798828,17.0880069732666,16.124515533447266,18.601076126098633,19.209373474121094,21.40093421936035,25.238859176635742,27.20294189453125,31.064449310302734,33.60059356689453,36.878177642822266,40.31128692626953,41.773197174072266
0,-51.0,-95,25,10,98.04590606689453,98.0,94.02127075195312,87.20664978027344,79.22752380371094,67.36467742919922,62.20128631591797,54.230987548828125,49.162994384765625,44.10215377807617,37.013511657714844,31.0,26.07680892944336,20.615528106689453,16.552946090698242,15.0,15.29705810546875,19.10497283935547,23.0,26.07680892944336,28.160255432128906,32.140316009521484,31.14482307434082,34.2344856262207,34.13209533691406,31.256999969482422,31.78049659729004,33.52610778808594,33.52610778808594,33.83784866333008,32.572994232177734,33.83784866333008,34.78505325317383,31.62277603149414,29.73213768005371,28.460498809814453,25.079872131347656,24.166091918945312,22.360679626464844,20.0,18.439088821411133,18.867961883544922,20.124610900878906,20.880613327026367,23.76972770690918,27.459060668945312,30.4138126373291,32.557640075683594,34.71310806274414,38.07886505126953,40.16217041015625,41.231056213378906
0,-51.0,-95,25,10,103.83159637451172,96.04165649414062,90.73587799072266,86.26702880859375,75.45197296142578,65.6048812866211,59.81638717651367,51.400390625,46.22769546508789,39.66106414794922,34.98571014404297,29.529645919799805,24.041629791259766,18.027755737304688,16.278820037841797,14.422204971313477,18.384777069091797,21.40093421936035,25.553865432739258,30.886890411376953,31.38471031188965,33.61547088623047,34.48188018798828,34.0,34.0,34.0,32.69556427001953,34.1760139465332,33.52610778808594,34.20526123046875,33.52610778808594,35.1710090637207,34.48188018798828,34.48188018798828,31.62277603149414,29.73213768005371,26.68332862854004,25.495098114013672,23.194826126098633,21.02379608154297,19.02629852294922,18.681541442871094,21.540658950805664,21.954498291015625,24.413110733032227,26.4007568359375,32.202484130859375,34.4093017578125,37.44329071044922,39.4461669921875,42.94182205200195,44.0113639831543
0,-51.0,-95,25,11,105.7024154663086,99.31767272949219,90.78546142578125,85.08818817138672,74.79304504394531,66.8879623413086,60.539241790771484,53.33854293823242,46.14108657836914,38.07886505126953,33.541019439697266,29.154760360717773,23.34523582458496,19.0,17.0880069732666,19.209373474121094,22.022714614868164,24.1867733001709,28.23118782043457,31.30495262145996,34.438350677490234,35.34119415283203,36.2353401184082,36.24913787841797,35.34119415283203,34.928497314453125,35.44009017944336,35.44009017944336,34.928497314453125,35.693138122558594,34.928497314453125,35.693138122558594,34.525352478027344,34.71310806274414,34.71310806274414,31.575305938720703,30.5941162109375,26.172504425048828,24.020824432373047,23.0,23.0867919921875,23.0867919921875,23.706539154052734,24.1867733001709,27.459060668945312,31.400636672973633,35.0,37.80211639404297,40.224369049072266,44.41846466064453,45.18849563598633,47.53945541381836
0,-51.0,-95,25,11,101.2422866821289,99.50376892089844,93.4344711303711,85.32877349853516,75.31268310546875,66.70832061767578,58.051700592041016,51.195701599121094,45.54119110107422,38.63935852050781,33.060550689697266,27.0,24.1867733001709,21.02379608154297,19.209373474121094,21.470911026000977,24.041629791259766,26.925823211669922,30.4138126373291,32.557640075683594,35.693138122558594,37.48332977294922,38.832977294921875,38.470767974853516,38.63935852050781,37.656341552734375,36.22154235839844,38.01315689086914,38.0,38.0,38.0,38.0,38.0,38.0,35.0,33.0,30.0,28.0,27.018512725830078,24.331050872802734,22.472204208374023,21.954498291015625,23.600847244262695,25.495098114013672,28.319604873657227,30.479501724243164,36.06937789916992,38.18376541137695,41.86884307861328,44.68780517578125,48.25971221923828,48.764739990234375
0,-51.0,-95,25,11,101.17806243896484,96.6281509399414,88.45903015136719,82.20097351074219,74.52516174316406,65.30696868896484,58.051700592041016,50.80354309082031,46.52956008911133,38.11823654174805,34.0,29.068883895874023,24.041629791259766,21.470911026000977,20.51828384399414,21.954498291015625,25.495098114013672,29.154760360717773,33.734256744384766,36.13862228393555,39.560081481933594,40.52159881591797,41.43669891357422,41.48493576049805,41.761226654052734,39.560081481933594,39.293766021728516,38.832977294921875,36.878177642822266,38.63935852050781,37.336307525634766,38.470767974853516,38.63935852050781,37.48332977294922,37.656341552734375,35.693138122558594,32.75667953491211,30.265491485595703,26.172504425048828,25.0,23.021728515625,23.53720474243164,25.079872131347656,25.495098114013672,27.784887313842773,31.906112670898438,34.98571014404297,40.70626449584961,44.29446792602539,46.097721099853516,48.703182220458984,49.24428939819336
0,-51.0,-95,25,10,100.0199966430664,90.09439849853516,86.97700500488281,79.22752380371094,71.25306701660156,63.19810104370117,57.314918518066406,49.36598205566406,44.283180236816406,38.470767974853516,33.541019439697266,28.792360305786133,25.079872131347656,20.615528106689453,20.615528106689453,23.0867919921875,25.179357528686523,30.066593170166016,33.0151481628418,37.013511657714844,38.05259704589844,40.112342834472656,40.199501037597656,40.112342834472656,40.4474983215332,40.199501037597656,39.051246643066406,39.0128173828125,38.01315689086914,39.0,38.0,39.0,40.01249694824219,37.05401611328125,36.0,33.0,31.0,29.0,27.0,23.194826126098633,23.76972770690918,23.25940704345703,24.59674835205078,26.4007568359375,28.600698471069336,32.649654388427734,35.46829605102539,37.80211639404297,41.04875183105469,43.90899658203125,46.957427978515625,46.81879806518555
0,-50.0,-95,25,12,99.85990142822266,94.66783905029297,85.95928955078125,81.39410400390625,72.91776275634766,66.64833068847656,58.13776779174805,50.537113189697266,46.06517028808594,38.07886505126953,36.055511474609375,28.42534065246582,26.248809814453125,21.954498291015625,22.803508758544922,24.0,27.294687271118164,30.805843353271484,36.13862228393555,38.07886505126953,39.293766021728516,42.95346450805664,40.79215621948242,42.95346450805664,43.5660400390625,42.7551155090332,41.0,40.024993896484375,41.48493576049805,38.897300720214844,41.761226654052734,39.84971618652344,39.560081481933594,39.293766021728516,37.36308288574219,32.98484420776367,32.98484420776367,29.120439529418945,26.925823211669922,25.079872131347656,24.698177337646484,26.248809814453125,23.34523582458496,27.80287742614746,28.844409942626953,31.906112670898438,35.510562896728516,39.66106414794922,42.01190185546875,44.59820556640625,46.75468063354492,49.40647888183594
0,-50.0,-95,25,11,99.4032211303711,94.33981323242188,84.8646011352539,83.16850280761719,71.47027587890625,66.48307800292969,58.24087905883789,51.92301940917969,44.92215347290039,38.4837646484375,36.24913787841797,30.528675079345703,26.870058059692383,25.238859176635742,25.63201141357422,28.44292449951172,32.06243896484375,34.058773040771484,40.0,42.0,44.10215377807617,45.09988784790039,43.185646057128906,46.097721099853516,44.40720748901367,44.10215377807617,42.04759216308594,41.0,41.0,40.01249694824219,42.0,41.01219177246094,41.0,38.01315689086914,38.11823654174805,35.12833786010742,34.13209533691406,30.01666259765625,28.017850875854492,26.305892944335938,24.1867733001709,24.698177337646484,26.419689178466797,28.301942825317383,28.844409942626953,33.0151481628418,36.619667053222656,41.04875183105469,43.416587829589844,46.097721099853516,48.10405349731445,48.50773239135742
0,-50.0,-95,25,10,97.80081939697266,92.04889678955078,84.43340301513672,79.84986114501953,71.30918884277344,64.88451385498047,58.694122314453125,51.078372955322266,46.615447998046875,38.60051727294922,36.67424011230469,32.24903106689453,28.017850875854492,25.70992088317871,27.312999725341797,29.681644439697266,32.015621185302734,34.828147888183594,38.897300720214844,41.773197174072266,43.27817153930664,44.68780517578125,44.204071044921875,42.63801193237305,42.8018684387207,42.01190185546875,39.69886779785156,38.897300720214844,39.623226165771484,38.94868469238281,38.20994567871094,39.623226165771484,39.59798049926758,38.897300720214844,37.48332977294922,35.46829605102539,33.241539001464844,28.284271240234375,27.58622932434082,24.20743751525879,25.238859176635742,24.166091918945312,25.0,26.68332862854004,28.635643005371094,32.557640075683594,36.49657440185547,40.26164245605469,41.761226654052734,44.94440841674805,46.957427978515625,47.70744323730469
0,-50.0,-95,25,10,98.31072998046875,91.0054931640625,85.90692901611328,79.4040298461914,72.73238372802734,63.24555206298828,57.87054443359375,52.201534271240234,47.53945541381836,40.4474983215332,38.20994567871094,34.0,31.256999969482422,29.120439529418945,29.154760360717773,32.4499626159668,32.015621185302734,36.2353401184082,38.94868469238281,41.773197174072266,43.931766510009766,45.45327377319336,43.416587829589844,42.63801193237305,42.63801193237305,42.01190185546875,40.360870361328125,40.360870361328125,37.48332977294922,40.360870361328125,38.20994567871094,39.69886779785156,38.897300720214844,38.18376541137695,38.20994567871094,38.18376541137695,33.30165100097656,29.73213768005371,27.58622932434082,24.083189010620117,23.853721618652344,22.825424194335938,24.351591110229492,25.961509704589844,28.635643005371094,33.734256744384766,34.71310806274414,40.26164245605469,42.379241943359375,44.94440841674805,46.52956008911133,46.04345703125
0,-50.0,-95,24,13,88.58893585205078,85.08818817138672,79.4040298461914,74.88658142089844,65.21502685546875,61.61168670654297,54.918121337890625,49.39635467529297,44.41846466064453,38.94868469238281,37.121421813964844,33.83784866333008,30.08321762084961,29.068883895874023,29.0,31.575305938720703,33.241539001464844,35.735137939453125,37.6961555480957,39.924930572509766,42.379241943359375,42.379241943359375,43.416587829589844,42.44997024536133,42.20189666748047,40.024993896484375,36.68787384033203,38.27531814575195,37.336307525634766,36.769554138183594,37.6961555480957,36.769554138183594,38.07886505126953,37.336307525634766,36.68787384033203,34.20526123046875,32.98484420776367,29.120439529418945,26.248809814453125,23.409399032592773,22.825424194335938,22.203603744506836,21.931713104248047,24.75883674621582,27.018512725830078,28.600698471069336,32.80244064331055,36.878177642822266,39.59798049926758,41.231056213378906,42.43819046020508,43.8292121887207
0,-49.0,-95,24,12,90.52071380615234,84.8646011352539,80.61017608642578,77.23341369628906,70.29224395751953,63.411354064941406,59.81638717651367,53.26349639892578,49.67897033691406,45.27692413330078,41.72529220581055,38.94868469238281,35.510562896728516,34.885528564453125,34.539833068847656,35.1710090637207,35.693138122558594,38.327537536621094,41.04875183105469,43.185646057128906,45.39823913574219,45.39823913574219,42.95346450805664,42.95346450805664,41.0,39.051246643066406,37.336307525634766,36.12478256225586,37.013511657714844,37.05401611328125,37.0,37.013511657714844,37.013511657714844,37.2155876159668,35.35533905029297,33.37664031982422,30.4138126373291,29.27456283569336,26.07680892944336,26.0,24.020824432373047,24.331050872802734,25.495098114013672,25.298221588134766,26.925823211669922,29.546573638916016,32.31098937988281,37.0,39.051246643066406,40.607879638671875,42.19004440307617,44.0
0,-49.0,-95,24,12,89.27485656738281,85.58621215820312,81.3449478149414,77.10382843017578,70.03570556640625,64.53681182861328,58.13776779174805,52.49761962890625,49.51767349243164,43.863426208496094,40.360870361328125,36.400550842285156,34.98571014404297,34.1760139465332,33.52610778808594,34.36568069458008,34.13209533691406,37.013511657714844,40.0,42.0,42.04759216308594,45.09988784790039,41.30375289916992,42.19004440307617,40.31128692626953,37.336307525634766,36.0,34.01470184326172,35.05709457397461,34.2344856262207,36.12478256225586,37.2155876159668,36.12478256225586,34.058773040771484,34.01470184326172,32.0,31.0,28.0,26.07680892944336,24.1867733001709,22.56102752685547,22.472204208374023,23.25940704345703,24.698177337646484,26.07680892944336,28.844409942626953,32.4499626159668,35.510562896728516,38.470767974853516,39.924930572509766,41.761226654052734,41.773197174072266
0,-49.0,-95,24,13,90.42676544189453,85.21150207519531,82.20097351074219,76.843994140625,69.1158447265625,62.7694206237793,55.56977462768555,53.33854293823242,48.54894256591797,43.600460052490234,41.231056213378906,38.18376541137695,37.013511657714844,34.66987228393555,35.35533905029297,34.928497314453125,35.735137939453125,36.68787384033203,39.293766021728516,41.231056213378906,42.44997024536133,42.72002029418945,40.49691390991211,39.84971618652344,39.560081481933594,36.68787384033203,33.95585250854492,35.35533905029297,33.241539001464844,34.2344856262207,33.13608169555664,35.05709457397461,35.12833786010742,35.35533905029297,34.525352478027344,32.557640075683594,29.614185333251953,28.44292449951172,26.07680892944336,23.0,22.0,22.203603744506836,23.53720474243164,24.351591110229492,25.079872131347656,29.73213768005371,31.016124725341797,35.735137939453125,38.832977294921875,39.623226165771484,41.19466018676758,41.0
0,-49.0,-95,24,12,84.50444030761719,79.84986114501953,78.0,72.91776275634766,66.64833068847656,58.5918083190918,54.120235443115234,50.08992004394531,46.097721099853516,43.46262741088867,39.924930572509766,35.735137939453125,34.71310806274414,34.13209533691406,33.0,32.24903106689453,32.75667953491211,34.71310806274414,38.327537536621094,39.293766021728516,40.024993896484375,41.231056213378906,38.832977294921875,39.81205749511719,37.48332977294922,35.510562896728516,33.95585250854492,33.83784866333008,31.95309066772461,31.95309066772461,32.69556427001953,33.541019439697266,34.539833068847656,33.83784866333008,32.572994232177734,31.320919036865234,26.925823211669922,26.925823211669922,24.351591110229492,22.847318649291992,21.095022201538086,20.0,21.931713104248047,21.260292053222656,23.600847244262695,26.4007568359375,30.479501724243164,33.42155075073242,36.06937789916992,37.013511657714844,38.832977294921875,39.357337951660156
0,-49.0,-95,24,12,84.11896514892578,79.75587463378906,74.94664764404297,72.67048645019531,66.2872543334961,59.40538787841797,55.217750549316406,51.61395263671875,48.010414123535156,44.10215377807617,41.67733383178711,36.67424011230469,34.539833068847656,33.241539001464844,31.575305938720703,30.066593170166016,32.0,34.058773040771484,37.2155876159668,39.11521530151367,39.051246643066406,40.04996871948242,38.0,39.0128173828125,37.013511657714844,34.058773040771484,32.24903106689453,32.38827133178711,32.557640075683594,32.98484420776367,32.98484420776367,32.98484420776367,34.525352478027344,32.38827133178711,31.14482307434082,28.07133674621582,26.07680892944336,26.172504425048828,22.360679626464844,22.135944366455078,19.313207626342773,20.59126091003418,21.63330841064453,21.40093421936035,23.430749893188477,25.495098114013672,29.068883895874023,32.015621185302734,34.66987228393555,35.84689712524414,37.57658767700195,38.897300720214844
0,-49.0,-95,24,12,84.64632415771484,83.19855499267578,77.66595458984375,77.78174591064453,66.75328063964844,63.3876953125,57.55866622924805,53.600372314453125,48.66210174560547,44.72135925292969,41.231056213378906,38.897300720214844,34.539833068847656,32.649654388427734,32.4499626159668,31.890438079833984,33.970577239990234,34.828147888183594,39.20458984375,40.0,39.69886779785156,39.69886779785156,38.94868469238281,38.94868469238281,38.28837966918945,35.38361358642578,33.60059356689453,33.0151481628418,34.13209533691406,32.24903106689453,34.13209533691406,35.84689712524414,34.98571014404297,32.75667953491211,31.064449310302734,28.600698471069336,28.844409942626953,26.4007568359375,23.853721618652344,22.360679626464844,20.248456954956055,21.587032318115234,20.39607810974121,24.020824432373047,24.0,26.019224166870117,30.0,32.0,34.058773040771484,37.336307525634766,38.327537536621094,39.924930572509766
0,-49.0,-95,24,12,87.09190368652344,82.0,79.62411499023438,73.82411193847656,68.73136138916016,61.52235412597656,57.55866622924805,53.600372314453125,49.648765563964844,45.7055778503418,42.95346450805664,38.60051727294922,35.735137939453125,34.885528564453125,32.4499626159668,34.058773040771484,34.65544509887695,35.38361358642578,38.94868469238281,38.94868469238281,41.03656768798828,40.31128692626953,38.94868469238281,38.18376541137695,36.769554138183594,33.941123962402344,31.240999221801758,31.62277603149414,31.62277603149414,32.24903106689453,31.906112670898438,33.61547088623047,34.13209533691406,32.4499626159668,30.0,29.4108829498291,27.20294189453125,24.83948516845703,24.1867733001709,21.470911026000977,21.189620971679688,21.587032318115234,21.3775577545166,22.022714614868164,25.0,27.0,32.0,32.06243896484375,35.35533905029297,37.85498809814453,38.60051727294922,40.31128692626953
0,-50.0,-95,24,12,87.86353302001953,84.17243957519531,82.22530364990234,78.16009521484375,73.05477142333984,63.90618133544922,58.8217658996582,53.75872039794922,50.59644317626953,46.3249397277832,42.20189666748047,37.48332977294922,37.2155876159668,35.0,34.01470184326172,32.75667953491211,33.52610778808594,36.68787384033203,39.39543151855469,38.62641525268555,41.1096076965332,41.43669891357422,38.07886505126953,36.68787384033203,35.44009017944336,32.893768310546875,33.105892181396484,32.4499626159668,31.064449310302734,31.62277603149414,31.62277603149414,32.80244064331055,34.13209533691406,33.2866325378418,30.528675079345703,29.529645919799805,27.294687271118164,25.553865432739258,25.238859176635742,20.615528106689453,21.21320343017578,20.615528106689453,21.63330841064453,23.25940704345703,25.63201141357422,26.925823211669922,29.546573638916016,33.241539001464844,37.2155876159668,38.832977294921875,41.86884307861328,41.231056213378906
0,-49.0,-95,24,12,87.00574493408203,81.60882568359375,82.4196548461914,75.47184753417969,71.69379425048828,63.06346130371094,58.66856002807617,53.712196350097656,49.73931884765625,46.3249397277832,42.72002029418945,39.20458984375,37.64305877685547,33.941123962402344,33.42155075073242,34.13209533691406,32.24903106689453,34.885528564453125,34.539833068847656,38.07886505126953,37.57658767700195,37.6961555480957,36.24913787841797,36.24913787841797,34.928497314453125,31.78049659729004,30.364452362060547,30.805843353271484,29.42787742614746,31.400636672973633,31.256999969482422,32.24903106689453,32.38827133178711,32.38827133178711,29.614185333251953,28.160255432128906,25.0,23.76972770690918,21.587032318115234,20.099750518798828,18.0,18.248287200927734,21.587032318115234,20.880613327026367,23.76972770690918,25.63201141357422,27.85677719116211,32.572994232177734,34.928497314453125,36.34556198120117,38.05259704589844,39.0128173828125
0,-49.0,-95,23,14,80.95677947998047,74.32361602783203,74.09453582763672,69.89277648925781,65.14598846435547,57.567352294921875,55.02726745605469,50.9215087890625,46.81879806518555,43.65776062011719,39.924930572509766,37.121421813964844,34.0,31.62277603149414,30.610456466674805,31.14482307434082,30.805843353271484,31.62277603149414,32.4499626159668,34.98571014404297,34.66987228393555,34.66987228393555,33.83784866333008,34.66987228393555,32.4499626159668,30.886890411376953,29.068883895874023,29.546573638916016,28.792360305786133,29.120439529418945,29.4108829498291,31.320919036865234,30.364452362060547,30.08321762084961,29.154760360717773,27.85677719116211,25.495098114013672,22.360679626464844,20.615528106689453,18.439088821411133,19.10497283935547,18.0,19.10497283935547,20.2237491607666,21.3775577545166,24.041629791259766,26.68332862854004,28.635643005371094,32.557640075683594,35.05709457397461,36.013885498046875,35.510562896728516
0,-49.0,-95,24,10,83.4505844116211,78.64476776123047,73.75635528564453,71.40028381347656,63.82006072998047,60.0,55.0,50.80354309082031,47.01063537597656,42.8018684387207,39.051246643066406,37.48332977294922,32.557640075683594,30.0,29.681644439697266,29.154760360717773,31.048349380493164,32.015621185302734,33.541019439697266,33.541019439697266,34.71310806274414,35.510562896728516,33.95585250854492,33.541019439697266,32.557640075683594,30.265491485595703,29.068883895874023,29.0,29.0,30.066593170166016,30.0,30.0,30.01666259765625,30.0,29.0,28.017850875854492,25.0,23.021728515625,19.0,19.10497283935547,18.439088821411133,18.973665237426758,17.0,19.416488647460938,20.808652877807617,24.20743751525879,26.4007568359375,29.4108829498291,31.064449310302734,33.541019439697266,35.46829605102539,35.1710090637207
0,-50.0,-95,24,10,82.20097351074219,78.44743347167969,73.75635528564453,70.60453033447266,65.14598846435547,59.77457809448242,56.61272048950195,51.54609680175781,48.08325958251953,42.72002029418945,41.0,37.48332977294922,34.2344856262207,32.015621185302734,30.066593170166016,30.5941162109375,31.320919036865234,32.280025482177734,33.61547088623047,33.61547088623047,34.78505325317383,34.78505325317383,33.83784866333008,32.31098937988281,31.016124725341797,28.635643005371094,28.301942825317383,28.844409942626953,28.844409942626953,30.0,27.80287742614746,29.4108829498291,30.0,28.301942825317383,29.154760360717773,26.419689178466797,24.698177337646484,20.248456954956055,18.601076126098633,18.384777069091797,17.69180679321289,18.027755737304688,18.788293838500977,18.027755737304688,21.189620971679688,24.041629791259766,26.248809814453125,29.73213768005371,31.38471031188965,32.649654388427734,35.510562896728516,36.2353401184082
0,-49.0,-95,24,10,80.23091888427734,75.64390563964844,72.44998168945312,68.96376037597656,64.14047241210938,58.830265045166016,54.37830352783203,48.54894256591797,45.79301071166992,39.824615478515625,38.4837646484375,35.46829605102539,33.241539001464844,30.5941162109375,29.27456283569336,30.0,29.068883895874023,30.149627685546875,30.265491485595703,33.37664031982422,32.38827133178711,33.37664031982422,31.256999969482422,31.048349380493164,30.5941162109375,27.892650604248047,27.312999725341797,27.73084831237793,27.294687271118164,28.65309715270996,27.294687271118164,28.65309715270996,28.635643005371094,28.635643005371094,27.312999725341797,26.0,24.166091918945312,20.615528106689453,18.788293838500977,17.20465087890625,17.029386520385742,17.029386520385742,17.0,19.235383987426758,19.697715759277344,23.25940704345703,26.4007568359375,28.17800521850586,30.4138126373291,32.75667953491211,34.828147888183594,34.65544509887695
0,-50.0,-95,23,14,81.00617218017578,76.66159057617188,74.625732421875,71.02816009521484,65.21502685546875,59.203041076660156,55.60575485229492,49.40647888183594,46.615447998046875,43.5660400390625,39.4461669921875,37.121421813964844,34.539833068847656,32.280025482177734,30.805843353271484,29.154760360717773,30.01666259765625,31.016124725341797,32.24903106689453,33.060550689697266,33.13608169555664,33.241539001464844,31.256999969482422,31.575305938720703,31.256999969482422,29.42787742614746,28.160255432128906,27.85677719116211,28.23118782043457,28.23118782043457,28.635643005371094,29.068883895874023,29.96664810180664,29.154760360717773,27.20294189453125,25.298221588134766,23.76972770690918,21.189620971679688,18.788293838500977,17.0,15.81138801574707,15.55634880065918,18.601076126098633,18.788293838500977,19.697715759277344,21.540658950805664,26.4007568359375,28.17800521850586,31.38471031188965,33.83784866333008,36.2353401184082,35.38361358642578
0,-50.0,-95,23,14,82.8070068359375,80.15609741210938,73.87828063964844,72.20111083984375,65.802734375,61.29437255859375,56.61272048950195,52.430908203125,46.87216567993164,42.8018684387207,40.804412841796875,36.878177642822266,33.941123962402344,32.015621185302734,30.232433319091797,28.17800521850586,30.08321762084961,29.120439529418945,31.78049659729004,33.541019439697266,33.734256744384766,33.734256744384766,31.575305938720703,32.557640075683594,31.575305938720703,29.614185333251953,28.0,29.0,29.0,30.01666259765625,30.01666259765625,30.01666259765625,30.0,30.0,28.017850875854492,26.07680892944336,24.083189010620117,22.0,19.0,18.11077117919922,17.262676239013672,16.155494689941406,17.492855072021484,18.601076126098633,19.84943389892578,21.21320343017578,25.495098114013672,29.20616340637207,32.202484130859375,32.75667953491211,34.885528564453125,37.0
0,-50.0,-95,24,10,77.49193572998047,75.02666473388672,71.69379425048828,67.5425796508789,61.717098236083984,58.13776779174805,53.66563034057617,50.08992004394531,46.06517028808594,41.146080017089844,38.4837646484375,35.84689712524414,30.08321762084961,26.925823211669922,26.07680892944336,26.0,26.172504425048828,27.294687271118164,29.120439529418945,29.120439529418945,29.4108829498291,30.364452362060547,29.120439529418945,29.4108829498291,28.160255432128906,27.85677719116211,26.832815170288086,26.419689178466797,28.301942825317383,27.459060668945312,28.301942825317383,28.301942825317383,27.294687271118164,26.419689178466797,26.832815170288086,24.166091918945312,21.540658950805664,18.788293838500977,16.124515533447266,15.0,15.55634880065918,17.20465087890625,15.65247631072998,16.155494689941406,18.973665237426758,20.615528106689453,23.76972770690918,26.925823211669922,29.73213768005371,31.30495262145996,32.4499626159668,34.058773040771484
0,-50.0,-95,23,14,80.15609741210938,75.21302795410156,71.02816009521484,68.88395690917969,63.12685775756836,55.226806640625,53.075416564941406,49.57822036743164,45.343135833740234,42.01190185546875,36.400550842285156,33.83784866333008,31.764760971069336,30.08321762084961,26.248809814453125,26.305892944335938,26.019224166870117,28.0,28.160255432128906,31.064449310302734,31.064449310302734,32.140316009521484,30.066593170166016,31.256999969482422,29.27456283569336,28.284271240234375,27.20294189453125,28.160255432128906,27.513633728027344,27.513633728027344,28.792360305786133,30.08321762084961,29.4108829498291,28.160255432128906,26.68332862854004,24.331050872802734,21.587032318115234,19.646883010864258,18.027755737304688,17.0,14.764822959899902,15.0,17.029386520385742,16.124515533447266,17.492855072021484,21.02379608154297,24.59674835205078,27.784887313842773,29.681644439697266,32.202484130859375,33.970577239990234,34.058773040771484
0,-50.0,-95,23,14,81.6333236694336,78.23043060302734,73.7834701538086,73.60027313232422,65.0,60.30754470825195,56.85068130493164,50.447994232177734,46.097721099853516,42.01190185546875,39.20458984375,35.510562896728516,31.764760971069336,30.08321762084961,28.861740112304688,27.166154861450195,28.017850875854492,28.017850875854492,30.149627685546875,32.24903106689453,32.24903106689453,33.13608169555664,30.066593170166016,30.265491485595703,30.265491485595703,29.27456283569336,27.20294189453125,27.513633728027344,29.154760360717773,28.23118782043457,30.08321762084961,30.08321762084961,29.73213768005371,27.20294189453125,26.925823211669922,22.803508758544922,21.587032318115234,19.92485809326172,18.973665237426758,17.0,13.601470947265625,15.55634880065918,17.804492950439453,17.0,18.788293838500977,21.470911026000977,25.495098114013672,27.784887313842773,31.064449310302734,33.42155075073242,35.38361358642578,36.878177642822266
0,-50.0,-95,23,13,77.02597045898438,71.0,72.02777099609375,66.27216339111328,63.28506851196289,54.33230972290039,50.48762130737305,46.389652252197266,42.19004440307617,40.112342834472656,36.0,32.06243896484375,30.265491485595703,27.658634185791016,25.0,25.05992889404297,26.07680892944336,26.4007568359375,27.658634185791016,29.0,29.068883895874023,29.73213768005371,26.90724754333496,27.658634185791016,27.58622932434082,25.612497329711914,25.553865432739258,26.925823211669922,26.832815170288086,27.85677719116211,26.832815170288086,27.294687271118164,28.17800521850586,26.419689178466797,23.853721618652344,23.323806762695312,20.59126091003418,18.867961883544922,17.464248657226562,14.866068840026855,14.142135620117188,14.03566837310791,16.124515533447266,16.76305389404297,18.973665237426758,21.540658950805664,24.351591110229492,25.298221588134766,29.120439529418945,30.805843353271484,32.24903106689453,34.0
0,-50.0,-95,23,14,81.54139709472656,77.17512512207031,73.57308959960938,69.77105712890625,65.30696868896484,59.03388977050781,54.5618896484375,50.08992004394531,46.06517028808594,41.146080017089844,38.07886505126953,34.13209533691406,31.064449310302734,27.658634185791016,25.495098114013672,25.942243576049805,25.63201141357422,25.961509704589844,28.635643005371094,30.5941162109375,30.5941162109375,30.5941162109375,30.5941162109375,30.265491485595703,30.4138126373291,29.154760360717773,28.0,29.017236709594727,30.0,30.066593170166016,32.0,30.01666259765625,30.0,29.017236709594727,27.018512725830078,25.01999282836914,22.0,19.02629852294922,17.0,14.142135620117188,16.155494689941406,15.264337539672852,16.401220321655273,17.69180679321289,19.84943389892578,21.40093421936035,24.20743751525879,27.658634185791016,30.4138126373291,32.649654388427734,35.22782897949219,36.2353401184082
0,-50.0,-95,23,14,77.82030487060547,74.32361602783203,70.7742919921875,68.3520278930664,62.297672271728516,57.567352294921875,52.49761962890625,47.434165954589844,43.011627197265625,38.07886505126953,36.400550842285156,31.30495262145996,28.301942825317383,25.495098114013672,24.20743751525879,24.698177337646484,24.166091918945312,26.570659637451172,29.120439529418945,30.08321762084961,30.08321762084961,31.048349380493164,30.08321762084961,31.575305938720703,31.048349380493164,28.635643005371094,29.27456283569336,28.07133674621582,28.07133674621582,28.07133674621582,29.068883895874023,30.01666259765625,29.154760360717773,28.160255432128906,26.476404190063477,24.331050872802734,22.56102752685547,19.235383987426758,16.031219482421875,14.142135620117188,13.152946472167969,13.928388595581055,15.264337539672852,17.029386520385742,18.384777069091797,21.21320343017578,24.75883674621582,28.42534065246582,29.832868576049805,31.62277603149414,32.75667953491211,35.46829605102539
0,-50.0,-95,24,10,79.4040298461914,75.53807067871094,72.83543395996094,67.26811981201172,62.36986541748047,56.75385284423828,53.851646423339844,47.53945541381836,43.416587829589844,37.85498809814453,35.510562896728516,32.06243896484375,28.0,26.07680892944336,22.803508758544922,24.698177337646484,25.05992889404297,25.553865432739258,27.80287742614746,30.610456466674805,30.0,30.610456466674805,29.4108829498291,29.068883895874023,29.068883895874023,28.319604873657227,27.658634185791016,27.018512725830078,27.80287742614746,29.4108829498291,27.80287742614746,27.80287742614746,28.42534065246582,26.172504425048828,25.495098114013672,24.041629791259766,21.21320343017578,17.029386520385742,15.81138801574707,13.416407585144043,13.928388595581055,13.152946472167969,15.0,17.0,19.10497283935547,20.39607810974121,24.331050872802734,28.284271240234375,31.064449310302734,32.0,33.060550689697266,33.95585250854492
0,-50.0,-95,23,14,75.1797866821289,73.06161499023438,69.1158447265625,67.42403411865234,59.40538787841797,55.44366455078125,47.6340217590332,44.204071044921875,40.0,35.510562896728516,34.48188018798828,28.635643005371094,28.160255432128906,26.305892944335938,24.083189010620117,24.020824432373047,24.331050872802734,25.495098114013672,27.20294189453125,28.160255432128906,29.4108829498291,30.08321762084961,27.513633728027344,29.068883895874023,28.635643005371094,27.73084831237793,26.925823211669922,27.20294189453125,29.4108829498291,26.62705421447754,29.4108829498291,29.4108829498291,28.844409942626953,27.784887313842773,25.05992889404297,22.825424194335938,20.59126091003418,18.867961883544922,15.81138801574707,14.866068840026855,13.601470947265625,13.928388595581055,15.524174690246582,16.124515533447266,19.0,21.02379608154297,25.01999282836914,27.294687271118164,29.27456283569336,32.015621185302734,33.83784866333008,34.885528564453125
0,-50.0,-95,23,14,78.29431915283203,73.16419982910156,70.93659210205078,66.73080444335938,61.032779693603516,54.81787872314453,49.72926712036133,45.607017517089844,40.804412841796875,37.336307525634766,33.61547088623047,31.30495262145996,26.62705421447754,25.495098114013672,23.34523582458496,25.553865432739258,24.59674835205078,25.63201141357422,27.892650604248047,29.120439529418945,31.048349380493164,31.048349380493164,30.08321762084961,30.5941162109375,29.614185333251953,29.42787742614746,28.284271240234375,28.07133674621582,28.07133674621582,29.017236709594727,28.07133674621582,29.068883895874023,29.154760360717773,27.294687271118164,27.294687271118164,24.515300750732422,22.360679626464844,18.11077117919922,16.0,15.132745742797852,13.152946472167969,12.083045959472656,15.620499610900879,16.278820037841797,18.439088821411133,21.40093421936035,24.20743751525879,27.58622932434082,31.11269760131836,33.42155075073242,33.2866325378418,34.438350677490234
0,-51.0,-95,24,10,77.6208724975586,75.28611755371094,70.93659210205078,67.20863342285156,60.10823440551758,56.58621597290039,50.20956039428711,46.66904830932617,42.42640686035156,37.64305877685547,34.058773040771484,30.805843353271484,29.529645919799805,25.298221588134766,23.76972770690918,23.0867919921875,24.083189010620117,26.305892944335938,28.861740112304688,30.08321762084961,30.805843353271484,31.78049659729004,31.048349380493164,32.015621185302734,31.048349380493164,31.320919036865234,30.08321762084961,30.463092803955078,30.463092803955078,30.08321762084961,31.38471031188965,30.08321762084961,29.154760360717773,28.460498809814453,26.68332862854004,24.73863410949707,21.840330123901367,18.973665237426758,16.552946090698242,14.422204971313477,12.041594505310059,13.03840446472168,15.65247631072998,15.81138801574707,18.681541442871094,21.3775577545166,24.515300750732422,28.160255432128906,30.08321762084961,33.541019439697266,34.98571014404297,36.400550842285156
0,-50.0,-95,23,14,76.41989135742188,72.99314880371094,70.03570556640625,67.6830825805664,60.63827133178711,54.120235443115234,48.50773239135742,45.35416030883789,41.0,37.656341552734375,33.541019439697266,29.068883895874023,28.0,24.1867733001709,23.0867919921875,21.954498291015625,24.20743751525879,25.495098114013672,29.0,30.479501724243164,31.890438079833984,31.827661514282227,31.11269760131836,31.890438079833984,31.890438079833984,30.610456466674805,29.4108829498291,29.681644439697266,31.064449310302734,30.528675079345703,31.064449310302734,31.064449310302734,30.0,29.068883895874023,24.20743751525879,22.671567916870117,19.84943389892578,18.601076126098633,17.0,14.866068840026855,13.152946472167969,13.0,15.132745742797852,16.492422103881836,18.973665237426758,20.615528106689453,24.698177337646484,27.20294189453125,28.861740112304688,33.541019439697266,35.12833786010742,35.0
0,-50.0,-95,24,10,78.43468475341797,73.37574768066406,69.92138671875,66.21932983398438,60.63827133178711,56.08921432495117,51.195701599121094,46.097721099853516,41.773197174072266,36.400550842285156,34.20526123046875,30.08321762084961,25.553865432739258,24.20743751525879,22.671567916870117,23.323806762695312,24.59674835205078,26.0,29.120439529418945,31.048349380493164,31.320919036865234,32.280025482177734,31.62277603149414,32.015621185302734,31.320919036865234,29.832868576049805,30.4138126373291,30.5941162109375,31.256999969482422,30.4138126373291,29.42787742614746,30.265491485595703,29.614185333251953,27.658634185791016,26.248809814453125,24.041629791259766,20.880613327026367,17.262676239013672,17.11724281311035,14.0,13.03840446472168,12.649110794067383,15.264337539672852,16.278820037841797,18.384777069091797,20.51828384399414,24.041629791259766,27.658634185791016,30.610456466674805,33.2866325378418,34.885528564453125,35.46829605102539
0,-51.0,-95,24,11,77.38862609863281,72.89718627929688,71.58910369873047,64.14047241210938,61.057350158691406,55.4707145690918,50.477718353271484,44.777225494384766,40.8166618347168,36.359317779541016,32.24903106689453,28.23118782043457,25.63201141357422,24.331050872802734,21.0,24.515300750732422,22.472204208374023,26.925823211669922,27.73084831237793,29.529645919799805,30.4138126373291,31.38471031188965,32.202484130859375,30.4138126373291,29.068883895874023,28.301942825317383,27.80287742614746,29.20616340637207,27.80287742614746,30.479501724243164,29.20616340637207,29.068883895874023,26.4007568359375,26.07680892944336,25.238859176635742,25.238859176635742,21.095022201538086,16.6433162689209,15.0,12.727922439575195,13.892443656921387,12.649110794067383,15.033296585083008,16.031219482421875,19.10497283935547,21.02379608154297,24.1867733001709,28.160255432128906,29.0,33.241539001464844,33.734256744384766,35.11410140991211
0,-51.0,-95,23,15,76.216796875,73.75635528564453,69.42621612548828,66.48307800292969,59.41380310058594,52.345008850097656,48.79549026489258,43.84062194824219,39.623226165771484,35.38361358642578,32.015621185302734,28.844409942626953,26.419689178466797,23.76972770690918,21.3775577545166,24.0,24.083189010620117,25.317977905273438,26.925823211669922,27.892650604248047,31.048349380493164,30.805843353271484,30.08321762084961,30.364452362060547,30.364452362060547,29.73213768005371,29.154760360717773,29.154760360717773,29.546573638916016,28.635643005371094,27.85677719116211,29.154760360717773,27.85677719116211,26.570659637451172,25.298221588134766,23.0867919921875,19.92485809326172,16.76305389404297,14.866068840026855,13.416407585144043,11.313708305358887,11.661903381347656,12.369317054748535,14.142135620117188,18.11077117919922,21.095022201538086,24.083189010620117,26.305892944335938,29.614185333251953,31.048349380493164,33.241539001464844,34.48188018798828
0,-51.0,-95,23,14,75.69015502929688,73.24616241455078,69.42621612548828,66.75328063964844,58.54912567138672,55.44366455078125,48.3735466003418,44.40720748901367,41.43669891357422,37.48332977294922,33.95585250854492,28.160255432128906,26.0,23.853721618652344,23.430749893188477,23.600847244262695,25.05992889404297,25.495098114013672,29.154760360717773,30.08321762084961,31.78049659729004,32.31098937988281,31.38471031188965,32.893768310546875,32.31098937988281,31.95309066772461,31.62277603149414,31.320919036865234,31.320919036865234,29.120439529418945,31.62277603149414,31.62277603149414,30.08321762084961,27.312999725341797,26.4007568359375,23.25940704345703,20.615528106689453,17.8885440826416,15.524174690246582,14.317821502685547,11.0,13.34166431427002,13.0,15.264337539672852,18.601076126098633,20.615528106689453,23.600847244262695,26.62705421447754,30.01666259765625,33.541019439697266,34.1760139465332,35.902645111083984
0,-51.0,-95,23,15,78.74642944335938,74.0,69.6419448852539,66.21178436279297,60.41522979736328,54.5618896484375,50.990196228027344,46.097721099853516,41.231056213378906,36.769554138183594,35.11410140991211,30.805843353271484,26.476404190063477,24.0,22.203603744506836,25.0,24.166091918945312,26.925823211669922,28.301942825317383,30.805843353271484,31.62277603149414,33.0151481628418,33.2866325378418,32.202484130859375,33.0151481628418,32.80244064331055,32.015621185302734,32.015621185302734,32.649654388427734,31.890438079833984,30.610456466674805,31.400636672973633,29.681644439697266,28.301942825317383,26.07680892944336,23.323806762695312,22.472204208374023,16.6433162689209,16.401220321655273,13.45362377166748,13.892443656921387,14.560219764709473,14.142135620117188,17.0,19.0,21.02379608154297,25.01999282836914,29.0,31.0,33.13608169555664,35.693138122558594,37.0
0,-51.0,-95,23,15,76.38062286376953,71.58910369873047,68.88395690917969,63.60031509399414,61.032779693603516,52.430908203125,48.60041046142578,43.600460052490234,39.20458984375,36.400550842285156,31.240999221801758,28.319604873657227,24.83948516845703,21.470911026000977,20.248456954956055,22.022714614868164,23.021728515625,26.172504425048828,27.294687271118164,29.614185333251953,30.265491485595703,31.400636672973633,31.575305938720703,32.557640075683594,30.4138126373291,30.4138126373291,30.08321762084961,31.048349380493164,30.364452362060547,30.675724029541016,29.832868576049805,30.805843353271484,29.832868576049805,27.294687271118164,25.317977905273438,23.194826126098633,19.235383987426758,16.124515533447266,14.560219764709473,12.649110794067383,12.806248664855957,12.206555366516113,13.416407585144043,14.866068840026855,16.492422103881836,19.416488647460938,23.76972770690918,26.925823211669922,29.154760360717773,30.4138126373291,34.13209533691406,33.42155075073242
0,-51.0,-95,23,15,77.02597045898438,73.0,70.028564453125,65.19202423095703,60.29925537109375,53.23532485961914,48.3735466003418,44.283180236816406,39.20458984375,36.0,32.015621185302734,27.294687271118164,25.0,22.360679626464844,23.600847244262695,22.627416610717773,25.0,27.784887313842773,29.154760360717773,30.528675079345703,33.61547088623047,34.66987228393555,32.24903106689453,32.649654388427734,33.105892181396484,32.649654388427734,31.78049659729004,33.105892181396484,31.78049659729004,31.016124725341797,31.38471031188965,32.69556427001953,31.30495262145996,28.65309715270996,26.419689178466797,22.360679626464844,19.697715759277344,18.357559204101562,16.76305389404297,14.142135620117188,13.0,13.601470947265625,12.649110794067383,15.81138801574707,19.416488647460938,22.803508758544922,25.238859176635742,27.784887313842773,30.528675079345703,33.12099075317383,35.46829605102539,36.13862228393555
0,-51.0,-95,23,14,76.85050201416016,73.9256362915039,69.83551788330078,67.5425796508789,62.2414665222168,53.712196350097656,49.24428939819336,44.384681701660156,40.31128692626953,35.7770881652832,30.528675079345703,27.80287742614746,25.495098114013672,23.600847244262695,21.954498291015625,22.803508758544922,24.1867733001709,26.07680892944336,29.0,31.016124725341797,33.060550689697266,33.0151481628418,33.060550689697266,33.0,33.0,31.0,30.066593170166016,30.149627685546875,31.14482307434082,30.265491485595703,31.14482307434082,30.01666259765625,28.017850875854492,28.0,25.0,22.0,19.02629852294922,17.0,15.132745742797852,12.649110794067383,12.529964447021484,12.727922439575195,13.03840446472168,15.231546401977539,18.384777069091797,20.615528106689453,23.76972770690918,27.312999725341797,29.529645919799805,31.906112670898438,33.42155075073242,34.65544509887695
0,-51.0,-95,23,15,78.64476776123047,73.97972869873047,71.70076751708984,65.37583923339844,60.13318634033203,54.08327102661133,49.04079818725586,44.18144226074219,39.20458984375,36.34556198120117,32.280025482177734,29.4108829498291,26.0,23.021728515625,22.627416610717773,23.021728515625,24.59674835205078,26.925823211669922,31.38471031188965,32.893768310546875,33.241539001464844,34.1760139465332,33.241539001464844,34.78505325317383,35.11410140991211,32.893768310546875,31.320919036865234,32.572994232177734,32.280025482177734,31.78049659729004,31.048349380493164,31.320919036865234,30.675724029541016,28.23118782043457,25.63201141357422,22.847318649291992,20.615528106689453,20.124610900878906,15.81138801574707,14.142135620117188,12.165525436401367,13.0,13.892443656921387,15.620499610900879,18.439088821411133,21.260292053222656,26.870058059692383,28.319604873657227,30.610456466674805,31.906112670898438,33.12099075317383,35.46829605102539
0,-51.0,-95,23,15,76.94153594970703,71.38627624511719,68.44705963134766,65.0,61.13100814819336,52.201534271240234,50.0,44.643028259277344,40.26164245605469,36.67424011230469,32.24903106689453,28.07133674621582,26.0,22.360679626464844,21.189620971679688,22.472204208374023,23.430749893188477,26.172504425048828,28.319604873657227,31.890438079833984,31.890438079833984,34.058773040771484,33.241539001464844,33.42155075073242,33.970577239990234,32.649654388427734,32.015621185302734,33.42155075073242,32.202484130859375,32.015621185302734,31.240999221801758,31.240999221801758,31.14482307434082,28.319604873657227,24.83948516845703,22.671567916870117,19.79899024963379,18.439088821411133,14.422204971313477,13.416407585144043,12.165525436401367,12.0,14.142135620117188,14.560219764709473,18.384777069091797,20.615528106689453,24.698177337646484,27.20294189453125,29.832868576049805,32.75667953491211,35.05709457397461,35.0
0,-51.0,-95,24,12,81.84130859375,76.55716705322266,73.00685119628906,68.3520278930664,62.62587356567383,55.36244201660156,51.54609680175781,47.12748718261719,41.1096076965332,36.769554138183594,31.78049659729004,28.65309715270996,24.75883674621582,24.20743751525879,23.25940704345703,25.298221588134766,26.476404190063477,29.27456283569336,32.06243896484375,34.13209533691406,34.13209533691406,35.22782897949219,34.36568069458008,35.12833786010742,35.22782897949219,34.13209533691406,34.058773040771484,34.0,33.0151481628418,33.0151481628418,32.015621185302734,31.064449310302734,30.066593170166016,29.068883895874023,27.294687271118164,24.1867733001709,21.095022201538086,18.0,16.124515533447266,13.152946472167969,13.0,12.806248664855957,14.866068840026855,15.264337539672852,20.248456954956055,21.470911026000977,25.553865432739258,30.805843353271484,33.42155075073242,35.38361358642578,36.12478256225586,37.202152252197266
0,-51.0,-95,23,15,80.70935821533203,76.27581787109375,71.02816009521484,67.47592163085938,63.89052963256836,55.31726837158203,51.088157653808594,46.097721099853516,40.45985794067383,36.400550842285156,31.064449310302734,29.068883895874023,23.76972770690918,23.34523582458496,22.0,24.515300750732422,25.63201141357422,27.85677719116211,30.463092803955078,32.69556427001953,33.61547088623047,34.928497314453125,35.46829605102539,34.438350677490234,34.01470184326172,33.105892181396484,32.649654388427734,33.12099075317383,31.764760971069336,30.528675079345703,31.764760971069336,31.30495262145996,29.96664810180664,28.635643005371094,26.0,22.847318649291992,21.470911026000977,15.65247631072998,13.892443656921387,11.401754379272461,13.03840446472168,12.649110794067383,14.03566837310791,16.0,20.0,23.0,28.0,29.0,33.060550689697266,34.36568069458008,37.10795211791992,37.6961555480957
0,-51.0,-95,23,15,78.29431915283203,72.01388549804688,70.68238830566406,64.62197875976562,60.74536895751953,51.54609680175781,48.703182220458984,43.32435989379883,38.27531814575195,34.01470184326172,30.4138126373291,26.4007568359375,24.083189010620117,23.600847244262695,21.931713104248047,25.0,24.1867733001709,29.068883895874023,29.068883895874023,32.06243896484375,33.060550689697266,34.058773040771484,33.13608169555664,34.058773040771484,34.058773040771484,32.06243896484375,32.0,33.0,32.015621185302734,31.064449310302734,30.0,31.0,30.0,29.068883895874023,25.079872131347656,22.022714614868164,19.0,17.0,15.0,12.165525436401367,12.529964447021484,12.727922439575195,15.0,16.552946090698242,19.235383987426758,22.847318649291992,25.942243576049805,27.784887313842773,31.064449310302734,32.202484130859375,35.35533905029297,37.64305877685547
0,-51.0,-95,23,15,77.78174591064453,73.24616241455078,72.11102294921875,66.0,62.0,53.00943374633789,48.0,43.0,38.01315689086914,36.22154235839844,31.256999969482422,27.20294189453125,25.63201141357422,24.698177337646484,22.803508758544922,23.600847244262695,25.05992889404297,28.17800521850586,29.546573638916016,31.78049659729004,33.105892181396484,34.928497314453125,34.01470184326172,34.01470184326172,35.34119415283203,34.01470184326172,31.78049659729004,33.61547088623047,31.016124725341797,30.675724029541016,30.675724029541016,32.31098937988281,29.546573638916016,27.312999725341797,25.079872131347656,23.25940704345703,20.124610900878906,16.552946090698242,14.866068840026855,13.152946472167969,10.198039054870605,10.770329475402832,13.03840446472168,16.278820037841797,19.10497283935547,21.931713104248047,25.45584487915039,28.319604873657227,32.202484130859375,33.61547088623047,35.34119415283203,37.0
0,-52.0,-95,24,12,77.6208724975586,74.04052734375,67.41661834716797,65.92420196533203,57.384666442871094,52.0,47.16990661621094,42.154476165771484,39.560081481933594,35.11410140991211,31.78049659729004,28.284271240234375,25.0,22.56102752685547,21.540658950805664,23.323806762695312,26.4007568359375,26.4007568359375,29.698484420776367,31.827661514282227,32.015621185302734,34.71310806274414,34.71310806274414,35.38361358642578,35.38361358642578,33.241539001464844,33.241539001464844,31.14482307434082,31.11269760131836,30.4138126373291,31.14482307434082,30.4138126373291,29.0,26.90724754333496,27.018512725830078,24.083189010620117,21.40093421936035,17.804492950439453,14.142135620117188,13.03840446472168,11.401754379272461,13.0,14.142135620117188,17.464248657226562,18.973665237426758,21.840330123901367,26.248809814453125,28.160255432128906,32.557640075683594,34.36568069458008,37.05401611328125,37.05401611328125
0,-51.0,-95,24,11,74.96665954589844,71.19690704345703,68.24954223632812,63.06346130371094,56.75385284423828,50.28916549682617,47.53945541381836,42.20189666748047,39.051246643066406,33.541019439697266,31.256999969482422,26.019224166870117,24.083189010620117,21.3775577545166,21.02379608154297,23.600847244262695,23.34523582458496,26.172504425048828,30.610456466674805,31.400636672973633,33.42155075073242,34.058773040771484,35.38361358642578,34.71310806274414,33.241539001464844,32.649654388427734,32.80244064331055,33.60059356689453,32.202484130859375,30.610456466674805,30.610456466674805,30.610456466674805,28.319604873657227,27.58622932434082,24.75883674621582,21.931713104248047,18.384777069091797,17.029386520385742,14.422204971313477,12.649110794067383,12.165525436401367,12.041594505310059,14.317821502685547,16.76305389404297,19.697715759277344,21.931713104248047,26.0,28.460498809814453,30.805843353271484,33.541019439697266,36.055511474609375,36.013885498046875
0,-51.0,-95,24,11,79.76214599609375,73.34848022460938,71.38627624511719,65.0,60.16643524169922,51.92301940917969,48.764739990234375,43.416587829589844,39.051246643066406,33.734256744384766,31.064449310302734,27.0,24.083189010620117,22.472204208374023,21.470911026000977,24.75883674621582,25.495098114013672,29.20616340637207,29.4108829498291,33.0151481628418,35.0,35.80502700805664,37.013511657714844,35.80502700805664,35.80502700805664,35.80502700805664,33.83784866333008,34.66987228393555,32.4499626159668,33.2866325378418,31.064449310302734,30.805843353271484,29.4108829498291,27.658634185791016,27.018512725830078,23.600847244262695,19.416488647460938,16.6433162689209,14.317821502685547,12.165525436401367,13.03840446472168,13.152946472167969,13.928388595581055,16.552946090698242,18.357559204101562,22.472204208374023,24.1867733001709,28.65309715270996,32.202484130859375,33.61547088623047,35.1710090637207,36.67424011230469
0,-51.0,-95,23,15,77.077880859375,74.2765121459961,67.94115447998047,65.4369888305664,58.41232681274414,53.26349639892578,47.801673889160156,43.27817153930664,37.64305877685547,33.970577239990234,31.14482307434082,26.07680892944336,23.706539154052734,21.840330123901367,23.0867919921875,24.083189010620117,27.294687271118164,28.635643005371094,32.015621185302734,33.241539001464844,35.1710090637207,36.67424011230469,33.734256744384766,35.902645111083984,35.902645111083984,33.95585250854492,32.280025482177734,32.75667953491211,33.241539001464844,30.675724029541016,32.015621185302734,30.08321762084961,29.832868576049805,26.68332862854004,25.495098114013672,22.360679626464844,19.646883010864258,17.464248657226562,13.892443656921387,13.03840446472168,12.041594505310059,13.416407585144043,14.560219764709473,16.492422103881836,19.10497283935547,22.090721130371094,26.305892944335938,29.614185333251953,30.805843353271484,35.11410140991211,35.7770881652832,38.587562561035156
0,-51.0,-95,24,12,82.37718200683594,78.03204345703125,75.80237579345703,69.77105712890625,65.7419204711914,57.27128601074219,51.4781494140625,45.694637298583984,41.146080017089844,36.359317779541016,31.906112670898438,28.42534065246582,26.4007568359375,25.05992889404297,25.298221588134766,26.305892944335938,27.018512725830078,31.0,32.06243896484375,35.0142822265625,37.0,37.0,37.013511657714844,37.013511657714844,36.0,36.0,34.058773040771484,34.058773040771484,32.140316009521484,35.12833786010742,32.06243896484375,32.015621185302734,30.01666259765625,28.0,26.0,24.0,21.0,17.029386520385742,15.29705810546875,13.0,12.206555366516113,12.806248664855957,16.124515533447266,18.027755737304688,20.615528106689453,22.472204208374023,25.63201141357422,31.38471031188965,34.0,36.8917350769043,37.80211639404297,38.20994567871094
0,-51.0,-95,24,12,83.67198181152344,79.30951690673828,74.46475982666016,68.3081283569336,62.93647766113281,56.04462432861328,50.28916549682617,45.54119110107422,42.05948257446289,35.34119415283203,32.24903106689453,28.844409942626953,25.495098114013672,25.612497329711914,24.59674835205078,25.298221588134766,27.459060668945312,29.42787742614746,33.13608169555664,36.22154235839844,37.2155876159668,38.20994567871094,37.336307525634766,37.336307525634766,38.327537536621094,37.336307525634766,35.12833786010742,34.2344856262207,33.060550689697266,33.13608169555664,31.256999969482422,32.06243896484375,29.154760360717773,27.073972702026367,28.160255432128906,25.495098114013672,21.3775577545166,18.11077117919922,15.0,13.152946472167969,12.649110794067383,12.206555366516113,15.0,17.492855072021484,19.72308349609375,24.1867733001709,27.784887313842773,31.62277603149414,33.42155075073242,37.53664779663086,38.94868469238281,39.408119201660156
0,-51.0,-95,24,12,79.37883758544922,75.96051788330078,68.70953369140625,65.79513549804688,58.18075180053711,53.22593307495117,47.92702865600586,43.46262741088867,39.560081481933594,33.52610778808594,32.98484420776367,27.294687271118164,25.0,23.53720474243164,22.472204208374023,24.698177337646484,26.4007568359375,28.319604873657227,31.11269760131836,33.941123962402344,35.38361358642578,36.06937789916992,36.878177642822266,37.53664779663086,36.12478256225586,35.38361358642578,35.38361358642578,34.65544509887695,33.241539001464844,33.241539001464844,31.827661514282227,31.14482307434082,30.479501724243164,27.658634185791016,26.248809814453125,23.430749893188477,20.615528106689453,16.278820037841797,13.45362377166748,12.529964447021484,12.165525436401367,13.0,14.317821502685547,16.76305389404297,19.313207626342773,22.847318649291992,27.513633728027344,30.675724029541016,32.98484420776367,36.34556198120117,37.05401611328125,39.051246643066406
0,-51.0,-95,24,11,79.0,72.0,70.028564453125,63.19810104370117,60.13318634033203,53.23532485961914,48.166378021240234,43.104522705078125,39.051246643066406,35.0,31.064449310302734,26.305892944335938,23.0867919921875,21.954498291015625,21.931713104248047,24.20743751525879,24.698177337646484,28.65309715270996,31.38471031188965,33.61547088623047,34.01470184326172,35.7770881652832,34.885528564453125,36.67424011230469,35.35533905029297,33.12099075317383,34.01470184326172,33.541019439697266,32.649654388427734,32.202484130859375,29.529645919799805,29.529645919799805,29.529645919799805,26.832815170288086,25.05992889404297,21.954498291015625,18.357559204101562,15.65247631072998,12.369317054748535,11.0,12.041594505310059,11.704699516296387,15.0,16.401220321655273,18.439088821411133,21.260292053222656,24.83948516845703,29.068883895874023,32.202484130859375,34.13209533691406,35.34119415283203,37.0
0,-51.0,-95,24,11,75.89466094970703,70.88018035888672,67.72000885009766,63.56099319458008,58.24946212768555,50.80354309082031,46.87216567993164,41.0,37.85498809814453,33.241539001464844,28.792360305786133,25.495098114013672,22.472204208374023,20.51828384399414,21.63330841064453,23.0867919921875,24.331050872802734,28.284271240234375,29.27456283569336,32.24903106689453,33.734256744384766,34.525352478027344,33.95585250854492,34.525352478027344,34.71310806274414,32.75667953491211,32.75667953491211,32.557640075683594,32.38827133178711,30.4138126373291,29.614185333251953,29.42787742614746,28.635643005371094,25.961509704589844,22.360679626464844,21.587032318115234,18.248287200927734,16.278820037841797,14.03566837310791,11.045360565185547,10.29563045501709,11.313708305358887,13.45362377166748,14.764822959899902,18.357559204101562,21.954498291015625,23.323806762695312,28.844409942626953,30.610456466674805,32.557640075683594,35.46829605102539,34.66987228393555
0,-51.0,-95,24,12,82.07313537597656,75.07329559326172,73.10950469970703,67.80117797851562,63.0079345703125,55.217750549316406,51.61395263671875,45.221675872802734,40.0,35.46829605102539,31.11269760131836,26.4007568359375,24.698177337646484,23.76972770690918,23.194826126098633,26.019224166870117,26.172504425048828,30.5941162109375,32.75667953491211,34.928497314453125,36.49657440185547,37.656341552734375,37.336307525634766,37.336307525634766,36.34556198120117,34.36568069458008,32.75667953491211,34.525352478027344,32.75667953491211,32.015621185302734,31.575305938720703,30.5941162109375,30.4138126373291,27.459060668945312,24.331050872802734,21.21320343017578,18.681541442871094,16.278820037841797,13.601470947265625,11.180339813232422,11.401754379272461,12.083045959472656,14.317821502685547,17.11724281311035,21.095022201538086,24.083189010620117,28.44292449951172,30.4138126373291,33.52610778808594,36.400550842285156,38.470767974853516,39.11521530151367
0,-52.0,-95,24,12,76.05918884277344,71.5541763305664,68.42514038085938,65.51335906982422,56.30275344848633,51.03919982910156,44.94440841674805,40.49691390991211,33.12099075317383,31.78049659729004,28.792360305786133,24.515300750732422,24.083189010620117,23.0867919921875,23.34523582458496,22.472204208374023,26.419689178466797,26.62705421447754,30.0,31.240999221801758,30.805843353271484,33.60059356689453,32.80244064331055,33.0151481628418,32.202484130859375,32.202484130859375,30.479501724243164,30.479501724243164,29.73213768005371,28.42534065246582,29.068883895874023,29.0,27.658634185791016,26.172504425048828,21.40093421936035,20.0,17.029386520385742,14.866068840026855,13.892443656921387,12.369317054748535,10.049875259399414,13.03840446472168,15.29705810546875,17.0880069732666,20.248456954956055,22.472204208374023,27.513633728027344,30.675724029541016,32.75667953491211,34.36568069458008,37.05401611328125,37.05401611328125
0,-51.0,-95,24,11,79.10120391845703,72.24956512451172,72.24956512451172,66.75328063964844,62.169124603271484,52.95280838012695,47.85394287109375,42.57933807373047,38.20994567871094,36.12478256225586,31.0,27.073972702026367,24.331050872802734,22.847318649291992,22.825424194335938,25.45584487915039,26.4007568359375,29.4108829498291,31.064449310302734,33.83784866333008,35.80502700805664,37.44329071044922,36.400550842285156,35.22782897949219,35.80502700805664,34.20526123046875,34.4093017578125,34.66987228393555,30.232433319091797,30.528675079345703,29.4108829498291,31.064449310302734,28.844409942626953,26.4007568359375,24.20743751525879,21.260292053222656,17.804492950439453,17.20465087890625,13.892443656921387,11.704699516296387,10.0,9.848857879638672,13.0,16.124515533447266,20.0,23.021728515625,26.62705421447754,30.528675079345703,34.01470184326172,34.1760139465332,37.10795211791992,37.336307525634766
0,-51.0,-95,24,12,77.23341369628906,74.2765121459961,69.35416412353516,64.35060119628906,56.56854248046875,52.40229034423828,48.10405349731445,43.13930892944336,38.897300720214844,34.058773040771484,30.479501724243164,26.925823211669922,26.0,22.56102752685547,24.020824432373047,23.021728515625,25.495098114013672,27.20294189453125,31.62277603149414,33.83784866333008,34.48188018798828,35.44009017944336,35.1710090637207,35.44009017944336,33.95585250854492,34.928497314453125,33.52610778808594,33.52610778808594,31.62277603149414,30.08321762084961,30.08321762084961,30.08321762084961,28.160255432128906,25.70992088317871,24.515300750732422,21.21320343017578,18.248287200927734,14.317821502685547,13.416407585144043,12.041594505310059,10.0,11.704699516296387,14.142135620117188,16.124515533447266,20.0,21.0,26.0,29.42787742614746,32.015621185302734,35.44009017944336,36.769554138183594,36.715118408203125
0,-51.0,-95,23,15,76.94153594970703,73.34848022460938,67.26811981201172,63.324562072753906,56.75385284423828,51.92301940917969,47.53945541381836,41.9761848449707,38.832977294921875,33.241539001464844,30.265491485595703,26.0,24.1867733001709,22.135944366455078,22.472204208374023,24.083189010620117,25.495098114013672,27.658634185791016,30.805843353271484,32.202484130859375,35.0,35.0,34.058773040771484,35.608985900878906,37.013511657714844,34.20526123046875,33.0151481628418,32.80244064331055,32.015621185302734,31.400636672973633,30.0,27.80287742614746,27.658634185791016,24.83948516845703,24.83948516845703,21.260292053222656,19.10497283935547,15.0,13.416407585144043,12.165525436401367,12.0,12.165525436401367,15.231546401977539,16.552946090698242,17.492855072021484,21.954498291015625,26.419689178466797,29.529645919799805,31.78049659729004,33.83784866333008,35.902645111083984,37.2155876159668
0,-51.0,-95,24,12,75.23961639404297,72.56031799316406,67.60177612304688,65.11528015136719,57.070133209228516,51.195701599121094,46.87216567993164,41.773197174072266,37.48332977294922,33.13608169555664,29.0,25.179357528686523,22.56102752685547,21.931713104248047,22.203603744506836,24.083189010620117,25.238859176635742,28.301942825317383,32.24903106689453,33.12099075317383,34.13209533691406,36.055511474609375,35.510562896728516,36.359317779541016,35.84689712524414,34.13209533691406,31.906112670898438,33.61547088623047,32.24903106689453,31.38471031188965,30.886890411376953,30.01666259765625,28.65309715270996,26.07680892944336,23.853721618652344,20.248456954956055,17.8885440826416,16.552946090698242,13.34166431427002,12.041594505310059,12.165525436401367,11.180339813232422,15.264337539672852,17.69180679321289,19.79899024963379,24.041629791259766,27.658634185791016,30.0,32.4499626159668,34.48188018798828,36.67424011230469,37.947330474853516
0,-51.0,-95,24,12,77.6208724975586,71.84010314941406,71.84010314941406,63.70243453979492,60.10823440551758,50.93132781982422,47.381431579589844,42.44997024536133,38.20994567871094,34.20526123046875,29.4108829498291,25.942243576049805,23.409399032592773,22.090721130371094,23.021728515625,24.515300750732422,26.248809814453125,28.792360305786133,31.78049659729004,34.01470184326172,34.539833068847656,36.400550842285156,35.735137939453125,35.46829605102539,36.055511474609375,33.83784866333008,31.38471031188965,31.38471031188965,30.870698928833008,31.78049659729004,29.546573638916016,29.068883895874023,27.312999725341797,26.0,22.847318649291992,21.189620971679688,17.0880069732666,15.65247631072998,14.21267032623291,12.041594505310059,11.180339813232422,12.165525436401367,17.0,18.027755737304688,21.095022201538086,24.083189010620117,28.07133674621582,31.0,34.13209533691406,36.67424011230469,38.327537536621094,37.6961555480957
0,-51.0,-95,24,12,79.07591247558594,73.49829864501953,72.12489318847656,66.128662109375,60.74536895751953,53.851646423339844,49.97999572753906,42.05948257446289,37.36308288574219,33.95585250854492,31.14482307434082,27.0,24.083189010620117,23.409399032592773,22.825424194335938,27.018512725830078,25.45584487915039,30.4138126373291,31.240999221801758,34.058773040771484,34.71310806274414,35.46829605102539,35.38361358642578,35.46829605102539,36.12478256225586,33.42155075073242,32.202484130859375,32.202484130859375,31.62277603149414,32.4499626159668,30.0,29.4108829498291,26.4007568359375,25.806976318359375,24.20743751525879,22.203603744506836,19.416488647460938,16.124515533447266,12.083045959472656,12.041594505310059,12.0,13.0,15.264337539672852,17.20465087890625,20.808652877807617,23.021728515625,27.20294189453125,30.232433319091797,34.13209533691406,35.7770881652832,37.336307525634766,38.07886505126953
0,-51.0,-95,24,11,73.16419982910156,68.15423583984375,67.62396240234375,62.17716598510742,56.35601043701172,49.24428939819336,45.650848388671875,40.70626449584961,37.121421813964844,34.01470184326172,29.73213768005371,25.70992088317871,24.083189010620117,22.090721130371094,21.840330123901367,21.470911026000977,24.698177337646484,25.806976318359375,30.0,32.015621185302734,33.60059356689453,35.0,34.66987228393555,35.22782897949219,35.510562896728516,34.66987228393555,31.62277603149414,32.202484130859375,31.62277603149414,31.064449310302734,28.844409942626953,28.844409942626953,27.784887313842773,25.553865432739258,21.02379608154297,19.235383987426758,16.6433162689209,15.0,12.041594505310059,10.816654205322266,9.219544410705566,12.0,14.03566837310791,16.278820037841797,19.416488647460938,22.360679626464844,25.495098114013672,29.154760360717773,31.064449310302734,34.01470184326172,35.05709457397461,36.67424011230469
0,-52.0,-95,24,12,74.1687240600586,71.25306701660156,66.18912506103516,61.98386764526367,55.90169906616211,49.648765563964844,46.52956008911133,41.43669891357422,38.327537536621094,32.06243896484375,29.017236709594727,25.079872131347656,21.587032318115234,19.697715759277344,20.808652877807617,23.34523582458496,23.600847244262695,25.806976318359375,28.844409942626953,31.38471031188965,31.62277603149414,34.13209533691406,32.80244064331055,34.20526123046875,35.22782897949219,34.4093017578125,31.62277603149414,31.62277603149414,31.62277603149414,30.0,28.844409942626953,27.20294189453125,26.4007568359375,23.430749893188477,24.413110733032227,19.416488647460938,16.401220321655273,13.601470947265625,11.180339813232422,10.198039054870605,12.0,13.34166431427002,14.764822959899902,17.492855072021484,21.63330841064453,22.203603744506836,26.07680892944336,29.681644439697266,32.649654388427734,35.44009017944336,37.36308288574219,38.327537536621094
0,-51.0,-95,24,12,80.39900207519531,76.65507507324219,70.71067810058594,67.46851348876953,62.169124603271484,54.34151077270508,49.030601501464844,43.17406463623047,40.79215621948242,34.36568069458008,31.064449310302734,28.0,24.1867733001709,22.847318649291992,23.853721618652344,23.34523582458496,26.4007568359375,30.0,32.4499626159668,34.13209533691406,35.80502700805664,37.80211639404297,36.400550842285156,38.832977294921875,37.013511657714844,35.608985900878906,35.0,35.80502700805664,33.60059356689453,31.62277603149414,31.62277603149414,30.0,29.20616340637207,27.018512725830078,24.083189010620117,20.51828384399414,17.20465087890625,15.81138801574707,13.928388595581055,11.045360565185547,11.0,11.704699516296387,15.65247631072998,17.20465087890625,20.0,23.853721618652344,28.017850875854492,32.24903106689453,32.202484130859375,35.46829605102539,38.327537536621094,38.63935852050781
0,-51.0,-95,24,12,77.64663696289062,74.4311752319336,69.2603759765625,65.03076171875,59.0,52.009613037109375,48.010414123535156,42.01190185546875,37.05401611328125,34.2344856262207,29.42787742614746,25.298221588134766,23.25940704345703,21.40093421936035,21.260292053222656,23.25940704345703,26.570659637451172,29.73213768005371,32.572994232177734,33.83784866333008,36.400550842285156,36.055511474609375,35.46829605102539,36.400550842285156,36.400550842285156,35.46829605102539,32.572994232177734,32.572994232177734,31.62277603149414,30.675724029541016,29.73213768005371,29.4108829498291,27.513633728027344,26.570659637451172,22.472204208374023,18.681541442871094,16.76305389404297,14.317821502685547,13.0,11.0,9.433980941772461,13.45362377166748,14.142135620117188,16.6433162689209,21.095022201538086,23.853721618652344,27.20294189453125,30.0,31.890438079833984,35.38361358642578,37.64305877685547,38.07886505126953
0,-51.0,-95,24,12,81.04319763183594,73.97972869873047,71.80529022216797,66.91038513183594,61.66035842895508,53.23532485961914,50.2493782043457,43.28972244262695,39.31920623779297,32.98484420776367,30.08321762084961,26.832815170288086,23.021728515625,21.260292053222656,21.63330841064453,26.0,27.20294189453125,29.120439529418945,32.557640075683594,33.95585250854492,35.1710090637207,36.13862228393555,35.44009017944336,34.928497314453125,35.1710090637207,34.928497314453125,32.75667953491211,32.38827133178711,30.4138126373291,31.400636672973633,29.42787742614746,27.459060668945312,26.68332862854004,24.515300750732422,23.53720474243164,19.646883010864258,18.248287200927734,15.0,13.152946472167969,11.180339813232422,11.180339813232422,12.041594505310059,16.6433162689209,17.8885440826416,20.59126091003418,23.706539154052734,28.65309715270996,32.24903106689453,35.0,37.64305877685547,38.20994567871094,38.60051727294922
0,-52.0,-95,24,12,80.36167907714844,73.68174743652344,71.16881561279297,65.55150604248047,59.61543273925781,52.39274597167969,48.46648406982422,43.65776062011719,37.64305877685547,33.95585250854492,31.400636672973633,29.068883895874023,25.01999282836914,22.803508758544922,21.931713104248047,26.4007568359375,27.018512725830078,29.068883895874023,32.557640075683594,34.71310806274414,36.06937789916992,36.878177642822266,37.48332977294922,36.769554138183594,35.38361358642578,34.65544509887695,34.65544509887695,33.970577239990234,31.827661514282227,30.4138126373291,29.0,29.698484420776367,26.870058059692383,25.45584487915039,26.90724754333496,21.260292053222656,19.84943389892578,12.806248664855957,11.661903381347656,9.486832618713379,12.0,13.34166431427002,17.464248657226562,18.788293838500977,21.095022201538086,24.698177337646484,29.529645919799805,32.202484130859375,34.78505325317383,38.07886505126953,40.31128692626953,40.0
0,-51.0,-95,24,12,73.49829864501953,70.21395874023438,65.802734375,62.62587356567383,56.22277069091797,48.91830062866211,44.821868896484375,40.0,35.80502700805664,30.528675079345703,27.784887313842773,25.63201141357422,22.56102752685547,22.0,22.203603744506836,22.135944366455078,26.0,28.17800521850586,30.528675079345703,34.13209533691406,35.35533905029297,35.84689712524414,34.438350677490234,35.7770881652832,35.7770881652832,34.438350677490234,32.202484130859375,30.4138126373291,30.4138126373291,29.068883895874023,28.65309715270996,27.294687271118164,26.419689178466797,23.706539154052734,22.847318649291992,19.235383987426758,17.0,14.422204971313477,12.806248664855957,11.661903381347656,10.440306663513184,13.0,15.033296585083008,18.681541442871094,21.587032318115234,22.56102752685547,26.476404190063477,31.14482307434082,33.060550689697266,35.0142822265625,37.336307525634766,38.327537536621094
0,-51.0,-95,24,12,76.68767547607422,70.8307876586914,67.91170501708984,63.60031509399414,56.61272048950195,50.59644317626953,45.880279541015625,40.804412841796875,38.327537536621094,33.541019439697266,29.27456283569336,26.0,24.1867733001709,22.135944366455078,20.59126091003418,23.430749893188477,24.75883674621582,27.018512725830078,30.805843353271484,33.60059356689453,34.828147888183594,34.71310806274414,35.38361358642578,36.12478256225586,34.71310806274414,34.058773040771484,32.649654388427734,33.42155075073242,30.805843353271484,30.0,29.20616340637207,28.42534065246582,26.4007568359375,25.612497329711914,21.260292053222656,19.209373474121094,15.620499610900879,15.264337539672852,13.928388595581055,13.152946472167969,11.180339813232422,13.928388595581055,17.464248657226562,18.867961883544922,21.63330841064453,25.238859176635742,29.154760360717773,31.30495262145996,34.539833068847656,36.055511474609375,39.051246643066406,39.20458984375
0,-51.0,-95,24,12,75.42546081542969,71.34423828125,68.18357849121094,64.0,58.0,51.0,45.0,42.01190185546875,37.05401611328125,32.38827133178711,28.635643005371094,24.351591110229492,23.25940704345703,20.615528106689453,20.615528106689453,24.166091918945312,26.248809814453125,29.120439529418945,32.280025482177734,34.20526123046875,35.44009017944336,36.055511474609375,36.055511474609375,37.64305877685547,36.055511474609375,34.78505325317383,33.83784866333008,33.52610778808594,32.572994232177734,30.08321762084961,30.675724029541016,29.4108829498291,27.513633728027344,26.248809814453125,22.135944366455078,18.973665237426758,16.492422103881836,15.132745742797852,13.0,12.165525436401367,11.661903381347656,13.45362377166748,16.278820037841797,18.027755737304688,21.095022201538086,24.698177337646484,28.844409942626953,31.400636672973633,33.30165100097656,36.06937789916992,38.41874694824219,39.11521530151367
0,-51.0,-95,24,12,73.16419982910156,72.18032836914062,67.6830825805664,64.28841400146484,56.75385284423828,51.244510650634766,45.221675872802734,42.05948257446289,36.400550842285156,32.38827133178711,28.160255432128906,25.01999282836914,22.360679626464844,23.25940704345703,21.63330841064453,23.34523582458496,26.90724754333496,29.20616340637207,31.62277603149414,34.20526123046875,36.12478256225586,36.878177642822266,34.65544509887695,36.2353401184082,36.12478256225586,33.30165100097656,32.649654388427734,31.240999221801758,32.015621185302734,28.42534065246582,29.20616340637207,28.42534065246582,27.018512725830078,24.83948516845703,21.260292053222656,18.439088821411133,16.401220321655273,15.264337539672852,13.0,13.03840446472168,11.180339813232422,13.928388595581055,16.552946090698242,18.601076126098633,21.63330841064453,24.698177337646484,28.17800521850586,31.30495262145996,33.61547088623047,36.68787384033203,38.07886505126953,39.20458984375
0,-52.0,-95,25,8,74.6860122680664,70.23532104492188,66.24198150634766,62.96824645996094,56.93856430053711,50.21951675415039,45.79301071166992,38.27531814575195,35.510562896728516,31.78049659729004,26.570659637451172,24.331050872802734,24.020824432373047,22.090721130371094,22.135944366455078,23.25940704345703,24.413110733032227,28.017850875854492,30.479501724243164,32.80244064331055,34.4093017578125,33.42155075073242,34.13209533691406,33.83784866333008,34.4093017578125,32.4499626159668,30.0,30.479501724243164,30.479501724243164,28.319604873657227,29.20616340637207,27.658634185791016,24.083189010620117,24.083189010620117,20.615528106689453,18.384777069091797,17.69180679321289,15.264337539672852,13.0,11.180339813232422,11.0,12.041594505310059,17.72004508972168,17.464248657226562,21.095022201538086,24.166091918945312,28.792360305786133,32.572994232177734,33.241539001464844,37.656341552734375,39.051246643066406,39.051246643066406
0,-51.0,-95,24,12,77.3175277709961,71.17584228515625,68.06614685058594,63.0,56.00892639160156,51.03919982910156,46.0,42.0,36.0,32.140316009521484,28.44292449951172,25.298221588134766,23.25940704345703,21.260292053222656,21.931713104248047,23.323806762695312,24.59674835205078,28.17800521850586,31.016124725341797,32.893768310546875,34.928497314453125,34.539833068847656,34.01470184326172,34.928497314453125,35.34119415283203,34.885528564453125,31.78049659729004,30.463092803955078,28.792360305786133,28.23118782043457,26.0,26.925823211669922,26.0,22.472204208374023,22.360679626464844,19.697715759277344,17.0880069732666,13.152946472167969,11.0,11.180339813232422,10.440306663513184,12.206555366516113,15.0,17.804492950439453,20.615528106689453,22.803508758544922,27.658634185791016,31.11269760131836,34.058773040771484,35.80502700805664,36.715118408203125,37.161808013916016
0,-51.0,-95,24,12,79.71198272705078,78.10890197753906,71.16881561279297,68.88395690917969,58.694122314453125,54.5710563659668,48.27007293701172,43.416587829589844,38.897300720214844,36.400550842285156,29.96664810180664,28.301942825317383,25.612497329711914,24.20743751525879,24.1867733001709,25.0,26.305892944335938,30.149627685546875,34.058773040771484,36.22154235839844,37.2155876159668,39.31920623779297,37.48332977294922,38.470767974853516,38.832977294921875,36.34556198120117,35.35533905029297,33.37664031982422,34.2344856262207,30.149627685546875,31.256999969482422,29.27456283569336,29.27456283569336,25.179357528686523,24.083189010620117,19.10497283935547,18.027755737304688,15.132745742797852,13.152946472167969,10.440306663513184,12.806248664855957,12.806248664855957,17.0,19.697715759277344,22.472204208374023,26.0,30.463092803955078,33.12099075317383,34.66987228393555,38.60051727294922,41.01219177246094,41.86884307861328
0,-51.0,-95,24,12,79.15807342529297,76.48529052734375,72.09021759033203,66.48307800292969,61.6846809387207,54.08327102661133,48.46648406982422,43.46262741088867,40.71854782104492,34.928497314453125,32.24903106689453,29.20616340637207,24.083189010620117,22.203603744506836,23.25940704345703,24.515300750732422,26.019224166870117,29.0,33.0,35.0,37.013511657714844,37.0,37.05401611328125,37.05401611328125,37.05401611328125,36.12478256225586,33.060550689697266,33.0151481628418,33.0151481628418,32.0,30.01666259765625,29.068883895874023,29.017236709594727,25.079872131347656,23.0,20.02498435974121,16.0,15.0,12.369317054748535,11.180339813232422,12.041594505310059,14.764822959899902,17.0880069732666,19.313207626342773,24.041629791259766,25.298221588134766,29.73213768005371,31.78049659729004,36.2353401184082,37.735923767089844,41.231056213378906,41.01219177246094
0,-51.0,-95,24,12,77.0064926147461,72.06246948242188,67.06713104248047,64.28063201904297,55.3263053894043,51.4781494140625,46.27094268798828,41.19466018676758,37.05401611328125,32.0,29.017236709594727,24.1867733001709,22.472204208374023,19.416488647460938,19.79899024963379,23.021728515625,25.942243576049805,28.635643005371094,31.78049659729004,33.241539001464844,35.34119415283203,37.57658767700195,35.7770881652832,37.121421813964844,35.35533905029297,34.885528564453125,32.202484130859375,31.78049659729004,31.30495262145996,30.463092803955078,27.73084831237793,26.0,26.0,23.25940704345703,22.360679626464844,18.788293838500977,16.76305389404297,13.34166431427002,10.0,11.180339813232422,11.401754379272461,13.601470947265625,15.620499610900879,18.439088821411133,21.40093421936035,23.430749893188477,28.42534065246582,30.4138126373291,32.557640075683594,35.608985900878906,38.07886505126953,38.4837646484375
0,-52.0,-95,24,12,73.34848022460938,70.68238830566406,65.30696868896484,63.324562072753906,56.64803695678711,50.59644317626953,46.48655700683594,42.154476165771484,34.539833068847656,30.463092803955078,27.294687271118164,23.853721618652344,21.260292053222656,21.63330841064453,24.041629791259766,23.194826126098633,26.07680892944336,27.073972702026367,32.0,32.06243896484375,34.058773040771484,34.058773040771484,34.2344856262207,34.13209533691406,34.36568069458008,32.140316009521484,31.064449310302734,29.068883895874023,29.017236709594727,29.0,26.0,25.0,24.0,21.02379608154297,22.022714614868164,18.027755737304688,16.031219482421875,13.152946472167969,11.401754379272461,12.041594505310059,11.313708305358887,11.401754379272461,15.524174690246582,17.72004508972168,21.587032318115234,25.298221588134766,27.85677719116211,32.202484130859375,33.12099075317383,35.80502700805664,38.20994567871094,38.20994567871094
0,-51.0,-95,24,12,75.28611755371094,71.7844009399414,68.3520278930664,64.07807922363281,59.09314727783203,51.429561614990234,46.51881408691406,39.924930572509766,35.46829605102539,31.320919036865234,27.658634185791016,24.083189010620117,24.020824432373047,22.56102752685547,22.472204208374023,23.021728515625,26.90724754333496,29.698484420776367,31.11269760131836,33.941123962402344,34.65544509887695,34.65544509887695,34.058773040771484,35.38361358642578,33.941123962402344,33.241539001464844,29.698484420776367,30.4138126373291,30.4138126373291,28.284271240234375,29.0,27.018512725830078,24.75883674621582,23.34523582458496,21.931713104248047,18.384777069091797,16.401220321655273,14.422204971313477,13.0,12.0,11.180339813232422,13.928388595581055,17.0880069732666,18.867961883544922,22.472204208374023,25.553865432739258,29.529645919799805,31.78049659729004,35.735137939453125,36.13862228393555,38.63935852050781,39.051246643066406
0,-51.0,-95,25,8,75.05997467041016,72.11102294921875,68.35934448242188,63.78871536254883,56.718605041503906,50.80354309082031,45.7055778503418,39.458839416503906,36.22154235839844,32.015621185302734,29.068883895874023,25.317977905273438,23.409399032592773,20.59126091003418,22.803508758544922,24.83948516845703,27.20294189453125,27.459060668945312,31.38471031188965,32.75667953491211,34.13209533691406,34.66987228393555,34.13209533691406,34.98571014404297,34.66987228393555,33.83784866333008,30.528675079345703,30.528675079345703,30.528675079345703,28.17800521850586,27.784887313842773,27.294687271118164,25.942243576049805,24.1867733001709,20.59126091003418,18.357559204101562,15.65247631072998,13.928388595581055,12.165525436401367,12.0,11.180339813232422,13.601470947265625,16.401220321655273,19.10497283935547,23.34523582458496,25.495098114013672,29.832868576049805,30.805843353271484,34.66987228393555,36.715118408203125,39.0,39.293766021728516
0,-51.0,-95,24,12,77.077880859375,72.18032836914062,70.03570556640625,65.29930877685547,59.03388977050781,51.22499465942383,48.27007293701172,41.86884307861328,36.79673767089844,33.941123962402344,30.610456466674805,26.419689178466797,25.079872131347656,21.587032318115234,22.022714614868164,25.079872131347656,26.476404190063477,30.08321762084961,32.280025482177734,34.48188018798828,34.928497314453125,35.44009017944336,37.10795211791992,37.36308288574219,35.902645111083984,33.95585250854492,32.015621185302734,33.241539001464844,32.280025482177734,30.675724029541016,29.832868576049805,28.160255432128906,26.925823211669922,24.73863410949707,23.0867919921875,20.248456954956055,17.464248657226562,13.928388595581055,12.206555366516113,10.630146026611328,13.0,14.142135620117188,16.031219482421875,21.0,23.0,26.019224166870117,30.066593170166016,32.140316009521484,37.656341552734375,38.327537536621094,39.217342376708984,40.70626449584961
0,-52.0,-95,24,13,78.23043060302734,75.29276275634766,68.60028839111328,67.08203887939453,59.03388977050781,55.03635025024414,48.754486083984375,42.94182205200195,38.470767974853516,32.75667953491211,31.064449310302734,28.42534065246582,23.600847244262695,21.931713104248047,22.803508758544922,23.021728515625,27.0,28.07133674621582,32.24903106689453,34.2344856262207,35.05709457397461,37.121421813964844,35.05709457397461,37.121421813964844,37.0,35.05709457397461,35.12833786010742,32.06243896484375,32.140316009521484,29.154760360717773,29.154760360717773,28.160255432128906,26.07680892944336,24.1867733001709,22.022714614868164,20.02498435974121,17.11724281311035,14.560219764709473,12.529964447021484,12.041594505310059,11.180339813232422,13.928388595581055,17.464248657226562,19.235383987426758,23.0867919921875,26.305892944335938,29.42787742614746,33.95585250854492,36.055511474609375,38.4837646484375,41.67733383178711,42.20189666748047
0,-51.0,-95,25,9,81.09870910644531,75.0,71.0,66.0302963256836,61.13100814819336,54.08327102661133,50.15974426269531,45.0444221496582,39.0,34.01470184326172,30.149627685546875,27.658634185791016,24.698177337646484,22.803508758544922,23.34523582458496,25.238859176635742,27.294687271118164,32.202484130859375,34.539833068847656,35.84689712524414,36.2353401184082,38.910152435302734,37.58989334106445,38.4837646484375,37.121421813964844,36.2353401184082,33.541019439697266,32.202484130859375,32.202484130859375,31.38471031188965,29.546573638916016,27.312999725341797,27.73084831237793,25.495098114013672,23.25940704345703,21.02379608154297,18.027755737304688,14.142135620117188,13.0,11.180339813232422,13.0,13.601470947265625,17.69180679321289,19.79899024963379,22.671567916870117,25.495098114013672,29.0,33.241539001464844,36.2353401184082,39.408119201660156,40.31128692626953,40.31128692626953
0,-51.0,-95,24,12,78.23043060302734,73.9256362915039,70.8307876586914,64.8459701538086,59.03388977050781,53.3104133605957,47.92702865600586,41.62931823730469,37.57658767700195,31.064449310302734,28.600698471069336,25.45584487915039,23.853721618652344,22.135944366455078,22.56102752685547,24.020824432373047,27.018512725830078,28.160255432128906,32.38827133178711,33.13608169555664,34.13209533691406,35.05709457397461,34.058773040771484,35.35533905029297,34.13209533691406,33.060550689697266,31.256999969482422,29.42787742614746,29.614185333251953,28.44292449951172,26.476404190063477,26.476404190063477,24.515300750732422,22.56102752685547,21.21320343017578,19.416488647460938,16.76305389404297,14.317821502685547,12.041594505310059,12.206555366516113,12.083045959472656,13.34166431427002,18.11077117919922,21.02379608154297,24.020824432373047,26.019224166870117,30.066593170166016,33.541019439697266,36.878177642822266,38.60051727294922,39.924930572509766,40.70626449584961
0,-51.0,-95,24,13,79.02531433105469,74.40430450439453,69.40460968017578,65.45991516113281,58.52349853515625,52.47856521606445,49.09175109863281,42.43819046020508,38.60051727294922,32.649654388427734,30.479501724243164,26.248809814453125,22.825424194335938,22.135944366455078,22.090721130371094,24.020824432373047,26.305892944335938,27.658634185791016,31.320919036865234,34.48188018798828,35.902645111083984,35.902645111083984,35.693138122558594,36.878177642822266,36.67424011230469,33.734256744384766,32.98484420776367,31.048349380493164,30.08321762084961,30.08321762084961,28.160255432128906,27.20294189453125,25.961509704589844,23.0867919921875,22.135944366455078,18.681541442871094,16.76305389404297,15.264337539672852,11.313708305358887,11.180339813232422,12.649110794067383,14.142135620117188,19.0,20.0,23.021728515625,26.019224166870117,31.0,35.05709457397461,38.327537536621094,39.81205749511719,40.804412841796875,41.62931823730469
0,-51.0,-95,24,13,75.29276275634766,72.06941223144531,68.0,64.40496826171875,59.03388977050781,51.4781494140625,46.957427978515625,42.05948257446289,37.58989334106445,33.61547088623047,29.4108829498291,26.248809814453125,22.022714614868164,21.954498291015625,20.615528106689453,23.021728515625,26.019224166870117,29.068883895874023,32.24903106689453,34.36568069458008,35.12833786010742,35.22782897949219,35.0142822265625,37.013511657714844,36.0,35.0142822265625,32.06243896484375,32.24903106689453,32.06243896484375,29.27456283569336,29.068883895874023,28.07133674621582,27.073972702026367,23.0867919921875,21.21320343017578,19.235383987426758,16.492422103881836,13.152946472167969,12.083045959472656,11.313708305358887,12.529964447021484,15.29705810546875,17.464248657226562,21.3775577545166,23.0867919921875,26.172504425048828,30.4138126373291,33.541019439697266,36.68787384033203,39.0,40.31128692626953,41.617305755615234
0,-51.0,-95,24,13,80.0624771118164,77.78174591064453,72.44308471679688,69.1158447265625,61.13100814819336,54.037025451660156,49.04079818725586,44.18144226074219,38.327537536621094,35.35533905029297,29.832868576049805,25.079872131347656,23.853721618652344,24.041629791259766,23.853721618652344,25.495098114013672,27.20294189453125,30.08321762084961,34.928497314453125,36.13862228393555,37.64305877685547,39.560081481933594,36.68787384033203,39.560081481933594,37.64305877685547,35.735137939453125,34.20526123046875,33.52610778808594,32.98484420776367,29.832868576049805,29.614185333251953,29.614185333251953,27.892650604248047,25.70992088317871,22.56102752685547,18.11077117919922,17.11724281311035,15.0,14.142135620117188,12.083045959472656,12.806248664855957,16.401220321655273,19.416488647460938,21.470911026000977,25.495098114013672,28.65309715270996,34.13209533691406,35.22782897949219,37.64305877685547,39.623226165771484,43.185646057128906,43.600460052490234
0,-51.0,-95,24,12,79.07591247558594,74.72616577148438,71.16881561279297,67.67569732666016,60.74536895751953,54.424259185791016,48.46648406982422,43.08131790161133,37.336307525634766,34.20526123046875,29.42787742614746,25.01999282836914,24.083189010620117,23.409399032592773,22.360679626464844,24.083189010620117,27.58622932434082,30.479501724243164,34.058773040771484,34.71310806274414,36.06937789916992,37.48332977294922,35.35533905029297,36.12478256225586,35.38361358642578,33.241539001464844,31.14482307434082,31.240999221801758,31.240999221801758,28.42534065246582,28.42534065246582,27.20294189453125,26.4007568359375,24.413110733032227,20.808652877807617,18.027755737304688,15.264337539672852,13.928388595581055,13.152946472167969,13.0,13.601470947265625,16.552946090698242,19.72308349609375,22.803508758544922,25.238859176635742,28.844409942626953,32.75667953491211,35.34119415283203,37.6961555480957,40.16217041015625,41.231056213378906,42.296573638916016
0,-51.0,-95,24,13,79.19596099853516,74.96665954589844,71.58910369873047,67.00746154785156,61.400325775146484,52.801513671875,47.801673889160156,42.01190185546875,38.28837966918945,33.241539001464844,30.479501724243164,26.925823211669922,25.079872131347656,22.56102752685547,23.0867919921875,26.07680892944336,27.658634185791016,30.08321762084961,31.320919036865234,34.20526123046875,36.400550842285156,38.07886505126953,36.13862228393555,35.735137939453125,35.44009017944336,33.241539001464844,30.364452362060547,33.83784866333008,31.016124725341797,28.23118782043457,27.513633728027344,28.23118782043457,26.570659637451172,24.351591110229492,21.02379608154297,19.697715759277344,16.124515533447266,13.601470947265625,12.727922439575195,12.083045959472656,13.152946472167969,15.0,17.029386520385742,23.0867919921875,24.1867733001709,29.154760360717773,32.015621185302734,36.0,38.0,40.199501037597656,41.9761848449707,42.05948257446289
0,-51.0,-95,25,9,76.69419860839844,74.41101837158203,66.52819061279297,65.0691909790039,55.90169906616211,51.6623649597168,45.96738052368164,40.360870361328125,38.20994567871094,32.80244064331055,30.232433319091797,25.495098114013672,24.351591110229492,22.090721130371094,23.0,23.53720474243164,27.513633728027344,28.792360305786133,31.78049659729004,34.928497314453125,34.539833068847656,34.928497314453125,34.78505325317383,34.928497314453125,34.1760139465332,33.241539001464844,31.78049659729004,31.016124725341797,28.635643005371094,29.529645919799805,26.4007568359375,25.942243576049805,24.59674835205078,23.706539154052734,21.954498291015625,19.72308349609375,17.20465087890625,13.601470947265625,12.041594505310059,11.704699516296387,12.041594505310059,15.0,17.464248657226562,20.2237491607666,23.34523582458496,26.476404190063477,30.265491485595703,34.13209533691406,36.013885498046875,40.0,41.30375289916992,42.44997024536133
0,-51.0,-95,24,13,75.95393371582031,71.84706115722656,68.59300231933594,64.1248779296875,59.07622146606445,52.038448333740234,47.095645904541016,43.104522705078125,38.20994567871094,35.22782897949219,30.4138126373291,24.73863410949707,23.706539154052734,23.600847244262695,20.51828384399414,23.706539154052734,24.698177337646484,27.85677719116211,30.364452362060547,33.52610778808594,33.83784866333008,34.78505325317383,34.539833068847656,34.539833068847656,33.61547088623047,31.38471031188965,31.016124725341797,30.364452362060547,29.120439529418945,28.160255432128906,27.513633728027344,26.248809814453125,25.298221588134766,22.135944366455078,19.646883010864258,17.72004508972168,14.142135620117188,13.03840446472168,11.045360565185547,11.180339813232422,12.041594505310059,15.0,17.20465087890625,20.248456954956055,24.413110733032227,26.62705421447754,30.610456466674805,33.30165100097656,36.06937789916992,37.64305877685547,39.96248245239258,41.59326934814453
0,-51.0,-95,24,13,77.16217041015625,72.80110168457031,70.00714111328125,63.976558685302734,58.600341796875,50.537113189697266,46.06517028808594,42.48529052734375,38.07886505126953,33.83784866333008,28.160255432128906,25.317977905273438,23.0,21.587032318115234,21.540658950805664,23.853721618652344,25.495098114013672,29.73213768005371,31.11269760131836,32.526912689208984,34.71310806274414,36.12478256225586,35.608985900878906,36.06937789916992,35.46829605102539,33.42155075073242,31.890438079833984,30.479501724243164,29.0,27.58622932434082,26.172504425048828,26.172504425048828,24.041629791259766,23.34523582458496,19.79899024963379,16.970561981201172,13.601470947265625,14.764822959899902,12.369317054748535,12.0,12.165525436401367,13.0,17.0,18.867961883544922,23.853721618652344,26.419689178466797,29.529645919799805,33.61547088623047,36.055511474609375,38.60051727294922,39.458839416503906,41.04875183105469
0,-52.0,-95,24,13,79.64923095703125,73.10950469970703,71.0633544921875,67.89698028564453,60.14149856567383,53.740116119384766,49.497474670410156,43.13930892944336,38.20994567871094,33.42155075073242,31.064449310302734,25.942243576049805,24.041629791259766,23.0867919921875,23.021728515625,24.73863410949707,27.513633728027344,29.154760360717773,32.202484130859375,34.928497314453125,34.928497314453125,37.6961555480957,35.735137939453125,36.400550842285156,34.78505325317383,33.83784866333008,32.31098937988281,30.463092803955078,29.546573638916016,28.635643005371094,27.73084831237793,26.4007568359375,25.05992889404297,22.360679626464844,21.540658950805664,18.788293838500977,16.124515533447266,13.45362377166748,13.03840446472168,11.704699516296387,11.180339813232422,14.03566837310791,18.11077117919922,20.2237491607666,24.515300750732422,26.476404190063477,32.38827133178711,35.05709457397461,36.0,39.051246643066406,41.59326934814453,41.231056213378906
0,-51.0,-95,24,13,80.39900207519531,78.23043060302734,73.10950469970703,71.00704193115234,62.0,58.03447341918945,50.0099983215332,44.0113639831543,39.0128173828125,35.12833786010742,30.4138126373291,27.20294189453125,25.495098114013672,23.600847244262695,24.083189010620117,25.05992889404297,28.635643005371094,28.23118782043457,33.83784866333008,35.735137939453125,37.336307525634766,36.769554138183594,34.928497314453125,35.46829605102539,34.539833068847656,33.61547088623047,31.95309066772461,30.08321762084961,30.08321762084961,28.160255432128906,28.861740112304688,27.658634185791016,25.70992088317871,23.53720474243164,21.3775577545166,17.11724281311035,16.031219482421875,14.0,13.152946472167969,12.529964447021484,12.041594505310059,15.264337539672852,18.027755737304688,21.931713104248047,26.4007568359375,29.068883895874023,32.75667953491211,35.22782897949219,37.64305877685547,41.03656768798828,43.185646057128906,43.011627197265625
0,-52.0,-95,25,9,76.29547882080078,71.02112579345703,65.6201171875,61.29437255859375,56.14267349243164,51.03919982910156,44.10215377807617,39.20458984375,35.35533905029297,29.614185333251953,27.658634185791016,24.698177337646484,20.808652877807617,21.21320343017578,21.40093421936035,22.360679626464844,24.698177337646484,27.513633728027344,30.08321762084961,30.675724029541016,32.572994232177734,32.31098937988281,32.893768310546875,33.83784866333008,32.31098937988281,31.016124725341797,30.675724029541016,28.792360305786133,26.248809814453125,25.961509704589844,25.298221588134766,23.76972770690918,23.76972770690918,19.646883010864258,20.615528106689453,17.464248657226562,17.11724281311035,11.0,11.045360565185547,10.29563045501709,12.806248664855957,14.21267032623291,17.8885440826416,20.808652877807617,24.20743751525879,26.248809814453125,30.610456466674805,35.38361358642578,37.48332977294922,38.01315689086914,39.824615478515625,40.71854782104492
0,-51.0,-95,24,12,77.10382843017578,72.69112396240234,67.47592163085938,62.28964614868164,56.22277069091797,52.038448333740234,47.26520919799805,42.296573638916016,37.336307525634766,32.75667953491211,29.832868576049805,25.298221588134766,23.323806762695312,21.260292053222656,23.021728515625,24.166091918945312,25.298221588134766,29.120439529418945,30.5941162109375,34.525352478027344,34.928497314453125,37.10795211791992,34.78505325317383,35.44009017944336,34.78505325317383,33.52610778808594,32.98484420776367,31.048349380493164,28.44292449951172,28.44292449951172,26.476404190063477,26.305892944335938,24.515300750732422,22.203603744506836,21.3775577545166,20.099750518798828,17.029386520385742,13.0,12.165525436401367,11.401754379272461,12.727922439575195,15.0,17.8885440826416,21.470911026000977,24.166091918945312,27.294687271118164,30.528675079345703,34.98571014404297,38.01315689086914,38.94868469238281,41.72529220581055,41.617305755615234
0,-52.0,-95,24,13,79.02531433105469,76.40026092529297,71.02816009521484,66.5732650756836,61.057350158691406,54.37830352783203,49.39635467529297,41.88078308105469,38.832977294921875,33.60059356689453,29.0,26.248809814453125,21.954498291015625,20.880613327026367,22.203603744506836,24.083189010620117,27.459060668945312,29.614185333251953,32.98484420776367,35.693138122558594,37.85498809814453,37.656341552734375,36.49657440185547,36.67424011230469,37.85498809814453,35.510562896728516,32.75667953491211,32.557640075683594,33.734256744384766,28.861740112304688,28.44292449951172,26.476404190063477,26.476404190063477,23.53720474243164,20.615528106689453,18.027755737304688,15.231546401977539,13.416407585144043,11.313708305358887,12.206555366516113,12.649110794067383,16.124515533447266,19.0,22.0,26.0,29.0,34.058773040771484,36.34556198120117,38.832977294921875,41.231056213378906,42.72002029418945,42.94182205200195
0,-51.0,-95,24,14,86.83892822265625,80.70935821533203,77.38862609863281,73.06161499023438,65.86349487304688,57.30619430541992,51.62363815307617,47.16990661621094,41.04875183105469,37.202152252197266,31.827661514282227,26.90724754333496,25.553865432739258,23.76972770690918,25.179357528686523,30.01666259765625,30.4138126373291,33.734256744384766,35.902645111083984,38.07886505126953,38.832977294921875,40.79215621948242,40.4474983215332,39.623226165771484,38.470767974853516,36.49657440185547,34.48188018798828,34.928497314453125,32.572994232177734,31.95309066772461,31.62277603149414,28.792360305786133,29.73213768005371,25.63201141357422,23.25940704345703,22.360679626464844,18.867961883544922,15.81138801574707,13.45362377166748,13.416407585144043,16.124515533447266,17.0,22.022714614868164,25.179357528686523,29.154760360717773,31.14482307434082,37.05401611328125,40.0,43.104522705078125,45.39823913574219,47.53945541381836,47.434165954589844
0,-51.0,-95,25,9,77.69813537597656,77.02597045898438,68.09552001953125,67.5351791381836,58.600341796875,55.03635025024414,48.332183837890625,42.54409408569336,37.58989334106445,32.75667953491211,30.0,26.172504425048828,24.413110733032227,23.409399032592773,23.53720474243164,25.079872131347656,27.0,30.0,32.140316009521484,35.05709457397461,36.013885498046875,36.055511474609375,35.0,35.05709457397461,35.0,33.0151481628418,31.064449310302734,28.160255432128906,29.27456283569336,29.42787742614746,27.294687271118164,26.476404190063477,24.515300750732422,23.53720474243164,21.3775577545166,19.235383987426758,16.76305389404297,14.764822959899902,12.727922439575195,13.03840446472168,12.083045959472656,15.524174690246582,20.099750518798828,22.090721130371094,24.020824432373047,28.07133674621582,32.38827133178711,36.67424011230469,37.64305877685547,40.49691390991211,42.48529052734375,42.72002029418945
0,-52.0,-95,25,9,80.3243408203125,75.28611755371094,70.88018035888672,66.4906005859375,58.24946212768555,52.95280838012695,48.05205535888672,41.773197174072266,37.85498809814453,32.893768310546875,31.016124725341797,26.419689178466797,23.430749893188477,23.021728515625,22.825424194335938,25.0,27.658634185791016,29.614185333251953,32.24903106689453,34.13209533691406,35.510562896728516,36.22154235839844,35.510562896728516,35.35533905029297,34.36568069458008,34.525352478027344,32.140316009521484,31.064449310302734,29.068883895874023,30.01666259765625,27.0,27.0,23.0,23.0,22.0,20.0,18.0,13.34166431427002,13.416407585144043,12.041594505310059,12.806248664855957,15.65247631072998,19.313207626342773,21.840330123901367,25.298221588134766,27.85677719116211,31.38471031188965,35.7770881652832,38.470767974853516,41.04875183105469,42.01190185546875,43.13930892944336
0,-52.0,-95,25,10,79.37883758544922,73.76313781738281,71.84010314941406,65.96968841552734,61.392181396484375,53.36665725708008,49.47726821899414,42.20189666748047,39.560081481933594,36.055511474609375,32.69556427001953,25.942243576049805,24.413110733032227,20.615528106689453,21.954498291015625,23.76972770690918,25.01999282836914,30.149627685546875,32.06243896484375,34.058773040771484,36.12478256225586,37.2155876159668,37.2155876159668,36.22154235839844,37.2155876159668,34.2344856262207,32.06243896484375,33.0151481628418,31.0,30.0,30.0,28.0,27.0,23.0,20.0,18.027755737304688,15.132745742797852,13.601470947265625,12.083045959472656,12.806248664855957,13.416407585144043,16.76305389404297,20.248456954956055,22.56102752685547,27.658634185791016,29.120439529418945,34.48188018798828,36.400550842285156,38.910152435302734,40.8166618347168,42.20189666748047,43.185646057128906
0,-51.0,-95,24,13,80.21221923828125,73.40980529785156,73.60027313232422,64.53681182861328,63.03173828125,52.345008850097656,48.83646011352539,43.185646057128906,39.051246643066406,36.055511474609375,31.064449310302734,26.832815170288086,25.70992088317871,22.022714614868164,23.0867919921875,25.0,25.079872131347656,30.870698928833008,31.30495262145996,35.35533905029297,35.34119415283203,36.2353401184082,37.161808013916016,37.121421813964844,35.34119415283203,33.105892181396484,31.78049659729004,32.75667953491211,30.01666259765625,29.529645919799805,27.784887313842773,26.925823211669922,26.925823211669922,23.323806762695312,20.59126091003418,19.416488647460938,14.21267032623291,13.601470947265625,12.529964447021484,13.34166431427002,14.0,16.031219482421875,20.2237491607666,21.587032318115234,25.961509704589844,28.861740112304688,32.38827133178711,36.22154235839844,40.01249694824219,41.01219177246094,43.28972244262695,43.17406463623047
0,-52.0,-95,24,13,76.89603424072266,71.7844009399414,69.57010650634766,63.78871536254883,58.46366500854492,51.41984176635742,46.3249397277832,40.804412841796875,36.68787384033203,31.95309066772461,28.635643005371094,25.238859176635742,22.022714614868164,20.615528106689453,21.540658950805664,23.34523582458496,27.073972702026367,30.066593170166016,32.06243896484375,35.0142822265625,35.05709457397461,37.05401611328125,35.35533905029297,35.22782897949219,35.35533905029297,35.12833786010742,32.06243896484375,32.015621185302734,30.0,28.0,27.0,27.0,26.0,24.0,22.0,19.02629852294922,16.124515533447266,14.317821502685547,12.083045959472656,12.806248664855957,15.264337539672852,17.0880069732666,19.313207626342773,24.041629791259766,26.925823211669922,30.364452362060547,33.241539001464844,36.769554138183594,38.470767974853516,40.49691390991211,42.63801193237305,44.55333709716797
0,-52.0,-95,24,13,76.90253448486328,73.49829864501953,69.37578582763672,62.96824645996094,59.46427536010742,53.141319274902344,48.10405349731445,43.32435989379883,37.64305877685547,32.75667953491211,28.44292449951172,26.0,21.095022201538086,20.880613327026367,21.095022201538086,22.671567916870117,26.870058059692383,29.0,31.400636672973633,34.058773040771484,34.71310806274414,35.38361358642578,35.35533905029297,35.38361358642578,33.30165100097656,31.14482307434082,29.832868576049805,29.20616340637207,28.42534065246582,28.017850875854492,24.413110733032227,25.806976318359375,24.413110733032227,20.808652877807617,20.248456954956055,19.235383987426758,16.155494689941406,13.152946472167969,11.0,12.165525436401367,14.866068840026855,16.124515533447266,19.416488647460938,22.803508758544922,26.62705421447754,28.844409942626953,31.906112670898438,37.2155876159668,39.357337951660156,40.49691390991211,42.44997024536133,43.5660400390625
0,-51.0,-95,24,13,77.78174591064453,73.24616241455078,70.34912872314453,65.0076904296875,59.0,52.0,47.0,43.0,37.05401611328125,32.24903106689453,29.614185333251953,25.079872131347656,22.472204208374023,20.51828384399414,20.248456954956055,24.59674835205078,26.248809814453125,29.4108829498291,31.048349380493164,33.52610778808594,34.48188018798828,34.78505325317383,33.83784866333008,34.20526123046875,33.83784866333008,32.98484420776367,29.832868576049805,29.42787742614746,28.44292449951172,29.27456283569336,26.172504425048828,25.079872131347656,23.194826126098633,22.090721130371094,22.090721130371094,18.0,17.0,13.152946472167969,13.0,13.45362377166748,14.21267032623291,16.124515533447266,19.697715759277344,21.931713104248047,25.079872131347656,28.635643005371094,32.649654388427734,36.359317779541016,39.96248245239258,42.01190185546875,41.72529220581055,42.01190185546875
0,-52.0,-95,24,13,80.0,77.02597045898438,70.06425476074219,67.36467742919922,59.53990173339844,53.46026611328125,50.2493782043457,42.04759216308594,38.0,32.0,30.149627685546875,26.68332862854004,23.409399032592773,20.808652877807617,22.627416610717773,23.600847244262695,26.925823211669922,29.529645919799805,33.105892181396484,34.438350677490234,36.2353401184082,36.2353401184082,35.35533905029297,36.2353401184082,36.715118408203125,36.2353401184082,30.870698928833008,30.4138126373291,29.068883895874023,28.23118782043457,27.312999725341797,25.63201141357422,24.698177337646484,22.472204208374023,22.135944366455078,18.681541442871094,16.492422103881836,13.0,12.165525436401367,12.083045959472656,13.601470947265625,16.278820037841797,20.0,23.600847244262695,27.018512725830078,29.832868576049805,34.65544509887695,37.48332977294922,39.824615478515625,42.43819046020508,43.8292121887207,45.31004333496094
0,-52.0,-95,24,13,77.0,71.02816009521484,70.11418914794922,62.28964614868164,57.42821502685547,51.4781494140625,46.173583984375,42.19004440307617,37.05401611328125,34.0,28.07133674621582,25.495098114013672,22.472204208374023,20.248456954956055,20.51828384399414,23.853721618652344,25.495098114013672,29.068883895874023,31.78049659729004,34.01470184326172,34.01470184326172,34.928497314453125,36.2353401184082,36.67424011230469,35.7770881652832,32.649654388427734,30.4138126373291,31.38471031188965,29.154760360717773,27.85677719116211,26.925823211669922,26.570659637451172,25.298221588134766,23.409399032592773,20.880613327026367,17.464248657226562,17.11724281311035,14.0,14.142135620117188,13.928388595581055,14.21267032623291,15.55634880065918,19.79899024963379,23.600847244262695,25.612497329711914,29.068883895874023,33.241539001464844,35.35533905029297,39.051246643066406,41.88078308105469,43.416587829589844,44.384681701660156
0,-52.0,-95,24,13,80.52949523925781,75.13321685791016,69.7782211303711,65.0,59.61543273925781,52.92447280883789,47.53945541381836,42.54409408569336,37.57658767700195,32.649654388427734,29.681644439697266,25.612497329711914,22.671567916870117,21.954498291015625,20.880613327026367,24.020824432373047,26.019224166870117,29.017236709594727,32.06243896484375,35.05709457397461,37.0,38.01315689086914,38.0,37.013511657714844,37.0,35.0,33.060550689697266,33.060550689697266,32.06243896484375,29.27456283569336,29.017236709594727,29.154760360717773,27.073972702026367,25.079872131347656,22.203603744506836,19.416488647460938,15.524174690246582,14.866068840026855,13.03840446472168,13.45362377166748,14.764822959899902,18.384777069091797,19.646883010864258,23.53720474243164,28.44292449951172,29.832868576049805,35.1710090637207,36.68787384033203,38.4837646484375,42.94182205200195,44.65422821044922,45.45327377319336
0,-52.0,-95,23,16,73.49829864501953,70.0,64.20280456542969,63.03173828125,53.81449508666992,50.32891845703125,44.68780517578125,39.824615478515625,36.400550842285156,29.681644439697266,27.294687271118164,23.409399032592773,20.615528106689453,20.0,20.615528106689453,23.25940704345703,26.832815170288086,27.784887313842773,31.62277603149414,32.75667953491211,34.13209533691406,33.12099075317383,33.12099075317383,34.0,34.48188018798828,31.38471031188965,29.681644439697266,28.844409942626953,28.844409942626953,26.4007568359375,26.07680892944336,26.4007568359375,25.238859176635742,21.63330841064453,20.615528106689453,16.401220321655273,14.866068840026855,12.806248664855957,10.770329475402832,12.0,13.0,16.278820037841797,18.384777069091797,22.135944366455078,23.409399032592773,27.20294189453125,31.320919036865234,32.98484420776367,35.35533905029297,39.20458984375,40.0,42.19004440307617
0,-51.0,-95,24,13,80.62257385253906,77.78174591064453,74.96665954589844,69.85699462890625,61.84658432006836,54.81787872314453,51.195701599121094,43.931766510009766,39.051246643066406,35.35533905029297,30.0,27.018512725830078,23.53720474243164,22.825424194335938,23.430749893188477,26.248809814453125,29.4108829498291,31.064449310302734,33.61547088623047,37.2155876159668,36.8917350769043,38.832977294921875,36.400550842285156,38.27531814575195,35.22782897949219,35.22782897949219,33.2866325378418,31.764760971069336,31.30495262145996,29.529645919799805,29.529645919799805,28.635643005371094,27.312999725341797,24.698177337646484,21.540658950805664,17.72004508972168,16.278820037841797,16.124515533447266,14.03566837310791,15.524174690246582,16.124515533447266,18.439088821411133,20.51828384399414,24.83948516845703,27.58622932434082,32.526912689208984,35.38361358642578,39.20458984375,40.224369049072266,44.41846466064453,46.097721099853516,46.173583984375
0,-52.0,-95,24,13,80.26206970214844,74.79304504394531,73.82411193847656,67.11929321289062,61.84658432006836,53.3104133605957,47.53945541381836,41.62931823730469,38.910152435302734,33.61547088623047,28.600698471069336,26.172504425048828,23.600847244262695,22.360679626464844,22.803508758544922,26.07680892944336,27.073972702026367,31.064449310302734,31.14482307434082,34.36568069458008,35.05709457397461,36.055511474609375,35.05709457397461,35.22782897949219,35.05709457397461,32.140316009521484,29.42787742614746,31.575305938720703,29.614185333251953,27.892650604248047,26.925823211669922,26.248809814453125,25.961509704589844,23.53720474243164,21.189620971679688,18.027755737304688,16.124515533447266,13.601470947265625,11.313708305358887,12.083045959472656,14.142135620117188,18.0,20.0,23.021728515625,27.0,31.0,35.0,37.05401611328125,39.31920623779297,41.773197174072266,43.32435989379883,43.46262741088867
0,-52.0,-95,25,10,78.23681640625,75.60423278808594,69.81404113769531,66.60330200195312,60.95900344848633,53.81449508666992,48.27007293701172,42.63801193237305,38.60051727294922,33.60059356689453,30.886890411376953,27.85677719116211,23.53720474243164,22.0,22.203603744506836,24.698177337646484,27.294687271118164,30.528675079345703,31.906112670898438,33.61547088623047,35.84689712524414,36.715118408203125,34.885528564453125,35.84689712524414,35.35533905029297,34.0,31.38471031188965,30.886890411376953,29.681644439697266,28.600698471069336,27.20294189453125,26.4007568359375,25.0,21.40093421936035,21.260292053222656,18.439088821411133,17.69180679321289,12.806248664855957,11.180339813232422,12.041594505310059,14.03566837310791,16.76305389404297,18.027755737304688,22.472204208374023,26.0,30.675724029541016,33.52610778808594,36.400550842285156,39.81205749511719,41.43669891357422,44.0,46.097721099853516
0,-52.0,-95,24,14,79.07591247558594,74.81310272216797,70.45565795898438,67.18630981445312,60.074954986572266,53.0848388671875,47.095645904541016,43.185646057128906,39.20458984375,33.541019439697266,30.805843353271484,25.079872131347656,24.698177337646484,22.627416610717773,22.022714614868164,25.079872131347656,28.160255432128906,28.861740112304688,33.734256744384766,35.1710090637207,36.68787384033203,37.64305877685547,36.68787384033203,38.327537536621094,35.735137939453125,34.48188018798828,32.280025482177734,30.805843353271484,30.805843353271484,29.614185333251953,29.614185333251953,27.459060668945312,27.294687271118164,25.317977905273438,21.21320343017578,19.02629852294922,16.0,14.0,13.601470947265625,14.317821502685547,16.401220321655273,19.416488647460938,20.808652877807617,24.698177337646484,28.17800521850586,31.38471031188965,35.510562896728516,37.64305877685547,40.45985794067383,42.42640686035156,45.607017517089844,46.647613525390625
0,-52.0,-95,24,13,81.58431243896484,77.92945861816406,72.83543395996094,70.25667572021484,62.20128631591797,55.145263671875,50.2493782043457,44.283180236816406,38.327537536621094,33.541019439697266,30.08321762084961,25.495098114013672,23.853721618652344,22.022714614868164,22.825424194335938,25.298221588134766,28.635643005371094,30.4138126373291,35.35533905029297,36.49657440185547,37.85498809814453,38.832977294921875,36.878177642822266,38.63935852050781,37.85498809814453,36.878177642822266,34.36568069458008,33.241539001464844,33.241539001464844,30.149627685546875,31.064449310302734,29.068883895874023,28.160255432128906,25.079872131347656,23.0867919921875,19.0,16.124515533447266,15.29705810546875,14.764822959899902,14.21267032623291,15.264337539672852,18.357559204101562,21.02379608154297,24.351591110229492,28.792360305786133,31.38471031188965,35.84689712524414,38.470767974853516,40.31128692626953,45.221675872802734,46.097721099853516,46.69047164916992
0,-52.0,-95,24,14,82.15229797363281,76.5375747680664,72.94518280029297,68.87670135498047,60.835845947265625,55.03635025024414,50.990196228027344,43.863426208496094,39.357337951660156,34.48188018798828,30.528675079345703,25.612497329711914,24.413110733032227,21.540658950805664,23.53720474243164,25.0,29.017236709594727,31.016124725341797,34.13209533691406,37.121421813964844,38.11823654174805,39.051246643066406,37.0,39.051246643066406,38.0,36.0,33.0151481628418,31.016124725341797,30.149627685546875,30.149627685546875,28.160255432128906,28.284271240234375,26.68332862854004,23.194826126098633,23.194826126098633,19.416488647460938,17.262676239013672,15.264337539672852,14.142135620117188,14.422204971313477,14.317821502685547,18.973665237426758,21.21320343017578,23.34523582458496,28.284271240234375,30.4138126373291,35.1710090637207,39.560081481933594,42.154476165771484,44.72135925292969,44.65422821044922,46.22769546508789
0,-52.0,-95,25,10,80.91971588134766,75.74298858642578,72.86288452148438,67.17886352539062,60.20797348022461,54.488529205322266,48.83646011352539,41.72529220581055,37.48332977294922,33.42155075073242,29.681644439697266,26.4007568359375,23.76972770690918,23.021728515625,23.194826126098633,25.961509704589844,29.154760360717773,30.870698928833008,34.0,34.438350677490234,36.24913787841797,37.57658767700195,35.46829605102539,36.67424011230469,36.24913787841797,32.69556427001953,30.886890411376953,31.38471031188965,31.906112670898438,28.844409942626953,27.459060668945312,28.017850875854492,26.07680892944336,23.021728515625,22.203603744506836,19.10497283935547,17.69180679321289,15.0,13.928388595581055,13.152946472167969,16.0,18.248287200927734,20.880613327026367,24.351591110229492,28.460498809814453,30.364452362060547,34.928497314453125,37.10795211791992,40.4474983215332,43.104522705078125,44.0113639831543,45.39823913574219
0,-52.0,-95,24,13,74.52516174316406,71.84706115722656,67.74215698242188,64.19501495361328,56.22277069091797,50.08992004394531,44.18144226074219,38.20994567871094,34.36568069458008,29.614185333251953,27.20294189453125,24.59674835205078,23.600847244262695,22.671567916870117,22.825424194335938,23.409399032592773,25.961509704589844,27.658634185791016,30.5941162109375,32.557640075683594,33.95585250854492,34.71310806274414,33.95585250854492,34.71310806274414,32.557640075683594,32.75667953491211,29.27456283569336,29.154760360717773,29.154760360717773,26.07680892944336,26.07680892944336,26.0,24.0,23.0,20.0,18.0,16.124515533447266,14.317821502685547,13.416407585144043,13.45362377166748,13.03840446472168,16.155494689941406,20.615528106689453,22.803508758544922,24.351591110229492,29.154760360717773,32.31098937988281,36.2353401184082,37.2155876159668,40.224369049072266,41.231056213378906,41.72529220581055
0,-52.0,-95,24,13,78.77182006835938,76.02631378173828,70.21395874023438,66.21932983398438,58.898216247558594,53.26349639892578,47.6340217590332,40.804412841796875,36.8917350769043,32.4499626159668,30.4138126373291,26.248809814453125,23.34523582458496,22.0,23.34523582458496,24.351591110229492,28.65309715270996,30.886890411376953,32.4499626159668,35.510562896728516,36.715118408203125,38.587562561035156,37.121421813964844,37.121421813964844,37.121421813964844,34.0,32.24903106689453,30.886890411376953,31.064449310302734,29.4108829498291,27.459060668945312,27.20294189453125,25.238859176635742,24.413110733032227,22.671567916870117,21.260292053222656,17.69180679321289,13.45362377166748,13.0,12.165525436401367,14.0,17.11724281311035,19.646883010864258,24.73863410949707,27.20294189453125,30.08321762084961,32.75667953491211,37.48332977294922,40.112342834472656,43.046485900878906,44.10215377807617,44.72135925292969
0,-52.0,-95,24,13,79.32212829589844,73.23933410644531,70.80254364013672,65.4369888305664,60.4400520324707,52.009613037109375,48.010414123535156,43.011627197265625,38.27531814575195,34.13209533691406,29.529645919799805,25.298221588134766,22.56102752685547,21.0,21.3775577545166,24.59674835205078,25.238859176635742,28.301942825317383,30.0,35.0,35.22782897949219,35.22782897949219,36.8917350769043,35.510562896728516,35.35533905029297,33.2866325378418,30.0,32.202484130859375,28.600698471069336,29.068883895874023,27.80287742614746,27.018512725830078,26.248809814453125,22.803508758544922,21.260292053222656,19.10497283935547,15.0,13.03840446472168,11.704699516296387,11.0,15.29705810546875,17.72004508972168,19.697715759277344,21.931713104248047,26.832815170288086,28.23118782043457,34.01470184326172,37.336307525634766,39.560081481933594,41.43669891357422,44.283180236816406,45.0111083984375
0,-52.0,-95,24,13,83.0,77.05841827392578,74.1080322265625,68.35934448242188,61.400325775146484,54.451812744140625,49.25444030761719,43.185646057128906,38.01315689086914,34.0,29.068883895874023,25.70992088317871,22.847318649291992,22.022714614868164,22.671567916870117,25.495098114013672,28.23118782043457,31.78049659729004,34.1760139465332,37.6961555480957,37.6961555480957,39.0,38.910152435302734,38.4837646484375,38.07886505126953,37.57658767700195,34.539833068847656,34.1760139465332,33.241539001464844,30.364452362060547,30.675724029541016,30.08321762084961,28.160255432128906,25.0,20.880613327026367,18.439088821411133,16.124515533447266,15.0,14.142135620117188,14.317821502685547,14.21267032623291,18.439088821411133,20.808652877807617,25.238859176635742,27.459060668945312,31.62277603149414,35.22782897949219,38.28837966918945,41.01219177246094,43.931766510009766,45.80392837524414,47.01063537597656
0,-52.0,-95,24,13,80.4549560546875,73.9256362915039,71.69379425048828,66.18912506103516,59.93329620361328,51.078372955322266,48.754486083984375,42.04759216308594,39.357337951660156,34.13209533691406,29.4108829498291,25.45584487915039,23.853721618652344,22.472204208374023,23.53720474243164,26.0,27.018512725830078,31.064449310302734,32.24903106689453,35.05709457397461,38.05259704589844,38.05259704589844,37.0,37.05401611328125,35.05709457397461,35.0142822265625,32.06243896484375,32.06243896484375,29.42787742614746,30.265491485595703,26.305892944335938,26.476404190063477,25.317977905273438,23.34523582458496,21.095022201538086,20.39607810974121,17.72004508972168,15.264337539672852,13.45362377166748,12.806248664855957,14.317821502685547,15.524174690246582,21.095022201538086,22.090721130371094,26.172504425048828,29.42787742614746,32.75667953491211,37.36308288574219,40.49691390991211,42.154476165771484,43.416587829589844,43.8292121887207
0,-51.0,-95,25,10,87.23531341552734,79.75587463378906,78.892333984375,69.89277648925781,66.85057830810547,56.035701751708984,51.865211486816406,45.27692413330078,40.31128692626953,35.84689712524414,32.893768310546875,27.658634185791016,26.07680892944336,24.1867733001709,24.041629791259766,29.529645919799805,28.017850875854492,33.60059356689453,35.46829605102539,37.80211639404297,37.202152252197266,39.408119201660156,38.01315689086914,37.80211639404297,37.202152252197266,35.608985900878906,31.240999221801758,35.38361358642578,31.827661514282227,31.890438079833984,28.284271240234375,28.284271240234375,27.58622932434082,24.75883674621582,22.022714614868164,21.40093421936035,18.867961883544922,15.65247631072998,14.560219764709473,14.0,15.524174690246582,18.027755737304688,22.825424194335938,23.706539154052734,28.844409942626953,33.12099075317383,35.7770881652832,40.71854782104492,42.72002029418945,45.880279541015625,47.51841735839844,47.095645904541016
0,-52.0,-95,25,10,82.09750366210938,74.5452880859375,68.73136138916016,66.2872543334961,60.01666259765625,53.93514633178711,47.67599105834961,40.31128692626953,36.12478256225586,31.064449310302734,28.017850875854492,26.476404190063477,20.880613327026367,23.323806762695312,22.022714614868164,25.0,26.925823211669922,28.65309715270996,30.870698928833008,34.01470184326172,34.885528564453125,34.885528564453125,34.0,34.885528564453125,34.885528564453125,32.69556427001953,31.62277603149414,30.870698928833008,27.73084831237793,27.513633728027344,26.570659637451172,25.70992088317871,24.73863410949707,23.194826126098633,22.203603744506836,20.2237491607666,18.11077117919922,13.0,12.369317054748535,11.661903381347656,14.866068840026855,14.866068840026855,19.416488647460938,23.323806762695312,27.459060668945312,29.4108829498291,35.22782897949219,36.2353401184082,39.623226165771484,42.63801193237305,45.0,44.41846466064453
0,-52.0,-95,25,9,78.64476776123047,73.24616241455078,70.0927963256836,65.14598846435547,57.87054443359375,51.865211486816406,46.81879806518555,42.05948257446289,38.60051727294922,32.557640075683594,29.068883895874023,26.0,23.34523582458496,21.540658950805664,23.323806762695312,23.34523582458496,26.172504425048828,28.42534065246582,31.400636672973633,32.80244064331055,34.058773040771484,35.46829605102539,35.38361358642578,36.2353401184082,34.71310806274414,32.649654388427734,32.015621185302734,30.610456466674805,29.20616340637207,28.017850875854492,26.62705421447754,26.07680892944336,25.0,24.413110733032227,20.248456954956055,17.492855072021484,15.231546401977539,13.928388595581055,13.0,13.0,12.649110794067383,15.0,18.357559204101562,22.022714614868164,26.248809814453125,28.600698471069336,31.62277603149414,36.715118408203125,38.01315689086914,40.49691390991211,42.72002029418945,43.5660400390625
0,-52.0,-95,24,14,77.79460144042969,74.09453582763672,71.51223754882812,65.79513549804688,60.835845947265625,54.12947463989258,47.423622131347656,42.154476165771484,37.6961555480957,34.48188018798828,29.614185333251953,26.305892944335938,23.021728515625,22.56102752685547,22.360679626464844,23.430749893188477,26.172504425048828,29.0,31.890438079833984,33.970577239990234,35.35533905029297,37.53664779663086,36.769554138183594,36.79673767089844,36.79673767089844,33.970577239990234,31.827661514282227,31.400636672973633,30.479501724243164,28.600698471069336,28.017850875854492,27.80287742614746,26.4007568359375,23.853721618652344,20.808652877807617,17.20465087890625,15.231546401977539,14.866068840026855,15.0,14.0,14.317821502685547,18.867961883544922,21.095022201538086,23.600847244262695,26.4007568359375,30.0,35.22782897949219,38.07886505126953,41.146080017089844,43.08131790161133,44.92215347290039,44.72135925292969
0,-53.0,-95,25,10,78.54934692382812,74.79304504394531,70.23532104492188,64.88451385498047,59.03388977050781,51.429561614990234,45.617977142333984,41.62931823730469,37.57658767700195,32.4499626159668,29.20616340637207,24.83948516845703,23.021728515625,20.615528106689453,22.360679626464844,27.0,27.166154861450195,30.265491485595703,32.24903106689453,36.22154235839844,37.121421813964844,38.11823654174805,37.013511657714844,37.336307525634766,36.12478256225586,34.13209533691406,32.38827133178711,33.241539001464844,32.38827133178711,29.42787742614746,28.635643005371094,28.635643005371094,27.459060668945312,25.317977905273438,19.92485809326172,18.681541442871094,16.76305389404297,14.764822959899902,14.142135620117188,14.422204971313477,14.317821502685547,16.492422103881836,20.02498435974121,24.083189010620117,27.018512725830078,30.149627685546875,35.22782897949219,37.85498809814453,40.26164245605469,42.05948257446289,44.777225494384766,43.416587829589844
0,-51.0,-95,25,9,81.78630828857422,75.43209075927734,71.56814575195312,67.05221557617188,61.032779693603516,54.08327102661133,49.97999572753906,43.96589660644531,39.560081481933594,32.557640075683594,32.06243896484375,26.0,23.34523582458496,21.931713104248047,24.413110733032227,26.172504425048828,29.0,31.240999221801758,33.60059356689453,36.2353401184082,38.28837966918945,38.28837966918945,38.20994567871094,37.64305877685547,36.878177642822266,34.058773040771484,33.42155075073242,30.610456466674805,29.4108829498291,29.681644439697266,27.459060668945312,27.459060668945312,25.238859176635742,23.323806762695312,23.853721618652344,19.697715759277344,17.464248657226562,14.142135620117188,14.0,13.152946472167969,14.866068840026855,17.8885440826416,20.808652877807617,22.803508758544922,26.4007568359375,28.600698471069336,31.906112670898438,37.2155876159668,40.70626449584961,42.95346450805664,43.32435989379883,43.931766510009766
0,-52.0,-95,24,14,79.64923095703125,77.23341369628906,71.58910369873047,69.3108901977539,60.8276252746582,54.488529205322266,48.10405349731445,43.863426208496094,38.18376541137695,32.015621185302734,29.4108829498291,25.942243576049805,25.70992088317871,23.0867919921875,24.1867733001709,25.70992088317871,27.85677719116211,30.463092803955078,33.61547088623047,35.46829605102539,36.400550842285156,37.336307525634766,35.11410140991211,35.46829605102539,35.46829605102539,34.1760139465332,31.38471031188965,30.870698928833008,30.4138126373291,29.068883895874023,28.65309715270996,27.294687271118164,25.553865432739258,23.853721618652344,21.470911026000977,18.867961883544922,15.620499610900879,15.620499610900879,13.892443656921387,13.601470947265625,13.0,16.124515533447266,20.099750518798828,23.34523582458496,25.70992088317871,29.42787742614746,33.37664031982422,37.05401611328125,39.0,42.10700607299805,43.416587829589844,43.17406463623047
0,-52.0,-95,24,13,87.05171203613281,83.0,77.0,74.1687240600586,65.12296295166016,57.21887969970703,50.03998565673828,47.01063537597656,41.0,35.0142822265625,32.140316009521484,28.861740112304688,26.570659637451172,24.413110733032227,24.041629791259766,26.925823211669922,30.4138126373291,31.38471031188965,35.84689712524414,37.6961555480957,38.62641525268555,42.04759216308594,38.910152435302734,39.81205749511719,39.357337951660156,38.01315689086914,34.928497314453125,34.539833068847656,32.893768310546875,30.364452362060547,31.016124725341797,30.08321762084961,28.160255432128906,25.298221588134766,24.041629791259766,20.2237491607666,17.11724281311035,14.142135620117188,14.142135620117188,14.317821502685547,14.21267032623291,18.439088821411133,20.808652877807617,24.413110733032227,28.844409942626953,33.0151481628418,37.013511657714844,40.360870361328125,42.44997024536133,47.20169448852539,48.02082824707031,48.754486083984375
0,-52.0,-95,24,13,77.15568542480469,72.83543395996094,67.17886352539062,62.36986541748047,57.48912811279297,50.32891845703125,46.75468063354492,41.03656768798828,36.769554138183594,32.557640075683594,28.600698471069336,25.05992889404297,21.540658950805664,20.099750518798828,20.0,23.53720474243164,26.248809814453125,28.460498809814453,30.870698928833008,34.539833068847656,34.539833068847656,37.0,36.055511474609375,35.11410140991211,35.11410140991211,32.572994232177734,31.016124725341797,31.016124725341797,29.154760360717773,26.4007568359375,26.4007568359375,25.079872131347656,25.495098114013672,22.472204208374023,20.59126091003418,18.867961883544922,16.401220321655273,12.806248664855957,10.816654205322266,11.704699516296387,15.033296585083008,17.0,20.099750518798828,23.194826126098633,26.305892944335938,29.068883895874023,32.06243896484375,36.055511474609375,38.01315689086914,41.30375289916992,42.20189666748047,43.32435989379883
0,-52.0,-95,24,13,77.78174591064453,71.44927978515625,70.45565795898438,65.12296295166016,60.0333251953125,51.03919982910156,47.04253387451172,42.04759216308594,35.05709457397461,35.22782897949219,28.635643005371094,24.351591110229492,22.360679626464844,20.51828384399414,20.808652877807617,22.472204208374023,24.73863410949707,29.832868576049805,31.575305938720703,33.95585250854492,33.95585250854492,34.928497314453125,36.13862228393555,36.13862228393555,35.902645111083984,32.98484420776367,29.832868576049805,31.400636672973633,29.27456283569336,28.44292449951172,28.44292449951172,27.459060668945312,27.459060668945312,23.34523582458496,20.2237491607666,17.11724281311035,14.0,14.142135620117188,13.0,13.03840446472168,13.601470947265625,16.124515533447266,19.235383987426758,21.540658950805664,25.079872131347656,28.23118782043457,32.649654388427734,35.35533905029297,38.27531814575195,40.607879638671875,41.72529220581055,43.27817153930664
0,-52.0,-95,24,14,81.88406372070312,78.08969116210938,71.38627624511719,68.4105224609375,62.09669876098633,55.785301208496094,49.72926712036133,43.931766510009766,38.832977294921875,33.37664031982422,30.4138126373291,26.019224166870117,23.34523582458496,21.931713104248047,23.600847244262695,24.75883674621582,28.017850875854492,30.0,35.510562896728516,35.80502700805664,37.202152252197266,37.80211639404297,36.2353401184082,36.2353401184082,35.46829605102539,34.828147888183594,32.80244064331055,32.80244064331055,30.610456466674805,28.844409942626953,28.017850875854492,27.459060668945312,24.698177337646484,23.323806762695312,21.954498291015625,18.788293838500977,16.155494689941406,13.34166431427002,13.0,13.34166431427002,15.81138801574707,17.492855072021484,21.63330841064453,23.021728515625,27.20294189453125,30.805843353271484,35.22782897949219,39.4461669921875,41.59326934814453,44.59820556640625,44.384681701660156,43.5660400390625
0,-52.0,-95,24,13,77.0,70.00714111328125,71.02816009521484,64.19501495361328,59.41380310058594,51.35172653198242,47.26520919799805,41.19466018676758,35.05709457397461,33.0,26.07680892944336,22.803508758544922,21.470911026000977,21.40093421936035,21.260292053222656,24.1867733001709,26.4007568359375,29.96664810180664,32.69556427001953,34.928497314453125,35.7770881652832,35.34119415283203,35.35533905029297,35.7770881652832,34.885528564453125,32.649654388427734,29.546573638916016,31.016124725341797,29.73213768005371,28.792360305786133,27.513633728027344,26.248809814453125,25.298221588134766,23.76972770690918,20.615528106689453,17.262676239013672,15.033296585083008,14.03566837310791,14.142135620117188,14.866068840026855,14.21267032623291,16.278820037841797,20.51828384399414,23.600847244262695,26.4007568359375,30.0,33.42155075073242,36.06937789916992,38.94868469238281,40.804412841796875,43.5660400390625,43.382022857666016
0,-52.0,-95,24,13,76.32168579101562,74.3303451538086,70.1783447265625,66.40029907226562,58.41232681274414,52.49761962890625,45.45327377319336,41.231056213378906,36.619667053222656,31.764760971069336,28.23118782043457,25.298221588134766,23.0867919921875,22.090721130371094,23.76972770690918,23.25940704345703,26.925823211669922,28.301942825317383,31.064449310302734,33.2866325378418,34.13209533691406,36.2353401184082,33.61547088623047,33.60059356689453,34.13209533691406,31.906112670898438,30.232433319091797,29.832868576049805,29.20616340637207,27.80287742614746,26.248809814453125,25.495098114013672,24.083189010620117,22.671567916870117,20.808652877807617,18.384777069091797,14.866068840026855,15.264337539672852,13.928388595581055,14.03566837310791,12.041594505310059,15.81138801574707,18.973665237426758,21.02379608154297,25.495098114013672,28.23118782043457,31.016124725341797,35.1710090637207,37.85498809814453,41.43669891357422,41.04875183105469,42.01190185546875
0,-53.0,-95,25,9,77.0,72.06246948242188,68.18357849121094,62.20128631591797,56.32051086425781,49.25444030761719,44.10215377807617,40.04996871948242,35.0142822265625,32.0,29.42787742614746,24.73863410949707,21.540658950805664,21.260292053222656,23.34523582458496,23.853721618652344,27.312999725341797,28.23118782043457,30.675724029541016,32.69556427001953,34.928497314453125,37.6961555480957,35.34119415283203,36.24913787841797,35.34119415283203,32.202484130859375,31.38471031188965,29.154760360717773,29.73213768005371,29.120439529418945,26.248809814453125,24.73863410949707,25.298221588134766,21.587032318115234,21.587032318115234,19.10497283935547,17.029386520385742,12.041594505310059,12.369317054748535,12.083045959472656,13.601470947265625,15.55634880065918,19.72308349609375,23.323806762695312,25.238859176635742,28.844409942626953,32.80244064331055,37.013511657714844,38.94868469238281,41.72529220581055,41.231056213378906,43.90899658203125
0,-52.0,-95,24,13,77.82672882080078,73.9256362915039,69.35416412353516,66.0378646850586,59.07622146606445,53.823787689208984,46.3249397277832,41.88078308105469,38.587562561035156,34.0,28.23118782043457,25.0,23.194826126098633,23.021728515625,21.587032318115234,23.323806762695312,26.925823211669922,28.600698471069336,32.80244064331055,35.0,35.22782897949219,36.055511474609375,36.359317779541016,36.055511474609375,35.510562896728516,33.83784866333008,32.4499626159668,30.0,29.4108829498291,28.600698471069336,28.600698471069336,26.248809814453125,24.20743751525879,22.022714614868164,19.84943389892578,18.384777069091797,15.55634880065918,14.422204971313477,14.866068840026855,14.03566837310791,15.0,17.464248657226562,21.189620971679688,23.409399032592773,27.513633728027344,30.08321762084961,33.95585250854492,38.832977294921875,40.31128692626953,43.011627197265625,44.04542922973633,44.40720748901367
0,-52.0,-95,24,13,79.05693817138672,74.00675964355469,69.0,64.03124237060547,56.080299377441406,52.08646774291992,47.095645904541016,43.046485900878906,38.01315689086914,32.015621185302734,29.154760360717773,24.73863410949707,21.540658950805664,20.0,20.615528106689453,23.706539154052734,25.079872131347656,29.154760360717773,30.675724029541016,33.83784866333008,34.1760139465332,35.11410140991211,34.928497314453125,36.400550842285156,34.01470184326172,34.1760139465332,31.016124725341797,30.08321762084961,28.460498809814453,28.160255432128906,25.298221588134766,26.248809814453125,24.351591110229492,21.840330123901367,21.189620971679688,18.681541442871094,16.124515533447266,14.03566837310791,12.369317054748535,12.529964447021484,13.601470947265625,17.029386520385742,20.248456954956055,22.203603744506836,24.413110733032227,28.017850875854492,32.80244064331055,36.79673767089844,38.18376541137695,39.69886779785156,40.224369049072266,43.416587829589844
0,-52.0,-95,25,9,83.73768615722656,78.64476776123047,75.1664810180664,68.62215423583984,62.93647766113281,56.63920974731445,51.62363815307617,45.25483322143555,40.31128692626953,35.46829605102539,30.0,25.942243576049805,23.0867919921875,23.0,23.194826126098633,27.20294189453125,28.23118782043457,32.202484130859375,34.885528564453125,38.01315689086914,39.81205749511719,39.81205749511719,37.6961555480957,39.924930572509766,37.6961555480957,36.400550842285156,34.01470184326172,32.649654388427734,30.886890411376953,32.202484130859375,29.529645919799805,26.925823211669922,26.925823211669922,25.238859176635742,21.954498291015625,20.248456954956055,15.81138801574707,15.81138801574707,14.764822959899902,14.317821502685547,14.0,17.029386520385742,23.194826126098633,23.53720474243164,27.658634185791016,32.557640075683594,35.35533905029297,41.1096076965332,43.0,45.09988784790039,45.7055778503418,46.840152740478516
0,-51.0,-95,25,9,82.2192153930664,75.42546081542969,73.55270385742188,66.0984115600586,63.150611877441406,55.10898208618164,50.635955810546875,43.73785400390625,38.327537536621094,32.06243896484375,29.0,25.179357528686523,22.472204208374023,21.63330841064453,21.260292053222656,24.413110733032227,26.925823211669922,30.01666259765625,32.202484130859375,34.928497314453125,35.7770881652832,36.67424011230469,34.48188018798828,34.0,34.0,32.649654388427734,31.016124725341797,31.016124725341797,27.513633728027344,29.120439529418945,26.248809814453125,26.248809814453125,25.0,23.53720474243164,21.587032318115234,20.099750518798828,17.029386520385742,13.0,12.649110794067383,13.601470947265625,15.620499610900879,16.278820037841797,20.248456954956055,23.323806762695312,26.925823211669922,29.154760360717773,33.2866325378418,37.80211639404297,39.623226165771484,42.44997024536133,43.416587829589844,44.41846466064453
0,-51.0,-95,25,10,79.84986114501953,76.216796875,71.16881561279297,66.7607650756836,59.90826416015625,53.600372314453125,47.53945541381836,41.48493576049805,37.0,31.78049659729004,28.17800521850586,24.413110733032227,24.83948516845703,21.470911026000977,22.135944366455078,26.305892944335938,27.166154861450195,30.066593170166016,33.0,35.0,36.013885498046875,37.013511657714844,36.055511474609375,36.0,35.0,33.0151481628418,33.0,31.016124725341797,30.066593170166016,30.01666259765625,27.166154861450195,26.172504425048828,25.179357528686523,22.360679626464844,22.090721130371094,20.2237491607666,17.262676239013672,14.317821502685547,14.142135620117188,14.422204971313477,13.416407585144043,16.492422103881836,21.21320343017578,23.194826126098633,27.166154861450195,30.265491485595703,33.734256744384766,38.327537536621094,41.43669891357422,43.46262741088867,43.416587829589844,44.204071044921875
0,-52.0,-95,24,13,78.77182006835938,75.42546081542969,70.45565795898438,66.12110137939453,59.03388977050781,52.038448333740234,47.095645904541016,41.30375289916992,38.327537536621094,32.557640075683594,30.08321762084961,25.495098114013672,23.853721618652344,21.931713104248047,21.095022201538086,24.698177337646484,26.925823211669922,29.42787742614746,32.557640075683594,34.525352478027344,36.878177642822266,38.832977294921875,36.400550842285156,36.878177642822266,37.36308288574219,34.48188018798828,33.734256744384766,32.557640075683594,31.400636672973633,28.44292449951172,29.27456283569336,28.284271240234375,26.07680892944336,26.07680892944336,22.090721130371094,20.02498435974121,17.0,15.132745742797852,13.601470947265625,13.601470947265625,14.21267032623291,16.6433162689209,20.248456954956055,23.409399032592773,27.312999725341797,29.96664810180664,33.541019439697266,37.735923767089844,39.408119201660156,43.185646057128906,44.55333709716797,45.45327377319336
0,-52.0,-95,25,9,86.45230102539062,79.64923095703125,76.69419860839844,69.40460968017578,64.40496826171875,56.30275344848633,50.21951675415039,45.80392837524414,40.0,35.38361358642578,31.827661514282227,27.018512725830078,25.079872131347656,22.360679626464844,23.0,26.476404190063477,27.20294189453125,31.95309066772461,34.1760139465332,36.68787384033203,38.60051727294922,39.560081481933594,39.293766021728516,39.217342376708984,38.07886505126953,38.327537536621094,36.68787384033203,34.78505325317383,32.31098937988281,31.95309066772461,28.792360305786133,29.154760360717773,26.570659637451172,24.698177337646484,22.472204208374023,20.615528106689453,16.6433162689209,14.866068840026855,12.806248664855957,12.649110794067383,14.317821502685547,16.0,22.090721130371094,22.090721130371094,26.305892944335938,29.068883895874023,35.05709457397461,38.0,42.01190185546875,44.10215377807617,44.9110221862793,46.173583984375
0,-52.0,-95,25,10,81.59656524658203,78.92401123046875,72.09021759033203,68.87670135498047,60.8276252746582,55.4707145690918,49.648765563964844,44.72135925292969,39.39543151855469,32.31098937988281,31.048349380493164,27.166154861450195,22.0,20.615528106689453,22.360679626464844,24.83948516845703,28.319604873657227,31.827661514282227,34.20526123046875,35.46829605102539,38.897300720214844,38.18376541137695,38.18376541137695,38.20994567871094,38.18376541137695,35.35533905029297,34.71310806274414,32.557640075683594,31.890438079833984,29.832868576049805,29.832868576049805,27.018512725830078,26.248809814453125,22.671567916870117,21.40093421936035,19.416488647460938,17.464248657226562,12.649110794067383,13.0,13.34166431427002,15.81138801574707,17.8885440826416,19.416488647460938,23.600847244262695,28.017850875854492,30.232433319091797,34.98571014404297,36.715118408203125,41.18252182006836,41.62931823730469,44.92215347290039,44.72135925292969
0,-52.0,-95,23,17,80.60397338867188,79.5110092163086,73.10950469970703,70.76722717285156,60.14149856567383,56.58621597290039,49.497474670410156,42.42640686035156,38.94868469238281,32.80244064331055,30.232433319091797,25.495098114013672,24.73863410949707,23.021728515625,24.083189010620117,23.76972770690918,28.23118782043457,30.463092803955078,34.885528564453125,35.34119415283203,35.84689712524414,37.161808013916016,35.11410140991211,35.84689712524414,34.928497314453125,34.1760139465332,31.78049659729004,30.4138126373291,30.01666259765625,28.65309715270996,27.784887313842773,26.925823211669922,25.238859176635742,24.413110733032227,21.954498291015625,17.20465087890625,15.55634880065918,15.0,13.0,14.560219764709473,13.0,17.11724281311035,20.099750518798828,23.53720474243164,26.68332862854004,29.832868576049805,33.37664031982422,36.055511474609375,39.0128173828125,41.01219177246094,44.283180236816406,44.384681701660156
0,-52.0,-95,24,13,76.00657653808594,70.028564453125,70.11418914794922,63.50590515136719,59.53990173339844,49.36598205566406,44.283180236816406,40.31128692626953,37.05401611328125,33.0,28.017850875854492,24.515300750732422,23.0867919921875,21.095022201538086,21.260292053222656,23.600847244262695,26.925823211669922,28.65309715270996,29.068883895874023,32.202484130859375,33.12099075317383,35.35533905029297,33.61547088623047,34.01470184326172,33.61547088623047,30.886890411376953,29.96664810180664,30.4138126373291,28.23118782043457,26.0,26.0,24.698177337646484,24.351591110229492,22.472204208374023,20.248456954956055,18.027755737304688,15.132745742797852,14.142135620117188,12.0,11.401754379272461,13.601470947265625,14.866068840026855,18.439088821411133,20.808652877807617,24.413110733032227,27.658634185791016,31.240999221801758,33.241539001464844,36.2353401184082,39.408119201660156,40.31128692626953,40.71854782104492
0,-52.0,-95,24,14,76.65507507324219,73.37574768066406,70.51950073242188,64.25729370117188,60.539241790771484,52.0,47.92702865600586,42.379241943359375,36.400550842285156,32.98484420776367,29.614185333251953,25.0,23.194826126098633,22.135944366455078,22.360679626464844,24.083189010620117,26.90724754333496,29.73213768005371,31.240999221801758,34.20526123046875,34.71310806274414,36.79673767089844,35.38361358642578,35.46829605102539,36.06937789916992,33.970577239990234,31.14482307434082,32.015621185302734,29.832868576049805,28.42534065246582,27.20294189453125,26.4007568359375,24.413110733032227,24.413110733032227,20.615528106689453,18.027755737304688,14.317821502685547,14.866068840026855,13.03840446472168,13.0,13.928388595581055,15.264337539672852,19.72308349609375,22.022714614868164,25.612497329711914,28.017850875854492,32.4499626159668,34.98571014404297,38.4837646484375,40.853397369384766,42.44997024536133,43.5660400390625
0,-52.0,-95,24,13,82.38932037353516,77.5241928100586,72.56031799316406,69.23149871826172,62.36986541748047,54.34151077270508,50.0099983215332,44.72135925292969,38.832977294921875,34.2344856262207,29.0,25.079872131347656,23.76972770690918,22.360679626464844,22.022714614868164,25.612497329711914,28.017850875854492,31.064449310302734,34.48188018798828,36.2353401184082,37.735923767089844,38.27531814575195,38.832977294921875,38.27531814575195,38.832977294921875,35.22782897949219,34.13209533691406,33.61547088623047,33.61547088623047,30.528675079345703,29.154760360717773,30.01666259765625,27.784887313842773,25.942243576049805,21.954498291015625,19.235383987426758,16.76305389404297,16.278820037841797,14.03566837310791,14.142135620117188,15.231546401977539,17.20465087890625,20.808652877807617,24.083189010620117,26.90724754333496,30.479501724243164,35.0,37.735923767089844,40.31128692626953,42.54409408569336,45.880279541015625,45.12205505371094
0,-52.0,-95,24,13,81.83519744873047,79.39773559570312,74.3303451538086,70.00714111328125,62.93647766113281,56.58621597290039,50.93132781982422,45.27692413330078,38.94868469238281,34.828147888183594,30.805843353271484,27.312999725341797,25.0,23.0,24.083189010620117,26.68332862854004,30.463092803955078,32.202484130859375,34.885528564453125,37.57658767700195,38.27531814575195,39.39543151855469,39.560081481933594,38.62641525268555,37.336307525634766,34.928497314453125,34.01470184326172,33.105892181396484,32.202484130859375,30.01666259765625,31.30495262145996,29.529645919799805,27.784887313842773,24.59674835205078,23.323806762695312,19.416488647460938,17.804492950439453,14.866068840026855,13.416407585144043,14.560219764709473,16.031219482421875,19.02629852294922,20.39607810974121,24.515300750732422,27.459060668945312,32.38827133178711,35.12833786010742,39.051246643066406,41.0,43.046485900878906,45.54119110107422,46.3249397277832
0,-51.0,-95,25,9,80.08120727539062,74.63243103027344,71.16881561279297,65.39112854003906,59.50630187988281,53.22593307495117,47.423622131347656,41.62931823730469,37.6961555480957,33.241539001464844,29.42787742614746,26.0,23.0867919921875,22.135944366455078,22.360679626464844,25.806976318359375,26.248809814453125,29.0,31.14482307434082,33.970577239990234,34.65544509887695,35.38361358642578,35.38361358642578,36.06937789916992,34.65544509887695,33.941123962402344,31.827661514282227,30.479501724243164,28.42534065246582,28.600698471069336,26.248809814453125,27.018512725830078,24.83948516845703,22.022714614868164,21.095022201538086,20.248456954956055,17.464248657226562,14.560219764709473,12.165525436401367,13.03840446472168,14.560219764709473,16.552946090698242,20.248456954956055,22.203603744506836,26.07680892944336,27.784887313842773,31.764760971069336,34.885528564453125,38.4837646484375,40.49691390991211,41.9761848449707,41.30375289916992
0,-52.0,-95,24,12,76.216796875,71.86793518066406,68.3520278930664,64.47480010986328,57.27128601074219,50.08992004394531,44.777225494384766,40.31128692626953,35.11410140991211,32.280025482177734,28.635643005371094,25.079872131347656,24.083189010620117,21.840330123901367,23.25940704345703,23.430749893188477,26.172504425048828,29.0,31.14482307434082,33.970577239990234,33.941123962402344,35.38361358642578,34.65544509887695,35.38361358642578,34.65544509887695,33.241539001464844,30.4138126373291,28.42534065246582,29.20616340637207,27.658634185791016,26.4007568359375,26.4007568359375,25.238859176635742,22.203603744506836,20.0,18.027755737304688,16.124515533447266,13.928388595581055,13.152946472167969,12.0,13.601470947265625,15.264337539672852,18.027755737304688,20.615528106689453,24.83948516845703,27.018512725830078,30.0,34.13209533691406,36.2353401184082,40.31128692626953,41.48493576049805,40.79215621948242
0,-52.0,-95,24,13,77.077880859375,72.44998168945312,68.44705963134766,66.24198150634766,56.4358024597168,51.97114562988281,46.14108657836914,41.18252182006836,37.121421813964844,32.31098937988281,29.120439529418945,24.1867733001709,23.0,21.587032318115234,21.540658950805664,23.323806762695312,25.612497329711914,28.319604873657227,32.526912689208984,33.970577239990234,34.71310806274414,34.71310806274414,35.608985900878906,36.12478256225586,35.46829605102539,34.058773040771484,32.557640075683594,31.827661514282227,31.11269760131836,29.0,28.284271240234375,27.58622932434082,25.495098114013672,24.041629791259766,19.79899024963379,19.10497283935547,15.81138801574707,15.231546401977539,14.560219764709473,14.0,13.152946472167969,16.76305389404297,19.313207626342773,22.825424194335938,24.59674835205078,28.635643005371094,33.105892181396484,34.78505325317383,39.293766021728516,40.607879638671875,42.296573638916016,44.0
0,-52.0,-95,25,9,77.23341369628906,71.11258697509766,67.06713104248047,63.0,57.0,51.009803771972656,47.0,43.0,37.013511657714844,32.06243896484375,29.068883895874023,24.041629791259766,21.931713104248047,18.601076126098633,19.416488647460938,23.323806762695312,27.513633728027344,27.658634185791016,31.048349380493164,32.015621185302734,33.52610778808594,33.52610778808594,32.893768310546875,36.400550842285156,33.83784866333008,33.83784866333008,31.048349380493164,30.08321762084961,30.08321762084961,29.832868576049805,25.961509704589844,25.495098114013672,24.73863410949707,22.360679626464844,21.3775577545166,20.099750518798828,16.0,11.045360565185547,11.180339813232422,11.661903381347656,14.866068840026855,17.20465087890625,17.8885440826416,21.095022201538086,25.495098114013672,26.925823211669922,30.528675079345703,35.22782897949219,38.60051727294922,38.94868469238281,42.01190185546875,41.88078308105469
0,-51.0,-95,25,10,81.04319763183594,76.65507507324219,72.03471374511719,65.30696868896484,61.0,54.451812744140625,49.648765563964844,42.95346450805664,37.656341552734375,33.241539001464844,30.675724029541016,25.942243576049805,21.260292053222656,20.615528106689453,20.615528106689453,24.73863410949707,27.459060668945312,30.149627685546875,33.13608169555664,36.12478256225586,37.2155876159668,37.48332977294922,37.656341552734375,38.327537536621094,37.48332977294922,35.510562896728516,32.140316009521484,31.14482307434082,30.149627685546875,31.14482307434082,28.07133674621582,27.073972702026367,26.07680892944336,23.021728515625,23.0867919921875,19.0,16.031219482421875,14.317821502685547,12.529964447021484,12.727922439575195,13.601470947265625,15.65247631072998,21.189620971679688,21.840330123901367,25.298221588134766,28.792360305786133,32.31098937988281,37.121421813964844,39.4461669921875,42.43819046020508,43.27817153930664,43.863426208496094
0,-51.0,-95,24,13,76.16429901123047,71.34423828125,69.46221923828125,62.801273345947266,59.03388977050781,51.195701599121094,44.9110221862793,41.773197174072266,36.49657440185547,32.06243896484375,28.0,23.0867919921875,21.840330123901367,20.59126091003418,21.260292053222656,22.803508758544922,26.925823211669922,29.529645919799805,31.30495262145996,34.0,35.510562896728516,36.359317779541016,34.66987228393555,34.13209533691406,34.13209533691406,32.75667953491211,30.01666259765625,30.4138126373291,29.068883895874023,26.832815170288086,26.4007568359375,26.0,25.079872131347656,21.540658950805664,19.697715759277344,18.027755737304688,14.560219764709473,14.03566837310791,14.0,13.601470947265625,13.601470947265625,15.620499610900879,19.79899024963379,21.931713104248047,24.83948516845703,28.284271240234375,31.827661514282227,34.828147888183594,38.01315689086914,40.31128692626953,42.04759216308594,42.379241943359375
0,-52.0,-95,25,9,77.36924743652344,71.58910369873047,71.69379425048828,65.45991516113281,58.8217658996582,52.69725036621094,47.70744323730469,40.31128692626953,36.2353401184082,31.016124725341797,30.08321762084961,26.476404190063477,24.020824432373047,22.022714614868164,20.880613327026367,25.942243576049805,26.925823211669922,29.4108829498291,32.202484130859375,33.42155075073242,34.20526123046875,35.0,35.0,34.4093017578125,34.4093017578125,32.80244064331055,32.80244064331055,31.14482307434082,30.479501724243164,28.284271240234375,28.319604873657227,26.870058059692383,24.75883674621582,22.627416610717773,22.022714614868164,20.615528106689453,17.20465087890625,12.083045959472656,13.0,12.041594505310059,14.142135620117188,14.866068840026855,19.697715759277344,21.931713104248047,25.942243576049805,29.068883895874023,32.31098937988281,36.769554138183594,39.84971618652344,40.79215621948242,41.43669891357422,41.0
0,-52.0,-95,23,16,73.82411193847656,70.21395874023438,66.2872543334961,60.87692642211914,56.32051086425781,49.72926712036133,44.384681701660156,41.231056213378906,35.693138122558594,32.24903106689453,29.017236709594727,25.079872131347656,21.587032318115234,21.470911026000977,20.615528106689453,24.083189010620117,25.806976318359375,28.844409942626953,30.528675079345703,33.2866325378418,33.60059356689453,34.66987228393555,35.0,34.66987228393555,33.60059356689453,33.0151481628418,30.528675079345703,29.681644439697266,27.784887313842773,27.294687271118164,24.1867733001709,23.706539154052734,23.25940704345703,21.470911026000977,22.360679626464844,19.697715759277344,16.76305389404297,12.165525436401367,12.0,10.198039054870605,13.0,15.264337539672852,18.384777069091797,19.79899024963379,23.34523582458496,25.45584487915039,30.4138126373291,34.20526123046875,37.202152252197266,39.96248245239258,40.24922180175781,40.16217041015625
0,-52.0,-95,24,14,85.04116821289062,78.10249328613281,74.5184555053711,67.80117797851562,63.0079345703125,55.4707145690918,50.0,45.80392837524414,41.231056213378906,36.12478256225586,30.4138126373291,27.658634185791016,25.05992889404297,23.76972770690918,23.0867919921875,25.01999282836914,26.476404190063477,30.805843353271484,33.52610778808594,36.400550842285156,38.07886505126953,38.07886505126953,37.656341552734375,38.327537536621094,37.48332977294922,35.693138122558594,33.734256744384766,33.734256744384766,31.048349380493164,31.048349380493164,29.4108829498291,28.792360305786133,25.961509704589844,24.041629791259766,22.803508758544922,19.92485809326172,17.0880069732666,14.21267032623291,13.45362377166748,14.317821502685547,14.317821502685547,16.124515533447266,21.095022201538086,23.0,26.0,30.01666259765625,34.058773040771484,38.470767974853516,41.0,43.416587829589844,44.0113639831543,45.650848388671875
0,-52.0,-95,24,13,79.0,74.02702331542969,71.11258697509766,66.27216339111328,60.20797348022461,51.35172653198242,47.16990661621094,43.104522705078125,38.05259704589844,35.0,29.017236709594727,25.495098114013672,23.0867919921875,20.248456954956055,21.260292053222656,23.323806762695312,25.05992889404297,29.068883895874023,31.016124725341797,34.01470184326172,34.928497314453125,36.67424011230469,35.34119415283203,36.24913787841797,35.34119415283203,34.438350677490234,31.78049659729004,32.69556427001953,31.016124725341797,29.154760360717773,27.513633728027344,27.85677719116211,24.351591110229492,22.472204208374023,20.615528106689453,17.72004508972168,14.142135620117188,14.03566837310791,13.03840446472168,13.0,13.601470947265625,16.278820037841797,17.804492950439453,20.808652877807617,25.238859176635742,28.017850875854492,32.015621185302734,34.71310806274414,36.769554138183594,39.051246643066406,41.04875183105469,42.48529052734375
0,-51.0,-95,23,17,77.66595458984375,73.00685119628906,69.20259857177734,64.53681182861328,58.79625701904297,53.90732955932617,48.91830062866211,42.63801193237305,39.20458984375,33.0151481628418,29.529645919799805,25.079872131347656,21.587032318115234,20.0,20.2237491607666,23.25940704345703,26.925823211669922,29.681644439697266,32.4499626159668,34.66987228393555,35.84689712524414,35.510562896728516,34.98571014404297,35.510562896728516,34.48188018798828,33.61547088623047,31.064449310302734,30.232433319091797,29.4108829498291,29.20616340637207,27.018512725830078,25.0,24.83948516845703,22.022714614868164,20.51828384399414,19.10497283935547,15.81138801574707,11.661903381347656,10.770329475402832,11.0,14.03566837310791,16.492422103881836,18.384777069091797,22.360679626464844,25.495098114013672,28.23118782043457,31.016124725341797,36.055511474609375,37.36308288574219,40.79215621948242,41.30375289916992,43.0
0,-51.0,-95,24,13,82.09750366210938,78.81623840332031,71.21797180175781,70.83784484863281,60.20797348022461,58.0,50.2493782043457,43.185646057128906,39.051246643066406,32.80244064331055,30.01666259765625,26.4007568359375,23.53720474243164,22.0,23.194826126098633,24.351591110229492,28.635643005371094,29.529645919799805,33.61547088623047,34.48188018798828,36.2353401184082,36.2353401184082,34.01470184326172,36.2353401184082,34.438350677490234,32.649654388427734,31.38471031188965,29.529645919799805,30.528675079345703,27.80287742614746,28.017850875854492,26.07680892944336,24.413110733032227,22.472204208374023,21.40093421936035,18.439088821411133,16.278820037841797,14.21267032623291,12.083045959472656,12.041594505310059,14.0,16.278820037841797,18.027755737304688,22.803508758544922,27.20294189453125,30.08321762084961,32.98484420776367,36.878177642822266,38.327537536621094,41.1096076965332,42.01190185546875,44.40720748901367
0,-52.0,-95,24,13,78.39005279541016,75.58438873291016,70.66116333007812,65.0,59.16925048828125,51.97114562988281,48.54894256591797,41.18252182006836,36.2353401184082,33.105892181396484,29.120439529418945,26.172504425048828,23.0,22.56102752685547,22.135944366455078,24.1867733001709,26.4007568359375,29.068883895874023,31.827661514282227,32.649654388427734,34.71310806274414,35.46829605102539,33.42155075073242,35.38361358642578,34.058773040771484,33.30165100097656,30.479501724243164,30.4138126373291,28.284271240234375,26.870058059692383,26.90724754333496,26.90724754333496,24.75883674621582,22.627416610717773,22.022714614868164,19.416488647460938,16.124515533447266,13.416407585144043,11.180339813232422,11.0,13.34166431427002,16.155494689941406,18.867961883544922,21.954498291015625,24.698177337646484,27.294687271118164,32.202484130859375,34.01470184326172,37.6961555480957,40.16217041015625,41.9761848449707,41.19466018676758
0,-52.0,-95,24,13,79.4040298461914,73.23933410644531,71.56116485595703,64.66065216064453,58.66856002807617,51.4781494140625,45.79301071166992,41.34005355834961,36.400550842285156,33.42155075073242,29.698484420776367,25.612497329711914,23.323806762695312,22.135944366455078,22.090721130371094,26.07680892944336,26.305892944335938,30.5941162109375,32.015621185302734,33.95585250854492,35.902645111083984,36.878177642822266,37.48332977294922,36.878177642822266,35.510562896728516,35.35533905029297,32.015621185302734,32.75667953491211,30.08321762084961,30.675724029541016,27.20294189453125,28.160255432128906,27.20294189453125,24.041629791259766,21.931713104248047,19.697715759277344,17.0,13.892443656921387,12.041594505310059,11.661903381347656,14.317821502685547,16.031219482421875,19.0,23.0,26.0,30.0,33.0,35.05709457397461,38.327537536621094,39.81205749511719,42.05948257446289,42.54409408569336
0,-52.0,-95,24,13,83.48652648925781,78.18567657470703,73.16419982910156,67.5425796508789,61.741397857666016,55.94640350341797,51.078372955322266,44.384681701660156,39.0,35.735137939453125,32.015621185302734,29.27456283569336,26.0,23.53720474243164,22.472204208374023,24.413110733032227,26.90724754333496,30.4138126373291,33.970577239990234,34.71310806274414,36.769554138183594,37.48332977294922,36.06937789916992,38.18376541137695,36.769554138183594,35.38361358642578,33.970577239990234,33.241539001464844,31.827661514282227,31.240999221801758,28.319604873657227,27.658634185791016,28.284271240234375,24.083189010620117,23.600847244262695,20.248456954956055,17.0,13.928388595581055,13.152946472167969,14.03566837310791,15.132745742797852,18.027755737304688,19.416488647460938,22.825424194335938,26.62705421447754,28.844409942626953,32.75667953491211,37.121421813964844,40.71854782104492,41.43669891357422,43.416587829589844,44.40720748901367
0,-53.0,-95,25,9,77.41446685791016,75.29276275634766,70.32780456542969,64.35060119628906,56.859474182128906,53.00943374633789,48.60041046142578,43.8292121887207,37.44329071044922,33.61547088623047,31.38471031188965,26.925823211669922,22.203603744506836,22.022714614868164,20.880613327026367,22.847318649291992,25.238859176635742,29.4108829498291,32.80244064331055,35.0,36.055511474609375,36.055511474609375,36.8917350769043,38.01315689086914,36.055511474609375,33.61547088623047,33.61547088623047,31.906112670898438,29.4108829498291,29.4108829498291,28.600698471069336,27.80287742614746,26.62705421447754,25.0,21.954498291015625,17.20465087890625,16.278820037841797,13.601470947265625,12.529964447021484,12.165525436401367,12.0,15.132745742797852,18.248287200927734,19.92485809326172,22.472204208374023,28.160255432128906,32.015621185302734,34.525352478027344,37.2155876159668,40.0,41.04875183105469,41.30375289916992
0,-52.0,-95,25,9,86.46965026855469,81.74349975585938,78.77182006835938,72.18032836914062,66.0984115600586,58.051700592041016,52.95280838012695,45.89117431640625,41.43669891357422,37.121421813964844,32.015621185302734,27.073972702026367,24.515300750732422,23.706539154052734,23.600847244262695,26.248809814453125,28.844409942626953,31.906112670898438,34.98571014404297,37.2155876159668,39.11521530151367,39.96248245239258,39.408119201660156,38.27531814575195,38.832977294921875,35.80502700805664,34.66987228393555,34.48188018798828,31.764760971069336,31.764760971069336,28.65309715270996,29.068883895874023,28.23118782043457,25.495098114013672,21.931713104248047,18.788293838500977,16.76305389404297,15.132745742797852,14.0,13.152946472167969,14.422204971313477,17.029386520385742,20.0,23.34523582458496,26.248809814453125,30.479501724243164,33.970577239990234,38.28837966918945,40.804412841796875,43.90899658203125,44.72135925292969,46.48655700683594
0,-51.0,-95,24,13,80.80841827392578,76.69419860839844,72.80110168457031,68.24221801757812,62.68173599243164,55.75840759277344,48.54894256591797,43.26661682128906,37.202152252197266,33.42155075073242,29.0,25.0,22.825424194335938,22.135944366455078,23.0867919921875,26.019224166870117,26.476404190063477,29.614185333251953,32.015621185302734,35.693138122558594,35.693138122558594,35.693138122558594,35.35533905029297,35.693138122558594,35.693138122558594,32.75667953491211,30.08321762084961,31.048349380493164,30.08321762084961,27.85677719116211,29.120439529418945,27.20294189453125,24.351591110229492,24.351591110229492,20.615528106689453,18.788293838500977,16.124515533447266,13.601470947265625,11.313708305358887,12.083045959472656,14.317821502685547,17.0,17.0,23.0,27.073972702026367,30.01666259765625,33.0,35.05709457397461,39.31920623779297,40.79215621948242,43.011627197265625,42.95346450805664
0,-51.0,-95,24,12,75.92759704589844,72.36711883544922,66.91038513183594,62.3939094543457,56.22277069091797,51.088157653808594,46.04345703125,40.199501037597656,36.34556198120117,30.805843353271484,27.20294189453125,25.079872131347656,22.203603744506836,19.84943389892578,20.808652877807617,22.847318649291992,25.298221588134766,27.20294189453125,30.805843353271484,32.015621185302734,32.98484420776367,34.20526123046875,32.98484420776367,33.734256744384766,33.241539001464844,32.015621185302734,29.832868576049805,28.635643005371094,27.459060668945312,26.476404190063477,24.515300750732422,25.079872131347656,24.1867733001709,22.090721130371094,21.095022201538086,18.11077117919922,15.0,13.152946472167969,12.083045959472656,11.661903381347656,11.313708305358887,15.0,17.8885440826416,20.59126091003418,23.706539154052734,25.942243576049805,30.01666259765625,34.13209533691406,35.80502700805664,36.878177642822266,38.94868469238281,40.804412841796875
0,-52.0,-95,25,8,77.41446685791016,71.70076751708984,68.88395690917969,62.36986541748047,57.27128601074219,50.990196228027344,44.9110221862793,41.773197174072266,36.34556198120117,32.06243896484375,29.0,24.1867733001709,22.56102752685547,20.59126091003418,22.203603744506836,23.430749893188477,25.806976318359375,28.17800521850586,30.01666259765625,33.12099075317383,34.66987228393555,35.84689712524414,35.510562896728516,34.98571014404297,34.98571014404297,32.4499626159668,30.01666259765625,31.30495262145996,29.96664810180664,28.635643005371094,26.0,26.925823211669922,26.0,23.76972770690918,21.540658950805664,17.464248657226562,15.81138801574707,14.142135620117188,13.0,13.34166431427002,14.422204971313477,15.55634880065918,19.79899024963379,21.260292053222656,24.083189010620117,27.658634185791016,32.557640075683594,35.38361358642578,37.64305877685547,41.04875183105469,42.05948257446289,43.08131790161133
0,-52.0,-95,23,17,82.03657531738281,75.07329559326172,73.59347534179688,65.4369888305664,62.00806427001953,53.00943374633789,50.0,44.821868896484375,39.69886779785156,32.526912689208984,31.827661514282227,26.4007568359375,24.166091918945312,21.3775577545166,21.0,23.34523582458496,25.0,29.120439529418945,31.38471031188965,34.928497314453125,34.78505325317383,35.735137939453125,36.68787384033203,37.0,36.68787384033203,35.44009017944336,32.572994232177734,31.78049659729004,30.08321762084961,31.016124725341797,28.635643005371094,27.85677719116211,25.495098114013672,24.698177337646484,21.540658950805664,19.313207626342773,17.0,14.866068840026855,13.601470947265625,13.928388595581055,13.34166431427002,16.0,20.0,22.090721130371094,25.079872131347656,28.07133674621582,32.0,36.0,40.199501037597656,39.623226165771484,42.44997024536133,44.0113639831543
0,-52.0,-95,25,9,80.95677947998047,74.04052734375,71.16881561279297,64.76110076904297,61.392181396484375,53.93514633178711,49.24428939819336,42.95346450805664,39.051246643066406,32.893768310546875,31.016124725341797,26.419689178466797,22.022714614868164,21.40093421936035,21.931713104248047,24.515300750732422,26.476404190063477,29.154760360717773,32.06243896484375,35.05709457397461,36.055511474609375,38.11823654174805,37.336307525634766,36.34556198120117,37.336307525634766,35.35533905029297,33.060550689697266,31.064449310302734,29.068883895874023,29.017236709594727,26.019224166870117,27.0,26.0,23.021728515625,23.021728515625,20.02498435974121,17.029386520385742,14.142135620117188,13.0,12.806248664855957,13.45362377166748,14.422204971313477,19.313207626342773,21.189620971679688,24.351591110229492,27.20294189453125,31.016124725341797,34.928497314453125,38.910152435302734,38.01315689086914,41.231056213378906,41.01219177246094
0,-52.0,-95,24,13,79.02531433105469,75.21302795410156,71.02816009521484,66.0378646850586,60.539241790771484,54.58937454223633,48.30113983154297,42.94182205200195,37.121421813964844,30.805843353271484,27.58622932434082,26.248809814453125,22.360679626464844,21.587032318115234,22.203603744506836,25.0,26.07680892944336,29.42787742614746,32.557640075683594,33.37664031982422,35.22782897949219,35.12833786010742,35.12833786010742,35.693138122558594,34.36568069458008,33.37664031982422,31.400636672973633,29.42787742614746,28.861740112304688,28.861740112304688,26.68332862854004,26.925823211669922,25.495098114013672,22.56102752685547,21.587032318115234,17.72004508972168,16.552946090698242,14.422204971313477,12.041594505310059,12.529964447021484,13.0,14.142135620117188,20.099750518798828,20.02498435974121,25.01999282836914,28.160255432128906,32.38827133178711,35.902645111083984,37.36308288574219,39.84971618652344,42.154476165771484,41.18252182006836
0,-52.0,-95,24,13,79.30951690673828,74.41101837158203,71.84010314941406,66.85057830810547,61.85466766357422,53.5350341796875,48.60041046142578,42.8018684387207,37.013511657714844,33.30165100097656,29.73213768005371,25.806976318359375,22.825424194335938,23.53720474243164,22.022714614868164,24.083189010620117,26.68332862854004,29.832868576049805,31.320919036865234,33.83784866333008,34.48188018798828,36.400550842285156,33.95585250854492,35.44009017944336,34.20526123046875,32.98484420776367,31.016124725341797,30.08321762084961,29.154760360717773,28.635643005371094,28.23118782043457,25.079872131347656,25.495098114013672,23.76972770690918,19.72308349609375,18.357559204101562,15.620499610900879,14.21267032623291,12.041594505310059,11.180339813232422,14.142135620117188,15.0,18.11077117919922,21.3775577545166,25.495098114013672,29.42787742614746,31.256999969482422,35.12833786010742,37.0,40.04996871948242,41.59326934814453,41.48493576049805
0,-51.0,-95,24,12,77.5241928100586,75.1664810180664,70.1783447265625,64.0078125,58.0,53.0,47.0,42.01190185546875,37.05401611328125,32.24903106689453,28.635643005371094,26.248809814453125,22.825424194335938,21.260292053222656,21.40093421936035,22.825424194335938,26.0,27.20294189453125,30.08321762084961,33.241539001464844,35.44009017944336,33.52610778808594,35.11410140991211,35.44009017944336,35.735137939453125,33.52610778808594,30.08321762084961,29.832868576049805,27.658634185791016,27.658634185791016,24.73863410949707,24.515300750732422,24.331050872802734,22.203603744506836,21.21320343017578,19.10497283935547,16.031219482421875,13.0,11.401754379272461,10.816654205322266,12.041594505310059,14.422204971313477,17.8885440826416,21.02379608154297,24.166091918945312,27.294687271118164,30.01666259765625,34.98571014404297,36.400550842285156,38.28837966918945,38.897300720214844,40.607879638671875
0,-52.0,-95,24,13,76.5375747680664,71.34423828125,68.60028839111328,63.24555206298828,57.42821502685547,50.6063232421875,45.80392837524414,40.224369049072266,36.055511474609375,32.24903106689453,28.635643005371094,24.351591110229492,22.203603744506836,21.0,20.615528106689453,21.931713104248047,24.1867733001709,27.459060668945312,30.610456466674805,33.0151481628418,34.13209533691406,34.66987228393555,34.13209533691406,35.22782897949219,34.66987228393555,32.75667953491211,31.064449310302734,31.064449310302734,29.4108829498291,28.017850875854492,26.62705421447754,27.20294189453125,25.612497329711914,22.203603744506836,21.095022201538086,17.804492950439453,15.55634880065918,13.601470947265625,12.083045959472656,12.165525436401367,13.0,14.142135620117188,18.439088821411133,20.248456954956055,24.351591110229492,26.248809814453125,32.015621185302734,34.36568069458008,36.34556198120117,37.05401611328125,41.0,41.30375289916992
0,-51.0,-95,24,13,80.60397338867188,78.23681640625,72.11102294921875,68.60028839111328,60.90156173706055,56.080299377441406,49.39635467529297,44.94440841674805,38.832977294921875,35.22782897949219,31.890438079833984,27.80287742614746,23.853721618652344,21.540658950805664,22.203603744506836,26.0,26.172504425048828,29.42787742614746,32.98484420776367,35.902645111083984,36.49657440185547,36.67424011230469,36.34556198120117,37.85498809814453,38.63935852050781,35.510562896728516,32.75667953491211,32.75667953491211,32.98484420776367,30.08321762084961,29.832868576049805,30.08321762084961,27.658634185791016,24.515300750732422,23.0867919921875,20.615528106689453,17.0880069732666,14.317821502685547,13.601470947265625,12.806248664855957,14.317821502685547,16.124515533447266,19.0,23.021728515625,26.0,29.0,34.058773040771484,35.05709457397461,38.327537536621094,41.0,43.32435989379883,45.18849563598633
0,-51.0,-95,24,13,82.38932037353516,75.80237579345703,74.81310272216797,69.42621612548828,64.32728576660156,54.34151077270508,50.21951675415039,44.9110221862793,40.79215621948242,35.35533905029297,30.066593170166016,25.01999282836914,25.495098114013672,21.931713104248047,23.600847244262695,24.20743751525879,25.238859176635742,30.01666259765625,33.12099075317383,35.84689712524414,36.619667053222656,37.735923767089844,36.619667053222656,37.735923767089844,36.8917350769043,34.66987228393555,32.75667953491211,33.12099075317383,30.4138126373291,29.529645919799805,29.529645919799805,28.65309715270996,26.925823211669922,23.706539154052734,21.470911026000977,18.788293838500977,16.76305389404297,14.317821502685547,14.0,12.041594505310059,13.03840446472168,14.866068840026855,18.384777069091797,21.260292053222656,24.20743751525879,27.658634185791016,31.11269760131836,33.30165100097656,37.64305877685547,39.408119201660156,40.31128692626953,43.46262741088867
0,-51.0,-95,24,13,79.05693817138672,73.60027313232422,70.60453033447266,65.29930877685547,60.95900344848633,53.075416564941406,49.67897033691406,43.185646057128906,38.28837966918945,32.80244064331055,29.154760360717773,25.079872131347656,22.135944366455078,21.0,20.099750518798828,23.409399032592773,25.495098114013672,29.529645919799805,30.528675079345703,32.75667953491211,33.61547088623047,34.48188018798828,34.48188018798828,33.61547088623047,34.0,30.4138126373291,28.017850875854492,28.844409942626953,28.600698471069336,25.495098114013672,26.4007568359375,25.0,24.413110733032227,22.803508758544922,20.51828384399414,17.69180679321289,15.620499610900879,12.806248664855957,10.770329475402832,11.045360565185547,15.033296585083008,14.866068840026855,17.464248657226562,20.615528106689453,23.25940704345703,26.4007568359375,30.08321762084961,33.241539001464844,36.400550842285156,38.07886505126953,40.199501037597656,41.0
0,-51.0,-95,24,12,81.4923324584961,78.64476776123047,73.16419982910156,69.58448028564453,61.400325775146484,55.226806640625,49.25444030761719,44.283180236816406,39.458839416503906,33.95585250854492,30.675724029541016,26.419689178466797,25.238859176635742,23.34523582458496,23.021728515625,24.166091918945312,27.20294189453125,27.658634185791016,31.575305938720703,33.541019439697266,34.71310806274414,35.902645111083984,34.71310806274414,35.510562896728516,35.693138122558594,32.557640075683594,32.24903106689453,31.400636672973633,31.14482307434082,27.073972702026367,27.073972702026367,27.073972702026367,25.079872131347656,24.083189010620117,21.02379608154297,19.0,16.031219482421875,15.033296585083008,12.649110794067383,11.180339813232422,12.806248664855957,15.81138801574707,17.0880069732666,20.615528106689453,25.298221588134766,27.20294189453125,31.016124725341797,34.539833068847656,35.7770881652832,38.07886505126953,40.0,41.773197174072266
0,-51.0,-95,24,12,83.25863647460938,76.48529052734375,74.24284362792969,68.96376037597656,61.400325775146484,55.226806640625,50.11985778808594,45.17742919921875,41.146080017089844,34.928497314453125,31.95309066772461,27.658634185791016,24.1867733001709,22.090721130371094,22.135944366455078,26.419689178466797,27.459060668945312,30.0,31.890438079833984,34.058773040771484,35.46829605102539,37.64305877685547,36.400550842285156,36.619667053222656,35.22782897949219,34.4093017578125,32.649654388427734,30.610456466674805,29.832868576049805,30.4138126373291,27.658634185791016,27.58622932434082,24.75883674621582,24.083189010620117,22.627416610717773,22.627416610717773,17.029386520385742,13.601470947265625,11.661903381347656,11.045360565185547,13.0,15.81138801574707,17.8885440826416,21.931713104248047,25.942243576049805,27.73084831237793,32.69556427001953,35.46829605102539,38.327537536621094,40.4474983215332,43.104522705078125,43.011627197265625
0,-51.0,-95,24,13,76.85050201416016,71.84706115722656,67.67569732666016,65.0,58.41232681274414,51.855567932128906,48.41487503051758,42.8018684387207,36.619667053222656,32.75667953491211,30.01666259765625,25.63201141357422,23.34523582458496,22.022714614868164,21.095022201538086,22.135944366455078,25.05992889404297,26.925823211669922,30.528675079345703,31.62277603149414,34.13209533691406,33.2866325378418,33.12099075317383,35.510562896728516,33.61547088623047,33.12099075317383,31.064449310302734,30.232433319091797,30.610456466674805,28.600698471069336,28.600698471069336,27.20294189453125,25.0,23.600847244262695,20.808652877807617,17.804492950439453,15.55634880065918,14.21267032623291,12.083045959472656,14.142135620117188,13.03840446472168,15.29705810546875,18.439088821411133,21.540658950805664,23.76972770690918,27.20294189453125,30.364452362060547,34.71310806274414,35.35533905029297,38.05259704589844,40.0,41.30375289916992
0,-51.0,-95,23,16,78.44743347167969,74.94664764404297,68.3520278930664,66.30987548828125,58.18075180053711,53.3104133605957,46.615447998046875,43.46262741088867,38.62641525268555,32.572994232177734,30.805843353271484,26.019224166870117,23.0,20.615528106689453,21.470911026000977,24.20743751525879,26.870058059692383,29.698484420776367,32.557640075683594,34.71310806274414,34.65544509887695,36.769554138183594,35.35533905029297,35.38361358642578,35.35533905029297,33.941123962402344,33.241539001464844,31.890438079833984,29.698484420776367,29.20616340637207,27.658634185791016,26.248809814453125,24.83948516845703,23.430749893188477,22.022714614868164,18.027755737304688,16.124515533447266,13.416407585144043,12.369317054748535,12.0,13.152946472167969,16.76305389404297,17.0,20.59126091003418,23.323806762695312,26.07680892944336,29.529645919799805,34.48188018798828,35.7770881652832,38.27531814575195,39.560081481933594,40.607879638671875
0,-51.0,-95,25,9,82.15229797363281,77.3175277709961,71.44927978515625,65.92420196533203,61.66035842895508,54.918121337890625,49.497474670410156,44.55333709716797,39.31920623779297,34.13209533691406,32.0,27.073972702026367,23.76972770690918,22.360679626464844,21.931713104248047,24.20743751525879,26.62705421447754,30.528675079345703,31.764760971069336,35.35533905029297,35.84689712524414,36.8917350769043,37.44329071044922,37.2155876159668,36.055511474609375,34.48188018798828,33.12099075317383,32.24903106689453,29.529645919799805,31.30495262145996,27.73084831237793,26.832815170288086,26.419689178466797,22.825424194335938,22.360679626464844,20.615528106689453,16.76305389404297,14.142135620117188,13.0,13.34166431427002,13.0,15.264337539672852,18.384777069091797,19.79899024963379,24.041629791259766,26.90724754333496,30.479501724243164,33.42155075073242,37.80211639404297,39.11521530151367,39.357337951660156,40.49691390991211
0,-51.0,-95,24,12,76.69419860839844,74.32361602783203,68.54196166992188,66.64833068847656,59.05929183959961,51.97114562988281,47.50789260864258,41.67733383178711,36.715118408203125,31.78049659729004,28.792360305786133,25.495098114013672,24.0,22.090721130371094,22.135944366455078,22.472204208374023,25.806976318359375,26.4007568359375,31.240999221801758,31.890438079833984,32.80244064331055,34.20526123046875,32.202484130859375,32.80244064331055,32.202484130859375,30.805843353271484,29.832868576049805,28.42534065246582,28.319604873657227,24.75883674621582,25.45584487915039,25.45584487915039,24.041629791259766,21.931713104248047,19.10497283935547,16.970561981201172,15.620499610900879,13.03840446472168,11.704699516296387,13.03840446472168,13.0,13.34166431427002,16.552946090698242,19.235383987426758,22.825424194335938,25.05992889404297,29.546573638916016,31.95309066772461,33.241539001464844,36.878177642822266,37.336307525634766,40.0
0,-52.0,-95,24,13,79.2022705078125,74.84651184082031,71.86793518066406,67.05221557617188,61.400325775146484,52.201534271240234,46.57252502441406,42.05948257446289,37.6961555480957,33.105892181396484,28.65309715270996,25.612497329711914,24.041629791259766,21.40093421936035,21.931713104248047,24.331050872802734,25.079872131347656,26.019224166870117,30.0,33.0151481628418,33.060550689697266,35.0,33.060550689697266,35.0,34.01470184326172,32.015621185302734,31.0,30.0,29.017236709594727,26.07680892944336,26.07680892944336,26.019224166870117,25.01999282836914,23.021728515625,20.099750518798828,17.262676239013672,15.524174690246582,14.317821502685547,11.180339813232422,11.313708305358887,13.0,14.317821502685547,17.262676239013672,20.099750518798828,23.0867919921875,26.172504425048828,29.42787742614746,32.75667953491211,35.735137939453125,36.055511474609375,38.910152435302734,39.66106414794922
0,-51.0,-95,24,13,80.36167907714844,74.95331573486328,73.34848022460938,66.91038513183594,62.96824645996094,53.75872039794922,49.648765563964844,43.73785400390625,39.81205749511719,36.13862228393555,31.62277603149414,26.832815170288086,23.853721618652344,22.022714614868164,20.248456954956055,23.409399032592773,23.53720474243164,27.294687271118164,31.14482307434082,32.24903106689453,35.35533905029297,35.35533905029297,36.34556198120117,35.22782897949219,35.510562896728516,33.37664031982422,31.14482307434082,32.140316009521484,30.066593170166016,30.01666259765625,28.07133674621582,29.068883895874023,27.073972702026367,25.079872131347656,21.0,18.027755737304688,15.033296585083008,14.142135620117188,11.704699516296387,11.401754379272461,12.206555366516113,15.231546401977539,17.464248657226562,20.615528106689453,23.76972770690918,26.68332862854004,30.08321762084961,33.83784866333008,35.34119415283203,37.58989334106445,39.408119201660156,39.69886779785156
0,-51.0,-95,24,12,78.51751708984375,73.66138458251953,70.1783447265625,65.6048812866211,59.40538787841797,52.801513671875,48.60041046142578,42.8018684387207,37.64305877685547,32.649654388427734,29.0,25.612497329711914,21.470911026000977,21.587032318115234,21.0,23.34523582458496,25.70992088317871,29.4108829498291,30.675724029541016,32.572994232177734,35.1710090637207,35.44009017944336,35.1710090637207,35.44009017944336,35.1710090637207,33.241539001464844,31.320919036865234,30.08321762084961,30.364452362060547,27.85677719116211,27.20294189453125,25.298221588134766,25.0,23.409399032592773,20.248456954956055,18.384777069091797,15.65247631072998,11.180339813232422,11.313708305358887,10.29563045501709,12.369317054748535,14.0,16.0,19.10497283935547,22.090721130371094,26.07680892944336,29.068883895874023,32.06243896484375,35.0,37.121421813964844,37.85498809814453,38.60051727294922
0,-51.0,-95,24,12,77.1297607421875,73.34848022460938,71.19690704345703,65.4904556274414,59.41380310058594,52.345008850097656,49.25444030761719,42.42640686035156,37.336307525634766,34.71310806274414,29.4108829498291,26.0,22.203603744506836,22.627416610717773,21.095022201538086,24.698177337646484,26.476404190063477,29.614185333251953,32.38827133178711,34.71310806274414,34.928497314453125,36.13862228393555,35.1710090637207,34.928497314453125,34.928497314453125,32.98484420776367,30.4138126373291,32.38827133178711,29.42787742614746,29.154760360717773,26.305892944335938,27.166154861450195,26.172504425048828,24.1867733001709,21.095022201538086,18.027755737304688,16.0,14.03566837310791,12.369317054748535,11.661903381347656,12.806248664855957,14.764822959899902,17.8885440826416,20.248456954956055,24.351591110229492,27.513633728027344,30.870698928833008,33.12099075317383,34.98571014404297,38.27531814575195,39.69886779785156,39.59798049926758
0,-51.0,-95,24,13,82.56512451171875,77.6208724975586,74.72616577148438,71.19690704345703,63.95310592651367,56.56854248046875,51.97114562988281,46.69047164916992,39.81205749511719,33.83784866333008,30.675724029541016,28.635643005371094,24.413110733032227,23.34523582458496,22.825424194335938,25.63201141357422,26.476404190063477,29.42787742614746,32.38827133178711,36.12478256225586,35.35533905029297,36.49657440185547,36.49657440185547,35.510562896728516,35.693138122558594,32.38827133178711,31.14482307434082,30.066593170166016,29.068883895874023,30.066593170166016,28.017850875854492,27.0,26.0,23.0,23.0,20.0,17.0,14.560219764709473,13.0,11.401754379272461,12.806248664855957,15.65247631072998,18.973665237426758,19.416488647460938,24.041629791259766,28.160255432128906,31.016124725341797,35.84689712524414,37.58989334106445,40.49691390991211,41.231056213378906,42.44997024536133
0,-52.0,-95,24,12,81.39410400390625,78.025634765625,74.0,69.02897644042969,62.07253646850586,54.08327102661133,49.04079818725586,43.046485900878906,39.0,36.055511474609375,31.400636672973633,27.20294189453125,26.0,23.853721618652344,21.260292053222656,24.83948516845703,25.942243576049805,28.17800521850586,31.78049659729004,33.105892181396484,34.885528564453125,35.7770881652832,35.7770881652832,37.161808013916016,36.24913787841797,35.34119415283203,30.870698928833008,31.38471031188965,31.38471031188965,27.85677719116211,27.85677719116211,27.513633728027344,26.248809814453125,24.351591110229492,22.472204208374023,18.681541442871094,16.492422103881836,14.142135620117188,12.0,11.180339813232422,11.401754379272461,14.142135620117188,17.029386520385742,19.72308349609375,23.021728515625,26.62705421447754,30.0,31.890438079833984,36.06937789916992,38.28837966918945,40.0,41.18252182006836
0,-52.0,-95,25,8,79.6303939819336,73.33484649658203,70.11418914794922,66.00757598876953,58.0,53.0,49.04079818725586,43.011627197265625,40.31128692626953,36.12478256225586,33.734256744384766,26.925823211669922,23.25940704345703,23.430749893188477,21.931713104248047,22.825424194335938,24.698177337646484,27.85677719116211,30.08321762084961,31.62277603149414,34.48188018798828,36.400550842285156,36.400550842285156,35.44009017944336,34.78505325317383,33.241539001464844,32.280025482177734,31.048349380493164,29.614185333251953,29.832868576049805,26.925823211669922,26.925823211669922,26.925823211669922,22.135944366455078,23.76972770690918,20.615528106689453,18.11077117919922,11.0,13.152946472167969,8.9442720413208,13.45362377166748,13.45362377166748,16.6433162689209,19.72308349609375,20.59126091003418,23.706539154052734,30.0,31.62277603149414,37.013511657714844,36.12478256225586,38.28837966918945,38.832977294921875
0,-52.0,-95,24,12,79.7057113647461,77.2528305053711,71.86793518066406,70.21395874023438,60.728904724121094,55.36244201660156,50.28916549682617,44.59820556640625,41.1096076965332,36.400550842285156,30.870698928833008,28.301942825317383,23.600847244262695,22.803508758544922,21.470911026000977,23.53720474243164,26.07680892944336,27.073972702026367,31.0,32.0,34.01470184326172,36.013885498046875,35.0142822265625,37.05401611328125,36.055511474609375,33.060550689697266,33.0151481628418,32.0,30.0,29.0,30.0,27.0,26.0,25.0,21.02379608154297,18.0,16.124515533447266,13.152946472167969,10.770329475402832,12.206555366516113,11.661903381347656,15.524174690246582,15.81138801574707,19.416488647460938,23.0867919921875,26.476404190063477,29.832868576049805,32.572994232177734,34.539833068847656,37.57658767700195,39.96248245239258,40.0
0,-51.0,-95,24,12,84.05355072021484,79.92496490478516,74.09453582763672,72.4706802368164,63.06346130371094,57.245086669921875,52.35456085205078,46.957427978515625,41.67733383178711,36.359317779541016,30.0,28.319604873657227,23.600847244262695,23.25940704345703,21.3775577545166,25.0,28.07133674621582,31.14482307434082,33.37664031982422,37.336307525634766,38.20994567871094,39.31920623779297,37.121421813964844,38.327537536621094,39.20458984375,37.2155876159668,34.2344856262207,32.38827133178711,33.37664031982422,31.78049659729004,30.4138126373291,29.42787742614746,29.27456283569336,26.476404190063477,24.331050872802734,20.39607810974121,18.681541442871094,14.866068840026855,12.529964447021484,11.313708305358887,13.416407585144043,16.278820037841797,18.027755737304688,22.090721130371094,24.083189010620117,28.07133674621582,32.24903106689453,34.36568069458008,36.878177642822266,39.293766021728516,42.154476165771484,42.05948257446289
0,-51.0,-95,24,13,79.4040298461914,73.7834701538086,71.84706115722656,66.40029907226562,59.203041076660156,52.63079071044922,49.40647888183594,43.600460052490234,39.408119201660156,34.66987228393555,30.886890411376953,26.925823211669922,23.53720474243164,22.0,22.360679626464844,25.298221588134766,25.079872131347656,29.529645919799805,30.528675079345703,34.13209533691406,34.48188018798828,36.2353401184082,35.7770881652832,35.35533905029297,34.438350677490234,33.12099075317383,30.01666259765625,30.528675079345703,29.681644439697266,29.4108829498291,26.925823211669922,27.20294189453125,26.07680892944336,23.021728515625,20.808652877807617,20.808652877807617,17.029386520385742,13.45362377166748,11.180339813232422,10.440306663513184,14.03566837310791,14.142135620117188,17.72004508972168,19.646883010864258,23.53720474243164,25.961509704589844,29.614185333251953,32.557640075683594,35.22782897949219,38.0,38.01315689086914,39.31920623779297
0,-51.0,-95,24,13,79.20858764648438,72.13875579833984,71.4212875366211,65.19202423095703,61.073726654052734,52.009613037109375,47.801673889160156,42.01190185546875,37.013511657714844,32.526912689208984,29.068883895874023,24.413110733032227,22.847318649291992,21.587032318115234,20.0,23.194826126098633,23.76972770690918,28.460498809814453,31.016124725341797,32.893768310546875,34.48188018798828,33.83784866333008,34.20526123046875,33.52610778808594,33.241539001464844,32.572994232177734,29.73213768005371,30.08321762084961,27.73084831237793,28.23118782043457,26.4007568359375,27.294687271118164,25.495098114013672,22.825424194335938,19.697715759277344,18.384777069091797,15.65247631072998,13.601470947265625,11.313708305358887,11.704699516296387,11.045360565185547,14.0,18.0,20.2237491607666,22.203603744506836,26.305892944335938,29.154760360717773,33.0151481628418,36.055511474609375,37.121421813964844,38.63935852050781,38.60051727294922
0,-51.0,-95,24,13,79.02531433105469,74.1687240600586,69.2603759765625,65.6201171875,58.85575485229492,53.600372314453125,48.50773239135742,42.296573638916016,40.199501037597656,33.0,32.0,26.305892944335938,24.351591110229492,21.470911026000977,22.022714614868164,24.083189010620117,25.238859176635742,29.154760360717773,31.30495262145996,33.61547088623047,35.35533905029297,35.35533905029297,34.13209533691406,36.2353401184082,35.510562896728516,34.48188018798828,32.24903106689453,30.4138126373291,30.01666259765625,29.529645919799805,27.294687271118164,25.495098114013672,25.05992889404297,22.825424194335938,22.825424194335938,20.124610900878906,18.384777069091797,14.560219764709473,12.0,11.045360565185547,11.401754379272461,13.892443656921387,16.278820037841797,19.10497283935547,21.931713104248047,24.75883674621582,28.319604873657227,31.890438079833984,35.0,36.359317779541016,38.01315689086914,38.62641525268555
0,-52.0,-95,24,12,77.15568542480469,73.55270385742188,68.59300231933594,65.79513549804688,56.63920974731445,52.49761962890625,46.69047164916992,43.185646057128906,37.48332977294922,32.649654388427734,29.20616340637207,24.698177337646484,22.847318649291992,21.3775577545166,22.022714614868164,21.3775577545166,25.298221588134766,26.570659637451172,30.870698928833008,31.78049659729004,36.055511474609375,35.46829605102539,33.83784866333008,34.539833068847656,35.11410140991211,33.83784866333008,31.016124725341797,30.870698928833008,29.96664810180664,28.792360305786133,27.73084831237793,26.832815170288086,26.4007568359375,23.409399032592773,22.847318649291992,18.788293838500977,16.552946090698242,14.422204971313477,13.45362377166748,11.180339813232422,11.180339813232422,13.0,17.0,19.10497283935547,22.203603744506836,26.305892944335938,30.066593170166016,32.0,35.0,37.336307525634766,38.832977294921875,41.1096076965332
0,-51.0,-95,24,12,79.8122787475586,76.15773010253906,73.75635528564453,67.74215698242188,62.64982223510742,53.46026611328125,51.62363815307617,45.54119110107422,39.81205749511719,34.928497314453125,31.62277603149414,27.312999725341797,23.853721618652344,22.627416610717773,21.63330841064453,23.409399032592773,26.476404190063477,29.42787742614746,32.24903106689453,34.2344856262207,36.34556198120117,37.336307525634766,37.656341552734375,37.336307525634766,37.656341552734375,35.693138122558594,34.36568069458008,34.36568069458008,32.140316009521484,31.14482307434082,30.149627685546875,29.27456283569336,28.44292449951172,25.079872131347656,23.194826126098633,20.02498435974121,16.0,15.0,13.152946472167969,11.180339813232422,14.142135620117188,15.264337539672852,17.492855072021484,20.615528106689453,24.041629791259766,26.925823211669922,29.546573638916016,32.202484130859375,36.715118408203125,39.408119201660156,40.360870361328125,40.31128692626953
0,-51.0,-95,24,13,85.16454315185547,78.33900451660156,74.21590423583984,69.05070495605469,64.77654266357422,56.56854248046875,52.46903991699219,46.69047164916992,42.7551155090332,35.902645111083984,33.241539001464844,28.23118782043457,24.413110733032227,23.34523582458496,22.825424194335938,26.0,27.20294189453125,30.805843353271484,33.37664031982422,36.878177642822266,37.85498809814453,38.832977294921875,38.327537536621094,38.832977294921875,37.10795211791992,36.13862228393555,34.928497314453125,34.928497314453125,32.75667953491211,32.557640075683594,28.861740112304688,29.832868576049805,27.892650604248047,25.495098114013672,23.76972770690918,20.615528106689453,18.248287200927734,14.0,13.152946472167969,12.083045959472656,12.529964447021484,13.45362377166748,17.492855072021484,19.235383987426758,22.825424194335938,26.419689178466797,29.681644439697266,33.60059356689453,37.013511657714844,38.94868469238281,40.360870361328125,41.617305755615234
0,-51.0,-95,24,13,81.74349975585938,75.13321685791016,75.13321685791016,68.88395690917969,64.28841400146484,55.36244201660156,50.96076965332031,44.384681701660156,40.26164245605469,36.34556198120117,31.14482307434082,27.0,24.1867733001709,22.135944366455078,22.825424194335938,24.75883674621582,25.495098114013672,29.20616340637207,31.400636672973633,34.4093017578125,35.80502700805664,37.013511657714844,36.2353401184082,35.80502700805664,35.80502700805664,32.80244064331055,31.400636672973633,31.62277603149414,29.681644439697266,29.4108829498291,29.154760360717773,26.925823211669922,26.07680892944336,23.853721618652344,20.248456954956055,20.248456954956055,16.124515533447266,14.866068840026855,13.152946472167969,13.0,11.401754379272461,13.03840446472168,15.81138801574707,17.69180679321289,22.627416610717773,24.75883674621582,29.068883895874023,31.400636672973633,35.510562896728516,37.58989334106445,38.4837646484375,39.84971618652344
0,-51.0,-95,24,12,79.8122787475586,74.94664764404297,73.05477142333984,67.779052734375,60.926185607910156,54.12947463989258,47.85394287109375,43.863426208496094,38.27531814575195,33.95585250854492,30.5941162109375,26.07680892944336,25.01999282836914,23.53720474243164,22.847318649291992,23.021728515625,26.172504425048828,29.698484420776367,30.610456466674805,32.526912689208984,33.970577239990234,34.65544509887695,33.970577239990234,35.38361358642578,33.970577239990234,32.557640075683594,30.610456466674805,30.610456466674805,29.20616340637207,29.20616340637207,28.017850875854492,28.017850875854492,26.4007568359375,24.413110733032227,20.615528106689453,19.416488647460938,15.81138801574707,13.928388595581055,13.34166431427002,11.0,10.440306663513184,11.661903381347656,15.81138801574707,17.804492950439453,21.260292053222656,24.083189010620117,30.0,31.62277603149414,33.2866325378418,36.67424011230469,37.161808013916016,38.60051727294922
0,-52.0,-95,24,13,81.02468872070312,76.216796875,72.34638977050781,65.85590362548828,60.8276252746582,55.17245864868164,48.83646011352539,43.931766510009766,39.051246643066406,36.400550842285156,31.064449310302734,27.312999725341797,24.351591110229492,21.21320343017578,22.0,24.515300750732422,26.248809814453125,27.312999725341797,31.30495262145996,33.105892181396484,34.928497314453125,35.84689712524414,34.928497314453125,35.34119415283203,34.928497314453125,34.01470184326172,32.202484130859375,31.78049659729004,30.870698928833008,29.068883895874023,28.635643005371094,26.4007568359375,25.079872131347656,23.76972770690918,22.360679626464844,19.235383987426758,17.492855072021484,13.892443656921387,11.313708305358887,10.29563045501709,12.165525436401367,14.0,17.11724281311035,19.235383987426758,23.34523582458496,25.179357528686523,29.154760360717773,32.140316009521484,35.0,37.05401611328125,40.607879638671875,39.560081481933594
0,-51.0,-95,24,12,80.70935821533203,75.47184753417969,70.32780456542969,68.88395690917969,60.41522979736328,55.009090423583984,49.24428939819336,44.29446792602539,39.4461669921875,35.80502700805664,30.805843353271484,26.870058059692383,24.083189010620117,23.25940704345703,22.803508758544922,25.079872131347656,26.019224166870117,29.068883895874023,31.256999969482422,35.22782897949219,36.12478256225586,36.22154235839844,36.055511474609375,37.05401611328125,37.05401611328125,34.058773040771484,33.13608169555664,34.36568069458008,32.24903106689453,30.4138126373291,30.149627685546875,29.42787742614746,29.154760360717773,25.079872131347656,21.21320343017578,19.235383987426758,16.76305389404297,15.29705810546875,13.0,11.401754379272461,12.083045959472656,15.81138801574707,16.76305389404297,20.39607810974121,24.083189010620117,26.305892944335938,31.575305938720703,32.98484420776367,35.735137939453125,38.07886505126953,40.70626449584961,41.617305755615234
0,-51.0,-95,23,16,79.5110092163086,74.20242309570312,70.0,67.67569732666016,59.36328887939453,54.37830352783203,48.54894256591797,44.65422821044922,40.224369049072266,34.058773040771484,31.890438079833984,26.172504425048828,24.698177337646484,22.135944366455078,23.194826126098633,24.0,26.07680892944336,29.27456283569336,32.75667953491211,33.541019439697266,35.510562896728516,37.336307525634766,36.12478256225586,36.34556198120117,36.22154235839844,34.2344856262207,32.24903106689453,29.42787742614746,30.5941162109375,29.614185333251953,29.42787742614746,27.658634185791016,24.515300750732422,24.515300750732422,22.090721130371094,19.10497283935547,16.278820037841797,14.317821502685547,12.206555366516113,12.727922439575195,10.29563045501709,12.083045959472656,16.124515533447266,18.11077117919922,21.02379608154297,24.083189010620117,27.294687271118164,31.78049659729004,33.241539001464844,36.400550842285156,37.57658767700195,37.2155876159668
0,-51.0,-95,24,12,79.4040298461914,76.5375747680664,72.4706802368164,66.21178436279297,61.32699203491211,55.154327392578125,49.24428939819336,43.863426208496094,39.357337951660156,33.12099075317383,28.844409942626953,24.083189010620117,24.083189010620117,21.954498291015625,22.472204208374023,24.1867733001709,26.0,29.0,30.066593170166016,33.060550689697266,34.0,34.0,35.0,34.01470184326172,34.058773040771484,32.015621185302734,30.066593170166016,29.068883895874023,29.154760360717773,29.42787742614746,28.160255432128906,28.07133674621582,26.07680892944336,24.083189010620117,21.21320343017578,18.248287200927734,16.278820037841797,13.34166431427002,11.180339813232422,11.401754379272461,11.661903381347656,13.928388595581055,16.278820037841797,19.10497283935547,23.0867919921875,24.1867733001709,28.284271240234375,32.75667953491211,32.98484420776367,36.055511474609375,38.470767974853516,38.27531814575195
0,-51.0,-95,24,12,79.71198272705078,75.89466094970703,70.21395874023438,65.96968841552734,60.41522979736328,54.918121337890625,48.05205535888672,41.9761848449707,37.10795211791992,32.893768310546875,30.08321762084961,26.419689178466797,24.20743751525879,21.931713104248047,21.095022201538086,24.351591110229492,26.68332862854004,27.459060668945312,32.24903106689453,32.38827133178711,32.75667953491211,34.36568069458008,34.71310806274414,34.71310806274414,34.928497314453125,33.734256744384766,32.75667953491211,29.42787742614746,30.4138126373291,29.154760360717773,26.305892944335938,26.07680892944336,25.079872131347656,22.090721130371094,22.203603744506836,19.10497283935547,17.11724281311035,14.0,12.165525436401367,11.180339813232422,12.806248664855957,12.806248664855957,15.264337539672852,19.235383987426758,22.360679626464844,25.05992889404297,28.65309715270996,31.62277603149414,35.0,36.878177642822266,37.53664779663086,39.408119201660156
0,-51.0,-95,24,12,74.6860122680664,72.4706802368164,68.0,63.631752014160156,56.603885650634766,50.477718353271484,44.94440841674805,40.49691390991211,36.715118408203125,32.649654388427734,28.635643005371094,25.0,23.0867919921875,21.095022201538086,22.56102752685547,21.540658950805664,25.238859176635742,27.20294189453125,30.610456466674805,31.62277603149414,33.2866325378418,35.22782897949219,34.13209533691406,34.66987228393555,34.13209533691406,32.4499626159668,30.528675079345703,31.064449310302734,28.844409942626953,28.844409942626953,27.20294189453125,26.4007568359375,26.4007568359375,23.853721618652344,22.203603744506836,18.027755737304688,17.20465087890625,15.620499610900879,12.806248664855957,11.704699516296387,12.041594505310059,13.0,16.278820037841797,18.973665237426758,21.840330123901367,24.73863410949707,29.120439529418945,31.400636672973633,34.13209533691406,36.0,37.05401611328125,38.63935852050781
0,-52.0,-95,24,12,79.98124694824219,75.82215881347656,71.84010314941406,65.802734375,60.605281829833984,53.25410842895508,47.6340217590332,43.416587829589844,38.28837966918945,37.64305877685547,31.14482307434082,27.20294189453125,25.05992889404297,22.472204208374023,23.53720474243164,23.0867919921875,27.459060668945312,29.614185333251953,30.675724029541016,32.572994232177734,35.735137939453125,36.878177642822266,36.878177642822266,36.400550842285156,37.36308288574219,34.928497314453125,33.52610778808594,33.95585250854492,32.280025482177734,30.675724029541016,29.832868576049805,28.160255432128906,29.120439529418945,26.248809814453125,24.73863410949707,21.189620971679688,18.384777069091797,14.317821502685547,15.0,12.041594505310059,13.928388595581055,15.524174690246582,16.124515533447266,18.0,23.0,26.0,32.06243896484375,33.060550689697266,35.35533905029297,37.36308288574219,41.1096076965332,40.71854782104492
0,-51.0,-95,25,9,80.99382781982422,75.58438873291016,71.84010314941406,67.91170501708984,60.63827133178711,54.34151077270508,48.27007293701172,44.384681701660156,38.60051727294922,33.83784866333008,29.154760360717773,26.925823211669922,22.022714614868164,22.203603744506836,21.931713104248047,23.53720474243164,26.07680892944336,30.066593170166016,33.0,35.0,37.05401611328125,39.051246643066406,37.121421813964844,38.05259704589844,38.05259704589844,37.121421813964844,35.0142822265625,34.01470184326172,34.01470184326172,31.0,29.0,30.0,29.0,25.0,23.0,20.0,17.029386520385742,16.124515533447266,12.369317054748535,12.529964447021484,12.806248664855957,14.317821502685547,16.155494689941406,18.973665237426758,20.615528106689453,25.961509704589844,30.675724029541016,31.95309066772461,34.539833068847656,37.121421813964844,39.66106414794922,40.45985794067383
0,-51.0,-95,24,12,76.2364730834961,70.06425476074219,67.00746154785156,64.03124237060547,59.00847244262695,51.03919982910156,47.04253387451172,41.0,37.0,34.01470184326172,29.154760360717773,24.515300750732422,22.472204208374023,21.63330841064453,21.931713104248047,22.203603744506836,24.1867733001709,29.068883895874023,29.546573638916016,32.69556427001953,33.105892181396484,35.7770881652832,33.12099075317383,34.0,33.12099075317383,31.38471031188965,29.068883895874023,29.96664810180664,28.635643005371094,27.312999725341797,27.85677719116211,26.4007568359375,25.079872131347656,24.166091918945312,19.697715759277344,17.8885440826416,15.81138801574707,13.601470947265625,11.180339813232422,11.045360565185547,11.180339813232422,12.806248664855957,14.142135620117188,17.029386520385742,20.615528106689453,23.430749893188477,26.90724754333496,29.0,31.240999221801758,35.22782897949219,36.2353401184082,36.769554138183594
0,-51.0,-95,25,9,81.58431243896484,78.08969116210938,74.96665954589844,70.1783447265625,64.1248779296875,53.15073013305664,50.15974426269531,42.296573638916016,39.31920623779297,35.693138122558594,31.048349380493164,26.0,25.942243576049805,23.34523582458496,22.803508758544922,24.59674835205078,26.248809814453125,29.120439529418945,32.015621185302734,33.95585250854492,35.1710090637207,36.13862228393555,34.48188018798828,36.13862228393555,35.44009017944336,33.52610778808594,32.75667953491211,32.557640075683594,30.805843353271484,29.42787742614746,27.658634185791016,28.44292449951172,27.294687271118164,26.476404190063477,22.360679626464844,20.2237491607666,17.029386520385742,16.031219482421875,13.0,10.198039054870605,10.630146026611328,13.601470947265625,15.81138801574707,18.788293838500977,21.931713104248047,24.59674835205078,29.529645919799805,31.38471031188965,34.66987228393555,35.46829605102539,37.48332977294922,38.41874694824219
0,-51.0,-95,24,12,76.92203521728516,72.4706802368164,68.47627258300781,66.0378646850586,57.688819885253906,51.03919982910156,45.486263275146484,39.96248245239258,37.2155876159668,32.202484130859375,28.23118782043457,25.0,22.203603744506836,22.022714614868164,21.587032318115234,23.25940704345703,26.419689178466797,26.419689178466797,30.805843353271484,32.4499626159668,31.62277603149414,34.66987228393555,34.13209533691406,33.83784866333008,34.13209533691406,33.2866325378418,31.064449310302734,30.805843353271484,29.4108829498291,27.20294189453125,28.017850875854492,27.018512725830078,26.4007568359375,24.413110733032227,21.095022201538086,18.601076126098633,16.401220321655273,14.142135620117188,12.806248664855957,11.180339813232422,10.049875259399414,13.03840446472168,16.124515533447266,18.681541442871094,22.135944366455078,25.298221588134766,27.892650604248047,32.38827133178711,33.241539001464844,35.05709457397461,38.01315689086914,38.470767974853516
0,-51.0,-95,24,12,80.62257385253906,74.625732421875,70.72481536865234,64.40496826171875,60.0,52.201534271240234,49.40647888183594,41.617305755615234,39.66106414794922,34.13209533691406,30.870698928833008,27.20294189453125,24.331050872802734,22.0,22.203603744506836,25.298221588134766,26.832815170288086,28.65309715270996,31.064449310302734,32.4499626159668,34.13209533691406,35.84689712524414,36.715118408203125,37.735923767089844,36.715118408203125,34.98571014404297,31.906112670898438,33.2866325378418,30.528675079345703,30.805843353271484,28.301942825317383,27.459060668945312,26.925823211669922,23.853721618652344,23.021728515625,21.63330841064453,19.209373474121094,14.21267032623291,11.661903381347656,10.440306663513184,13.152946472167969,13.0,16.278820037841797,18.439088821411133,21.587032318115234,24.515300750732422,28.44292449951172,32.75667953491211,35.22782897949219,36.055511474609375,39.0,40.31128692626953
0,-51.0,-95,24,12,81.60882568359375,77.66595458984375,72.67048645019531,67.74215698242188,61.400325775146484,55.07267761230469,51.97114562988281,44.10215377807617,39.96248245239258,36.619667053222656,32.202484130859375,26.90724754333496,25.0,24.166091918945312,22.56102752685547,25.079872131347656,26.019224166870117,29.154760360717773,32.557640075683594,33.95585250854492,34.36568069458008,37.336307525634766,36.12478256225586,37.336307525634766,37.2155876159668,36.22154235839844,34.36568069458008,33.37664031982422,32.557640075683594,32.38827133178711,29.27456283569336,29.42787742614746,27.459060668945312,25.317977905273438,24.083189010620117,20.099750518798828,19.235383987426758,14.866068840026855,14.764822959899902,12.041594505310059,11.401754379272461,13.928388595581055,16.278820037841797,17.11724281311035,21.02379608154297,24.083189010620117,29.154760360717773,32.75667953491211,35.1710090637207,37.336307525634766,38.01315689086914,39.96248245239258
0,-51.0,-95,24,12,78.08969116210938,73.34848022460938,68.24954223632812,65.0,58.24087905883789,52.201534271240234,46.840152740478516,41.48493576049805,38.07886505126953,32.75667953491211,29.27456283569336,25.0,23.0867919921875,21.587032318115234,21.470911026000977,23.430749893188477,24.75883674621582,27.658634185791016,30.610456466674805,32.80244064331055,34.71310806274414,34.71310806274414,34.65544509887695,35.38361358642578,35.35533905029297,33.941123962402344,32.557640075683594,31.890438079833984,31.890438079833984,28.319604873657227,26.90724754333496,27.58622932434082,26.172504425048828,24.83948516845703,22.627416610717773,19.10497283935547,15.620499610900879,15.620499610900879,13.03840446472168,12.165525436401367,11.0,13.34166431427002,14.560219764709473,17.8885440826416,20.59126091003418,23.706539154052734,26.832815170288086,28.792360305786133,31.62277603149414,34.71310806274414,35.22782897949219,37.013511657714844
0,-51.0,-95,23,16,79.5110092163086,75.69015502929688,72.83543395996094,66.52819061279297,60.20797348022461,53.81449508666992,48.83646011352539,42.44997024536133,37.48332977294922,33.42155075073242,28.844409942626953,26.832815170288086,25.298221588134766,22.360679626464844,23.0,25.961509704589844,27.20294189453125,29.154760360717773,31.30495262145996,33.105892181396484,34.928497314453125,35.7770881652832,35.46829605102539,34.928497314453125,34.928497314453125,34.01470184326172,31.30495262145996,31.764760971069336,29.529645919799805,30.01666259765625,28.65309715270996,28.844409942626953,27.294687271118164,25.553865432739258,23.021728515625,20.808652877807617,18.601076126098633,15.620499610900879,13.45362377166748,12.083045959472656,12.165525436401367,15.0,16.124515533447266,18.439088821411133,22.56102752685547,24.73863410949707,27.892650604248047,31.78049659729004,34.2344856262207,37.05401611328125,38.05259704589844,38.327537536621094
0,-51.0,-95,25,9,83.21658325195312,78.00640869140625,74.20242309570312,68.88395690917969,62.36986541748047,55.973209381103516,50.447994232177734,44.04542922973633,40.224369049072266,36.619667053222656,31.764760971069336,28.23118782043457,24.73863410949707,24.020824432373047,23.194826126098633,25.298221588134766,28.635643005371094,32.202484130859375,33.12099075317383,35.35533905029297,37.121421813964844,37.58989334106445,38.910152435302734,38.470767974853516,38.01315689086914,37.121421813964844,34.48188018798828,34.885528564453125,33.12099075317383,31.906112670898438,30.4138126373291,30.528675079345703,29.529645919799805,25.942243576049805,26.07680892944336,23.323806762695312,18.867961883544922,15.264337539672852,12.727922439575195,12.529964447021484,14.142135620117188,14.03566837310791,17.11724281311035,19.10497283935547,23.53720474243164,26.476404190063477,30.4138126373291,32.24903106689453,36.12478256225586,39.0,41.1096076965332,41.773197174072266
0,-51.0,-95,23,17,80.91971588134766,77.801025390625,71.21797180175781,66.85057830810547,61.032779693603516,55.226806640625,49.92995071411133,46.04345703125,40.804412841796875,34.828147888183594,32.557640075683594,27.58622932434082,25.05992889404297,24.351591110229492,23.34523582458496,24.0,25.179357528686523,28.44292449951172,32.015621185302734,34.20526123046875,35.902645111083984,38.327537536621094,36.67424011230469,36.878177642822266,37.48332977294922,35.510562896728516,33.95585250854492,33.734256744384766,32.280025482177734,32.015621185302734,30.08321762084961,30.08321762084961,27.658634185791016,25.495098114013672,24.331050872802734,22.360679626464844,17.72004508972168,15.231546401977539,13.601470947265625,12.806248664855957,10.29563045501709,12.649110794067383,17.262676239013672,17.029386520385742,20.0,25.01999282836914,28.07133674621582,32.24903106689453,35.693138122558594,36.400550842285156,39.560081481933594,40.24922180175781
0,-52.0,-95,25,9,81.25269317626953,73.76313781738281,70.88018035888672,68.00735473632812,60.406951904296875,53.851646423339844,49.97999572753906,42.379241943359375,38.60051727294922,33.83784866333008,30.805843353271484,28.07133674621582,21.0,21.587032318115234,19.235383987426758,25.495098114013672,24.041629791259766,29.73213768005371,31.62277603149414,33.60059356689453,35.46829605102539,37.80211639404297,36.2353401184082,35.608985900878906,35.38361358642578,34.71310806274414,33.42155075073242,33.60059356689453,30.0,33.0151481628418,28.600698471069336,30.479501724243164,26.90724754333496,25.0,22.803508758544922,21.40093421936035,16.124515533447266,13.03840446472168,9.848857879638672,8.0,14.03566837310791,13.928388595581055,16.6433162689209,17.8885440826416,20.808652877807617,25.238859176635742,27.20294189453125,34.13209533691406,34.928497314453125,37.6961555480957,38.60051727294922,39.458839416503906
0,-51.0,-95,24,11,77.42092895507812,72.80110168457031,69.40460968017578,65.29930877685547,58.79625701904297,54.451812744140625,47.50789260864258,43.931766510009766,38.28837966918945,33.83784866333008,28.844409942626953,26.832815170288086,23.0867919921875,21.095022201538086,21.095022201538086,24.041629791259766,26.4007568359375,28.23118782043457,32.649654388427734,33.541019439697266,34.0,33.12099075317383,34.01470184326172,33.12099075317383,34.01470184326172,32.69556427001953,30.4138126373291,31.38471031188965,29.154760360717773,28.65309715270996,28.844409942626953,26.925823211669922,26.07680892944336,24.1867733001709,21.470911026000977,20.124610900878906,17.20465087890625,14.866068840026855,12.806248664855957,10.770329475402832,11.180339813232422,13.0,16.031219482421875,16.492422103881836,22.135944366455078,23.76972770690918,26.925823211669922,30.265491485595703,32.140316009521484,35.0,36.055511474609375,37.656341552734375
0,-51.0,-95,24,12,76.02631378173828,69.83551788330078,69.83551788330078,63.812225341796875,59.36328887939453,51.61395263671875,46.615447998046875,41.617305755615234,36.8917350769043,32.649654388427734,29.546573638916016,24.73863410949707,22.090721130371094,22.090721130371094,21.587032318115234,23.25940704345703,24.698177337646484,27.20294189453125,30.610456466674805,32.80244064331055,33.83784866333008,33.0151481628418,33.0151481628418,35.608985900878906,32.80244064331055,31.62277603149414,30.0,31.890438079833984,29.0,28.319604873657227,27.58622932434082,26.90724754333496,26.248809814453125,23.34523582458496,21.260292053222656,19.10497283935547,15.620499610900879,15.0,13.416407585144043,12.369317054748535,11.0,13.34166431427002,16.76305389404297,18.788293838500977,21.931713104248047,24.166091918945312,28.635643005371094,30.364452362060547,35.44009017944336,35.902645111083984,37.121421813964844,38.0
0,-51.0,-95,24,13,81.84130859375,77.0064926147461,74.65252685546875,68.62215423583984,62.93647766113281,54.451812744140625,48.79549026489258,44.55333709716797,38.28837966918945,35.80502700805664,31.38471031188965,28.23118782043457,24.041629791259766,24.083189010620117,23.0,26.476404190063477,28.160255432128906,31.016124725341797,31.78049659729004,34.1760139465332,36.769554138183594,37.6961555480957,36.400550842285156,37.161808013916016,36.769554138183594,34.539833068847656,34.01470184326172,34.01470184326172,32.202484130859375,32.202484130859375,28.23118782043457,29.154760360717773,28.23118782043457,26.925823211669922,24.698177337646484,21.931713104248047,19.72308349609375,15.264337539672852,13.601470947265625,11.401754379272461,13.0,14.142135620117188,17.0,19.02629852294922,23.0,26.019224166870117,29.0,33.0,35.05709457397461,38.327537536621094,39.051246643066406,40.49691390991211
0,-51.0,-95,24,13,81.4002456665039,75.45197296142578,74.63243103027344,67.41661834716797,62.96824645996094,55.07267761230469,48.54894256591797,44.41846466064453,41.04875183105469,35.80502700805664,32.015621185302734,29.0,25.0,21.931713104248047,23.53720474243164,26.019224166870117,26.019224166870117,30.066593170166016,32.38827133178711,35.22782897949219,35.22782897949219,38.327537536621094,38.05259704589844,38.11823654174805,37.05401611328125,35.05709457397461,35.05709457397461,33.241539001464844,31.400636672973633,32.24903106689453,28.284271240234375,29.42787742614746,28.160255432128906,26.305892944335938,24.083189010620117,22.022714614868164,18.11077117919922,16.124515533447266,13.0,12.806248664855957,10.630146026611328,12.083045959472656,16.76305389404297,18.248287200927734,21.21320343017578,24.515300750732422,28.635643005371094,32.015621185302734,36.400550842285156,37.121421813964844,38.587562561035156,40.0
0,-51.0,-95,24,12,76.05918884277344,73.66138458251953,68.01470184326172,65.76473236083984,58.694122314453125,53.81449508666992,46.69047164916992,43.185646057128906,38.897300720214844,34.71310806274414,30.0,26.07680892944336,22.847318649291992,22.56102752685547,23.021728515625,22.203603744506836,25.298221588134766,26.570659637451172,31.38471031188965,31.38471031188965,33.52610778808594,35.11410140991211,34.1760139465332,34.539833068847656,33.83784866333008,33.52610778808594,31.95309066772461,31.016124725341797,30.870698928833008,29.068883895874023,28.23118782043457,28.635643005371094,26.0,24.351591110229492,22.135944366455078,19.313207626342773,16.552946090698242,15.264337539672852,12.041594505310059,12.206555366516113,10.770329475402832,13.03840446472168,16.0,18.0,21.095022201538086,23.021728515625,27.018512725830078,31.0,32.140316009521484,34.2344856262207,36.878177642822266,39.217342376708984
0,-51.0,-95,24,12,80.15609741210938,75.02666473388672,71.00704193115234,67.02984619140625,61.032779693603516,53.037723541259766,48.041648864746094,42.01190185546875,40.0,36.013885498046875,29.068883895874023,25.495098114013672,24.166091918945312,21.63330841064453,21.21320343017578,22.825424194335938,26.0,27.85677719116211,30.675724029541016,33.241539001464844,34.539833068847656,36.400550842285156,35.84689712524414,36.055511474609375,36.400550842285156,34.539833068847656,32.572994232177734,32.572994232177734,30.675724029541016,30.364452362060547,29.4108829498291,30.08321762084961,27.85677719116211,25.63201141357422,22.472204208374023,19.313207626342773,16.76305389404297,15.132745742797852,13.0,12.165525436401367,12.206555366516113,13.45362377166748,15.55634880065918,18.867961883544922,20.248456954956055,23.021728515625,27.20294189453125,30.610456466674805,33.30165100097656,34.65544509887695,37.013511657714844,38.27531814575195
0,-51.0,-95,24,13,78.77182006835938,73.9256362915039,70.38465881347656,67.5425796508789,61.269893646240234,53.712196350097656,49.648765563964844,43.8292121887207,38.910152435302734,34.1760139465332,30.675724029541016,26.476404190063477,24.0,23.0867919921875,23.53720474243164,23.706539154052734,26.62705421447754,28.600698471069336,31.240999221801758,34.71310806274414,35.0,37.013511657714844,35.22782897949219,36.619667053222656,34.4093017578125,32.80244064331055,32.80244064331055,31.240999221801758,29.832868576049805,29.832868576049805,29.832868576049805,27.018512725830078,26.248809814453125,24.83948516845703,21.63330841064453,18.601076126098633,16.278820037841797,15.55634880065918,13.03840446472168,12.649110794067383,11.0,12.165525436401367,16.124515533447266,18.027755737304688,20.615528106689453,24.351591110229492,27.513633728027344,32.015621185302734,33.541019439697266,35.35533905029297,38.01315689086914,38.05259704589844
0,-51.0,-95,25,9,83.02409362792969,77.66595458984375,72.36711883544922,68.4105224609375,62.361846923828125,56.61272048950195,50.96076965332031,44.643028259277344,39.051246643066406,33.37664031982422,30.066593170166016,29.0,23.34523582458496,23.409399032592773,23.323806762695312,25.495098114013672,26.90724754333496,29.832868576049805,32.80244064331055,33.60059356689453,36.400550842285156,37.013511657714844,35.46829605102539,35.22782897949219,35.0,34.4093017578125,33.2866325378418,31.906112670898438,30.01666259765625,30.886890411376953,29.529645919799805,27.784887313842773,26.925823211669922,23.853721618652344,24.698177337646484,21.470911026000977,17.8885440826416,14.866068840026855,13.152946472167969,12.0,14.142135620117188,13.0,17.20465087890625,18.601076126098633,21.260292053222656,26.248809814453125,29.068883895874023,32.80244064331055,36.055511474609375,38.470767974853516,39.0,39.560081481933594
0,-51.0,-95,24,12,76.38062286376953,71.50524139404297,70.29224395751953,64.20280456542969,58.8217658996582,50.80354309082031,45.221675872802734,41.231056213378906,35.38361358642578,32.557640075683594,29.20616340637207,25.238859176635742,23.25940704345703,21.587032318115234,22.090721130371094,24.1867733001709,25.495098114013672,28.160255432128906,30.08321762084961,32.572994232177734,33.241539001464844,34.48188018798828,35.44009017944336,34.78505325317383,35.44009017944336,32.98484420776367,31.62277603149414,31.320919036865234,30.364452362060547,28.792360305786133,28.460498809814453,27.85677719116211,25.63201141357422,25.298221588134766,22.472204208374023,20.615528106689453,17.8885440826416,14.317821502685547,13.03840446472168,12.041594505310059,11.704699516296387,13.152946472167969,16.0,20.0,21.0,26.0,29.0,31.0,34.058773040771484,34.2344856262207,37.85498809814453,37.336307525634766
0,-52.0,-95,25,9,77.36924743652344,73.82411193847656,67.74215698242188,63.51377868652344,56.859474182128906,51.865211486816406,47.50789260864258,41.18252182006836,38.01315689086914,31.30495262145996,30.08321762084961,27.20294189453125,22.203603744506836,21.0,20.2237491607666,22.825424194335938,25.553865432739258,28.017850875854492,30.805843353271484,32.80244064331055,35.22782897949219,34.66987228393555,35.22782897949219,36.619667053222656,36.055511474609375,34.13209533691406,32.80244064331055,30.805843353271484,30.232433319091797,28.600698471069336,28.600698471069336,28.017850875854492,26.07680892944336,24.413110733032227,22.203603744506836,21.40093421936035,18.601076126098633,15.55634880065918,13.601470947265625,11.180339813232422,12.165525436401367,14.0,14.317821502685547,18.439088821411133,22.135944366455078,23.76972770690918,27.658634185791016,31.78049659729004,35.35533905029297,37.05401611328125,38.05259704589844,40.4474983215332
0,-51.0,-95,24,12,79.83106994628906,75.43209075927734,70.60453033447266,66.40782928466797,60.74536895751953,54.424259185791016,47.75981521606445,43.32435989379883,38.897300720214844,33.95585250854492,30.4138126373291,26.019224166870117,23.0867919921875,22.135944366455078,20.59126091003418,24.83948516845703,27.58622932434082,29.73213768005371,31.240999221801758,34.71310806274414,35.38361358642578,36.769554138183594,36.06937789916992,35.38361358642578,36.769554138183594,35.38361358642578,34.65544509887695,32.557640075683594,31.890438079833984,31.240999221801758,30.4138126373291,29.73213768005371,27.58622932434082,25.45584487915039,23.34523582458496,21.260292053222656,18.601076126098633,14.422204971313477,13.416407585144043,11.180339813232422,13.0,14.317821502685547,15.231546401977539,17.464248657226562,20.59126091003418,24.166091918945312,28.17800521850586,31.78049659729004,34.539833068847656,35.44009017944336,37.48332977294922,40.112342834472656
0,-51.0,-95,24,12,78.63841247558594,75.66372680664062,68.88395690917969,68.65857696533203,59.43904495239258,54.81787872314453,47.07440948486328,41.773197174072266,38.63935852050781,34.2344856262207,29.068883895874023,25.0,24.515300750732422,23.25940704345703,22.803508758544922,22.627416610717773,25.806976318359375,28.844409942626953,32.24903106689453,33.61547088623047,34.13209533691406,35.84689712524414,35.22782897949219,36.055511474609375,36.055511474609375,33.83784866333008,32.75667953491211,31.38471031188965,33.12099075317383,30.01666259765625,30.01666259765625,29.529645919799805,27.784887313842773,25.553865432739258,22.472204208374023,18.357559204101562,18.357559204101562,15.231546401977539,13.34166431427002,12.041594505310059,10.770329475402832,12.206555366516113,13.601470947265625,17.69180679321289,20.615528106689453,23.34523582458496,26.90724754333496,29.068883895874023,32.202484130859375,34.66987228393555,37.121421813964844,37.336307525634766
0,-52.0,-95,25,9,79.83106994628906,73.00685119628906,69.6419448852539,64.19501495361328,57.87054443359375,54.08327102661133,47.75981521606445,42.72002029418945,38.60051727294922,32.015621185302734,30.805843353271484,26.0,23.0867919921875,21.189620971679688,22.825424194335938,23.430749893188477,26.172504425048828,28.319604873657227,29.832868576049805,32.649654388427734,34.71310806274414,35.46829605102539,33.970577239990234,34.71310806274414,32.526912689208984,32.526912689208984,32.015621185302734,29.832868576049805,30.0,28.600698471069336,27.20294189453125,28.600698471069336,26.248809814453125,24.083189010620117,23.021728515625,21.40093421936035,17.20465087890625,15.264337539672852,12.083045959472656,11.045360565185547,11.0,13.152946472167969,16.124515533447266,17.8885440826416,21.954498291015625,24.59674835205078,26.925823211669922,30.4138126373291,34.01470184326172,35.46829605102539,38.07886505126953,38.327537536621094
0,-51.0,-95,24,13,83.72574615478516,79.62411499023438,75.70997619628906,71.30918884277344,64.28841400146484,57.567352294921875,50.59644317626953,45.607017517089844,40.024993896484375,35.510562896728516,32.06243896484375,28.0,26.305892944335938,24.351591110229492,23.706539154052734,25.495098114013672,28.284271240234375,29.73213768005371,32.015621185302734,34.828147888183594,36.2353401184082,37.53664779663086,35.46829605102539,34.828147888183594,36.2353401184082,35.46829605102539,32.80244064331055,33.0151481628418,33.0151481628418,31.62277603149414,30.232433319091797,29.4108829498291,28.600698471069336,27.018512725830078,23.600847244262695,20.248456954956055,17.492855072021484,16.124515533447266,14.866068840026855,14.142135620117188,12.041594505310059,13.0,17.0,20.248456954956055,22.803508758544922,26.07680892944336,28.600698471069336,33.12099075317383,35.34119415283203,37.6961555480957,39.560081481933594,41.59326934814453
0,-52.0,-95,25,9,79.07591247558594,77.10382843017578,69.23149871826172,68.18357849121094,58.215118408203125,54.230987548828125,49.09175109863281,43.104522705078125,40.31128692626953,31.78049659729004,30.364452362060547,28.23118782043457,23.323806762695312,21.21320343017578,22.203603744506836,25.495098114013672,27.20294189453125,28.635643005371094,31.048349380493164,32.38827133178711,33.734256744384766,35.693138122558594,34.928497314453125,35.693138122558594,34.928497314453125,35.902645111083984,33.37664031982422,32.24903106689453,31.400636672973633,30.149627685546875,28.44292449951172,28.284271240234375,26.305892944335938,23.53720474243164,26.305892944335938,20.099750518798828,18.11077117919922,14.0,14.142135620117188,11.704699516296387,12.041594505310059,14.422204971313477,17.0,18.788293838500977,21.540658950805664,24.166091918945312,29.068883895874023,33.12099075317383,35.84689712524414,37.202152252197266,39.69886779785156,39.69886779785156
0,-51.0,-95,23,16,77.79460144042969,74.24958038330078,69.35416412353516,65.4369888305664,61.84658432006836,54.037025451660156,48.166378021240234,43.931766510009766,39.623226165771484,33.241539001464844,31.14482307434082,28.017850875854492,24.1867733001709,22.135944366455078,21.095022201538086,24.1867733001709,25.70992088317871,27.20294189453125,30.364452362060547,32.893768310546875,33.52610778808594,34.48188018798828,35.1710090637207,35.44009017944336,34.928497314453125,33.241539001464844,33.241539001464844,32.572994232177734,31.62277603149414,30.675724029541016,29.120439529418945,28.460498809814453,26.570659637451172,25.0,22.472204208374023,20.615528106689453,16.76305389404297,13.928388595581055,12.206555366516113,10.630146026611328,13.0,14.142135620117188,16.0,18.0,21.02379608154297,24.0,29.0,32.0,34.2344856262207,35.693138122558594,37.64305877685547,37.57658767700195
0,-51.0,-95,25,8,78.72102355957031,73.00685119628906,70.93659210205078,66.73080444335938,61.032779693603516,53.45091247558594,48.703182220458984,43.65776062011719,39.217342376708984,34.928497314453125,30.4138126373291,26.62705421447754,24.083189010620117,21.40093421936035,21.02379608154297,24.331050872802734,26.07680892944336,29.017236709594727,31.0,33.0,35.05709457397461,36.0,35.05709457397461,37.0,36.055511474609375,34.01470184326172,34.0,34.0,32.0,30.0,31.0,31.0,28.0,24.0,23.0,21.0,18.027755737304688,16.031219482421875,13.601470947265625,11.180339813232422,14.142135620117188,13.601470947265625,16.552946090698242,19.697715759277344,21.840330123901367,25.298221588134766,27.513633728027344,31.95309066772461,34.438350677490234,35.84689712524414,38.60051727294922,38.94868469238281
0,-51.0,-95,25,9,81.93900299072266,78.54934692382812,70.93659210205078,68.62215423583984,62.297672271728516,56.61272048950195,51.54609680175781,45.221675872802734,40.16217041015625,34.928497314453125,32.202484130859375,27.459060668945312,24.75883674621582,23.323806762695312,22.847318649291992,24.515300750732422,27.166154861450195,30.066593170166016,34.0,35.0,37.013511657714844,39.051246643066406,36.055511474609375,37.05401611328125,38.05259704589844,37.05401611328125,35.05709457397461,32.06243896484375,33.0,32.0,31.0,30.0,29.017236709594727,25.0,25.079872131347656,21.095022201538086,18.0,16.031219482421875,13.34166431427002,12.529964447021484,12.806248664855957,13.601470947265625,15.231546401977539,18.027755737304688,21.189620971679688,24.041629791259766,27.85677719116211,32.202484130859375,34.0,36.359317779541016,39.408119201660156,38.94868469238281
0,-51.0,-95,24,12,77.2528305053711,73.05477142333984,70.21395874023438,65.96968841552734,59.66573715209961,52.17279052734375,47.29693603515625,42.20189666748047,37.36308288574219,32.572994232177734,28.635643005371094,24.698177337646484,24.083189010620117,21.40093421936035,22.825424194335938,24.73863410949707,26.476404190063477,28.44292449951172,31.14482307434082,32.24903106689453,34.36568069458008,35.35533905029297,34.525352478027344,34.36568069458008,33.37664031982422,32.38827133178711,32.140316009521484,31.064449310302734,30.01666259765625,29.154760360717773,29.068883895874023,28.07133674621582,26.019224166870117,24.083189010620117,22.090721130371094,19.02629852294922,18.0,14.0,14.317821502685547,11.180339813232422,11.313708305358887,14.422204971313477,15.264337539672852,19.697715759277344,20.615528106689453,24.166091918945312,28.635643005371094,30.886890411376953,33.61547088623047,35.80502700805664,37.64305877685547,37.48332977294922
0,-51.0,-95,24,13,80.99382781982422,75.29276275634766,71.19690704345703,67.5425796508789,60.41522979736328,52.801513671875,47.423622131347656,42.48529052734375,37.58989334106445,32.75667953491211,28.600698471069336,26.870058059692383,25.0,22.825424194335938,21.840330123901367,25.079872131347656,26.0,29.017236709594727,32.140316009521484,32.06243896484375,35.05709457397461,35.05709457397461,34.058773040771484,35.22782897949219,35.0142822265625,34.058773040771484,32.140316009521484,32.24903106689453,31.14482307434082,29.42787742614746,28.284271240234375,28.284271240234375,26.476404190063477,24.331050872802734,23.34523582458496,20.39607810974121,18.439088821411133,14.317821502685547,12.083045959472656,10.816654205322266,11.661903381347656,13.928388595581055,14.317821502685547,18.027755737304688,21.02379608154297,24.083189010620117,27.294687271118164,29.42787742614746,32.98484420776367,35.735137939453125,37.6961555480957,38.07886505126953
0,-52.0,-95,25,10,82.85529327392578,75.58438873291016,72.89718627929688,68.96376037597656,61.91122817993164,56.93856430053711,48.87739944458008,43.90899658203125,39.824615478515625,36.67424011230469,32.893768310546875,27.658634185791016,25.079872131347656,23.021728515625,23.53720474243164,25.05992889404297,27.459060668945312,28.844409942626953,31.890438079833984,34.4093017578125,36.400550842285156,37.80211639404297,37.44329071044922,37.735923767089844,36.055511474609375,36.055511474609375,33.60059356689453,32.80244064331055,32.015621185302734,30.479501724243164,29.20616340637207,28.600698471069336,28.017850875854492,24.413110733032227,22.803508758544922,21.40093421936035,19.10497283935547,16.401220321655273,13.45362377166748,13.0,13.152946472167969,13.03840446472168,15.29705810546875,19.92485809326172,24.698177337646484,25.63201141357422,29.120439529418945,34.48188018798828,35.693138122558594,38.11823654174805,40.0,41.1096076965332
0,-51.0,-95,23,16,79.15807342529297,73.00685119628906,73.00685119628906,64.25729370117188,61.032779693603516,53.45091247558594,48.703182220458984,43.011627197265625,38.27531814575195,34.928497314453125,29.96664810180664,24.698177337646484,24.083189010620117,21.40093421936035,21.931713104248047,24.515300750732422,24.083189010620117,27.018512725830078,30.0,33.0,34.058773040771484,36.055511474609375,36.055511474609375,37.013511657714844,35.0142822265625,34.058773040771484,32.06243896484375,34.0,31.016124725341797,32.015621185302734,30.0,29.0,28.017850875854492,24.083189010620117,24.083189010620117,21.095022201538086,17.11724281311035,16.124515533447266,12.165525436401367,11.180339813232422,11.313708305358887,12.806248664855957,16.124515533447266,16.155494689941406,21.189620971679688,24.351591110229492,27.85677719116211,30.870698928833008,33.61547088623047,36.055511474609375,37.64305877685547,38.20994567871094
0,-51.0,-95,24,13,81.78630828857422,76.29547882080078,73.97972869873047,67.36467742919922,63.19810104370117,54.147945404052734,50.2493782043457,44.283180236816406,40.31128692626953,36.34556198120117,29.614185333251953,26.248809814453125,25.05992889404297,22.022714614868164,22.022714614868164,24.59674835205078,26.248809814453125,30.08321762084961,32.75667953491211,34.71310806274414,35.1710090637207,37.36308288574219,38.60051727294922,37.36308288574219,37.947330474853516,34.78505325317383,33.241539001464844,33.95585250854492,32.280025482177734,32.015621185302734,30.08321762084961,31.048349380493164,28.635643005371094,26.925823211669922,24.041629791259766,19.646883010864258,17.464248657226562,15.29705810546875,13.03840446472168,11.180339813232422,11.661903381347656,13.45362377166748,14.866068840026855,19.416488647460938,21.095022201538086,24.698177337646484,28.017850875854492,30.610456466674805,34.71310806274414,35.38361358642578,37.80211639404297,38.587562561035156
0,-51.0,-95,25,8,80.0,74.88658142089844,70.1783447265625,66.73080444335938,60.41522979736328,53.23532485961914,48.3735466003418,43.90899658203125,39.96248245239258,34.13209533691406,29.832868576049805,25.45584487915039,22.803508758544922,21.540658950805664,21.3775577545166,24.0,26.07680892944336,29.27456283569336,30.4138126373291,34.36568069458008,34.13209533691406,35.12833786010742,35.22782897949219,36.22154235839844,34.2344856262207,35.22782897949219,32.38827133178711,32.38827133178711,31.400636672973633,29.42787742614746,29.42787742614746,27.294687271118164,26.305892944335938,24.083189010620117,22.360679626464844,20.2237491607666,16.492422103881836,14.317821502685547,11.180339813232422,10.0,12.206555366516113,13.928388595581055,14.142135620117188,18.11077117919922,21.095022201538086,24.083189010620117,28.160255432128906,30.4138126373291,32.75667953491211,35.44009017944336,38.4837646484375,38.07886505126953
0,-51.0,-95,24,12,76.6093978881836,73.7834701538086,69.1158447265625,68.0,58.5918083190918,53.66563034057617,47.41307830810547,41.59326934814453,35.84689712524414,31.62277603149414,30.610456466674805,25.495098114013672,24.698177337646484,22.472204208374023,22.56102752685547,25.0,27.073972702026367,28.07133674621582,32.38827133178711,32.24903106689453,34.13209533691406,34.2344856262207,34.13209533691406,34.36568069458008,34.2344856262207,32.38827133178711,30.4138126373291,29.42787742614746,32.75667953491211,28.635643005371094,29.614185333251953,28.635643005371094,26.476404190063477,24.515300750732422,22.803508758544922,19.646883010864258,17.72004508972168,15.231546401977539,13.416407585144043,10.630146026611328,13.03840446472168,14.866068840026855,15.132745742797852,19.02629852294922,21.02379608154297,24.083189010620117,27.459060668945312,30.265491485595703,32.75667953491211,36.400550842285156,36.400550842285156,38.470767974853516
0,-51.0,-95,24,13,80.65978240966797,77.33692169189453,73.10950469970703,68.818603515625,62.68173599243164,54.64430618286133,49.648765563964844,44.40720748901367,40.0,34.71310806274414,31.827661514282227,28.017850875854492,25.495098114013672,24.351591110229492,24.1867733001709,26.0,27.073972702026367,30.4138126373291,30.805843353271484,34.71310806274414,35.510562896728516,36.67424011230469,35.510562896728516,35.902645111083984,36.67424011230469,35.902645111083984,31.78049659729004,32.98484420776367,32.98484420776367,31.048349380493164,30.08321762084961,29.832868576049805,28.861740112304688,24.515300750732422,23.76972770690918,20.615528106689453,18.973665237426758,15.81138801574707,12.083045959472656,12.041594505310059,12.083045959472656,12.649110794067383,16.124515533447266,20.02498435974121,23.0,26.07680892944336,29.154760360717773,32.24903106689453,35.510562896728516,37.10795211791992,40.16217041015625,39.357337951660156
0,-51.0,-95,25,9,79.60527801513672,75.1531753540039,70.7742919921875,67.41661834716797,58.52349853515625,54.08327102661133,48.10405349731445,43.65776062011719,40.31128692626953,33.105892181396484,31.30495262145996,27.80287742614746,24.041629791259766,23.853721618652344,21.540658950805664,23.53720474243164,26.172504425048828,28.017850875854492,32.0,34.0,35.0142822265625,38.0,35.05709457397461,37.05401611328125,36.055511474609375,35.05709457397461,34.01470184326172,32.0,32.0,31.0,30.0,29.0,27.0,25.0,23.021728515625,22.022714614868164,18.0,14.03566837310791,13.152946472167969,12.083045959472656,11.401754379272461,13.03840446472168,14.866068840026855,17.72004508972168,19.92485809326172,23.409399032592773,27.513633728027344,31.78049659729004,34.0,36.359317779541016,37.013511657714844,39.623226165771484
0,-51.0,-95,24,12,83.00602722167969,80.15609741210938,72.17340087890625,67.47592163085938,61.66035842895508,55.73149871826172,51.62363815307617,45.7055778503418,42.296573638916016,36.013885498046875,33.0151481628418,27.294687271118164,24.351591110229492,21.954498291015625,23.430749893188477,24.83948516845703,28.017850875854492,30.01666259765625,34.0,34.885528564453125,35.84689712524414,38.94868469238281,38.27531814575195,38.470767974853516,37.2155876159668,36.715118408203125,34.0,33.12099075317383,31.764760971069336,31.78049659729004,30.886890411376953,29.529645919799805,27.784887313842773,25.553865432739258,25.553865432739258,21.470911026000977,19.313207626342773,14.866068840026855,13.03840446472168,12.041594505310059,13.152946472167969,14.317821502685547,15.620499610900879,17.69180679321289,22.627416610717773,24.75883674621582,29.698484420776367,32.015621185302734,35.0,36.619667053222656,38.94868469238281,40.31128692626953
0,-51.0,-95,24,13,81.00617218017578,75.58438873291016,75.1531753540039,68.15423583984375,63.324562072753906,55.71355438232422,51.62363815307617,44.384681701660156,39.0,35.7770881652832,32.75667953491211,27.80287742614746,24.041629791259766,23.021728515625,21.931713104248047,24.515300750732422,26.019224166870117,30.01666259765625,32.0,35.0,36.0,38.0,37.013511657714844,37.0,35.0142822265625,34.0,32.0,33.0,32.015621185302734,29.068883895874023,29.017236709594727,30.0,29.0,26.0,23.0,20.02498435974121,18.11077117919922,15.132745742797852,13.601470947265625,10.770329475402832,12.041594505310059,12.083045959472656,14.866068840026855,18.681541442871094,22.56102752685547,25.495098114013672,28.160255432128906,30.675724029541016,34.539833068847656,36.2353401184082,37.735923767089844,38.28837966918945
0,-51.0,-95,24,12,79.61155700683594,74.06078338623047,70.80254364013672,66.06814575195312,60.95900344848633,52.40229034423828,49.67897033691406,42.01190185546875,37.202152252197266,33.83784866333008,29.529645919799805,26.570659637451172,23.53720474243164,24.020824432373047,22.090721130371094,25.298221588134766,26.0,29.068883895874023,30.528675079345703,32.75667953491211,33.12099075317383,34.0,34.0,34.0,33.12099075317383,33.12099075317383,31.064449310302734,29.681644439697266,30.0,30.0,28.600698471069336,28.017850875854492,25.238859176635742,24.413110733032227,22.803508758544922,20.615528106689453,18.384777069091797,14.142135620117188,12.806248664855957,11.180339813232422,13.03840446472168,14.0,15.29705810546875,18.681541442871094,22.135944366455078,24.041629791259766,28.160255432128906,30.08321762084961,34.525352478027344,36.34556198120117,37.0,37.05401611328125
0,-51.0,-95,24,12,80.62257385253906,76.66159057617188,68.79679870605469,68.00735473632812,57.20139694213867,52.801513671875,49.40647888183594,42.43819046020508,39.11521530151367,34.13209533691406,31.78049659729004,27.20294189453125,24.73863410949707,23.0,23.34523582458496,23.409399032592773,27.312999725341797,28.17800521850586,31.38471031188965,33.12099075317383,35.35533905029297,36.715118408203125,35.7770881652832,37.121421813964844,37.57658767700195,35.34119415283203,33.12099075317383,32.202484130859375,32.649654388427734,30.01666259765625,29.068883895874023,28.65309715270996,27.294687271118164,25.942243576049805,23.706539154052734,21.470911026000977,19.72308349609375,16.124515533447266,12.806248664855957,12.206555366516113,13.0,15.132745742797852,16.0,18.027755737304688,21.095022201538086,25.079872131347656,29.017236709594727,32.0,34.0,37.336307525634766,38.07886505126953,39.217342376708984
0,-52.0,-95,25,9,79.7057113647461,76.69419860839844,72.80110168457031,70.21395874023438,61.13100814819336,55.36244201660156,51.244510650634766,45.35416030883789,40.49691390991211,37.6961555480957,31.78049659729004,26.925823211669922,26.248809814453125,21.40093421936035,22.825424194335938,24.041629791259766,26.172504425048828,29.068883895874023,33.0151481628418,35.05709457397461,35.22782897949219,38.05259704589844,37.121421813964844,38.05259704589844,36.34556198120117,35.22782897949219,34.058773040771484,33.0151481628418,32.015621185302734,32.0,31.016124725341797,30.01666259765625,29.068883895874023,26.0,24.0,20.02498435974121,17.029386520385742,16.0,14.142135620117188,12.083045959472656,12.806248664855957,13.892443656921387,14.317821502685547,20.615528106689453,22.135944366455078,27.85677719116211,30.08321762084961,32.202484130859375,36.715118408203125,37.2155876159668,40.45985794067383,41.72529220581055
0,-51.0,-95,24,13,81.6333236694336,77.41446685791016,70.23532104492188,68.44705963134766,58.694122314453125,57.00876998901367,49.76947021484375,44.777225494384766,40.31128692626953,33.61547088623047,30.886890411376953,27.018512725830078,24.041629791259766,21.954498291015625,21.189620971679688,23.0867919921875,26.0,27.0,32.06243896484375,34.058773040771484,36.013885498046875,36.0,35.0,36.055511474609375,38.0,35.0142822265625,35.0142822265625,32.06243896484375,33.0151481628418,31.064449310302734,29.017236709594727,29.0,28.0,25.0,24.0,20.0,19.0,14.317821502685547,12.083045959472656,11.401754379272461,12.727922439575195,13.601470947265625,16.76305389404297,18.681541442871094,20.615528106689453,23.76972770690918,28.460498809814453,31.95309066772461,34.539833068847656,37.121421813964844,38.832977294921875,39.69886779785156
0,-51.0,-95,24,13,79.4040298461914,71.19690704345703,72.94518280029297,65.7419204711914,61.741397857666016,51.89412307739258,48.754486083984375,42.95346450805664,38.01315689086914,34.48188018798828,29.4108829498291,26.172504425048828,22.803508758544922,22.360679626464844,20.615528106689453,25.0,26.019224166870117,29.068883895874023,32.24903106689453,34.2344856262207,35.05709457397461,37.121421813964844,37.05401611328125,37.121421813964844,36.055511474609375,34.01470184326172,33.13608169555664,33.060550689697266,31.400636672973633,31.14482307434082,29.154760360717773,29.27456283569336,28.07133674621582,26.07680892944336,23.0867919921875,20.2237491607666,17.262676239013672,14.317821502685547,13.0,11.401754379272461,12.206555366516113,13.928388595581055,14.866068840026855,18.11077117919922,21.21320343017578,24.331050872802734,29.42787742614746,31.575305938720703,35.1710090637207,36.400550842285156,38.01315689086914,37.735923767089844
0,-51.0,-95,24,12,83.0,80.05622863769531,73.02738952636719,69.18092346191406,61.29437255859375,58.54912567138672,52.46903991699219,45.17742919921875,40.04996871948242,34.0,32.015621185302734,27.459060668945312,25.298221588134766,22.472204208374023,24.083189010620117,25.495098114013672,28.844409942626953,29.154760360717773,32.649654388427734,35.7770881652832,36.2353401184082,38.470767974853516,36.715118408203125,36.715118408203125,35.35533905029297,35.35533905029297,33.541019439697266,31.30495262145996,32.202484130859375,31.38471031188965,29.068883895874023,27.85677719116211,26.0,26.4007568359375,25.079872131347656,20.124610900878906,18.788293838500977,15.132745742797852,13.0,13.152946472167969,11.401754379272461,13.03840446472168,17.69180679321289,19.10497283935547,21.260292053222656,24.75883674621582,28.319604873657227,32.557640075683594,35.608985900878906,37.202152252197266,39.4461669921875,40.71854782104492
0,-51.0,-95,24,12,81.00617218017578,78.03204345703125,73.7834701538086,68.818603515625,63.0079345703125,57.00876998901367,49.40647888183594,45.221675872802734,40.49691390991211,34.13209533691406,33.105892181396484,28.460498809814453,24.515300750732422,23.0,21.587032318115234,25.63201141357422,26.832815170288086,30.01666259765625,31.064449310302734,31.62277603149414,34.13209533691406,34.13209533691406,34.98571014404297,34.98571014404297,34.98571014404297,34.13209533691406,31.62277603149414,31.62277603149414,30.805843353271484,30.0,29.4108829498291,27.20294189453125,25.806976318359375,25.238859176635742,23.430749893188477,20.615528106689453,19.10497283935547,13.45362377166748,11.401754379272461,10.440306663513184,12.165525436401367,15.0,16.278820037841797,18.973665237426758,22.472204208374023,25.298221588134766,29.120439529418945,32.015621185302734,34.36568069458008,38.11823654174805,40.0,39.31920623779297
0,-53.0,-95,25,9,77.41446685791016,78.16009521484375,67.02984619140625,66.00757598876953,59.03388977050781,56.00892639160156,48.0,44.0113639831543,37.121421813964844,32.06243896484375,31.400636672973633,24.698177337646484,22.825424194335938,20.808652877807617,21.931713104248047,21.954498291015625,26.4007568359375,27.73084831237793,31.016124725341797,31.62277603149414,33.83784866333008,34.78505325317383,31.95309066772461,35.735137939453125,35.11410140991211,32.893768310546875,31.62277603149414,30.08321762084961,30.08321762084961,28.861740112304688,29.4108829498291,25.961509704589844,27.20294189453125,24.041629791259766,22.803508758544922,19.92485809326172,18.681541442871094,14.142135620117188,12.0,11.180339813232422,11.661903381347656,14.21267032623291,16.6433162689209,20.808652877807617,24.413110733032227,24.413110733032227,29.20616340637207,32.015621185302734,35.46829605102539,38.94868469238281,39.408119201660156,39.4461669921875
0,-51.0,-95,24,13,79.6303939819336,76.40026092529297,71.21797180175781,66.60330200195312,60.14149856567383,55.90169906616211,50.32891845703125,44.68780517578125,40.0,36.400550842285156,31.906112670898438,29.068883895874023,24.351591110229492,22.203603744506836,22.0,24.515300750732422,27.20294189453125,28.23118782043457,31.30495262145996,34.01470184326172,35.7770881652832,36.24913787841797,37.6961555480957,38.07886505126953,37.6961555480957,34.539833068847656,34.539833068847656,33.105892181396484,33.105892181396484,31.30495262145996,30.463092803955078,29.154760360717773,28.635643005371094,25.079872131347656,23.25940704345703,21.470911026000977,19.235383987426758,15.264337539672852,12.806248664855957,12.529964447021484,13.928388595581055,14.317821502685547,17.0,20.0,23.021728515625,26.0,30.0,33.0151481628418,37.013511657714844,38.327537536621094,40.26164245605469,40.49691390991211
0,-51.0,-95,24,13,80.80223083496094,76.27581787109375,72.71863555908203,66.73080444335938,61.29437255859375,54.58937454223633,50.6063232421875,43.90899658203125,38.94868469238281,34.66987228393555,31.240999221801758,26.90724754333496,23.600847244262695,21.540658950805664,22.56102752685547,24.020824432373047,27.018512725830078,30.149627685546875,32.38827133178711,35.35533905029297,35.22782897949219,35.12833786010742,36.055511474609375,38.327537536621094,38.11823654174805,36.12478256225586,33.241539001464844,35.22782897949219,32.38827133178711,31.400636672973633,30.265491485595703,31.14482307434082,29.154760360717773,26.07680892944336,23.0867919921875,20.099750518798828,19.235383987426758,14.317821502685547,12.083045959472656,12.206555366516113,14.21267032623291,15.231546401977539,14.866068840026855,18.681541442871094,21.587032318115234,25.495098114013672,29.614185333251953,30.08321762084961,34.78505325317383,37.6961555480957,39.824615478515625,39.408119201660156
0,-51.0,-95,23,16,79.17701721191406,76.02631378173828,71.11258697509766,66.30987548828125,61.46543884277344,54.08327102661133,49.39635467529297,44.777225494384766,40.31128692626953,34.885528564453125,33.12099075317383,28.017850875854492,24.75883674621582,21.63330841064453,22.847318649291992,24.515300750732422,26.07680892944336,29.068883895874023,32.0,35.0,36.055511474609375,37.013511657714844,34.058773040771484,36.12478256225586,35.12833786010742,34.058773040771484,33.060550689697266,32.0,30.0,31.0,29.0,28.0,28.0,26.0,23.0,21.02379608154297,18.0,15.033296585083008,14.317821502685547,11.661903381347656,12.041594505310059,12.806248664855957,16.124515533447266,17.0880069732666,20.615528106689453,24.041629791259766,26.570659637451172,31.78049659729004,34.0,35.510562896728516,37.64305877685547,38.20994567871094
0,-51.0,-95,24,13,81.83519744873047,79.64923095703125,72.94518280029297,70.7742919921875,63.158531188964844,57.384666442871094,50.15974426269531,43.8292121887207,38.470767974853516,34.48188018798828,31.064449310302734,26.248809814453125,25.495098114013672,23.323806762695312,22.472204208374023,25.179357528686523,28.017850875854492,29.0,32.0,34.0,35.0,35.0,33.0,37.0,35.0,35.0,32.06243896484375,31.0,32.0,29.068883895874023,30.01666259765625,28.07133674621582,27.073972702026367,25.079872131347656,23.194826126098633,18.11077117919922,18.11077117919922,14.317821502685547,13.0,10.816654205322266,12.041594505310059,14.317821502685547,14.560219764709473,20.615528106689453,22.56102752685547,25.495098114013672,28.635643005371094,31.320919036865234,34.1760139465332,36.67424011230469,38.94868469238281,40.0
0,-52.0,-95,25,9,83.18653869628906,80.7527084350586,72.44308471679688,69.1158447265625,62.07253646850586,57.0,50.0099983215332,44.0113639831543,40.04996871948242,32.38827133178711,30.08321762084961,31.016124725341797,24.59674835205078,22.022714614868164,24.083189010620117,23.853721618652344,28.635643005371094,28.23118782043457,32.280025482177734,33.241539001464844,34.1760139465332,36.055511474609375,34.539833068847656,36.68787384033203,37.0,34.1760139465332,33.52610778808594,30.675724029541016,30.08321762084961,30.08321762084961,27.513633728027344,29.120439529418945,25.0,23.409399032592773,24.041629791259766,21.587032318115234,17.464248657226562,15.132745742797852,13.03840446472168,11.401754379272461,12.083045959472656,14.142135620117188,16.401220321655273,20.808652877807617,21.63330841064453,23.600847244262695,30.479501724243164,32.526912689208984,34.71310806274414,38.28837966918945,38.832977294921875,41.146080017089844
0,-51.0,-95,24,13,80.22468566894531,74.06078338623047,71.02816009521484,66.0302963256836,59.03388977050781,53.037723541259766,48.0,41.0,38.01315689086914,33.060550689697266,29.42787742614746,26.248809814453125,24.698177337646484,23.021728515625,22.627416610717773,23.323806762695312,25.495098114013672,28.23118782043457,31.016124725341797,32.893768310546875,34.928497314453125,36.769554138183594,34.928497314453125,36.400550842285156,36.400550842285156,34.928497314453125,32.31098937988281,32.31098937988281,31.95309066772461,28.460498809814453,28.460498809814453,28.792360305786133,27.20294189453125,25.63201141357422,22.472204208374023,20.880613327026367,17.464248657226562,16.278820037841797,13.03840446472168,12.041594505310059,11.180339813232422,12.806248664855957,15.55634880065918,17.804492950439453,22.203603744506836,25.0,29.20616340637207,30.479501724243164,33.241539001464844,36.2353401184082,38.832977294921875,39.824615478515625
0,-51.0,-95,24,12,80.62257385253906,75.32595825195312,71.25306701660156,66.0302963256836,61.00819778442383,54.0,51.0,45.0,41.0,36.055511474609375,32.38827133178711,28.861740112304688,23.76972770690918,21.63330841064453,21.931713104248047,24.20743751525879,25.05992889404297,28.635643005371094,30.463092803955078,34.539833068847656,35.34119415283203,35.7770881652832,35.7770881652832,36.769554138183594,35.34119415283203,35.7770881652832,33.105892181396484,31.38471031188965,31.78049659729004,31.38471031188965,29.546573638916016,28.635643005371094,29.068883895874023,24.698177337646484,23.25940704345703,20.59126091003418,18.788293838500977,14.866068840026855,14.03566837310791,13.03840446472168,13.152946472167969,14.317821502685547,16.401220321655273,17.029386520385742,21.931713104248047,24.083189010620117,28.42534065246582,31.240999221801758,33.0151481628418,36.715118408203125,37.57658767700195,39.217342376708984
0,-51.0,-95,24,12,81.1541748046875,76.05918884277344,72.00694274902344,66.00757598876953,62.032249450683594,54.08327102661133,51.03919982910156,45.0111083984375,41.0,35.05709457397461,32.140316009521484,28.635643005371094,24.166091918945312,23.021728515625,22.627416610717773,25.806976318359375,25.553865432739258,29.068883895874023,31.78049659729004,34.01470184326172,35.7770881652832,37.57658767700195,36.2353401184082,36.67424011230469,34.885528564453125,34.438350677490234,31.78049659729004,31.78049659729004,31.016124725341797,31.38471031188965,27.85677719116211,27.85677719116211,26.0,24.698177337646484,24.166091918945312,19.697715759277344,18.027755737304688,15.132745742797852,13.0,12.041594505310059,13.0,13.03840446472168,15.55634880065918,17.69180679321289,20.615528106689453,24.083189010620117,27.58622932434082,30.4138126373291,34.71310806274414,36.400550842285156,38.27531814575195,37.57658767700195
0,-51.0,-95,24,13,82.75868225097656,77.15568542480469,73.87828063964844,69.40460968017578,64.07027435302734,56.30275344848633,50.21951675415039,44.40720748901367,40.607879638671875,34.71310806274414,30.4138126373291,28.600698471069336,24.698177337646484,22.472204208374023,23.0867919921875,25.01999282836914,27.166154861450195,29.42787742614746,31.575305938720703,32.98484420776367,33.734256744384766,35.693138122558594,35.510562896728516,33.734256744384766,35.510562896728516,32.75667953491211,32.015621185302734,32.015621185302734,30.08321762084961,29.120439529418945,28.160255432128906,27.892650604248047,27.20294189453125,24.73863410949707,23.409399032592773,21.189620971679688,18.384777069091797,14.866068840026855,13.601470947265625,11.313708305358887,11.180339813232422,14.317821502685547,17.11724281311035,18.0,22.0,24.0,29.0,32.06243896484375,34.36568069458008,37.85498809814453,39.217342376708984,38.910152435302734
0,-52.0,-95,25,9,80.22468566894531,76.05918884277344,68.0,66.0302963256836,59.03388977050781,54.230987548828125,47.04253387451172,44.0113639831543,40.0,34.058773040771484,32.140316009521484,26.68332862854004,24.351591110229492,22.825424194335938,23.34523582458496,22.803508758544922,26.07680892944336,26.925823211669922,29.96664810180664,31.38471031188965,34.0,35.34119415283203,32.202484130859375,34.438350677490234,34.48188018798828,33.12099075317383,32.649654388427734,31.78049659729004,29.068883895874023,28.23118782043457,28.23118782043457,26.4007568359375,28.23118782043457,23.76972770690918,23.25940704345703,21.931713104248047,18.973665237426758,15.81138801574707,13.152946472167969,11.0,12.165525436401367,12.083045959472656,15.620499610900879,18.384777069091797,20.51828384399414,24.041629791259766,28.319604873657227,31.890438079833984,35.22782897949219,36.8917350769043,38.910152435302734,39.560081481933594
0,-51.0,-95,24,13,85.47514343261719,81.39410400390625,75.58438873291016,68.15423583984375,63.324562072753906,57.00876998901367,52.201534271240234,46.81879806518555,42.72002029418945,35.7770881652832,33.61547088623047,29.20616340637207,25.495098114013672,23.853721618652344,23.409399032592773,24.73863410949707,27.073972702026367,29.0,33.0,35.0142822265625,36.055511474609375,39.051246643066406,37.013511657714844,37.0,38.01315689086914,36.055511474609375,35.0142822265625,35.0,34.0,33.0,29.0,30.0,28.017850875854492,26.0,26.0,23.0,20.02498435974121,15.29705810546875,13.928388595581055,13.03840446472168,13.601470947265625,13.601470947265625,17.0880069732666,18.681541442871094,21.840330123901367,24.698177337646484,29.154760360717773,34.01470184326172,37.121421813964844,39.4461669921875,39.408119201660156,41.773197174072266
0,-51.0,-95,24,12,77.92945861816406,73.54590606689453,68.65857696533203,64.03124237060547,59.203041076660156,53.45091247558594,47.801673889160156,43.17406463623047,38.07886505126953,33.734256744384766,30.265491485595703,26.0,24.083189010620117,21.840330123901367,20.59126091003418,22.803508758544922,24.75883674621582,26.4007568359375,29.4108829498291,31.62277603149414,32.202484130859375,33.60059356689453,33.42155075073242,35.0,33.42155075073242,32.649654388427734,31.62277603149414,30.0,28.017850875854492,28.844409942626953,27.20294189453125,26.4007568359375,25.238859176635742,22.203603744506836,22.203603744506836,19.416488647460938,17.492855072021484,12.083045959472656,11.180339813232422,10.0,13.152946472167969,13.928388595581055,15.81138801574707,18.027755737304688,21.40093421936035,23.430749893188477,27.20294189453125,30.805843353271484,33.61547088623047,35.34119415283203,37.336307525634766,37.85498809814453
0,-51.0,-95,24,12,80.65357971191406,75.0,73.76313781738281,68.24954223632812,61.98386764526367,53.75872039794922,49.030601501464844,42.7551155090332,37.85498809814453,34.928497314453125,30.675724029541016,26.832815170288086,23.853721618652344,22.627416610717773,22.472204208374023,26.0,26.925823211669922,28.635643005371094,32.38827133178711,33.541019439697266,34.71310806274414,35.693138122558594,34.928497314453125,34.71310806274414,34.71310806274414,32.557640075683594,31.256999969482422,32.140316009521484,30.066593170166016,29.068883895874023,28.160255432128906,29.068883895874023,27.073972702026367,26.07680892944336,22.090721130371094,21.0,17.0,16.0,13.152946472167969,11.180339813232422,13.45362377166748,14.422204971313477,15.65247631072998,19.697715759277344,22.472204208374023,25.63201141357422,29.154760360717773,32.202484130859375,34.98571014404297,37.202152252197266,38.94868469238281,39.69886779785156
0,-51.0,-95,25,9,84.59905242919922,78.71467590332031,74.24284362792969,69.85699462890625,64.07807922363281,57.584720611572266,52.0,46.81879806518555,40.853397369384766,35.7770881652832,32.24903106689453,28.017850875854492,24.75883674621582,23.853721618652344,24.166091918945312,25.70992088317871,27.073972702026367,29.017236709594727,32.0,35.0142822265625,36.013885498046875,37.013511657714844,35.12833786010742,35.0142822265625,35.05709457397461,34.01470184326172,33.0,32.0,32.0,31.016124725341797,29.0,29.0,27.0,25.0,25.0,20.02498435974121,18.0,15.132745742797852,13.928388595581055,12.806248664855957,11.313708305358887,13.601470947265625,16.155494689941406,18.027755737304688,21.189620971679688,25.298221588134766,27.513633728027344,32.69556427001953,34.885528564453125,35.510562896728516,39.408119201660156,39.623226165771484
0,-51.0,-95,24,13,82.76472473144531,80.0624771118164,74.30342864990234,71.86793518066406,63.812225341796875,56.859474182128906,51.03919982910156,44.10215377807617,40.8166618347168,34.438350677490234,31.016124725341797,26.68332862854004,26.07680892944336,24.0,24.515300750732422,25.079872131347656,26.925823211669922,28.844409942626953,31.064449310302734,33.60059356689453,34.4093017578125,36.055511474609375,33.83784866333008,35.22782897949219,35.22782897949219,34.4093017578125,32.80244064331055,31.14482307434082,30.479501724243164,29.73213768005371,29.0,27.658634185791016,26.90724754333496,24.83948516845703,22.803508758544922,20.51828384399414,17.69180679321289,15.620499610900879,13.892443656921387,12.369317054748535,11.045360565185547,14.142135620117188,17.464248657226562,18.384777069091797,21.931713104248047,25.495098114013672,28.792360305786133,32.572994232177734,35.1710090637207,35.693138122558594,39.20458984375,41.0
0,-51.0,-95,24,13,78.72102355957031,71.11962127685547,72.06941223144531,65.19202423095703,60.464866638183594,51.03919982910156,48.54894256591797,41.88078308105469,36.715118408203125,35.34119415283203,30.08321762084961,25.298221588134766,25.317977905273438,23.0,22.360679626464844,24.166091918945312,24.1867733001709,28.301942825317383,30.805843353271484,32.80244064331055,33.83784866333008,34.4093017578125,35.22782897949219,35.510562896728516,35.510562896728516,32.75667953491211,31.064449310302734,31.064449310302734,30.0,28.600698471069336,27.018512725830078,27.80287742614746,27.018512725830078,25.0,21.40093421936035,18.601076126098633,16.401220321655273,15.55634880065918,13.601470947265625,10.770329475402832,12.041594505310059,13.03840446472168,16.278820037841797,17.72004508972168,21.189620971679688,25.0,30.08321762084961,31.78049659729004,34.2344856262207,37.013511657714844,39.0,39.31920623779297
0,-52.0,-95,25,8,74.30342864990234,66.64083099365234,66.18912506103516,61.32699203491211,55.54277801513672,50.9215087890625,45.694637298583984,42.154476165771484,36.24913787841797,32.649654388427734,28.17800521850586,24.20743751525879,21.931713104248047,19.72308349609375,19.697715759277344,21.3775577545166,24.083189010620117,26.0,29.068883895874023,31.064449310302734,32.015621185302734,33.0151481628418,33.0151481628418,34.0,32.0,32.0,31.0,30.0,29.017236709594727,29.0,26.019224166870117,26.07680892944336,24.083189010620117,22.0,21.02379608154297,20.0,15.0,14.317821502685547,9.848857879638672,11.313708305358887,11.313708305358887,12.529964447021484,16.155494689941406,16.76305389404297,20.615528106689453,24.351591110229492,27.513633728027344,31.38471031188965,34.0,37.2155876159668,37.80211639404297,36.769554138183594
0,-52.0,-95,25,8,74.20242309570312,73.10950469970703,67.26811981201172,64.35060119628906,56.56854248046875,52.40229034423828,45.27692413330078,41.03656768798828,35.35533905029297,31.890438079833984,29.4108829498291,24.1867733001709,22.472204208374023,20.2237491607666,21.02379608154297,21.840330123901367,23.76972770690918,25.495098114013672,29.068883895874023,32.202484130859375,33.12099075317383,35.7770881652832,33.61547088623047,35.7770881652832,33.541019439697266,32.649654388427734,30.870698928833008,29.068883895874023,30.886890411376953,28.844409942626953,27.294687271118164,27.294687271118164,26.419689178466797,23.706539154052734,20.124610900878906,19.697715759277344,16.124515533447266,14.142135620117188,12.206555366516113,13.0,9.219544410705566,13.0,17.11724281311035,18.248287200927734,20.615528106689453,24.73863410949707,28.284271240234375,32.06243896484375,34.058773040771484,37.0,38.05259704589844,38.832977294921875
0,-52.0,-95,24,12,76.5506362915039,71.16881561279297,67.35725402832031,64.28841400146484,55.10898208618164,53.93514633178711,48.27007293701172,41.231056213378906,38.327537536621094,31.95309066772461,30.364452362060547,26.0,22.203603744506836,22.022714614868164,22.360679626464844,24.73863410949707,25.495098114013672,26.476404190063477,32.140316009521484,32.24903106689453,34.13209533691406,34.2344856262207,32.557640075683594,35.510562896728516,32.98484420776367,33.734256744384766,32.38827133178711,30.066593170166016,29.068883895874023,28.160255432128906,28.07133674621582,26.07680892944336,26.07680892944336,22.090721130371094,24.083189010620117,20.02498435974121,18.0,13.03840446472168,13.152946472167969,11.661903381347656,12.041594505310059,11.313708305358887,17.8885440826416,17.464248657226562,20.615528106689453,23.25940704345703,26.4007568359375,29.529645919799805,34.13209533691406,35.80502700805664,37.53664779663086,36.79673767089844
0,-51.0,-95,24,13,81.85963439941406,77.47257232666016,75.7693862915039,70.51950073242188,65.14598846435547,55.36244201660156,50.96076965332031,44.271888732910156,40.16217041015625,35.46829605102539,30.4138126373291,28.600698471069336,24.75883674621582,22.203603744506836,24.59674835205078,24.515300750732422,26.07680892944336,29.068883895874023,32.0,35.0142822265625,35.05709457397461,36.0,35.05709457397461,35.05709457397461,36.055511474609375,32.015621185302734,31.0,32.0,30.066593170166016,29.068883895874023,29.017236709594727,28.0,27.0,24.0,22.0,19.10497283935547,17.464248657226562,14.142135620117188,13.0,10.816654205322266,12.206555366516113,14.317821502685547,15.524174690246582,19.235383987426758,22.360679626464844,26.68332862854004,30.08321762084961,31.320919036865234,33.83784866333008,36.769554138183594,38.94868469238281,40.0
0,-51.0,-95,24,13,79.32212829589844,76.85050201416016,71.34423828125,66.64833068847656,59.03388977050781,55.03635025024414,48.754486083984375,42.94182205200195,37.58989334106445,31.62277603149414,28.600698471069336,26.172504425048828,25.0,21.540658950805664,22.56102752685547,23.021728515625,25.01999282836914,28.017850875854492,30.149627685546875,32.140316009521484,32.24903106689453,34.36568069458008,34.13209533691406,34.36568069458008,33.241539001464844,33.241539001464844,31.400636672973633,29.614185333251953,29.614185333251953,29.42787742614746,26.476404190063477,26.68332862854004,26.925823211669922,23.76972770690918,22.56102752685547,20.615528106689453,17.72004508972168,15.231546401977539,13.03840446472168,12.806248664855957,10.816654205322266,13.34166431427002,17.11724281311035,19.10497283935547,22.022714614868164,24.020824432373047,29.068883895874023,32.38827133178711,34.525352478027344,36.68787384033203,37.6961555480957,38.470767974853516
0,-51.0,-95,23,16,80.23091888427734,76.68767547607422,70.8307876586914,66.48307800292969,59.4810905456543,55.6596794128418,48.764739990234375,44.643028259277344,38.832977294921875,33.541019439697266,32.38827133178711,29.0,24.083189010620117,22.803508758544922,22.825424194335938,23.430749893188477,26.870058059692383,28.319604873657227,31.400636672973633,32.202484130859375,35.608985900878906,35.608985900878906,36.2353401184082,36.400550842285156,35.46829605102539,34.058773040771484,33.42155075073242,32.202484130859375,31.400636672973633,30.232433319091797,28.600698471069336,27.20294189453125,26.4007568359375,25.0,23.021728515625,20.808652877807617,18.027755737304688,14.764822959899902,12.369317054748535,13.0,12.041594505310059,13.928388595581055,15.264337539672852,18.867961883544922,21.40093421936035,24.413110733032227,28.301942825317383,32.75667953491211,34.885528564453125,36.769554138183594,38.60051727294922,39.81205749511719
0,-51.0,-95,24,12,76.05918884277344,70.66116333007812,69.77105712890625,63.631752014160156,59.6824951171875,50.477718353271484,47.50789260864258,42.54409408569336,36.715118408203125,34.0,29.154760360717773,26.248809814453125,24.331050872802734,23.0,21.587032318115234,22.360679626464844,23.853721618652344,26.4007568359375,28.600698471069336,32.015621185302734,33.60059356689453,34.4093017578125,33.83784866333008,35.22782897949219,32.202484130859375,32.4499626159668,30.0,31.240999221801758,29.20616340637207,29.20616340637207,28.42534065246582,27.658634185791016,26.4007568359375,24.83948516845703,22.203603744506836,17.804492950439453,15.55634880065918,14.866068840026855,14.422204971313477,13.601470947265625,13.0,14.142135620117188,16.492422103881836,17.72004508972168,21.540658950805664,25.63201141357422,28.792360305786133,31.048349380493164,34.525352478027344,36.22154235839844,37.0,38.11823654174805
0,-51.0,-95,24,13,78.58753204345703,76.5375747680664,70.83784484863281,67.779052734375,59.61543273925781,54.230987548828125,47.92702865600586,43.46262741088867,38.27531814575195,33.52610778808594,29.614185333251953,26.07680892944336,24.083189010620117,21.587032318115234,22.360679626464844,22.803508758544922,26.172504425048828,27.58622932434082,32.557640075683594,34.058773040771484,35.38361358642578,36.06937789916992,34.65544509887695,36.12478256225586,35.38361358642578,33.970577239990234,31.890438079833984,31.890438079833984,31.240999221801758,27.018512725830078,29.20616340637207,29.20616340637207,26.248809814453125,25.495098114013672,21.931713104248047,18.439088821411133,16.6433162689209,15.264337539672852,13.928388595581055,13.152946472167969,11.0,14.560219764709473,16.552946090698242,18.867961883544922,22.203603744506836,24.413110733032227,28.65309715270996,31.30495262145996,32.69556427001953,37.0,38.60051727294922,40.4474983215332
0,-51.0,-95,24,13,80.95677947998047,77.077880859375,73.53910827636719,68.62215423583984,62.297672271728516,55.36244201660156,49.33558654785156,45.221675872802734,40.16217041015625,35.84689712524414,31.30495262145996,27.459060668945312,24.75883674621582,22.803508758544922,22.825424194335938,25.70992088317871,26.172504425048828,29.068883895874023,32.06243896484375,35.05709457397461,36.34556198120117,36.22154235839844,36.22154235839844,35.12833786010742,35.22782897949219,35.22782897949219,32.140316009521484,32.06243896484375,32.015621185302734,29.0,30.01666259765625,29.017236709594727,27.073972702026367,26.07680892944336,23.0,20.0,18.027755737304688,15.0,13.152946472167969,11.180339813232422,12.727922439575195,16.124515533447266,15.65247631072998,20.248456954956055,24.351591110229492,27.312999725341797,29.96664810180664,32.202484130859375,35.84689712524414,37.44329071044922,39.69886779785156,40.31128692626953
0,-51.0,-95,24,13,80.09993743896484,75.23961639404297,73.43704986572266,69.05070495605469,62.169124603271484,54.12947463989258,49.648765563964844,43.5660400390625,36.34556198120117,35.05709457397461,31.0,26.172504425048828,25.0,22.825424194335938,22.803508758544922,24.083189010620117,26.07680892944336,28.301942825317383,30.01666259765625,34.0,34.98571014404297,35.35533905029297,34.66987228393555,33.61547088623047,33.61547088623047,33.12099075317383,30.4138126373291,31.78049659729004,28.635643005371094,28.23118782043457,28.23118782043457,28.23118782043457,26.925823211669922,25.079872131347656,22.472204208374023,19.313207626342773,16.76305389404297,15.524174690246582,14.03566837310791,14.03566837310791,13.0,13.601470947265625,17.029386520385742,17.804492950439453,23.600847244262695,25.612497329711914,29.73213768005371,31.827661514282227,34.71310806274414,36.619667053222656,39.96248245239258,38.4837646484375
0,-51.0,-95,24,12,82.22530364990234,78.44743347167969,70.21395874023438,68.73136138916016,59.53990173339844,56.14267349243164,48.25971221923828,42.296573638916016,40.607879638671875,33.95585250854492,32.280025482177734,27.85677719116211,24.698177337646484,24.083189010620117,23.600847244262695,23.706539154052734,27.513633728027344,29.4108829498291,30.08321762084961,33.241539001464844,33.52610778808594,36.400550842285156,33.83784866333008,35.44009017944336,35.735137939453125,34.48188018798828,33.52610778808594,30.08321762084961,29.832868576049805,29.832868576049805,26.68332862854004,26.476404190063477,25.495098114013672,24.515300750732422,23.53720474243164,21.587032318115234,18.248287200927734,15.132745742797852,13.0,11.180339813232422,11.661903381347656,13.45362377166748,16.401220321655273,18.867961883544922,20.59126091003418,23.853721618652344,28.844409942626953,31.400636672973633,34.71310806274414,35.38361358642578,38.41874694824219,39.96248245239258
0,-51.0,-95,24,12,76.90253448486328,72.18032836914062,69.87130737304688,64.49806213378906,59.21148681640625,51.244510650634766,47.26520919799805,41.43669891357422,38.63935852050781,34.525352478027344,30.08321762084961,26.925823211669922,23.25940704345703,22.803508758544922,20.615528106689453,21.470911026000977,24.351591110229492,26.925823211669922,30.5941162109375,31.575305938720703,32.75667953491211,34.928497314453125,34.20526123046875,34.928497314453125,33.241539001464844,32.015621185302734,31.400636672973633,31.575305938720703,29.42787742614746,28.284271240234375,28.44292449951172,26.476404190063477,26.476404190063477,24.515300750732422,21.095022201538086,19.235383987426758,16.031219482421875,15.132745742797852,13.152946472167969,10.440306663513184,11.313708305358887,12.806248664855957,14.422204971313477,17.8885440826416,20.615528106689453,23.25940704345703,28.17800521850586,30.01666259765625,32.4499626159668,34.20526123046875,37.48332977294922,37.64305877685547
0,-51.0,-95,24,13,82.73451232910156,77.92945861816406,72.18032836914062,67.6830825805664,60.63827133178711,55.785301208496094,51.41984176635742,45.35416030883789,41.9761848449707,35.510562896728516,32.38827133178711,28.017850875854492,25.079872131347656,22.803508758544922,22.825424194335938,22.022714614868164,24.083189010620117,27.018512725830078,31.064449310302734,32.4499626159668,33.0151481628418,35.80502700805664,33.42155075073242,35.80502700805664,34.71310806274414,35.0,33.0151481628418,32.202484130859375,30.232433319091797,29.681644439697266,28.600698471069336,28.017850875854492,27.20294189453125,22.803508758544922,23.021728515625,20.615528106689453,17.804492950439453,12.083045959472656,11.180339813232422,12.041594505310059,12.165525436401367,13.928388595581055,15.264337539672852,19.416488647460938,22.472204208374023,24.413110733032227,28.301942825317383,32.75667953491211,34.885528564453125,37.6961555480957,39.560081481933594,40.4474983215332
0,-51.0,-95,24,12,80.62257385253906,75.42546081542969,72.17340087890625,68.02940368652344,61.00819778442383,53.00943374633789,48.010414123535156,43.0,39.051246643066406,34.13209533691406,31.400636672973633,26.248809814453125,24.166091918945312,21.40093421936035,22.022714614868164,22.360679626464844,26.570659637451172,27.85677719116211,31.62277603149414,33.52610778808594,35.11410140991211,36.055511474609375,34.1760139465332,37.0,36.055511474609375,33.61547088623047,31.62277603149414,33.52610778808594,31.048349380493164,28.160255432128906,30.08321762084961,29.120439529418945,27.20294189453125,24.351591110229492,22.803508758544922,18.681541442871094,17.11724281311035,15.132745742797852,14.0,12.165525436401367,12.206555366516113,14.142135620117188,16.278820037841797,18.867961883544922,22.472204208374023,25.238859176635742,28.844409942626953,32.202484130859375,35.38361358642578,37.48332977294922,38.41874694824219,39.96248245239258
0,-51.0,-95,24,12,81.88406372070312,76.53103637695312,72.44308471679688,67.11929321289062,63.071388244628906,56.0,52.0,45.0,41.04875183105469,34.36568069458008,32.24903106689453,27.20294189453125,25.079872131347656,22.022714614868164,22.627416610717773,24.698177337646484,26.4007568359375,29.154760360717773,30.675724029541016,34.78505325317383,34.539833068847656,36.400550842285156,34.928497314453125,35.11410140991211,34.539833068847656,32.69556427001953,31.62277603149414,30.364452362060547,29.4108829498291,30.08321762084961,27.20294189453125,26.925823211669922,26.248809814453125,22.803508758544922,21.587032318115234,19.646883010864258,17.464248657226562,14.03566837310791,12.041594505310059,11.401754379272461,12.529964447021484,13.45362377166748,16.401220321655273,18.027755737304688,21.63330841064453,23.600847244262695,27.80287742614746,32.015621185302734,35.38361358642578,38.94868469238281,38.41874694824219,37.735923767089844
0,-51.0,-95,24,12,78.26238250732422,73.68174743652344,70.57620239257812,67.11929321289062,59.13543701171875,53.00943374633789,46.04345703125,42.10700607299805,37.2155876159668,33.541019439697266,29.120439529418945,25.63201141357422,24.698177337646484,22.671567916870117,22.203603744506836,23.25940704345703,25.298221588134766,27.20294189453125,30.08321762084961,31.78049659729004,32.98484420776367,32.98484420776367,33.241539001464844,34.928497314453125,33.95585250854492,32.015621185302734,30.265491485595703,29.27456283569336,29.154760360717773,27.073972702026367,27.166154861450195,26.07680892944336,25.079872131347656,24.083189010620117,21.095022201538086,20.0,16.0,15.033296585083008,13.152946472167969,11.180339813232422,11.313708305358887,15.264337539672852,16.124515533447266,19.313207626342773,22.135944366455078,23.409399032592773,28.23118782043457,31.30495262145996,33.12099075317383,34.66987228393555,37.64305877685547,37.48332977294922
0,-52.0,-95,24,13,76.53103637695312,73.33484649658203,68.06614685058594,64.03124237060547,59.0,53.0,47.0,44.0,38.05259704589844,33.0,29.614185333251953,26.925823211669922,22.472204208374023,20.808652877807617,19.79899024963379,21.63330841064453,23.706539154052734,25.495098114013672,28.160255432128906,30.08321762084961,33.61547088623047,34.539833068847656,33.105892181396484,33.83784866333008,32.31098937988281,31.38471031188965,30.675724029541016,28.160255432128906,27.513633728027344,26.925823211669922,25.298221588134766,25.0,24.041629791259766,24.041629791259766,23.53720474243164,19.416488647460938,17.464248657226562,14.03566837310791,10.0,9.486832618713379,12.206555366516113,12.041594505310059,15.0,19.416488647460938,21.954498291015625,24.413110733032227,28.017850875854492,32.015621185302734,33.241539001464844,36.06937789916992,38.60051727294922,39.4461669921875
0,-51.0,-95,24,12,83.40863037109375,81.05553436279297,75.28611755371094,72.86288452148438,63.65532302856445,59.396968841552734,53.75872039794922,47.381431579589844,42.44997024536133,36.878177642822266,33.42155075073242,30.232433319091797,26.4007568359375,24.73863410949707,24.0,24.1867733001709,27.20294189453125,28.792360305786133,33.61547088623047,34.539833068847656,35.46829605102539,36.68787384033203,35.44009017944336,37.336307525634766,37.0,36.055511474609375,32.572994232177734,32.893768310546875,33.241539001464844,31.38471031188965,29.546573638916016,30.08321762084961,27.85677719116211,26.0,23.409399032592773,21.540658950805664,18.788293838500977,15.264337539672852,13.45362377166748,14.422204971313477,11.704699516296387,15.132745742797852,17.0,20.02498435974121,23.021728515625,26.0,31.0,34.01470184326172,37.2155876159668,39.623226165771484,40.52159881591797,43.08131790161133
0,-52.0,-95,25,9,81.58431243896484,76.94153594970703,70.85901641845703,68.18357849121094,61.20457458496094,55.226806640625,52.15361785888672,45.27692413330078,40.4474983215332,36.34556198120117,33.95585250854492,29.73213768005371,24.1867733001709,22.022714614868164,21.40093421936035,23.706539154052734,24.351591110229492,27.20294189453125,30.805843353271484,33.95585250854492,32.98484420776367,34.71310806274414,34.48188018798828,35.902645111083984,36.400550842285156,35.1710090637207,32.75667953491211,32.015621185302734,32.38827133178711,31.14482307434082,26.925823211669922,28.44292449951172,26.476404190063477,24.515300750732422,26.07680892944336,21.095022201538086,19.10497283935547,14.0,13.152946472167969,12.083045959472656,13.03840446472168,14.866068840026855,16.124515533447266,19.72308349609375,23.706539154052734,24.59674835205078,30.01666259765625,32.75667953491211,35.80502700805664,38.28837966918945,40.31128692626953,40.0
0,-51.0,-95,24,12,81.43709564208984,74.84651184082031,72.09021759033203,66.73080444335938,62.62587356567383,54.4058837890625,50.96076965332031,45.221675872802734,41.761226654052734,35.34119415283203,31.78049659729004,27.784887313842773,23.430749893188477,22.203603744506836,23.25940704345703,25.298221588134766,25.495098114013672,29.42787742614746,31.064449310302734,33.13608169555664,35.35533905029297,36.34556198120117,35.510562896728516,34.36568069458008,33.37664031982422,33.37664031982422,32.140316009521484,32.06243896484375,30.066593170166016,30.066593170166016,27.073972702026367,27.073972702026367,26.019224166870117,24.083189010620117,22.090721130371094,19.10497283935547,18.0,14.03566837310791,12.369317054748535,11.661903381347656,12.206555366516113,12.806248664855957,16.124515533447266,17.464248657226562,20.615528106689453,23.25940704345703,28.17800521850586,31.38471031188965,34.66987228393555,37.013511657714844,37.48332977294922,37.64305877685547
0,-52.0,-95,25,8,74.84651184082031,73.00685119628906,68.44705963134766,63.52952194213867,57.80138397216797,51.4781494140625,46.647613525390625,42.54409408569336,38.01315689086914,32.69556427001953,30.675724029541016,26.68332862854004,23.0867919921875,21.095022201538086,20.615528106689453,22.360679626464844,24.698177337646484,26.4007568359375,27.658634185791016,29.068883895874023,31.400636672973633,33.42155075073242,32.202484130859375,32.015621185302734,32.015621185302734,30.0,27.658634185791016,29.068883895874023,29.0,26.90724754333496,25.45584487915039,23.430749893188477,24.083189010620117,21.931713104248047,22.627416610717773,17.029386520385742,15.81138801574707,14.422204971313477,10.770329475402832,10.049875259399414,11.0,13.34166431427002,16.155494689941406,17.8885440826416,20.59126091003418,24.59674835205078,26.832815170288086,30.463092803955078,33.241539001464844,35.1710090637207,37.336307525634766,37.0
0,-51.0,-95,24,13,82.71033477783203,78.85429382324219,75.70997619628906,68.73136138916016,63.50590515136719,55.226806640625,51.15662384033203,44.283180236816406,40.4474983215332,34.525352478027344,32.015621185302734,27.85677719116211,24.698177337646484,22.022714614868164,22.803508758544922,24.59674835205078,26.0,28.792360305786133,30.08321762084961,32.015621185302734,33.52610778808594,35.44009017944336,34.78505325317383,34.48188018798828,33.52610778808594,33.83784866333008,31.048349380493164,32.015621185302734,28.635643005371094,29.42787742614746,26.476404190063477,26.476404190063477,26.476404190063477,23.34523582458496,23.53720474243164,20.39607810974121,17.262676239013672,14.0,12.165525436401367,12.083045959472656,11.401754379272461,13.45362377166748,17.20465087890625,18.601076126098633,22.825424194335938,25.238859176635742,29.4108829498291,33.42155075073242,36.06937789916992,37.53664779663086,38.60051727294922,39.4461669921875
0,-51.0,-95,24,12,79.6303939819336,75.23961639404297,71.0633544921875,69.00724792480469,60.0,54.0,49.0,44.0,40.01249694824219,36.055511474609375,31.400636672973633,27.892650604248047,25.298221588134766,21.954498291015625,22.671567916870117,22.203603744506836,25.05992889404297,26.0,29.73213768005371,31.38471031188965,34.539833068847656,34.928497314453125,34.539833068847656,34.1760139465332,34.928497314453125,33.61547088623047,31.016124725341797,31.78049659729004,31.38471031188965,27.85677719116211,28.792360305786133,28.792360305786133,26.0,24.698177337646484,21.540658950805664,19.313207626342773,16.278820037841797,14.142135620117188,13.0,13.152946472167969,11.180339813232422,13.45362377166748,14.866068840026855,20.0,21.40093421936035,25.0,28.42534065246582,31.890438079833984,33.941123962402344,35.46829605102539,38.27531814575195,38.94868469238281
0,-51.0,-95,24,12,81.04936981201172,76.48529052734375,70.40596771240234,66.48307800292969,60.16643524169922,54.4058837890625,50.0,43.416587829589844,40.024993896484375,34.928497314453125,30.4138126373291,28.07133674621582,24.020824432373047,21.840330123901367,20.124610900878906,24.083189010620117,25.45584487915039,27.658634185791016,30.805843353271484,32.4499626159668,34.20526123046875,35.0,34.20526123046875,35.46829605102539,34.058773040771484,33.30165100097656,31.62277603149414,30.0,30.0,29.681644439697266,27.80287742614746,26.4007568359375,25.238859176635742,23.021728515625,22.203603744506836,19.416488647460938,17.20465087890625,13.928388595581055,11.180339813232422,11.180339813232422,12.165525436401367,13.928388595581055,16.401220321655273,17.804492950439453,20.615528106689453,24.83948516845703,27.20294189453125,30.805843353271484,33.12099075317383,36.769554138183594,38.327537536621094,37.85498809814453
0,-51.0,-95,24,12,77.87811279296875,73.73601531982422,71.16881561279297,67.05221557617188,61.13100814819336,53.600372314453125,48.08325958251953,41.761226654052734,37.0,34.1760139465332,30.01666259765625,26.4007568359375,24.083189010620117,22.671567916870117,22.472204208374023,22.56102752685547,24.515300750732422,26.172504425048828,29.154760360717773,31.064449310302734,32.24903106689453,33.060550689697266,32.06243896484375,33.060550689697266,32.140316009521484,31.064449310302734,29.0,30.01666259765625,29.017236709594727,28.0,26.0,26.0,26.019224166870117,23.0,21.02379608154297,18.027755737304688,17.11724281311035,13.34166431427002,11.704699516296387,9.433980941772461,11.180339813232422,13.601470947265625,14.560219764709473,18.11077117919922,21.21320343017578,24.515300750732422,27.658634185791016,30.08321762084961,31.95309066772461,34.539833068847656,36.715118408203125,37.44329071044922
0,-51.0,-95,24,12,78.64476776123047,76.11833190917969,68.73136138916016,67.18630981445312,59.21148681640625,53.15073013305664,48.25971221923828,42.296573638916016,40.31128692626953,34.36568069458008,30.805843353271484,26.570659637451172,24.166091918945312,22.022714614868164,22.627416610717773,24.1867733001709,24.166091918945312,26.570659637451172,29.73213768005371,30.364452362060547,32.572994232177734,34.1760139465332,31.95309066772461,33.83784866333008,34.1760139465332,31.016124725341797,30.675724029541016,29.73213768005371,29.73213768005371,27.20294189453125,27.20294189453125,25.961509704589844,25.0,24.041629791259766,20.880613327026367,18.681541442871094,16.278820037841797,13.152946472167969,12.0,10.440306663513184,10.0,12.727922439575195,14.866068840026855,18.867961883544922,21.095022201538086,23.323806762695312,27.20294189453125,30.610456466674805,31.890438079833984,34.65544509887695,37.202152252197266,37.735923767089844
0,-52.0,-95,25,9,77.17512512207031,73.7834701538086,66.85057830810547,64.81512451171875,59.03388977050781,52.801513671875,48.60041046142578,42.20189666748047,39.408119201660156,33.2866325378418,30.4138126373291,24.698177337646484,23.53720474243164,23.021728515625,21.095022201538086,22.803508758544922,24.166091918945312,26.419689178466797,28.301942825317383,30.528675079345703,32.24903106689453,32.75667953491211,32.649654388427734,34.13209533691406,33.61547088623047,30.886890411376953,29.154760360717773,28.017850875854492,30.232433319091797,26.4007568359375,26.4007568359375,24.413110733032227,24.413110733032227,22.203603744506836,20.615528106689453,18.439088821411133,17.029386520385742,12.806248664855957,10.0,9.486832618713379,11.0,14.317821502685547,14.317821502685547,18.681541442871094,21.540658950805664,24.351591110229492,28.23118782043457,32.015621185302734,32.98484420776367,37.336307525634766,37.013511657714844,40.04996871948242
0,-51.0,-95,24,12,80.44873809814453,75.47184753417969,70.8307876586914,67.11929321289062,60.41522979736328,54.5618896484375,51.0,45.17742919921875,40.31128692626953,35.22782897949219,31.240999221801758,29.0,24.83948516845703,23.706539154052734,22.135944366455078,24.083189010620117,25.0,27.073972702026367,29.27456283569336,32.38827133178711,34.058773040771484,35.22782897949219,35.22782897949219,35.35533905029297,35.22782897949219,34.13209533691406,32.557640075683594,31.400636672973633,31.78049659729004,28.861740112304688,28.44292449951172,29.614185333251953,27.459060668945312,23.53720474243164,23.53720474243164,18.681541442871094,17.0880069732666,13.928388595581055,12.083045959472656,11.313708305358887,13.0,15.29705810546875,16.124515533447266,20.02498435974121,23.0,26.019224166870117,29.068883895874023,31.064449310302734,34.525352478027344,37.10795211791992,39.217342376708984,39.357337951660156
0,-51.0,-95,24,12,80.95059967041016,76.92203521728516,71.5541763305664,67.23094177246094,62.3939094543457,56.30275344848633,51.26402282714844,43.65776062011719,40.31128692626953,35.34119415283203,30.886890411376953,28.017850875854492,23.34523582458496,22.203603744506836,22.847318649291992,23.53720474243164,25.079872131347656,28.017850875854492,32.0,34.0,34.0,36.055511474609375,34.058773040771484,35.0142822265625,35.0142822265625,34.058773040771484,32.0,31.0,30.0,29.0,27.0,27.0,26.019224166870117,24.0,23.0,21.0,17.0,14.142135620117188,12.083045959472656,11.661903381347656,11.313708305358887,13.03840446472168,15.231546401977539,17.72004508972168,20.615528106689453,23.76972770690918,28.160255432128906,31.016124725341797,34.01470184326172,35.35533905029297,38.27531814575195,38.28837966918945
0,-51.0,-95,24,12,79.37883758544922,77.79460144042969,72.12489318847656,68.88395690917969,62.36986541748047,55.10898208618164,49.47726821899414,44.384681701660156,41.0,35.44009017944336,30.675724029541016,27.294687271118164,24.698177337646484,22.627416610717773,23.021728515625,24.698177337646484,24.73863410949707,28.44292449951172,30.4138126373291,32.38827133178711,33.37664031982422,34.525352478027344,33.37664031982422,34.36568069458008,33.541019439697266,32.38827133178711,29.068883895874023,30.066593170166016,29.068883895874023,27.0,27.018512725830078,27.0,26.019224166870117,23.0,21.0,18.0,15.033296585083008,13.152946472167969,12.369317054748535,10.816654205322266,11.401754379272461,14.764822959899902,14.866068840026855,18.681541442871094,21.587032318115234,25.495098114013672,28.460498809814453,30.675724029541016,34.01470184326172,35.35533905029297,38.832977294921875,37.64305877685547
0,-51.0,-95,24,12,78.56844329833984,75.1664810180664,69.52696990966797,67.42403411865234,58.24946212768555,54.918121337890625,47.70744323730469,43.011627197265625,37.202152252197266,31.890438079833984,29.698484420776367,26.4007568359375,23.25940704345703,22.135944366455078,22.203603744506836,23.0,25.079872131347656,26.476404190063477,30.08321762084961,31.048349380493164,32.98484420776367,33.95585250854492,32.75667953491211,32.98484420776367,32.015621185302734,32.015621185302734,30.364452362060547,27.513633728027344,28.792360305786133,26.570659637451172,26.925823211669922,26.0,23.25940704345703,22.847318649291992,20.615528106689453,17.464248657226562,16.552946090698242,12.806248664855957,12.041594505310059,11.661903381347656,10.440306663513184,13.152946472167969,16.0,19.10497283935547,21.095022201538086,24.083189010620117,28.07133674621582,32.0,34.058773040771484,36.34556198120117,37.85498809814453,38.27531814575195
0,-51.0,-95,24,12,83.38465118408203,77.16217041015625,73.02738952636719,69.0,63.03173828125,56.035701751708984,51.009803771972656,44.0,40.0,37.05401611328125,32.38827133178711,27.892650604248047,26.0,24.698177337646484,23.430749893188477,23.430749893188477,25.553865432739258,28.17800521850586,32.202484130859375,34.01470184326172,35.7770881652832,35.34119415283203,35.7770881652832,35.34119415283203,35.7770881652832,34.0,31.78049659729004,31.38471031188965,30.463092803955078,28.23118782043457,27.312999725341797,28.792360305786133,26.0,25.079872131347656,21.540658950805664,19.313207626342773,16.76305389404297,15.81138801574707,14.142135620117188,13.03840446472168,11.180339813232422,12.806248664855957,15.55634880065918,19.416488647460938,22.803508758544922,25.612497329711914,28.319604873657227,31.827661514282227,35.38361358642578,38.41874694824219,38.27531814575195,38.910152435302734
0,-51.0,-95,24,12,77.10382843017578,72.24956512451172,71.50524139404297,65.4369888305664,60.605281829833984,52.430908203125,47.801673889160156,43.600460052490234,38.41874694824219,36.12478256225586,30.4138126373291,27.658634185791016,24.698177337646484,21.540658950805664,21.3775577545166,22.0,24.083189010620117,27.294687271118164,29.614185333251953,31.048349380493164,32.75667953491211,32.75667953491211,33.37664031982422,32.98484420776367,34.36568069458008,31.400636672973633,29.614185333251953,29.614185333251953,28.635643005371094,29.832868576049805,27.658634185791016,26.925823211669922,24.73863410949707,23.53720474243164,22.360679626464844,18.248287200927734,16.492422103881836,13.928388595581055,12.206555366516113,11.313708305358887,9.433980941772461,12.649110794067383,16.278820037841797,18.027755737304688,20.0,24.083189010620117,27.073972702026367,30.4138126373291,32.98484420776367,35.735137939453125,36.67424011230469,37.735923767089844
0,-51.0,-95,24,12,79.30951690673828,76.05918884277344,69.20259857177734,66.85057830810547,58.24946212768555,53.823787689208984,48.82622146606445,42.20189666748047,39.20458984375,33.42155075073242,30.4138126373291,26.4007568359375,23.853721618652344,22.135944366455078,21.095022201538086,22.022714614868164,24.331050872802734,25.70992088317871,28.160255432128906,31.048349380493164,33.241539001464844,34.20526123046875,33.241539001464844,33.83784866333008,35.44009017944336,33.52610778808594,30.675724029541016,30.675724029541016,30.675724029541016,28.23118782043457,27.85677719116211,27.513633728027344,26.248809814453125,24.041629791259766,21.540658950805664,18.788293838500977,16.124515533447266,13.416407585144043,12.041594505310059,10.816654205322266,11.401754379272461,15.033296585083008,16.0,20.099750518798828,21.095022201538086,24.083189010620117,28.07133674621582,32.015621185302734,34.0,35.0142822265625,37.336307525634766,38.60051727294922
0,-51.0,-95,24,13,82.92768096923828,76.6093978881836,75.21302795410156,68.4105224609375,63.12685775756836,55.226806640625,49.67897033691406,44.59820556640625,41.231056213378906,35.22782897949219,31.064449310302734,26.4007568359375,24.351591110229492,23.021728515625,22.090721130371094,24.351591110229492,25.495098114013672,27.784887313842773,30.528675079345703,33.61547088623047,35.35533905029297,37.2155876159668,34.885528564453125,34.48188018798828,36.2353401184082,33.541019439697266,32.24903106689453,31.62277603149414,29.4108829498291,28.844409942626953,28.600698471069336,27.80287742614746,25.806976318359375,23.600847244262695,21.954498291015625,18.601076126098633,17.029386520385742,13.45362377166748,12.529964447021484,12.165525436401367,11.0,13.34166431427002,18.439088821411133,17.8885440826416,21.540658950805664,24.698177337646484,28.792360305786133,32.98484420776367,35.693138122558594,37.336307525634766,38.05259704589844,39.0
0,-51.0,-95,24,13,84.09518432617188,77.36924743652344,76.94153594970703,71.34423828125,65.73431396484375,56.30275344848633,50.21951675415039,44.94440841674805,40.8166618347168,37.121421813964844,31.78049659729004,30.08321762084961,25.495098114013672,26.019224166870117,23.0867919921875,24.351591110229492,26.4007568359375,28.65309715270996,31.064449310302734,32.75667953491211,34.98571014404297,34.13209533691406,34.48188018798828,34.66987228393555,34.13209533691406,32.75667953491211,30.528675079345703,31.064449310302734,28.600698471069336,28.600698471069336,27.80287742614746,27.80287742614746,27.20294189453125,23.853721618652344,21.40093421936035,20.0,15.620499610900879,13.45362377166748,13.03840446472168,11.180339813232422,11.0,13.152946472167969,17.262676239013672,18.027755737304688,22.472204208374023,25.298221588134766,29.120439529418945,30.805843353271484,35.35533905029297,37.05401611328125,40.0,39.11521530151367
0,-51.0,-95,24,12,80.3243408203125,75.0,72.80110168457031,67.46851348876953,60.20797348022461,54.918121337890625,49.030601501464844,43.931766510009766,38.07886505126953,33.52610778808594,31.016124725341797,27.294687271118164,23.600847244262695,22.671567916870117,22.472204208374023,22.472204208374023,25.298221588134766,26.476404190063477,29.154760360717773,32.38827133178711,32.38827133178711,33.241539001464844,32.557640075683594,33.241539001464844,32.38827133178711,31.400636672973633,31.064449310302734,29.017236709594727,27.0,29.0,26.0,26.0,26.0,22.0,22.0,19.0,16.031219482421875,13.152946472167969,10.770329475402832,11.401754379272461,10.630146026611328,12.529964447021484,16.76305389404297,18.681541442871094,21.587032318115234,24.73863410949707,28.460498809814453,31.38471031188965,34.438350677490234,36.715118408203125,37.44329071044922,38.28837966918945
0,-52.0,-95,25,9,80.0,78.16009521484375,71.25306701660156,66.48307800292969,60.530982971191406,55.3263053894043,50.35871505737305,45.27692413330078,41.04875183105469,35.05709457397461,33.0151481628418,29.154760360717773,23.53720474243164,22.360679626464844,21.095022201538086,22.627416610717773,26.07680892944336,25.238859176635742,30.4138126373291,30.886890411376953,32.75667953491211,33.12099075317383,34.48188018798828,34.438350677490234,33.12099075317383,31.30495262145996,30.4138126373291,29.068883895874023,29.546573638916016,27.85677719116211,26.4007568359375,27.312999725341797,24.698177337646484,21.931713104248047,22.135944366455078,19.646883010864258,17.72004508972168,13.601470947265625,11.045360565185547,10.198039054870605,11.704699516296387,13.601470947265625,14.866068840026855,18.027755737304688,22.022714614868164,26.248809814453125,28.42534065246582,33.970577239990234,34.65544509887695,38.94868469238281,38.27531814575195,39.81205749511719
0,-51.0,-95,24,12,82.0,78.64476776123047,72.99314880371094,70.57620239257812,62.3939094543457,56.22277069091797,51.244510650634766,45.39823913574219,40.4474983215332,37.48332977294922,32.98484420776367,29.73213768005371,26.0,24.413110733032227,22.627416610717773,24.1867733001709,25.63201141357422,26.248809814453125,30.364452362060547,33.52610778808594,34.48188018798828,35.735137939453125,35.46829605102539,35.735137939453125,34.1760139465332,32.893768310546875,30.364452362060547,31.320919036865234,32.015621185302734,27.892650604248047,29.120439529418945,28.861740112304688,27.20294189453125,25.298221588134766,21.587032318115234,18.248287200927734,16.124515533447266,15.132745742797852,13.0,12.649110794067383,12.206555366516113,14.866068840026855,17.804492950439453,20.248456954956055,23.853721618652344,25.238859176635742,31.400636672973633,32.649654388427734,34.65544509887695,37.53664779663086,40.224369049072266,41.18252182006836
0,-51.0,-95,24,12,81.49846649169922,76.2364730834961,75.1664810180664,70.0,64.0,56.035701751708984,51.03919982910156,45.0,41.0,37.05401611328125,32.38827133178711,27.658634185791016,25.63201141357422,22.203603744506836,21.931713104248047,24.413110733032227,26.832815170288086,28.635643005371094,31.78049659729004,34.539833068847656,35.34119415283203,36.67424011230469,35.7770881652832,34.539833068847656,34.928497314453125,32.69556427001953,31.78049659729004,31.016124725341797,29.4108829498291,28.792360305786133,28.460498809814453,27.20294189453125,26.248809814453125,25.298221588134766,22.135944366455078,19.92485809326172,16.278820037841797,15.033296585083008,13.0,11.401754379272461,12.206555366516113,14.142135620117188,16.278820037841797,19.416488647460938,22.803508758544922,26.4007568359375,30.610456466674805,31.827661514282227,36.06937789916992,38.28837966918945,39.66106414794922,39.824615478515625
0,-51.0,-95,24,12,85.8021011352539,81.84130859375,77.66595458984375,73.06161499023438,65.86349487304688,59.9416389465332,54.120235443115234,47.41307830810547,42.54409408569336,35.80502700805664,32.80244064331055,28.319604873657227,25.806976318359375,24.166091918945312,24.041629791259766,25.317977905273438,26.0,29.068883895874023,32.140316009521484,34.13209533691406,35.12833786010742,36.055511474609375,34.058773040771484,36.12478256225586,35.05709457397461,34.058773040771484,31.14482307434082,31.400636672973633,29.614185333251953,29.27456283569336,27.658634185791016,26.925823211669922,26.476404190063477,23.53720474243164,23.53720474243164,19.646883010864258,16.492422103881836,14.764822959899902,13.601470947265625,12.806248664855957,12.083045959472656,13.34166431427002,18.11077117919922,19.0,24.083189010620117,27.073972702026367,31.14482307434082,34.71310806274414,36.878177642822266,39.217342376708984,41.231056213378906,41.67733383178711
0,-51.0,-95,24,12,80.80223083496094,75.7165756225586,74.625732421875,67.60177612304688,62.17716598510742,53.23532485961914,49.648765563964844,43.416587829589844,37.735923767089844,35.510562896728516,32.015621185302734,27.58622932434082,24.83948516845703,23.706539154052734,22.847318649291992,25.079872131347656,26.019224166870117,29.0,30.066593170166016,32.06243896484375,34.01470184326172,34.058773040771484,34.01470184326172,34.058773040771484,34.0,32.015621185302734,30.066593170166016,32.140316009521484,29.27456283569336,27.459060668945312,27.294687271118164,26.305892944335938,26.305892944335938,24.1867733001709,22.56102752685547,19.416488647460938,16.492422103881836,14.866068840026855,12.529964447021484,11.313708305358887,13.03840446472168,14.317821502685547,16.124515533447266,19.235383987426758,24.1867733001709,26.476404190063477,29.614185333251953,32.98484420776367,35.44009017944336,36.400550842285156,38.470767974853516,39.66106414794922
0,-52.0,-95,24,12,80.80841827392578,74.20242309570312,71.84010314941406,65.45991516113281,61.29437255859375,53.5350341796875,48.25971221923828,45.221675872802734,40.804412841796875,35.38361358642578,32.557640075683594,27.658634185791016,24.698177337646484,22.472204208374023,22.203603744506836,24.0,25.079872131347656,26.305892944335938,29.832868576049805,32.98484420776367,34.71310806274414,35.902645111083984,34.71310806274414,34.928497314453125,33.734256744384766,32.557640075683594,31.048349380493164,31.048349380493164,28.160255432128906,29.120439529418945,26.248809814453125,26.570659637451172,25.298221588134766,25.298221588134766,21.587032318115234,19.646883010864258,16.76305389404297,14.764822959899902,12.041594505310059,10.29563045501709,10.770329475402832,12.165525436401367,17.0,18.027755737304688,21.095022201538086,24.0,28.0,32.0,35.05709457397461,37.336307525634766,38.07886505126953,38.27531814575195
0,-53.0,-95,25,8,79.32212829589844,73.23933410644531,70.0,67.47592163085938,59.54829788208008,53.90732955932617,48.41487503051758,45.0,38.832977294921875,34.20526123046875,30.528675079345703,28.17800521850586,22.847318649291992,19.416488647460938,18.0,21.587032318115234,22.360679626464844,27.294687271118164,28.844409942626953,30.528675079345703,32.24903106689453,33.61547088623047,33.12099075317383,32.75667953491211,33.12099075317383,31.38471031188965,31.064449310302734,28.844409942626953,28.844409942626953,27.20294189453125,27.784887313842773,25.0,25.0,22.203603744506836,22.022714614868164,17.029386520385742,14.866068840026855,11.313708305358887,11.180339813232422,10.198039054870605,13.0,13.03840446472168,16.552946090698242,18.027755737304688,22.847318649291992,26.0,27.85677719116211,30.364452362060547,34.928497314453125,34.36568069458008,38.01315689086914,39.051246643066406
0,-51.0,-95,24,12,77.89736938476562,73.0,68.88395690917969,63.82006072998047,60.464866638183594,53.25410842895508,48.82622146606445,43.600460052490234,40.0,34.058773040771484,28.319604873657227,26.248809814453125,21.63330841064453,21.540658950805664,19.10497283935547,23.0867919921875,24.331050872802734,26.68332862854004,28.160255432128906,30.08321762084961,32.98484420776367,33.95585250854492,32.98484420776367,33.241539001464844,32.75667953491211,32.015621185302734,29.120439529418945,29.120439529418945,28.160255432128906,27.513633728027344,26.248809814453125,25.298221588134766,25.0,22.472204208374023,20.615528106689453,17.72004508972168,14.764822959899902,13.0,12.041594505310059,9.433980941772461,10.440306663513184,13.03840446472168,15.0,18.027755737304688,21.095022201538086,24.083189010620117,27.018512725830078,30.0,33.0151481628418,35.22782897949219,35.902645111083984,37.0
0,-51.0,-95,24,12,77.10382843017578,73.66138458251953,71.58910369873047,65.6048812866211,60.0,55.803226470947266,47.801673889160156,43.600460052490234,38.41874694824219,34.058773040771484,29.698484420776367,26.248809814453125,23.021728515625,21.540658950805664,20.39607810974121,23.0,25.317977905273438,26.68332862854004,30.08321762084961,31.048349380493164,32.015621185302734,32.98484420776367,31.78049659729004,32.015621185302734,31.78049659729004,29.832868576049805,27.513633728027344,28.160255432128906,27.85677719116211,26.4007568359375,25.63201141357422,25.298221588134766,24.166091918945312,22.472204208374023,18.788293838500977,18.357559204101562,15.264337539672852,11.180339813232422,10.0,9.433980941772461,11.401754379272461,13.0,14.142135620117188,18.11077117919922,21.21320343017578,25.317977905273438,29.154760360717773,31.064449310302734,33.0,35.05709457397461,37.48332977294922,37.36308288574219
0,-51.0,-95,24,12,78.08969116210938,73.43704986572266,71.34423828125,66.00757598876953,62.0,53.0,48.010414123535156,42.0,38.0,34.2344856262207,29.42787742614746,27.20294189453125,24.698177337646484,23.021728515625,21.931713104248047,23.021728515625,24.59674835205078,26.832815170288086,29.154760360717773,30.870698928833008,31.78049659729004,31.78049659729004,31.78049659729004,32.31098937988281,31.016124725341797,30.08321762084961,27.85677719116211,28.160255432128906,28.160255432128906,27.20294189453125,25.70992088317871,25.961509704589844,25.0,22.803508758544922,19.416488647460938,17.262676239013672,16.031219482421875,14.0,13.0,10.770329475402832,12.206555366516113,13.45362377166748,15.81138801574707,18.867961883544922,20.59126091003418,24.698177337646484,27.20294189453125,29.20616340637207,33.30165100097656,35.35533905029297,37.64305877685547,37.44329071044922
0,-51.0,-95,24,12,79.55501556396484,73.54590606689453,73.75635528564453,64.62971496582031,61.52235412597656,53.23532485961914,48.25971221923828,43.28972244262695,38.470767974853516,34.928497314453125,32.015621185302734,27.85677719116211,24.1867733001709,21.931713104248047,20.615528106689453,24.1867733001709,23.76972770690918,27.513633728027344,27.892650604248047,30.805843353271484,32.015621185302734,32.98484420776367,33.52610778808594,32.98484420776367,33.241539001464844,31.320919036865234,30.08321762084961,29.614185333251953,26.305892944335938,29.42787742614746,24.1867733001709,24.1867733001709,24.083189010620117,23.194826126098633,22.090721130371094,20.099750518798828,17.0,13.0,11.180339813232422,10.29563045501709,11.401754379272461,12.806248664855957,17.464248657226562,17.8885440826416,22.472204208374023,25.495098114013672,27.294687271118164,32.75667953491211,35.80502700805664,36.878177642822266,37.53664779663086,37.80211639404297
0,-51.0,-95,24,12,77.02597045898438,69.0,69.00724792480469,62.20128631591797,58.215118408203125,49.25444030761719,45.09988784790039,41.1096076965332,39.0128173828125,34.0,30.0,26.305892944335938,23.76972770690918,21.02379608154297,20.248456954956055,22.022714614868164,22.203603744506836,25.553865432739258,26.832815170288086,29.96664810180664,30.886890411376953,32.649654388427734,30.886890411376953,32.24903106689453,32.24903106689453,30.01666259765625,29.068883895874023,29.068883895874023,28.635643005371094,26.0,26.0,26.0,25.079872131347656,22.472204208374023,19.697715759277344,17.0880069732666,14.560219764709473,13.152946472167969,13.0,10.198039054870605,12.529964447021484,12.806248664855957,16.278820037841797,18.439088821411133,20.615528106689453,24.83948516845703,28.319604873657227,30.4138126373291,33.42155075073242,34.66987228393555,37.121421813964844,38.07886505126953
0,-51.0,-95,24,12,88.1929702758789,83.18653869628906,79.17701721191406,74.73285675048828,67.62396240234375,59.80802536010742,55.71355438232422,50.695167541503906,45.694637298583984,38.910152435302734,36.2353401184082,30.805843353271484,27.58622932434082,25.806976318359375,23.25940704345703,25.0,26.172504425048828,29.068883895874023,33.0,36.0,36.0,38.0,37.05401611328125,37.0,37.05401611328125,36.013885498046875,34.0,34.01470184326172,33.060550689697266,32.0,29.068883895874023,29.017236709594727,28.017850875854492,26.019224166870117,24.0,21.0,18.027755737304688,15.29705810546875,13.928388595581055,13.45362377166748,12.806248664855957,14.764822959899902,17.0880069732666,21.587032318115234,22.803508758544922,25.961509704589844,30.675724029541016,34.1760139465332,37.121421813964844,40.31128692626953,41.617305755615234,43.185646057128906
0,-51.0,-95,24,12,76.5506362915039,70.21395874023438,69.6419448852539,64.03124237060547,58.46366500854492,52.17279052734375,48.05205535888672,43.17406463623047,37.85498809814453,34.48188018798828,30.675724029541016,26.4007568359375,23.323806762695312,21.931713104248047,19.416488647460938,22.472204208374023,24.041629791259766,26.476404190063477,28.284271240234375,30.4138126373291,32.557640075683594,32.75667953491211,32.98484420776367,32.98484420776367,31.78049659729004,30.5941162109375,28.44292449951172,28.44292449951172,27.294687271118164,26.305892944335938,25.317977905273438,25.179357528686523,24.331050872802734,21.21320343017578,20.099750518798828,17.11724281311035,16.0,13.0,10.198039054870605,9.848857879638672,10.0,12.806248664855957,14.764822959899902,17.464248657226562,20.615528106689453,23.25940704345703,26.832815170288086,28.65309715270996,31.62277603149414,33.42155075073242,36.06937789916992,36.12478256225586
0,-51.0,-95,24,13,84.20214080810547,82.4196548461914,76.02631378173828,73.24616241455078,65.51335906982422,59.53990173339844,54.120235443115234,48.3735466003418,42.54409408569336,36.055511474609375,33.0151481628418,29.0,25.612497329711914,24.166091918945312,23.53720474243164,25.079872131347656,28.0,28.0,33.13608169555664,35.12833786010742,36.055511474609375,36.055511474609375,34.01470184326172,35.05709457397461,35.0142822265625,34.058773040771484,31.256999969482422,29.154760360717773,29.42787742614746,28.44292449951172,28.44292449951172,26.476404190063477,24.331050872802734,23.53720474243164,23.0867919921875,19.235383987426758,15.29705810546875,13.928388595581055,13.601470947265625,12.041594505310059,12.083045959472656,14.866068840026855,18.248287200927734,21.095022201538086,23.0867919921875,27.166154861450195,31.400636672973633,32.98484420776367,37.64305877685547,39.0,39.824615478515625,41.04875183105469
0,-51.0,-95,24,13,81.1541748046875,77.3175277709961,74.3303451538086,69.87130737304688,62.96824645996094,55.31726837158203,50.80354309082031,44.72135925292969,38.327537536621094,35.05709457397461,32.015621185302734,27.0,26.07680892944336,22.472204208374023,22.825424194335938,24.041629791259766,26.248809814453125,27.20294189453125,29.4108829498291,31.064449310302734,32.202484130859375,33.0151481628418,32.202484130859375,33.60059356689453,32.202484130859375,31.62277603149414,29.154760360717773,29.529645919799805,28.635643005371094,26.832815170288086,25.942243576049805,25.495098114013672,25.079872131347656,24.59674835205078,20.124610900878906,18.788293838500977,14.866068840026855,14.866068840026855,12.165525436401367,11.0,11.180339813232422,12.806248664855957,15.55634880065918,18.439088821411133,22.022714614868164,24.75883674621582,27.58622932434082,30.479501724243164,32.202484130859375,36.359317779541016,38.01315689086914,37.6961555480957
0,-51.0,-95,24,13,78.10890197753906,75.61084747314453,70.57620239257812,68.44705963134766,60.008331298828125,54.5618896484375,49.19349670410156,43.46262741088867,38.07886505126953,35.735137939453125,31.320919036865234,27.294687271118164,25.0,23.0867919921875,23.76972770690918,22.360679626464844,24.413110733032227,25.0,29.73213768005371,31.14482307434082,32.557640075683594,33.30165100097656,33.42155075073242,33.970577239990234,33.42155075073242,32.015621185302734,29.068883895874023,29.0,29.0,25.495098114013672,27.58622932434082,26.248809814453125,24.75883674621582,23.34523582458496,20.51828384399414,18.439088821411133,15.55634880065918,14.422204971313477,12.083045959472656,11.0,11.180339813232422,12.369317054748535,17.0880069732666,19.72308349609375,22.825424194335938,25.495098114013672,29.068883895874023,31.38471031188965,33.83784866333008,35.902645111083984,38.470767974853516,40.01249694824219
0,-52.0,-95,25,8,78.29431915283203,75.66372680664062,69.97142028808594,66.2872543334961,59.64059066772461,54.37830352783203,48.25971221923828,44.10215377807617,39.11521530151367,35.84689712524414,31.78049659729004,28.23118782043457,24.73863410949707,22.090721130371094,20.099750518798828,22.472204208374023,23.25940704345703,24.698177337646484,27.20294189453125,30.0,30.0,31.62277603149414,31.62277603149414,33.42155075073242,32.4499626159668,30.0,31.890438079833984,27.658634185791016,28.42534065246582,26.870058059692383,26.248809814453125,24.083189010620117,24.83948516845703,22.203603744506836,18.384777069091797,17.69180679321289,15.55634880065918,13.45362377166748,9.486832618713379,12.0,12.165525436401367,11.401754379272461,15.65247631072998,20.124610900878906,21.470911026000977,23.706539154052734,28.635643005371094,31.78049659729004,32.69556427001953,36.400550842285156,39.458839416503906,40.04996871948242
0,-51.0,-95,24,12,78.39005279541016,73.73601531982422,68.3520278930664,65.52098846435547,58.52349853515625,53.851646423339844,48.27007293701172,43.416587829589844,38.327537536621094,33.241539001464844,31.016124725341797,26.07680892944336,22.671567916870117,20.0,19.697715759277344,21.587032318115234,25.317977905273438,26.07680892944336,29.0,32.0,32.06243896484375,33.060550689697266,32.06243896484375,33.0151481628418,33.060550689697266,31.064449310302734,30.0,29.0,28.0,27.0,26.019224166870117,25.01999282836914,24.0,21.0,21.0,18.0,16.031219482421875,11.704699516296387,11.180339813232422,11.313708305358887,11.401754379272461,13.0,16.278820037841797,18.439088821411133,21.21320343017578,24.515300750732422,26.68332862854004,30.675724029541016,31.95309066772461,36.24913787841797,36.715118408203125,38.01315689086914
0,-52.0,-95,24,12,76.05918884277344,71.70076751708984,68.88395690917969,63.70243453979492,60.8276252746582,52.32590103149414,48.08325958251953,45.25483322143555,37.48332977294922,35.0,30.0,26.419689178466797,22.472204208374023,21.21320343017578,21.0,21.587032318115234,24.73863410949707,26.248809814453125,26.925823211669922,29.546573638916016,32.69556427001953,33.61547088623047,31.95309066772461,31.38471031188965,31.016124725341797,28.792360305786133,28.17800521850586,29.068883895874023,26.419689178466797,25.05992889404297,24.1867733001709,26.07680892944336,23.021728515625,22.825424194335938,18.788293838500977,17.0,14.764822959899902,11.313708305358887,11.661903381347656,11.180339813232422,11.180339813232422,10.049875259399414,14.142135620117188,16.76305389404297,18.973665237426758,24.351591110229492,27.20294189453125,30.5941162109375,32.38827133178711,33.060550689697266,37.013511657714844,35.35533905029297
0,-51.0,-95,24,12,81.4923324584961,78.29431915283203,72.00694274902344,69.35416412353516,60.926185607910156,57.584720611572266,50.32891845703125,44.94440841674805,40.853397369384766,34.885528564453125,31.38471031188965,27.20294189453125,24.75883674621582,22.472204208374023,22.472204208374023,22.56102752685547,26.07680892944336,27.018512725830078,29.0,32.015621185302734,32.0,33.0,32.015621185302734,33.0,33.0,32.0,29.068883895874023,28.160255432128906,28.160255432128906,26.305892944335938,25.317977905273438,25.317977905273438,24.1867733001709,21.095022201538086,22.090721130371094,18.248287200927734,14.560219764709473,13.928388595581055,12.806248664855957,12.041594505310059,11.661903381347656,13.34166431427002,16.278820037841797,18.11077117919922,22.090721130371094,24.083189010620117,29.154760360717773,32.557640075683594,34.20526123046875,36.68787384033203,38.4837646484375,39.4461669921875
0,-51.0,-95,24,12,77.02597045898438,69.0,69.00724792480469,62.20128631591797,58.215118408203125,49.25444030761719,45.09988784790039,41.1096076965332,39.0128173828125,34.0,30.0,26.305892944335938,23.76972770690918,21.02379608154297,20.248456954956055,22.022714614868164,22.203603744506836,25.553865432739258,26.832815170288086,29.96664810180664,30.886890411376953,32.649654388427734,30.886890411376953,32.24903106689453,32.24903106689453,30.01666259765625,29.068883895874023,29.068883895874023,28.635643005371094,26.0,26.0,26.0,25.079872131347656,22.472204208374023,19.697715759277344,17.0880069732666,14.560219764709473,13.152946472167969,13.0,10.198039054870605,12.529964447021484,12.806248664855957,16.278820037841797,18.439088821411133,20.615528106689453,24.83948516845703,28.319604873657227,30.4138126373291,33.42155075073242,34.66987228393555,37.121421813964844,38.07886505126953
0,-51.0,-95,24,12,88.1929702758789,83.18653869628906,79.17701721191406,74.73285675048828,67.62396240234375,59.80802536010742,55.71355438232422,50.695167541503906,45.694637298583984,38.910152435302734,36.2353401184082,30.805843353271484,27.58622932434082,25.806976318359375,23.25940704345703,25.0,26.172504425048828,29.068883895874023,33.0,36.0,36.0,38.0,37.05401611328125,37.0,37.05401611328125,36.013885498046875,34.0,34.01470184326172,33.060550689697266,32.0,29.068883895874023,29.017236709594727,28.017850875854492,26.019224166870117,24.0,21.0,18.027755737304688,15.29705810546875,13.928388595581055,13.45362377166748,12.806248664855957,14.764822959899902,17.0880069732666,21.587032318115234,22.803508758544922,25.961509704589844,30.675724029541016,34.1760139465332,37.121421813964844,40.31128692626953,41.617305755615234,43.185646057128906
0,-51.0,-95,24,12,76.5506362915039,70.21395874023438,69.6419448852539,64.03124237060547,58.46366500854492,52.17279052734375,48.05205535888672,43.17406463623047,37.85498809814453,34.48188018798828,30.675724029541016,26.4007568359375,23.323806762695312,21.931713104248047,19.416488647460938,22.472204208374023,24.041629791259766,26.476404190063477,28.284271240234375,30.4138126373291,32.557640075683594,32.75667953491211,32.98484420776367,32.98484420776367,31.78049659729004,30.5941162109375,28.44292449951172,28.44292449951172,27.294687271118164,26.305892944335938,25.317977905273438,25.179357528686523,24.331050872802734,21.21320343017578,20.099750518798828,17.11724281311035,16.0,13.0,10.198039054870605,9.848857879638672,10.0,12.806248664855957,14.764822959899902,17.464248657226562,20.615528106689453,23.25940704345703,26.832815170288086,28.65309715270996,31.62277603149414,33.42155075073242,36.06937789916992,36.12478256225586
0,-51.0,-95,24,13,84.20214080810547,82.4196548461914,76.02631378173828,73.24616241455078,65.51335906982422,59.53990173339844,54.120235443115234,48.3735466003418,42.54409408569336,36.055511474609375,33.0151481628418,29.0,25.612497329711914,24.166091918945312,23.53720474243164,25.079872131347656,28.0,28.0,33.13608169555664,35.12833786010742,36.055511474609375,36.055511474609375,34.01470184326172,35.05709457397461,35.0142822265625,34.058773040771484,31.256999969482422,29.154760360717773,29.42787742614746,28.44292449951172,28.44292449951172,26.476404190063477,24.331050872802734,23.53720474243164,23.0867919921875,19.235383987426758,15.29705810546875,13.928388595581055,13.601470947265625,12.041594505310059,12.083045959472656,14.866068840026855,18.248287200927734,21.095022201538086,23.0867919921875,27.166154861450195,31.400636672973633,32.98484420776367,37.64305877685547,39.0,39.824615478515625,41.04875183105469
0,-51.0,-95,24,13,81.1541748046875,77.3175277709961,74.3303451538086,69.87130737304688,62.96824645996094,55.31726837158203,50.80354309082031,44.72135925292969,38.327537536621094,35.05709457397461,32.015621185302734,27.0,26.07680892944336,22.472204208374023,22.825424194335938,24.041629791259766,26.248809814453125,27.20294189453125,29.4108829498291,31.064449310302734,32.202484130859375,33.0151481628418,32.202484130859375,33.60059356689453,32.202484130859375,31.62277603149414,29.154760360717773,29.529645919799805,28.635643005371094,26.832815170288086,25.942243576049805,25.495098114013672,25.079872131347656,24.59674835205078,20.124610900878906,18.788293838500977,14.866068840026855,14.866068840026855,12.165525436401367,11.0,11.180339813232422,12.806248664855957,15.55634880065918,18.439088821411133,22.022714614868164,24.75883674621582,27.58622932434082,30.479501724243164,32.202484130859375,36.359317779541016,38.01315689086914,37.6961555480957
0,-51.0,-95,24,13,78.10890197753906,75.61084747314453,70.57620239257812,68.44705963134766,60.008331298828125,54.5618896484375,49.19349670410156,43.46262741088867,38.07886505126953,35.735137939453125,31.320919036865234,27.294687271118164,25.0,23.0867919921875,23.76972770690918,22.360679626464844,24.413110733032227,25.0,29.73213768005371,31.14482307434082,32.557640075683594,33.30165100097656,33.42155075073242,33.970577239990234,33.42155075073242,32.015621185302734,29.068883895874023,29.0,29.0,25.495098114013672,27.58622932434082,26.248809814453125,24.75883674621582,23.34523582458496,20.51828384399414,18.439088821411133,15.55634880065918,14.422204971313477,12.083045959472656,11.0,11.180339813232422,12.369317054748535,17.0880069732666,19.72308349609375,22.825424194335938,25.495098114013672,29.068883895874023,31.38471031188965,33.83784866333008,35.902645111083984,38.470767974853516,40.01249694824219
0,-52.0,-95,25,8,78.29431915283203,75.66372680664062,69.97142028808594,66.2872543334961,59.64059066772461,54.37830352783203,48.25971221923828,44.10215377807617,39.11521530151367,35.84689712524414,31.78049659729004,28.23118782043457,24.73863410949707,22.090721130371094,20.099750518798828,22.472204208374023,23.25940704345703,24.698177337646484,27.20294189453125,30.0,30.0,31.62277603149414,31.62277603149414,33.42155075073242,32.4499626159668,30.0,31.890438079833984,27.658634185791016,28.42534065246582,26.870058059692383,26.248809814453125,24.083189010620117,24.83948516845703,22.203603744506836,18.384777069091797,17.69180679321289,15.55634880065918,13.45362377166748,9.486832618713379,12.0,12.165525436401367,11.401754379272461,15.65247631072998,20.124610900878906,21.470911026000977,23.706539154052734,28.635643005371094,31.78049659729004,32.69556427001953,36.400550842285156,39.458839416503906,40.04996871948242
0,-51.0,-95,24,12,78.39005279541016,73.73601531982422,68.3520278930664,65.52098846435547,58.52349853515625,53.851646423339844,48.27007293701172,43.416587829589844,38.327537536621094,33.241539001464844,31.016124725341797,26.07680892944336,22.671567916870117,20.0,19.697715759277344,21.587032318115234,25.317977905273438,26.07680892944336,29.0,32.0,32.06243896484375,33.060550689697266,32.06243896484375,33.0151481628418,33.060550689697266,31.064449310302734,30.0,29.0,28.0,27.0,26.019224166870117,25.01999282836914,24.0,21.0,21.0,18.0,16.031219482421875,11.704699516296387,11.180339813232422,11.313708305358887,11.401754379272461,13.0,16.278820037841797,18.439088821411133,21.21320343017578,24.515300750732422,26.68332862854004,30.675724029541016,31.95309066772461,36.24913787841797,36.715118408203125,38.01315689086914
0,-52.0,-95,24,12,76.05918884277344,71.70076751708984,68.88395690917969,63.70243453979492,60.8276252746582,52.32590103149414,48.08325958251953,45.25483322143555,37.48332977294922,35.0,30.0,26.419689178466797,22.472204208374023,21.21320343017578,21.0,21.587032318115234,24.73863410949707,26.248809814453125,26.925823211669922,29.546573638916016,32.69556427001953,33.61547088623047,31.95309066772461,31.38471031188965,31.016124725341797,28.792360305786133,28.17800521850586,29.068883895874023,26.419689178466797,25.05992889404297,24.1867733001709,26.07680892944336,23.021728515625,22.825424194335938,18.788293838500977,17.0,14.764822959899902,11.313708305358887,11.661903381347656,11.180339813232422,11.180339813232422,10.049875259399414,14.142135620117188,16.76305389404297,18.973665237426758,24.351591110229492,27.20294189453125,30.5941162109375,32.38827133178711,33.060550689697266,37.013511657714844,35.35533905029297
0,-51.0,-95,24,12,81.4923324584961,78.29431915283203,72.00694274902344,69.35416412353516,60.926185607910156,57.584720611572266,50.32891845703125,44.94440841674805,40.853397369384766,34.885528564453125,31.38471031188965,27.20294189453125,24.75883674621582,22.472204208374023,22.472204208374023,22.56102752685547,26.07680892944336,27.018512725830078,29.0,32.015621185302734,32.0,33.0,32.015621185302734,33.0,33.0,32.0,29.068883895874023,28.160255432128906,28.160255432128906,26.305892944335938,25.317977905273438,25.317977905273438,24.1867733001709,21.095022201538086,22.090721130371094,18.248287200927734,14.560219764709473,13.928388595581055,12.806248664855957,12.041594505310059,11.661903381347656,13.34166431427002,16.278820037841797,18.11077117919922,22.090721130371094,24.083189010620117,29.154760360717773,32.557640075683594,34.20526123046875,36.68787384033203,38.4837646484375,39.4461669921875
0,-51.0,-95,24,12,77.02597045898438,69.0,69.00724792480469,62.20128631591797,58.215118408203125,49.25444030761719,45.09988784790039,41.1096076965332,39.0128173828125,34.0,30.0,26.305892944335938,23.76972770690918,21.02379608154297,20.248456954956055,22.022714614868164,22.203603744506836,25.553865432739258,26.832815170288086,29.96664810180664,30.886890411376953,32.649654388427734,30.886890411376953,32.24903106689453,32.24903106689453,30.01666259765625,29.068883895874023,29.068883895874023,28.635643005371094,26.0,26.0,26.0,25.079872131347656,22.472204208374023,19.697715759277344,17.0880069732666,14.560219764709473,13.152946472167969,13.0,10.198039054870605,12.529964447021484,12.806248664855957,16.278820037841797,18.439088821411133,20.615528106689453,24.83948516845703,28.319604873657227,30.4138126373291,33.42155075073242,34.66987228393555,37.121421813964844,38.07886505126953
0,-51.0,-95,24,12,88.1929702758789,83.18653869628906,79.17701721191406,74.73285675048828,67.62396240234375,59.80802536010742,55.71355438232422,50.695167541503906,45.694637298583984,38.910152435302734,36.2353401184082,30.805843353271484,27.58622932434082,25.806976318359375,23.25940704345703,25.0,26.172504425048828,29.068883895874023,33.0,36.0,36.0,38.0,37.05401611328125,37.0,37.05401611328125,36.013885498046875,34.0,34.01470184326172,33.060550689697266,32.0,29.068883895874023,29.017236709594727,28.017850875854492,26.019224166870117,24.0,21.0,18.027755737304688,15.29705810546875,13.928388595581055,13.45362377166748,12.806248664855957,14.764822959899902,17.0880069732666,21.587032318115234,22.803508758544922,25.961509704589844,30.675724029541016,34.1760139465332,37.121421813964844,40.31128692626953,41.617305755615234,43.185646057128906
0,-51.0,-95,24,12,76.5506362915039,70.21395874023438,69.6419448852539,64.03124237060547,58.46366500854492,52.17279052734375,48.05205535888672,43.17406463623047,37.85498809814453,34.48188018798828,30.675724029541016,26.4007568359375,23.323806762695312,21.931713104248047,19.416488647460938,22.472204208374023,24.041629791259766,26.476404190063477,28.284271240234375,30.4138126373291,32.557640075683594,32.75667953491211,32.98484420776367,32.98484420776367,31.78049659729004,30.5941162109375,28.44292449951172,28.44292449951172,27.294687271118164,26.305892944335938,25.317977905273438,25.179357528686523,24.331050872802734,21.21320343017578,20.099750518798828,17.11724281311035,16.0,13.0,10.198039054870605,9.848857879638672,10.0,12.806248664855957,14.764822959899902,17.464248657226562,20.615528106689453,23.25940704345703,26.832815170288086,28.65309715270996,31.62277603149414,33.42155075073242,36.06937789916992,36.12478256225586
0,-51.0,-95,24,13,84.20214080810547,82.4196548461914,76.02631378173828,73.24616241455078,65.51335906982422,59.53990173339844,54.120235443115234,48.3735466003418,42.54409408569336,36.055511474609375,33.0151481628418,29.0,25.612497329711914,24.166091918945312,23.53720474243164,25.079872131347656,28.0,28.0,33.13608169555664,35.12833786010742,36.055511474609375,36.055511474609375,34.01470184326172,35.05709457397461,35.0142822265625,34.058773040771484,31.256999969482422,29.154760360717773,29.42787742614746,28.44292449951172,28.44292449951172,26.476404190063477,24.331050872802734,23.53720474243164,23.0867919921875,19.235383987426758,15.29705810546875,13.928388595581055,13.601470947265625,12.041594505310059,12.083045959472656,14.866068840026855,18.248287200927734,21.095022201538086,23.0867919921875,27.166154861450195,31.400636672973633,32.98484420776367,37.64305877685547,39.0,39.824615478515625,41.04875183105469
0,-51.0,-95,24,13,81.1541748046875,77.3175277709961,74.3303451538086,69.87130737304688,62.96824645996094,55.31726837158203,50.80354309082031,44.72135925292969,38.327537536621094,35.05709457397461,32.015621185302734,27.0,26.07680892944336,22.472204208374023,22.825424194335938,24.041629791259766,26.248809814453125,27.20294189453125,29.4108829498291,31.064449310302734,32.202484130859375,33.0151481628418,32.202484130859375,33.60059356689453,32.202484130859375,31.62277603149414,29.154760360717773,29.529645919799805,28.635643005371094,26.832815170288086,25.942243576049805,25.495098114013672,25.079872131347656,24.59674835205078,20.124610900878906,18.788293838500977,14.866068840026855,14.866068840026855,12.165525436401367,11.0,11.180339813232422,12.806248664855957,15.55634880065918,18.439088821411133,22.022714614868164,24.75883674621582,27.58622932434082,30.479501724243164,32.202484130859375,36.359317779541016,38.01315689086914,37.6961555480957
0,-51.0,-95,24,13,78.10890197753906,75.61084747314453,70.57620239257812,68.44705963134766,60.008331298828125,54.5618896484375,49.19349670410156,43.46262741088867,38.07886505126953,35.735137939453125,31.320919036865234,27.294687271118164,25.0,23.0867919921875,23.76972770690918,22.360679626464844,24.413110733032227,25.0,29.73213768005371,31.14482307434082,32.557640075683594,33.30165100097656,33.42155075073242,33.970577239990234,33.42155075073242,32.015621185302734,29.068883895874023,29.0,29.0,25.495098114013672,27.58622932434082,26.248809814453125,24.75883674621582,23.34523582458496,20.51828384399414,18.439088821411133,15.55634880065918,14.422204971313477,12.083045959472656,11.0,11.180339813232422,12.369317054748535,17.0880069732666,19.72308349609375,22.825424194335938,25.495098114013672,29.068883895874023,31.38471031188965,33.83784866333008,35.902645111083984,38.470767974853516,40.01249694824219
0,-52.0,-95,25,8,78.29431915283203,75.66372680664062,69.97142028808594,66.2872543334961,59.64059066772461,54.37830352783203,48.25971221923828,44.10215377807617,39.11521530151367,35.84689712524414,31.78049659729004,28.23118782043457,24.73863410949707,22.090721130371094,20.099750518798828,22.472204208374023,23.25940704345703,24.698177337646484,27.20294189453125,30.0,30.0,31.62277603149414,31.62277603149414,33.42155075073242,32.4499626159668,30.0,31.890438079833984,27.658634185791016,28.42534065246582,26.870058059692383,26.248809814453125,24.083189010620117,24.83948516845703,22.203603744506836,18.384777069091797,17.69180679321289,15.55634880065918,13.45362377166748,9.486832618713379,12.0,12.165525436401367,11.401754379272461,15.65247631072998,20.124610900878906,21.470911026000977,23.706539154052734,28.635643005371094,31.78049659729004,32.69556427001953,36.400550842285156,39.458839416503906,40.04996871948242
0,-51.0,-95,24,12,78.39005279541016,73.73601531982422,68.3520278930664,65.52098846435547,58.52349853515625,53.851646423339844,48.27007293701172,43.416587829589844,38.327537536621094,33.241539001464844,31.016124725341797,26.07680892944336,22.671567916870117,20.0,19.697715759277344,21.587032318115234,25.317977905273438,26.07680892944336,29.0,32.0,32.06243896484375,33.060550689697266,32.06243896484375,33.0151481628418,33.060550689697266,31.064449310302734,30.0,29.0,28.0,27.0,26.019224166870117,25.01999282836914,24.0,21.0,21.0,18.0,16.031219482421875,11.704699516296387,11.180339813232422,11.313708305358887,11.401754379272461,13.0,16.278820037841797,18.439088821411133,21.21320343017578,24.515300750732422,26.68332862854004,30.675724029541016,31.95309066772461,36.24913787841797,36.715118408203125,38.01315689086914
0,-52.0,-95,24,12,76.05918884277344,71.70076751708984,68.88395690917969,63.70243453979492,60.8276252746582,52.32590103149414,48.08325958251953,45.25483322143555,37.48332977294922,35.0,30.0,26.419689178466797,22.472204208374023,21.21320343017578,21.0,21.587032318115234,24.73863410949707,26.248809814453125,26.925823211669922,29.546573638916016,32.69556427001953,33.61547088623047,31.95309066772461,31.38471031188965,31.016124725341797,28.792360305786133,28.17800521850586,29.068883895874023,26.419689178466797,25.05992889404297,24.1867733001709,26.07680892944336,23.021728515625,22.825424194335938,18.788293838500977,17.0,14.764822959899902,11.313708305358887,11.661903381347656,11.180339813232422,11.180339813232422,10.049875259399414,14.142135620117188,16.76305389404297,18.973665237426758,24.351591110229492,27.20294189453125,30.5941162109375,32.38827133178711,33.060550689697266,37.013511657714844,35.35533905029297
0,-51.0,-95,24,12,81.4923324584961,78.29431915283203,72.00694274902344,69.35416412353516,60.926185607910156,57.584720611572266,50.32891845703125,44.94440841674805,40.853397369384766,34.885528564453125,31.38471031188965,27.20294189453125,24.75883674621582,22.472204208374023,22.472204208374023,22.56102752685547,26.07680892944336,27.018512725830078,29.0,32.015621185302734,32.0,33.0,32.015621185302734,33.0,33.0,32.0,29.068883895874023,28.160255432128906,28.160255432128906,26.305892944335938,25.317977905273438,25.317977905273438,24.1867733001709,21.095022201538086,22.090721130371094,18.248287200927734,14.560219764709473,13.928388595581055,12.806248664855957,12.041594505310059,11.661903381347656,13.34166431427002,16.278820037841797,18.11077117919922,22.090721130371094,24.083189010620117,29.154760360717773,32.557640075683594,34.20526123046875,36.68787384033203,38.4837646484375,39.4461669921875
0,-51.0,-95,24,12,77.02597045898438,69.0,69.00724792480469,62.20128631591797,58.215118408203125,49.25444030761719,45.09988784790039,41.1096076965332,39.0128173828125,34.0,30.0,26.305892944335938,23.76972770690918,21.02379608154297,20.248456954956055,22.022714614868164,22.203603744506836,25.553865432739258,26.832815170288086,29.96664810180664,30.886890411376953,32.649654388427734,30.886890411376953,32.24903106689453,32.24903106689453,30.01666259765625,29.068883895874023,29.068883895874023,28.635643005371094,26.0,26.0,26.0,25.079872131347656,22.472204208374023,19.697715759277344,17.0880069732666,14.560219764709473,13.152946472167969,13.0,10.198039054870605,12.529964447021484,12.806248664855957,16.278820037841797,18.439088821411133,20.615528106689453,24.83948516845703,28.319604873657227,30.4138126373291,33.42155075073242,34.66987228393555,37.121421813964844,38.07886505126953
0,-51.0,-95,24,12,88.1929702758789,83.18653869628906,79.17701721191406,74.73285675048828,67.62396240234375,59.80802536010742,55.71355438232422,50.695167541503906,45.694637298583984,38.910152435302734,36.2353401184082,30.805843353271484,27.58622932434082,25.806976318359375,23.25940704345703,25.0,26.172504425048828,29.068883895874023,33.0,36.0,36.0,38.0,37.05401611328125,37.0,37.05401611328125,36.013885498046875,34.0,34.01470184326172,33.060550689697266,32.0,29.068883895874023,29.017236709594727,28.017850875854492,26.019224166870117,24.0,21.0,18.027755737304688,15.29705810546875,13.928388595581055,13.45362377166748,12.806248664855957,14.764822959899902,17.0880069732666,21.587032318115234,22.803508758544922,25.961509704589844,30.675724029541016,34.1760139465332,37.121421813964844,40.31128692626953,41.617305755615234,43.185646057128906
0,-51.0,-95,24,12,76.5506362915039,70.21395874023438,69.6419448852539,64.03124237060547,58.46366500854492,52.17279052734375,48.05205535888672,43.17406463623047,37.85498809814453,34.48188018798828,30.675724029541016,26.4007568359375,23.323806762695312,21.931713104248047,19.416488647460938,22.472204208374023,24.041629791259766,26.476404190063477,28.284271240234375,30.4138126373291,32.557640075683594,32.75667953491211,32.98484420776367,32.98484420776367,31.78049659729004,30.5941162109375,28.44292449951172,28.44292449951172,27.294687271118164,26.305892944335938,25.317977905273438,25.179357528686523,24.331050872802734,21.21320343017578,20.099750518798828,17.11724281311035,16.0,13.0,10.198039054870605,9.848857879638672,10.0,12.806248664855957,14.764822959899902,17.464248657226562,20.615528106689453,23.25940704345703,26.832815170288086,28.65309715270996,31.62277603149414,33.42155075073242,36.06937789916992,36.12478256225586
0,-51.0,-95,24,13,84.20214080810547,82.4196548461914,76.02631378173828,73.24616241455078,65.51335906982422,59.53990173339844,54.120235443115234,48.3735466003418,42.54409408569336,36.055511474609375,33.0151481628418,29.0,25.612497329711914,24.166091918945312,23.53720474243164,25.079872131347656,28.0,28.0,33.13608169555664,35.12833786010742,36.055511474609375,36.055511474609375,34.01470184326172,35.05709457397461,35.0142822265625,34.058773040771484,31.256999969482422,29.154760360717773,29.42787742614746,28.44292449951172,28.44292449951172,26.476404190063477,24.331050872802734,23.53720474243164,23.0867919921875,19.235383987426758,15.29705810546875,13.928388595581055,13.601470947265625,12.041594505310059,12.083045959472656,14.866068840026855,18.248287200927734,21.095022201538086,23.0867919921875,27.166154861450195,31.400636672973633,32.98484420776367,37.64305877685547,39.0,39.824615478515625,41.04875183105469
0,-51.0,-95,24,13,81.1541748046875,77.3175277709961,74.3303451538086,69.87130737304688,62.96824645996094,55.31726837158203,50.80354309082031,44.72135925292969,38.327537536621094,35.05709457397461,32.015621185302734,27.0,26.07680892944336,22.472204208374023,22.825424194335938,24.041629791259766,26.248809814453125,27.20294189453125,29.4108829498291,31.064449310302734,32.202484130859375,33.0151481628418,32.202484130859375,33.60059356689453,32.202484130859375,31.62277603149414,29.154760360717773,29.529645919799805,28.635643005371094,26.832815170288086,25.942243576049805,25.495098114013672,25.079872131347656,24.59674835205078,20.124610900878906,18.788293838500977,14.866068840026855,14.866068840026855,12.165525436401367,11.0,11.180339813232422,12.806248664855957,15.55634880065918,18.439088821411133,22.022714614868164,24.75883674621582,27.58622932434082,30.479501724243164,32.202484130859375,36.359317779541016,38.01315689086914,37.6961555480957
0,-51.0,-95,24,13,78.10890197753906,75.61084747314453,70.57620239257812,68.44705963134766,60.008331298828125,54.5618896484375,49.19349670410156,43.46262741088867,38.07886505126953,35.735137939453125,31.320919036865234,27.294687271118164,25.0,23.0867919921875,23.76972770690918,22.360679626464844,24.413110733032227,25.0,29.73213768005371,31.14482307434082,32.557640075683594,33.30165100097656,33.42155075073242,33.970577239990234,33.42155075073242,32.015621185302734,29.068883895874023,29.0,29.0,25.495098114013672,27.58622932434082,26.248809814453125,24.75883674621582,23.34523582458496,20.51828384399414,18.439088821411133,15.55634880065918,14.422204971313477,12.083045959472656,11.0,11.180339813232422,12.369317054748535,17.0880069732666,19.72308349609375,22.825424194335938,25.495098114013672,29.068883895874023,31.38471031188965,33.83784866333008,35.902645111083984,38.470767974853516,40.01249694824219
0,-52.0,-95,25,8,78.29431915283203,75.66372680664062,69.97142028808594,66.2872543334961,59.64059066772461,54.37830352783203,48.25971221923828,44.10215377807617,39.11521530151367,35.84689712524414,31.78049659729004,28.23118782043457,24.73863410949707,22.090721130371094,20.099750518798828,22.472204208374023,23.25940704345703,24.698177337646484,27.20294189453125,30.0,30.0,31.62277603149414,31.62277603149414,33.42155075073242,32.4499626159668,30.0,31.890438079833984,27.658634185791016,28.42534065246582,26.870058059692383,26.248809814453125,24.083189010620117,24.83948516845703,22.203603744506836,18.384777069091797,17.69180679321289,15.55634880065918,13.45362377166748,9.486832618713379,12.0,12.165525436401367,11.401754379272461,15.65247631072998,20.124610900878906,21.470911026000977,23.706539154052734,28.635643005371094,31.78049659729004,32.69556427001953,36.400550842285156,39.458839416503906,40.04996871948242
0,-51.0,-95,24,12,78.39005279541016,73.73601531982422,68.3520278930664,65.52098846435547,58.52349853515625,53.851646423339844,48.27007293701172,43.416587829589844,38.327537536621094,33.241539001464844,31.016124725341797,26.07680892944336,22.671567916870117,20.0,19.697715759277344,21.587032318115234,25.317977905273438,26.07680892944336,29.0,32.0,32.06243896484375,33.060550689697266,32.06243896484375,33.0151481628418,33.060550689697266,31.064449310302734,30.0,29.0,28.0,27.0,26.019224166870117,25.01999282836914,24.0,21.0,21.0,18.0,16.031219482421875,11.704699516296387,11.180339813232422,11.313708305358887,11.401754379272461,13.0,16.278820037841797,18.439088821411133,21.21320343017578,24.515300750732422,26.68332862854004,30.675724029541016,31.95309066772461,36.24913787841797,36.715118408203125,38.01315689086914
0,-52.0,-95,24,12,76.05918884277344,71.70076751708984,68.88395690917969,63.70243453979492,60.8276252746582,52.32590103149414,48.08325958251953,45.25483322143555,37.48332977294922,35.0,30.0,26.419689178466797,22.472204208374023,21.21320343017578,21.0,21.587032318115234,24.73863410949707,26.248809814453125,26.925823211669922,29.546573638916016,32.69556427001953,33.61547088623047,31.95309066772461,31.38471031188965,31.016124725341797,28.792360305786133,28.17800521850586,29.068883895874023,26.419689178466797,25.05992889404297,24.1867733001709,26.07680892944336,23.021728515625,22.825424194335938,18.788293838500977,17.0,14.764822959899902,11.313708305358887,11.661903381347656,11.180339813232422,11.180339813232422,10.049875259399414,14.142135620117188,16.76305389404297,18.973665237426758,24.351591110229492,27.20294189453125,30.5941162109375,32.38827133178711,33.060550689697266,37.013511657714844,35.35533905029297
0,-51.0,-95,24,12,81.4923324584961,78.29431915283203,72.00694274902344,69.35416412353516,60.926185607910156,57.584720611572266,50.32891845703125,44.94440841674805,40.853397369384766,34.885528564453125,31.38471031188965,27.20294189453125,24.75883674621582,22.472204208374023,22.472204208374023,22.56102752685547,26.07680892944336,27.018512725830078,29.0,32.015621185302734,32.0,33.0,32.015621185302734,33.0,33.0,32.0,29.068883895874023,28.160255432128906,28.160255432128906,26.305892944335938,25.317977905273438,25.317977905273438,24.1867733001709,21.095022201538086,22.090721130371094,18.248287200927734,14.560219764709473,13.928388595581055,12.806248664855957,12.041594505310059,11.661903381347656,13.34166431427002,16.278820037841797,18.11077117919922,22.090721130371094,24.083189010620117,29.154760360717773,32.557640075683594,34.20526123046875,36.68787384033203,38.4837646484375,39.4461669921875
