1774426791.6733398,-75,1,0,0,46.04345703125,44.94440841674805,43.90899658203125,44.29446792602539,45.17742919921875,45.617977142333984,44.777225494384766,44.384681701660156,44.384681701660156,45.694637298583984,47.92702865600586,49.24428939819336,48.754486083984375,48.754486083984375,48.30113983154297,46.14108657836914,43.5660400390625,43.26661682128906,42.20189666748047,41.1096076965332,41.01219177246094,40.31128692626953,38.94868469238281,7.8102498054504395,2.8284270763397217,0.0,0.0,2.2360680103302,6.7082037925720215,32.202484130859375,31.764760971069336,32.557640075683594,32.526912689208984,32.557640075683594,34.058773040771484,36.400550842285156,38.01315689086914,38.832977294921875,39.11521530151367,39.11521530151367,39.11521530151367,40.49691390991211,40.49691390991211,39.66106414794922,40.224369049072266,39.408119201660156,42.20189666748047,42.8018684387207,42.01190185546875,41.1096076965332,42.44997024536133,43.84062194824219
1774426791.7491434,-75,1,0,0,44.643028259277344,43.416587829589844,43.17406463623047,42.7551155090332,42.57933807373047,43.416587829589844,42.42640686035156,42.19004440307617,43.104522705078125,43.104522705078125,44.18144226074219,45.27692413330078,44.40720748901367,44.55333709716797,44.72135925292969,42.95346450805664,41.48493576049805,40.804412841796875,40.49691390991211,39.81205749511719,39.4461669921875,39.824615478515625,38.897300720214844,7.071067810058594,1.4142135381698608,1.4142135381698608,1.4142135381698608,1.0,5.099019527435303,32.015621185302734,31.62277603149414,31.016124725341797,30.463092803955078,30.870698928833008,32.649654388427734,33.12099075317383,34.98571014404297,36.055511474609375,37.202152252197266,38.41874694824219,38.41874694824219,39.20458984375,39.20458984375,38.60051727294922,38.832977294921875,38.832977294921875,40.224369049072266,41.04875183105469,40.49691390991211,39.96248245239258,40.70626449584961,41.146080017089844
1774426791.8022676,-75,1,0,0,40.45985794067383,42.01190185546875,44.40720748901367,44.94440841674805,45.650848388671875,44.72135925292969,42.54409408569336,41.62931823730469,42.48529052734375,43.8292121887207,43.90899658203125,43.5660400390625,44.41846466064453,43.5660400390625,43.8292121887207,44.204071044921875,45.45327377319336,42.52058410644531,41.72529220581055,41.1096076965332,41.400482177734375,39.59798049926758,39.69886779785156,7.071067810058594,2.2360680103302,1.0,1.0,2.2360680103302,7.071067810058594,33.241539001464844,33.0151481628418,27.459060668945312,29.068883895874023,29.698484420776367,31.14482307434082,32.557640075683594,34.058773040771484,35.0,36.400550842285156,37.013511657714844,37.64305877685547,38.28837966918945,38.28837966918945,36.878177642822266,36.400550842285156,38.60051727294922,39.408119201660156,39.824615478515625,38.28837966918945,36.878177642822266,38.28837966918945,40.360870361328125
1774426791.8129685,-74,1,0,0,46.40043258666992,45.221675872802734,44.10215377807617,44.94440841674805,44.41846466064453,44.777225494384766,43.8292121887207,44.283180236816406,45.18849563598633,46.06517028808594,46.52956008911133,47.01063537597656,47.50789260864258,48.02082824707031,46.3249397277832,46.04345703125,45.0,43.416587829589844,43.27817153930664,41.72529220581055,41.1096076965332,38.94868469238281,38.62641525268555,7.6157732009887695,3.1622776985168457,0.0,0.0,2.2360680103302,6.4031243324279785,31.240999221801758,31.14482307434082,32.649654388427734,32.557640075683594,33.941123962402344,34.65544509887695,35.38361358642578,36.2353401184082,37.202152252197266,37.44329071044922,39.11521530151367,39.66106414794922,40.224369049072266,40.224369049072266,41.04875183105469,41.617305755615234,41.88078308105469,41.617305755615234,42.20189666748047,41.231056213378906,41.1096076965332,42.44997024536133,42.44997024536133
1774426791.8576157,-75,1,0,0,44.204071044921875,43.8292121887207,43.26661682128906,43.046485900878906,42.94182205200195,42.94182205200195,42.94182205200195,43.8292121887207,44.283180236816406,44.384681701660156,45.694637298583984,46.097721099853516,45.18849563598633,45.17742919921875,44.777225494384766,43.5660400390625,42.43819046020508,41.400482177734375,41.86884307861328,41.03656768798828,39.623226165771484,37.48332977294922,38.28837966918945,7.211102485656738,2.2360680103302,1.0,1.0,1.4142135381698608,5.830951690673828,33.105892181396484,31.764760971069336,30.4138126373291,31.14482307434082,32.015621185302734,33.60059356689453,35.0,36.619667053222656,36.619667053222656,36.619667053222656,36.8917350769043,38.587562561035156,39.96248245239258,39.4461669921875,39.4461669921875,39.4461669921875,39.11521530151367,38.832977294921875,40.804412841796875,40.607879638671875,41.231056213378906,41.86884307861328,42.52058410644531
1774426791.890514,-75,1,0,0,45.27692413330078,44.55333709716797,43.5660400390625,42.7551155090332,43.931766510009766,43.416587829589844,42.72002029418945,43.011627197265625,43.011627197265625,43.32435989379883,44.271888732910156,44.92215347290039,45.607017517089844,45.607017517089844,44.384681701660156,42.95346450805664,41.43669891357422,41.1096076965332,41.01219177246094,41.01219177246094,40.112342834472656,38.63935852050781,38.327537536621094,6.324555397033691,1.0,1.4142135381698608,1.0,1.4142135381698608,5.385164737701416,32.98484420776367,32.557640075683594,33.060550689697266,33.0,34.01470184326172,35.05709457397461,36.12478256225586,36.34556198120117,36.49657440185547,36.67424011230469,36.878177642822266,38.07886505126953,38.327537536621094,38.60051727294922,39.293766021728516,40.024993896484375,39.81205749511719,40.607879638671875,41.30375289916992,42.296573638916016,42.19004440307617,43.104522705078125,44.10215377807617
1774426791.9112964,-75,1,0,0,46.097721099853516,45.27692413330078,44.55333709716797,45.89117431640625,47.07440948486328,46.3249397277832,45.35416030883789,44.384681701660156,44.384681701660156,45.607017517089844,46.57252502441406,46.3249397277832,47.07440948486328,46.87216567993164,46.389652252197266,45.17742919921875,44.04542922973633,44.0,44.0113639831543,43.104522705078125,41.43669891357422,40.4474983215332,39.293766021728516,7.280109882354736,3.0,1.0,0.0,2.2360680103302,5.830951690673828,31.016124725341797,31.320919036865234,33.241539001464844,33.060550689697266,33.0,34.058773040771484,36.12478256225586,38.327537536621094,38.470767974853516,38.63935852050781,38.832977294921875,40.024993896484375,40.79215621948242,41.0,41.231056213378906,42.20189666748047,41.0,41.773197174072266,42.7551155090332,42.57933807373047,42.42640686035156,42.42640686035156,42.42640686035156
1774426791.9546485,-74,1,0,0,43.416587829589844,41.30375289916992,40.199501037597656,40.112342834472656,41.04875183105469,42.0,42.01190185546875,43.046485900878906,44.04542922973633,45.0444221496582,45.0111083984375,44.0113639831543,43.0,43.0,42.01190185546875,41.1096076965332,40.199501037597656,40.31128692626953,39.623226165771484,38.07886505126953,37.947330474853516,39.051246643066406,39.59798049926758,6.4031243324279785,1.4142135381698608,1.4142135381698608,1.4142135381698608,1.0,5.385164737701416,30.08321762084961,30.870698928833008,31.320919036865234,31.95309066772461,32.69556427001953,33.105892181396484,34.0,34.13209533691406,33.83784866333008,35.22782897949219,36.055511474609375,36.359317779541016,37.2155876159668,37.735923767089844,39.11521530151367,39.96248245239258,39.11521530151367,38.587562561035156,39.4461669921875,38.94868469238281,39.81205749511719,40.31128692626953,40.853397369384766
1774426791.965365,-75,1,0,0,43.600460052490234,42.20189666748047,41.04875183105469,40.8166618347168,42.05948257446289,43.382022857666016,42.95346450805664,43.863426208496094,45.18849563598633,45.18849563598633,45.617977142333984,45.650848388671875,44.777225494384766,45.27692413330078,44.10215377807617,43.26661682128906,41.617305755615234,40.804412841796875,40.607879638671875,39.69886779785156,38.897300720214844,42.154476165771484,42.72002029418945,8.246211051940918,3.1622776985168457,0.0,0.0,2.8284270763397217,6.4031243324279785,32.526912689208984,31.890438079833984,31.890438079833984,32.526912689208984,33.970577239990234,34.058773040771484,35.608985900878906,35.80502700805664,35.22782897949219,35.510562896728516,36.359317779541016,37.2155876159668,38.27531814575195,38.01315689086914,38.60051727294922,39.20458984375,39.408119201660156,40.804412841796875,40.804412841796875,40.607879638671875,41.231056213378906,41.1096076965332,41.773197174072266
1774426791.9968796,-75,1,0,0,45.7055778503418,43.931766510009766,43.17406463623047,42.44997024536133,43.011627197265625,43.65776062011719,44.384681701660156,44.384681701660156,44.384681701660156,44.94440841674805,45.880279541015625,45.54119110107422,45.221675872802734,44.643028259277344,43.416587829589844,42.95346450805664,42.57933807373047,43.416587829589844,44.18144226074219,44.0113639831543,42.04759216308594,41.01219177246094,39.051246643066406,8.062257766723633,2.2360680103302,1.0,1.0,2.2360680103302,5.385164737701416,29.96664810180664,30.08321762084961,32.38827133178711,33.241539001464844,34.058773040771484,35.0142822265625,36.013885498046875,37.05401611328125,37.121421813964844,37.2155876159668,37.336307525634766,39.31920623779297,40.31128692626953,40.4474983215332,41.59326934814453,41.43669891357422,41.43669891357422,41.43669891357422,41.19466018676758,41.1096076965332,42.10700607299805,43.046485900878906,44.0
1774426792.0393133,-74,1,0,0,43.046485900878906,43.104522705078125,44.0113639831543,45.0444221496582,46.52956008911133,46.3249397277832,46.173583984375,46.81879806518555,47.12748718261719,47.29693603515625,47.07440948486328,45.7055778503418,46.389652252197266,46.097721099853516,47.01063537597656,47.01063537597656,46.010868072509766,44.0113639831543,43.011627197265625,43.011627197265625,44.18144226074219,40.49691390991211,40.71854782104492,7.6157732009887695,2.0,1.0,1.0,2.2360680103302,6.7082037925720215,32.893768310546875,33.95585250854492,33.0151481628418,35.05709457397461,35.22782897949219,35.35533905029297,34.71310806274414,35.44009017944336,36.055511474609375,38.07886505126953,38.62641525268555,38.897300720214844,40.024993896484375,38.832977294921875,40.024993896484375,41.0,41.48493576049805,41.48493576049805,41.761226654052734,40.52159881591797,40.52159881591797,41.48493576049805,43.17406463623047
1774426792.082064,-75,1,0,0,45.45327377319336,44.04542922973633,44.204071044921875,43.600460052490234,44.40720748901367,44.94440841674805,44.41846466064453,45.27692413330078,45.650848388671875,46.14108657836914,46.14108657836914,45.79301071166992,46.87216567993164,47.434165954589844,47.20169448852539,46.22769546508789,44.04542922973633,42.52058410644531,42.44997024536133,41.773197174072266,41.400482177734375,40.24922180175781,41.231056213378906,7.6157732009887695,3.1622776985168457,0.0,0.0,2.2360680103302,5.830951690673828,30.0,30.4138126373291,32.526912689208984,33.30165100097656,33.42155075073242,33.60059356689453,34.66987228393555,35.510562896728516,37.2155876159668,37.58989334106445,38.01315689086914,39.357337951660156,39.824615478515625,40.31128692626953,40.8166618347168,39.96248245239258,39.96248245239258,41.34005355834961,42.19004440307617,42.72002029418945,41.04875183105469,41.400482177734375,41.231056213378906
1774426792.0932953,-75,1,0,0,39.0,38.4837646484375,38.4837646484375,39.357337951660156,40.8166618347168,41.04875183105469,39.408119201660156,39.408119201660156,40.224369049072266,41.88078308105469,42.72002029418945,42.19004440307617,43.046485900878906,42.94182205200195,41.59326934814453,40.71854782104492,39.0,37.336307525634766,37.947330474853516,37.10795211791992,37.656341552734375,36.055511474609375,36.013885498046875,7.0,2.0,0.0,0.0,2.8284270763397217,5.0,27.20294189453125,28.301942825317383,29.068883895874023,29.154760360717773,28.792360305786133,29.4108829498291,31.048349380493164,32.98484420776367,33.734256744384766,34.36568069458008,35.22782897949219,36.12478256225586,36.22154235839844,36.34556198120117,35.35533905029297,35.35533905029297,35.510562896728516,36.49657440185547,37.656341552734375,36.878177642822266,35.902645111083984,36.13862228393555,36.400550842285156
1774426792.137334,-75,1,0,0,40.31128692626953,40.31128692626953,39.4461669921875,40.8166618347168,40.8166618347168,39.96248245239258,38.27531814575195,38.01315689086914,37.80211639404297,39.051246643066406,41.86884307861328,42.63801193237305,44.04542922973633,44.821868896484375,43.600460052490234,41.04875183105469,38.07886505126953,35.7770881652832,37.161808013916016,37.336307525634766,36.400550842285156,37.013511657714844,37.013511657714844,7.0,2.0,0.0,1.0,2.2360680103302,5.099019527435303,27.166154861450195,28.07133674621582,28.635643005371094,29.42787742614746,29.42787742614746,30.4138126373291,31.400636672973633,33.241539001464844,34.13209533691406,34.058773040771484,34.01470184326172,34.0,35.0142822265625,35.05709457397461,35.12833786010742,35.0142822265625,35.0142822265625,36.22154235839844,38.63935852050781,38.832977294921875,39.051246643066406,38.832977294921875,38.832977294921875
1774426792.1485796,-74,1,0,0,44.72135925292969,43.416587829589844,42.19004440307617,41.88078308105469,43.011627197265625,43.600460052490234,43.600460052490234,44.204071044921875,44.204071044921875,44.204071044921875,45.607017517089844,47.20169448852539,46.615447998046875,46.87216567993164,44.94440841674805,43.90899658203125,42.48529052734375,42.04759216308594,41.62931823730469,40.49691390991211,39.560081481933594,39.0,38.20994567871094,6.082762718200684,1.0,1.4142135381698608,1.0,1.4142135381698608,5.830951690673828,31.95309066772461,30.364452362060547,29.546573638916016,31.016124725341797,31.320919036865234,32.015621185302734,32.75667953491211,34.525352478027344,35.35533905029297,36.34556198120117,37.2155876159668,38.11823654174805,38.20994567871094,38.20994567871094,39.20458984375,39.20458984375,39.31920623779297,38.327537536621094,38.470767974853516,39.623226165771484,40.024993896484375,41.231056213378906,42.44997024536133
1774426792.1929832,-75,1,0,0,35.735137939453125,35.11410140991211,34.539833068847656,34.928497314453125,35.7770881652832,35.35533905029297,34.48188018798828,34.98571014404297,36.715118408203125,38.07886505126953,38.94868469238281,38.94868469238281,38.470767974853516,38.01315689086914,37.57658767700195,35.84689712524414,33.83784866333008,34.20526123046875,33.95585250854492,34.525352478027344,34.13209533691406,35.735137939453125,35.693138122558594,6.082762718200684,1.4142135381698608,1.4142135381698608,1.4142135381698608,1.0,3.605551242828369,26.172504425048828,26.90724754333496,25.495098114013672,26.305892944335938,27.073972702026367,28.017850875854492,29.0,30.01666259765625,31.064449310302734,31.14482307434082,32.140316009521484,33.13608169555664,34.13209533691406,34.058773040771484,33.060550689697266,32.015621185302734,33.0151481628418,34.01470184326172,36.0,36.0,35.0142822265625,34.058773040771484,34.13209533691406
1774426792.225728,-75,1,0,0,44.821868896484375,43.931766510009766,43.863426208496094,43.84062194824219,44.59820556640625,43.931766510009766,43.931766510009766,44.68780517578125,45.607017517089844,46.40043258666992,46.40043258666992,47.01063537597656,46.86149978637695,47.50789260864258,46.75468063354492,45.96738052368164,44.59820556640625,43.27817153930664,42.8018684387207,41.88078308105469,41.18252182006836,40.49691390991211,40.52159881591797,7.280109882354736,2.2360680103302,1.0,1.0,2.0,5.0,29.73213768005371,30.0,31.62277603149414,32.75667953491211,34.0,34.0,34.885528564453125,35.7770881652832,36.67424011230469,36.769554138183594,37.336307525634766,38.27531814575195,39.560081481933594,40.16217041015625,41.1096076965332,41.1096076965332,40.16217041015625,38.62641525268555,38.4837646484375,39.81205749511719,40.24922180175781,41.18252182006836,41.67733383178711
1774426792.2365115,-75,1,0,0,46.52956008911133,45.27692413330078,44.94440841674805,44.65422821044922,46.40043258666992,45.45327377319336,45.343135833740234,46.010868072509766,46.69047164916992,48.79549026489258,49.51767349243164,48.91830062866211,49.81967544555664,48.60041046142578,48.010414123535156,45.486263275146484,43.5660400390625,42.54409408569336,43.416587829589844,42.95346450805664,43.08131790161133,41.43669891357422,40.52159881591797,8.246211051940918,3.1622776985168457,0.0,0.0,2.8284270763397217,6.4031243324279785,32.202484130859375,31.906112670898438,32.69556427001953,33.241539001464844,33.52610778808594,34.20526123046875,36.13862228393555,37.656341552734375,39.31920623779297,40.199501037597656,40.199501037597656,40.31128692626953,40.31128692626953,40.4474983215332,38.327537536621094,38.327537536621094,39.31920623779297,41.59326934814453,43.931766510009766,44.14748001098633,43.17406463623047,42.44997024536133,42.72002029418945
1774426792.279061,-74,1,0,0,44.283180236816406,43.382022857666016,42.94182205200195,41.67733383178711,41.34005355834961,43.011627197265625,42.8018684387207,43.416587829589844,43.416587829589844,44.04542922973633,44.821868896484375,44.204071044921875,45.0,45.221675872802734,44.10215377807617,43.046485900878906,42.48529052734375,42.04759216308594,41.62931823730469,40.49691390991211,39.84971618652344,41.1096076965332,40.4474983215332,7.280109882354736,3.1622776985168457,0.0,1.0,2.0,6.082762718200684,32.280025482177734,31.78049659729004,31.38471031188965,31.62277603149414,32.98484420776367,33.734256744384766,34.36568069458008,35.22782897949219,36.22154235839844,35.12833786010742,35.05709457397461,36.12478256225586,37.2155876159668,38.20994567871094,39.31920623779297,40.31128692626953,39.31920623779297,39.31920623779297,38.470767974853516,38.63935852050781,39.81205749511719,41.0,41.0
1774426792.3234696,-75,1,0,0,45.0111083984375,44.0,44.0113639831543,44.0113639831543,44.10215377807617,44.283180236816406,44.55333709716797,44.72135925292969,45.7055778503418,46.87216567993164,47.85394287109375,47.67599105834961,47.381431579589844,46.27094268798828,45.17742919921875,45.0444221496582,44.0,44.0113639831543,43.104522705078125,41.43669891357422,40.79215621948242,41.19466018676758,40.4474983215332,8.246211051940918,3.1622776985168457,1.0,1.0,2.0,6.0,33.060550689697266,33.0151481628418,32.557640075683594,33.95585250854492,34.20526123046875,34.48188018798828,36.055511474609375,36.769554138183594,37.161808013916016,38.4837646484375,39.39543151855469,40.71854782104492,40.71854782104492,39.81205749511719,40.71854782104492,40.71854782104492,41.231056213378906,40.853397369384766,41.43669891357422,42.05948257446289,41.761226654052734,43.416587829589844,44.14748001098633
1774426792.3234696,-75,1,0,0,46.173583984375,45.880279541015625,44.94440841674805,43.863426208496094,44.72135925292969,45.17742919921875,44.777225494384766,46.14108657836914,47.50789260864258,47.50789260864258,47.01063537597656,46.52956008911133,46.06517028808594,45.617977142333984,45.694637298583984,44.94440841674805,43.32435989379883,43.680660247802734,43.416587829589844,42.7551155090332,40.199501037597656,40.01249694824219,39.458839416503906,7.071067810058594,2.0,1.4142135381698608,1.0,2.2360680103302,6.4031243324279785,32.75667953491211,32.202484130859375,31.62277603149414,32.98484420776367,33.541019439697266,33.37664031982422,34.2344856262207,35.12833786010742,36.12478256225586,37.05401611328125,39.0128173828125,40.01249694824219,41.01219177246094,40.0,41.0,41.01219177246094,40.01249694824219,40.01249694824219,40.04996871948242,40.112342834472656,41.19466018676758,41.43669891357422,43.5660400390625
1774426792.3673573,-75,1,0,0,29.529645919799805,27.784887313842773,27.459060668945312,28.301942825317383,29.154760360717773,29.4108829498291,29.20616340637207,30.479501724243164,31.400636672973633,33.83784866333008,33.61547088623047,31.38471031188965,30.528675079345703,31.064449310302734,29.681644439697266,28.844409942626953,26.419689178466797,26.4007568359375,27.513633728027344,27.892650604248047,27.459060668945312,40.31128692626953,38.897300720214844,5.656854152679443,1.0,1.4142135381698608,1.4142135381698608,1.0,4.123105525970459,27.20294189453125,28.635643005371094,22.803508758544922,23.76972770690918,23.53720474243164,24.515300750732422,25.317977905273438,26.07680892944336,26.07680892944336,25.079872131347656,27.073972702026367,27.073972702026367,26.019224166870117,26.07680892944336,25.317977905273438,26.476404190063477,27.294687271118164,29.154760360717773,31.064449310302734,29.154760360717773,28.284271240234375,27.892650604248047,26.925823211669922
1774426792.3879466,-75,1,0,0,44.68780517578125,44.04542922973633,44.204071044921875,45.0,46.04345703125,47.16990661621094,46.14108657836914,45.650848388671875,46.52956008911133,47.01063537597656,48.3735466003418,48.02082824707031,47.70744323730469,48.010414123535156,46.40043258666992,44.68780517578125,43.931766510009766,43.863426208496094,43.84062194824219,43.185646057128906,41.231056213378906,41.617305755615234,40.8166618347168,8.062257766723633,3.1622776985168457,0.0,0.0,2.2360680103302,6.7082037925720215,32.202484130859375,32.75667953491211,33.42155075073242,34.65544509887695,33.970577239990234,34.71310806274414,35.608985900878906,36.055511474609375,37.2155876159668,37.58989334106445,38.94868469238281,39.4461669921875,40.49691390991211,40.49691390991211,40.49691390991211,39.66106414794922,40.49691390991211,41.34005355834961,41.88078308105469,42.43819046020508,43.011627197265625,44.204071044921875,43.416587829589844
1774426792.4094262,-75,1,0,0,45.27692413330078,45.650848388671875,44.72135925292969,45.18849563598633,44.94440841674805,44.271888732910156,41.761226654052734,40.804412841796875,41.761226654052734,42.05948257446289,45.221675872802734,45.54119110107422,46.48655700683594,48.10405349731445,47.53945541381836,44.777225494384766,43.382022857666016,41.146080017089844,40.24922180175781,39.4461669921875,39.408119201660156,38.587562561035156,37.121421813964844,7.280109882354736,3.0,1.0,1.0,2.2360680103302,6.4031243324279785,33.30165100097656,33.241539001464844,30.805843353271484,31.240999221801758,31.827661514282227,33.241539001464844,33.970577239990234,36.12478256225586,38.28837966918945,39.69886779785156,39.051246643066406,39.69886779785156,39.69886779785156,37.64305877685547,37.013511657714844,37.013511657714844,38.41874694824219,40.607879638671875,41.1096076965332,41.72529220581055,41.72529220581055,42.42640686035156,43.863426208496094
1774426792.4512603,-75,1,0,0,42.05948257446289,42.05948257446289,42.94182205200195,43.382022857666016,43.863426208496094,44.0113639831543,43.32435989379883,43.011627197265625,43.011627197265625,43.32435989379883,44.59820556640625,43.65776062011719,44.384681701660156,43.863426208496094,43.382022857666016,42.05948257446289,41.67733383178711,41.88078308105469,41.617305755615234,40.45985794067383,39.59798049926758,40.49691390991211,41.18252182006836,6.7082037925720215,1.0,1.4142135381698608,1.4142135381698608,1.0,5.099019527435303,31.016124725341797,30.886890411376953,30.4138126373291,30.528675079345703,31.064449310302734,32.4499626159668,33.60059356689453,34.828147888183594,35.38361358642578,35.35533905029297,35.35533905029297,36.06937789916992,37.48332977294922,38.897300720214844,38.897300720214844,38.18376541137695,38.20994567871094,38.897300720214844,39.59798049926758,38.897300720214844,39.69886779785156,41.231056213378906,41.400482177734375
1774426792.4614904,-75,1,0,0,45.486263275146484,43.26661682128906,43.011627197265625,42.63801193237305,43.185646057128906,44.55333709716797,45.343135833740234,44.59820556640625,45.27692413330078,45.27692413330078,45.96738052368164,46.69047164916992,46.010868072509766,46.097721099853516,44.821868896484375,43.600460052490234,42.43819046020508,41.88078308105469,41.67733383178711,40.70626449584961,41.231056213378906,40.24922180175781,40.49691390991211,7.071067810058594,3.0,1.0,1.0,1.4142135381698608,6.4031243324279785,31.906112670898438,31.400636672973633,30.232433319091797,32.24903106689453,33.541019439697266,33.61547088623047,34.539833068847656,35.46829605102539,36.055511474609375,37.0,37.947330474853516,38.897300720214844,38.897300720214844,38.897300720214844,39.84971618652344,40.804412841796875,41.1096076965332,41.1096076965332,40.16217041015625,40.16217041015625,40.49691390991211,43.08131790161133,44.384681701660156
1774426792.508675,-74,1,0,0,44.94440841674805,44.10215377807617,43.8292121887207,43.600460052490234,44.204071044921875,45.45327377319336,44.68780517578125,45.45327377319336,46.86149978637695,47.6340217590332,47.6340217590332,47.6340217590332,47.01063537597656,47.01063537597656,46.615447998046875,45.486263275146484,44.41846466064453,43.8292121887207,43.382022857666016,42.154476165771484,41.43669891357422,41.231056213378906,41.43669891357422,8.0,3.1622776985168457,1.0,1.0,2.0,6.324555397033691,32.649654388427734,32.649654388427734,31.30495262145996,32.31098937988281,33.83784866333008,34.48188018798828,34.20526123046875,35.902645111083984,37.10795211791992,39.051246643066406,39.81205749511719,40.79215621948242,41.773197174072266,40.79215621948242,40.607879638671875,40.607879638671875,40.607879638671875,40.79215621948242,41.231056213378906,41.48493576049805,43.011627197265625,43.011627197265625,43.32435989379883
1774426792.5430362,-74,1,0,0,45.650848388671875,44.41846466064453,42.72002029418945,43.011627197265625,43.600460052490234,44.04542922973633,44.04542922973633,44.04542922973633,44.04542922973633,45.45327377319336,46.86149978637695,46.86149978637695,46.22769546508789,45.607017517089844,44.40720748901367,42.72002029418945,42.54409408569336,42.48529052734375,42.95346450805664,41.78516387939453,40.16217041015625,41.1096076965332,40.52159881591797,7.280109882354736,2.2360680103302,1.0,1.0,2.2360680103302,5.656854152679443,33.30165100097656,32.015621185302734,30.4138126373291,30.870698928833008,32.31098937988281,32.893768310546875,34.78505325317383,35.44009017944336,36.400550842285156,35.902645111083984,36.67424011230469,38.63935852050781,39.623226165771484,39.623226165771484,40.4474983215332,40.4474983215332,39.81205749511719,39.051246643066406,38.60051727294922,39.84971618652344,40.804412841796875,41.761226654052734,42.05948257446289
1774426792.5765765,-75,1,0,0,41.146080017089844,40.71854782104492,39.39543151855469,39.39543151855469,39.924930572509766,39.560081481933594,39.217342376708984,39.84971618652344,40.804412841796875,41.761226654052734,41.761226654052734,41.761226654052734,41.1096076965332,41.43669891357422,41.231056213378906,39.81205749511719,39.357337951660156,38.94868469238281,39.11521530151367,38.60051727294922,38.28837966918945,36.06937789916992,34.828147888183594,6.4031243324279785,2.2360680103302,0.0,0.0,2.2360680103302,5.385164737701416,27.513633728027344,27.312999725341797,29.681644439697266,29.4108829498291,30.610456466674805,31.240999221801758,32.557640075683594,33.241539001464844,34.71310806274414,34.71310806274414,35.46829605102539,36.12478256225586,37.53664779663086,37.53664779663086,36.79673767089844,36.769554138183594,36.06937789916992,36.06937789916992,36.79673767089844,36.769554138183594,38.20994567871094,38.28837966918945,39.20458984375
1774426792.5985692,-75,1,0,0,35.46829605102539,34.71310806274414,34.828147888183594,34.4093017578125,35.35533905029297,35.84689712524414,36.055511474609375,36.769554138183594,37.57658767700195,38.470767974853516,36.715118408203125,36.359317779541016,36.055511474609375,37.013511657714844,36.12478256225586,35.38361358642578,33.970577239990234,32.649654388427734,32.015621185302734,32.557640075683594,32.557640075683594,36.400550842285156,36.13862228393555,6.082762718200684,1.0,1.4142135381698608,1.4142135381698608,1.0,3.605551242828369,26.172504425048828,26.90724754333496,24.698177337646484,24.20743751525879,25.495098114013672,24.75883674621582,25.495098114013672,25.0,26.419689178466797,27.294687271118164,28.017850875854492,28.319604873657227,29.73213768005371,30.479501724243164,32.557640075683594,32.557640075683594,31.400636672973633,32.202484130859375,31.62277603149414,31.400636672973633,32.015621185302734,32.80244064331055,33.42155075073242
1774426792.6297734,-75,1,0,0,46.097721099853516,44.72135925292969,45.17742919921875,46.14108657836914,47.50789260864258,47.70744323730469,46.04345703125,45.221675872802734,46.615447998046875,47.20169448852539,48.82622146606445,48.25971221923828,48.54894256591797,48.87739944458008,47.88528060913086,45.617977142333984,44.777225494384766,44.0113639831543,44.271888732910156,44.384681701660156,43.73785400390625,41.19466018676758,39.0128173828125,7.0,2.0,0.0,0.0,2.8284270763397217,6.4031243324279785,32.202484130859375,32.75667953491211,33.61547088623047,33.52610778808594,33.95585250854492,34.71310806274414,36.67424011230469,38.470767974853516,39.31920623779297,39.20458984375,39.11521530151367,40.04996871948242,41.04875183105469,42.10700607299805,41.1096076965332,40.199501037597656,41.30375289916992,43.28972244262695,44.40720748901367,44.55333709716797,43.931766510009766,43.17406463623047,44.384681701660156
1774426792.6427617,-75,1,0,0,42.10700607299805,41.04875183105469,41.0,42.04759216308594,43.28972244262695,44.55333709716797,42.57933807373047,42.57933807373047,42.7551155090332,44.72135925292969,46.69047164916992,47.51841735839844,47.381431579589844,46.173583984375,44.04542922973633,42.01190185546875,41.01219177246094,41.04875183105469,42.10700607299805,41.43669891357422,41.0,40.16217041015625,39.81205749511719,7.211102485656738,2.2360680103302,1.0,1.4142135381698608,1.0,5.099019527435303,30.265491485595703,31.016124725341797,32.140316009521484,32.24903106689453,32.75667953491211,32.98484420776367,34.20526123046875,34.78505325317383,36.400550842285156,36.400550842285156,36.769554138183594,37.6961555480957,39.560081481933594,40.49691390991211,40.49691390991211,39.560081481933594,39.560081481933594,40.49691390991211,41.43669891357422,41.1096076965332,39.84971618652344,39.560081481933594,40.52159881591797
1774426792.6857073,-74,1,0,0,46.173583984375,46.097721099853516,45.0444221496582,44.0113639831543,45.0111083984375,45.17742919921875,46.27094268798828,48.3735466003418,49.36598205566406,49.36598205566406,49.36598205566406,48.25971221923828,48.25971221923828,47.095645904541016,46.0,46.04345703125,45.17742919921875,44.283180236816406,44.40720748901367,43.73785400390625,42.44997024536133,42.95346450805664,41.18252182006836,8.062257766723633,2.8284270763397217,0.0,1.0,2.0,7.0,35.0,35.0142822265625,34.13209533691406,34.36568069458008,34.71310806274414,35.1710090637207,36.400550842285156,37.947330474853516,38.27531814575195,39.0,40.31128692626953,40.31128692626953,40.31128692626953,40.31128692626953,41.62931823730469,42.54409408569336,42.95346450805664,42.54409408569336,43.08131790161133,43.011627197265625,43.416587829589844,43.416587829589844,44.384681701660156
1774426792.7199192,-75,1,0,0,46.40043258666992,45.221675872802734,44.10215377807617,44.777225494384766,45.617977142333984,46.097721099853516,45.694637298583984,45.694637298583984,45.694637298583984,46.097721099853516,46.51881408691406,46.957427978515625,47.41307830810547,46.52956008911133,46.14108657836914,44.94440841674805,43.600460052490234,42.63801193237305,42.63801193237305,41.773197174072266,40.31128692626953,38.94868469238281,38.01315689086914,6.4031243324279785,1.4142135381698608,1.0,1.0,2.0,6.082762718200684,31.95309066772461,32.69556427001953,32.4499626159668,32.80244064331055,33.30165100097656,33.941123962402344,33.970577239990234,36.12478256225586,37.53664779663086,38.28837966918945,39.051246643066406,39.824615478515625,41.231056213378906,41.400482177734375,41.617305755615234,42.20189666748047,41.400482177734375,40.45985794067383,40.360870361328125,40.31128692626953,40.31128692626953,41.01219177246094,42.42640686035156
1774426792.7547026,-75,1,0,0,33.61547088623047,33.241539001464844,33.241539001464844,34.1760139465332,35.735137939453125,35.902645111083984,34.525352478027344,32.38827133178711,34.36568069458008,36.67424011230469,35.693138122558594,36.13862228393555,35.1710090637207,34.48188018798828,33.83784866333008,32.893768310546875,31.95309066772461,31.38471031188965,31.78049659729004,31.764760971069336,31.906112670898438,34.928497314453125,36.2353401184082,6.7082037925720215,2.2360680103302,1.0,1.0,2.2360680103302,5.385164737701416,25.495098114013672,25.179357528686523,24.698177337646484,25.079872131347656,25.495098114013672,25.495098114013672,26.419689178466797,26.07680892944336,26.4007568359375,26.248809814453125,27.58622932434082,29.0,29.73213768005371,29.73213768005371,29.73213768005371,29.832868576049805,30.610456466674805,31.400636672973633,31.62277603149414,31.62277603149414,30.232433319091797,31.064449310302734,31.906112670898438
1774426792.7871866,-75,1,0,0,44.68780517578125,43.416587829589844,42.20189666748047,42.43819046020508,42.72002029418945,43.046485900878906,43.90899658203125,43.90899658203125,44.777225494384766,45.650848388671875,46.52956008911133,45.650848388671875,46.14108657836914,46.647613525390625,45.486263275146484,44.204071044921875,43.27817153930664,43.13930892944336,43.13930892944336,42.52058410644531,42.01190185546875,40.49691390991211,38.470767974853516,7.280109882354736,3.0,1.0,1.0,1.4142135381698608,5.830951690673828,32.31098937988281,32.202484130859375,32.015621185302734,32.557640075683594,32.557640075683594,34.058773040771484,35.608985900878906,36.400550842285156,36.400550842285156,36.400550842285156,38.01315689086914,38.832977294921875,39.66106414794922,40.49691390991211,39.96248245239258,39.11521530151367,39.66106414794922,39.408119201660156,41.400482177734375,41.400482177734375,41.400482177734375,42.01190185546875,42.63801193237305
1774426792.8295305,-74,1,0,0,34.65544509887695,33.970577239990234,34.058773040771484,34.058773040771484,34.65544509887695,35.35533905029297,35.35533905029297,35.35533905029297,36.06937789916992,36.12478256225586,36.12478256225586,36.769554138183594,37.48332977294922,36.878177642822266,36.12478256225586,36.06937789916992,33.970577239990234,32.202484130859375,32.24903106689453,33.105892181396484,32.893768310546875,32.140316009521484,32.0,5.0,1.0,1.0,1.0,2.0,4.242640495300293,24.83948516845703,23.853721618652344,24.698177337646484,25.05992889404297,25.05992889404297,25.942243576049805,26.832815170288086,29.068883895874023,29.529645919799805,29.154760360717773,28.65309715270996,29.154760360717773,30.364452362060547,31.048349380493164,30.805843353271484,31.048349380493164,31.62277603149414,31.95309066772461,32.31098937988281,32.69556427001953,33.105892181396484,33.12099075317383,34.13209533691406
1774426792.872764,-75,1,0,0,43.680660247802734,43.011627197265625,42.72002029418945,44.777225494384766,45.617977142333984,45.617977142333984,43.8292121887207,43.416587829589844,44.29446792602539,45.17742919921875,46.06517028808594,46.51881408691406,47.01063537597656,47.92702865600586,46.2385139465332,44.59820556640625,43.011627197265625,42.44997024536133,41.9761848449707,41.59326934814453,41.19466018676758,41.773197174072266,41.30375289916992,8.062257766723633,3.1622776985168457,1.0,0.0,2.8284270763397217,6.4031243324279785,31.906112670898438,32.649654388427734,33.734256744384766,33.541019439697266,34.2344856262207,34.2344856262207,36.12478256225586,37.013511657714844,38.0,39.0128173828125,40.04996871948242,41.04875183105469,41.01219177246094,41.0,40.0,40.0,39.0,42.0,43.0,43.011627197265625,42.04759216308594,42.04759216308594,43.104522705078125
1774426792.8830183,-75,1,0,0,45.27692413330078,43.416587829589844,42.57933807373047,41.773197174072266,43.17406463623047,44.643028259277344,45.221675872802734,44.59820556640625,45.31004333496094,45.31004333496094,45.31004333496094,46.2385139465332,45.880279541015625,46.48655700683594,44.92215347290039,44.384681701660156,43.931766510009766,44.72135925292969,43.416587829589844,41.1096076965332,40.0,39.11521530151367,39.31920623779297,7.280109882354736,3.1622776985168457,1.0,1.0,2.0,6.0,33.0151481628418,33.0,32.015621185302734,33.13608169555664,34.2344856262207,34.525352478027344,35.902645111083984,36.13862228393555,37.36308288574219,37.36308288574219,37.64305877685547,38.60051727294922,39.84971618652344,39.84971618652344,39.84971618652344,40.26164245605469,40.26164245605469,40.024993896484375,40.79215621948242,41.59326934814453,41.43669891357422,42.296573638916016,43.185646057128906
1774426792.9162593,-75,1,0,0,46.615447998046875,44.94440841674805,45.54119110107422,44.92215347290039,46.57252502441406,47.29693603515625,47.07440948486328,47.85394287109375,47.07440948486328,47.29693603515625,47.53945541381836,47.53945541381836,47.801673889160156,47.801673889160156,46.173583984375,45.54119110107422,44.0113639831543,42.95346450805664,43.8292121887207,43.5660400390625,42.8018684387207,42.44997024536133,41.86884307861328,7.8102498054504395,2.8284270763397217,0.0,0.0,3.0,7.071067810058594,34.928497314453125,33.83784866333008,33.105892181396484,34.0,34.48188018798828,35.510562896728516,36.619667053222656,38.60051727294922,39.20458984375,39.051246643066406,39.69886779785156,41.1096076965332,41.1096076965332,41.1096076965332,41.1096076965332,41.86884307861328,42.63801193237305,43.416587829589844,44.204071044921875,44.204071044921875,43.600460052490234,44.65422821044922,44.94440841674805
1774426792.9629467,-75,1,0,0,44.04542922973633,43.011627197265625,43.011627197265625,44.0,45.0444221496582,45.17742919921875,44.283180236816406,43.416587829589844,43.416587829589844,45.39823913574219,47.26520919799805,47.26520919799805,47.26520919799805,47.16990661621094,46.097721099853516,44.0113639831543,43.011627197265625,42.10700607299805,42.296573638916016,40.607879638671875,40.26164245605469,37.57658767700195,36.2353401184082,6.7082037925720215,2.2360680103302,1.0,1.0,2.2360680103302,6.082762718200684,29.0,30.066593170166016,32.140316009521484,32.24903106689453,32.557640075683594,32.98484420776367,33.241539001464844,35.735137939453125,37.0,37.6961555480957,39.0,40.31128692626953,40.31128692626953,39.39543151855469,39.39543151855469,40.31128692626953,39.924930572509766,41.43669891357422,42.379241943359375,41.1096076965332,39.84971618652344,40.804412841796875,41.48493576049805
1774426792.9629467,-75,1,0,0,42.19004440307617,41.19466018676758,41.43669891357422,41.773197174072266,40.804412841796875,42.154476165771484,44.72135925292969,45.17742919921875,46.957427978515625,46.097721099853516,45.694637298583984,45.31004333496094,45.880279541015625,45.607017517089844,43.931766510009766,42.57933807373047,41.59326934814453,41.0,41.231056213378906,42.95346450805664,42.296573638916016,39.20458984375,38.07886505126953,6.324555397033691,1.4142135381698608,1.4142135381698608,1.4142135381698608,1.0,5.099019527435303,31.048349380493164,31.78049659729004,32.24903106689453,33.060550689697266,34.01470184326172,34.058773040771484,33.241539001464844,35.693138122558594,37.64305877685547,39.217342376708984,38.897300720214844,37.10795211791992,38.470767974853516,38.327537536621094,39.458839416503906,41.59326934814453,42.57933807373047,42.57933807373047,41.43669891357422,39.458839416503906,38.470767974853516,39.458839416503906,40.31128692626953
1774426793.0106332,-75,1,0,0,44.777225494384766,43.08131790161133,44.0113639831543,45.31004333496094,46.81879806518555,47.12748718261719,47.53945541381836,47.29693603515625,47.07440948486328,47.53945541381836,48.764739990234375,49.33558654785156,49.33558654785156,49.648765563964844,47.75981521606445,46.2385139465332,43.863426208496094,44.283180236816406,44.777225494384766,44.65422821044922,44.821868896484375,46.52956008911133,47.16990661621094,8.602325439453125,3.605551242828369,0.0,1.0,2.0,7.0,36.013885498046875,35.12833786010742,33.61547088623047,34.4093017578125,35.0,36.400550842285156,37.013511657714844,38.28837966918945,38.20994567871094,38.897300720214844,39.59798049926758,41.01219177246094,42.42640686035156,43.13930892944336,41.72529220581055,41.72529220581055,42.42640686035156,43.84062194824219,44.59820556640625,44.04542922973633,44.204071044921875,44.40720748901367,43.8292121887207
1774426793.0534408,-75,1,0,0,44.821868896484375,44.04542922973633,43.931766510009766,44.59820556640625,45.96738052368164,45.96738052368164,46.097721099853516,45.45327377319336,45.45327377319336,46.097721099853516,47.50789260864258,48.166378021240234,48.83646011352539,48.79549026489258,47.423622131347656,45.343135833740234,44.04542922973633,42.8018684387207,43.011627197265625,42.72002029418945,42.05948257446289,40.70626449584961,39.0,7.6157732009887695,3.1622776985168457,0.0,0.0,2.2360680103302,6.7082037925720215,30.886890411376953,31.62277603149414,32.015621185302734,33.0151481628418,33.2866325378418,34.13209533691406,34.98571014404297,37.121421813964844,38.910152435302734,39.39543151855469,39.924930572509766,39.924930572509766,39.924930572509766,40.31128692626953,39.39543151855469,39.39543151855469,40.31128692626953,41.62931823730469,41.62931823730469,41.62931823730469,41.146080017089844,41.59326934814453,43.046485900878906
1774426793.0639231,-75,1,0,0,44.821868896484375,43.011627197265625,43.26661682128906,43.5660400390625,43.90899658203125,44.777225494384766,44.29446792602539,44.777225494384766,45.650848388671875,46.957427978515625,46.51881408691406,45.17742919921875,44.29446792602539,44.777225494384766,43.5660400390625,43.011627197265625,42.63801193237305,42.44997024536133,41.72529220581055,41.1096076965332,40.607879638671875,40.224369049072266,39.96248245239258,7.6157732009887695,2.0,1.0,1.0,1.4142135381698608,5.830951690673828,31.764760971069336,32.75667953491211,32.649654388427734,32.557640075683594,33.970577239990234,34.828147888183594,35.608985900878906,36.400550842285156,37.202152252197266,37.44329071044922,38.27531814575195,39.11521530151367,40.49691390991211,40.8166618347168,40.8166618347168,39.4461669921875,39.11521530151367,38.832977294921875,40.0,40.607879638671875,42.01190185546875,41.86884307861328,42.52058410644531
1774426793.0971558,-75,1,0,0,41.34005355834961,41.67733383178711,41.18252182006836,41.146080017089844,40.71854782104492,41.78516387939453,41.43669891357422,43.32435989379883,43.65776062011719,44.94440841674805,44.94440841674805,44.0113639831543,44.777225494384766,44.283180236816406,43.382022857666016,42.05948257446289,40.31128692626953,39.96248245239258,39.66106414794922,39.20458984375,38.94868469238281,40.31128692626953,39.39543151855469,6.324555397033691,1.0,1.4142135381698608,1.4142135381698608,1.0,5.0,30.805843353271484,29.73213768005371,29.832868576049805,30.479501724243164,31.827661514282227,32.526912689208984,33.241539001464844,34.058773040771484,35.0,34.66987228393555,35.510562896728516,36.055511474609375,36.400550842285156,37.013511657714844,37.013511657714844,37.013511657714844,37.80211639404297,38.60051727294922,37.80211639404297,37.64305877685547,38.20994567871094,39.59798049926758,41.01219177246094
1774426793.1401381,-75,1,0,0,44.55333709716797,43.73785400390625,43.17406463623047,43.96589660644531,44.59820556640625,44.0113639831543,43.08131790161133,43.46262741088867,45.694637298583984,47.01063537597656,47.92702865600586,46.615447998046875,47.16990661621094,47.75981521606445,46.173583984375,44.384681701660156,42.95346450805664,42.57933807373047,43.28972244262695,42.04759216308594,42.0,40.04996871948242,39.0128173828125,7.0,3.0,0.0,1.0,2.2360680103302,5.385164737701416,30.675724029541016,31.62277603149414,34.13209533691406,34.01470184326172,34.01470184326172,35.12833786010742,36.22154235839844,37.336307525634766,37.656341552734375,37.85498809814453,38.832977294921875,38.832977294921875,39.623226165771484,39.81205749511719,38.832977294921875,39.81205749511719,40.607879638671875,41.43669891357422,42.19004440307617,42.19004440307617,41.1096076965332,41.04875183105469,42.01190185546875
1774426793.1734805,-75,1,0,0,44.72135925292969,45.650848388671875,45.27692413330078,45.486263275146484,46.04345703125,45.80392837524414,44.204071044921875,42.63801193237305,43.416587829589844,45.45327377319336,46.22769546508789,46.40043258666992,47.20169448852539,48.010414123535156,46.615447998046875,45.486263275146484,43.90899658203125,42.94182205200195,43.382022857666016,43.08131790161133,43.32435989379883,42.95346450805664,42.296573638916016,8.062257766723633,3.0,0.0,0.0,2.2360680103302,5.830951690673828,31.38471031188965,31.95309066772461,33.52610778808594,34.20526123046875,32.98484420776367,33.734256744384766,35.693138122558594,37.656341552734375,39.31920623779297,39.11521530151367,40.01249694824219,40.01249694824219,41.01219177246094,40.04996871948242,40.04996871948242,40.04996871948242,40.112342834472656,40.199501037597656,41.43669891357422,41.59326934814453,42.20189666748047,42.44997024536133,42.72002029418945
1774426793.1947732,-75,1,0,0,40.31128692626953,38.01315689086914,38.4837646484375,38.07886505126953,40.31128692626953,41.146080017089844,39.357337951660156,38.910152435302734,39.0,40.853397369384766,43.08131790161133,45.694637298583984,47.01063537597656,45.18849563598633,41.62931823730469,39.81205749511719,36.67424011230469,37.735923767089844,38.60051727294922,39.051246643066406,38.897300720214844,40.853397369384766,42.72002029418945,7.280109882354736,2.0,1.4142135381698608,1.4142135381698608,1.0,4.242640495300293,28.319604873657227,28.42534065246582,29.0,29.0,29.0,30.4138126373291,32.557640075683594,34.058773040771484,35.608985900878906,35.0,35.22782897949219,34.98571014404297,37.58989334106445,38.470767974853516,37.58989334106445,37.2155876159668,36.055511474609375,37.202152252197266,39.20458984375,39.824615478515625,38.94868469238281,38.18376541137695,37.53664779663086
1774426793.239677,-75,1,0,0,46.27094268798828,46.389652252197266,45.7055778503418,45.12205505371094,44.384681701660156,44.643028259277344,44.92215347290039,45.880279541015625,47.12748718261719,47.12748718261719,46.840152740478516,46.57252502441406,45.35416030883789,44.72135925292969,44.40720748901367,44.18144226074219,44.04542922973633,44.04542922973633,44.0113639831543,43.011627197265625,42.296573638916016,40.52159881591797,39.560081481933594,7.6157732009887695,2.8284270763397217,0.0,1.0,2.0,6.082762718200684,32.280025482177734,33.734256744384766,33.241539001464844,35.05709457397461,36.013885498046875,36.0,35.0142822265625,36.22154235839844,36.34556198120117,37.656341552734375,38.832977294921875,40.79215621948242,41.773197174072266,41.773197174072266,41.773197174072266,42.7551155090332,41.773197174072266,41.773197174072266,41.59326934814453,41.43669891357422,42.296573638916016,43.185646057128906,44.04542922973633
1774426793.2508767,-75,1,0,0,45.12205505371094,44.14748001098633,42.20189666748047,41.48493576049805,42.05948257446289,43.65776062011719,44.384681701660156,45.31004333496094,45.694637298583984,45.31004333496094,46.2385139465332,46.2385139465332,45.880279541015625,45.54119110107422,44.92215347290039,44.384681701660156,43.931766510009766,42.7551155090332,42.57933807373047,42.19004440307617,41.01219177246094,41.1096076965332,40.4474983215332,8.246211051940918,3.1622776985168457,1.0,1.0,2.2360680103302,6.324555397033691,31.38471031188965,31.62277603149414,31.14482307434082,32.06243896484375,33.0,35.0142822265625,35.05709457397461,36.12478256225586,36.22154235839844,36.34556198120117,38.470767974853516,38.470767974853516,39.458839416503906,39.458839416503906,39.623226165771484,39.623226165771484,39.458839416503906,40.31128692626953,40.199501037597656,40.112342834472656,41.04875183105469,42.01190185546875,43.011627197265625
1774426793.2942085,-75,1,0,0,46.14108657836914,44.41846466064453,44.10215377807617,43.600460052490234,44.821868896484375,44.68780517578125,45.343135833740234,45.343135833740234,46.097721099853516,46.75468063354492,46.75468063354492,46.75468063354492,46.86149978637695,47.01063537597656,45.80392837524414,45.79301071166992,44.29446792602539,43.382022857666016,42.95346450805664,43.08131790161133,42.05948257446289,41.761226654052734,41.9761848449707,7.280109882354736,2.2360680103302,1.0,1.0,2.0,5.830951690673828,29.068883895874023,29.73213768005371,31.906112670898438,33.12099075317383,34.928497314453125,34.539833068847656,35.46829605102539,35.11410140991211,35.735137939453125,36.400550842285156,37.36308288574219,38.327537536621094,39.560081481933594,39.560081481933594,40.52159881591797,40.26164245605469,40.26164245605469,40.52159881591797,39.84971618652344,40.16217041015625,40.49691390991211,40.853397369384766,40.853397369384766
1774426793.3372452,-74,1,0,0,47.41307830810547,46.51881408691406,45.694637298583984,45.694637298583984,45.31004333496094,44.271888732910156,43.96589660644531,43.96589660644531,45.607017517089844,47.801673889160156,48.764739990234375,48.08325958251953,48.383880615234375,47.16990661621094,46.097721099853516,45.617977142333984,43.8292121887207,42.94182205200195,43.416587829589844,41.88078308105469,42.01190185546875,41.03656768798828,41.1096076965332,7.8102498054504395,3.605551242828369,0.0,0.0,2.2360680103302,6.7082037925720215,30.870698928833008,31.38471031188965,32.649654388427734,33.970577239990234,34.65544509887695,35.35533905029297,35.38361358642578,37.013511657714844,38.60051727294922,38.60051727294922,38.832977294921875,40.224369049072266,41.617305755615234,42.20189666748047,41.400482177734375,41.400482177734375,42.01190185546875,42.63801193237305,43.27817153930664,43.185646057128906,42.42640686035156,42.44997024536133,43.185646057128906
1774426793.3814979,-75,1,0,0,39.293766021728516,38.07886505126953,38.327537536621094,38.60051727294922,39.217342376708984,40.853397369384766,40.31128692626953,40.71854782104492,42.04759216308594,42.54409408569336,42.54409408569336,42.154476165771484,42.154476165771484,41.43669891357422,42.05948257446289,41.48493576049805,40.024993896484375,38.63935852050781,38.327537536621094,37.05401611328125,37.0,38.94868469238281,38.27531814575195,7.071067810058594,2.2360680103302,1.0,1.4142135381698608,1.0,5.099019527435303,29.27456283569336,30.066593170166016,29.832868576049805,29.42787742614746,30.149627685546875,30.01666259765625,32.0,33.060550689697266,33.241539001464844,33.37664031982422,34.36568069458008,34.2344856262207,35.22782897949219,36.22154235839844,36.22154235839844,37.121421813964844,36.22154235839844,36.12478256225586,37.05401611328125,36.013885498046875,36.0,37.013511657714844,39.051246643066406
1774426793.3928678,-75,1,0,0,12.649110794067383,11.401754379272461,11.180339813232422,10.770329475402832,12.083045959472656,12.649110794067383,12.369317054748535,14.03566837310791,14.03566837310791,15.132745742797852,16.492422103881836,16.278820037841797,15.132745742797852,16.124515533447266,15.524174690246582,14.560219764709473,13.928388595581055,13.0,13.416407585144043,13.892443656921387,13.892443656921387,39.31920623779297,38.05259704589844,6.0,1.4142135381698608,1.4142135381698608,1.4142135381698608,1.0,4.123105525970459,29.4108829498291,31.048349380493164,10.0,9.219544410705566,9.219544410705566,8.602325439453125,7.8102498054504395,9.219544410705566,9.219544410705566,9.219544410705566,9.899495124816895,10.0,10.29563045501709,10.816654205322266,12.041594505310059,12.806248664855957,12.041594505310059,12.727922439575195,12.041594505310059,10.630146026611328,10.630146026611328,10.0,10.816654205322266
1774426793.4382408,-75,1,0,0,45.35416030883789,43.931766510009766,43.5660400390625,44.40720748901367,45.27692413330078,44.18144226074219,44.10215377807617,45.0444221496582,45.0111083984375,47.01063537597656,47.01063537597656,48.041648864746094,49.04079818725586,49.09175109863281,47.26520919799805,45.54119110107422,43.73785400390625,41.9761848449707,41.231056213378906,40.804412841796875,40.853397369384766,39.66106414794922,39.69886779785156,7.8102498054504395,2.2360680103302,1.0,1.0,2.0,6.0,29.614185333251953,30.08321762084961,31.62277603149414,32.31098937988281,32.202484130859375,33.541019439697266,34.48188018798828,35.84689712524414,37.2155876159668,38.27531814575195,39.66106414794922,40.224369049072266,40.224369049072266,38.832977294921875,39.408119201660156,39.408119201660156,40.224369049072266,42.19004440307617,42.54409408569336,42.05948257446289,41.59326934814453,41.59326934814453,42.04759216308594
1774426793.4950655,-75,1,0,0,39.824615478515625,39.408119201660156,38.832977294921875,38.832977294921875,38.832977294921875,39.11521530151367,39.4461669921875,41.18252182006836,42.05948257446289,42.54409408569336,42.54409408569336,41.67733383178711,40.8166618347168,40.49691390991211,40.224369049072266,40.0,38.41874694824219,38.28837966918945,38.94868469238281,38.18376541137695,36.878177642822266,36.715118408203125,36.24913787841797,6.7082037925720215,2.2360680103302,0.0,0.0,2.2360680103302,5.830951690673828,29.681644439697266,29.832868576049805,30.4138126373291,30.4138126373291,31.240999221801758,31.240999221801758,31.400636672973633,32.4499626159668,33.2866325378418,33.61547088623047,33.61547088623047,34.48188018798828,36.715118408203125,35.84689712524414,36.359317779541016,36.359317779541016,36.359317779541016,37.735923767089844,37.44329071044922,37.202152252197266,37.80211639404297,37.64305877685547,37.64305877685547
1774426793.5491261,-75,1,0,0,39.20458984375,39.11521530151367,39.20458984375,41.30375289916992,42.95346450805664,41.48493576049805,38.897300720214844,37.64305877685547,37.36308288574219,39.293766021728516,42.20189666748047,42.7551155090332,42.19004440307617,43.011627197265625,43.104522705078125,41.30375289916992,41.59326934814453,40.4474983215332,39.623226165771484,36.878177642822266,35.44009017944336,34.1760139465332,36.24913787841797,6.7082037925720215,3.1622776985168457,0.0,1.0,2.2360680103302,5.656854152679443,29.73213768005371,29.068883895874023,27.784887313842773,27.73084831237793,27.312999725341797,28.792360305786133,31.320919036865234,32.98484420776367,34.36568069458008,36.055511474609375,37.013511657714844,39.051246643066406,39.20458984375,36.34556198120117,35.510562896728516,33.37664031982422,34.13209533691406,36.12478256225586,37.2155876159668,38.20994567871094,37.121421813964844,37.013511657714844,39.0128173828125
1774426793.5595157,-75,1,0,0,46.75468063354492,44.68780517578125,43.416587829589844,43.26661682128906,44.41846466064453,43.90899658203125,43.90899658203125,44.41846466064453,45.79301071166992,46.14108657836914,47.01063537597656,46.647613525390625,47.16990661621094,47.16990661621094,46.87216567993164,45.80392837524414,44.68780517578125,43.863426208496094,43.13930892944336,41.1096076965332,39.824615478515625,40.71854782104492,40.49691390991211,6.7082037925720215,2.2360680103302,1.0,1.0,2.0,5.830951690673828,31.827661514282227,32.526912689208984,32.557640075683594,31.827661514282227,32.015621185302734,33.0151481628418,33.2866325378418,34.98571014404297,35.84689712524414,36.2353401184082,36.67424011230469,38.4837646484375,38.910152435302734,38.470767974853516,38.470767974853516,39.357337951660156,38.470767974853516,39.96248245239258,41.04875183105469,40.224369049072266,40.804412841796875,41.400482177734375,41.400482177734375
1774426793.6127667,-75,1,0,0,43.84062194824219,43.13930892944336,43.13930892944336,42.44997024536133,43.931766510009766,44.04542922973633,43.600460052490234,44.40720748901367,44.40720748901367,45.0,44.204071044921875,44.04542922973633,45.343135833740234,45.27692413330078,44.55333709716797,43.185646057128906,41.86884307861328,40.607879638671875,40.0,40.49691390991211,40.24922180175781,40.52159881591797,39.81205749511719,7.071067810058594,2.0,1.4142135381698608,1.4142135381698608,1.0,5.385164737701416,30.4138126373291,30.805843353271484,31.11269760131836,31.240999221801758,32.202484130859375,33.0151481628418,33.2866325378418,34.98571014404297,36.2353401184082,37.121421813964844,38.01315689086914,39.357337951660156,38.910152435302734,38.01315689086914,38.01315689086914,39.357337951660156,39.357337951660156,39.357337951660156,40.24922180175781,40.70626449584961,39.96248245239258,41.04875183105469,42.20189666748047
1774426793.6234164,-74,1,0,0,48.093658447265625,47.16990661621094,46.27094268798828,45.39823913574219,44.72135925292969,45.12205505371094,45.35416030883789,45.607017517089844,46.57252502441406,47.53945541381836,48.27007293701172,48.27007293701172,47.07440948486328,46.87216567993164,46.52956008911133,45.27692413330078,45.17742919921875,45.09988784790039,44.04542922973633,43.046485900878906,42.296573638916016,41.773197174072266,42.20189666748047,8.246211051940918,3.1622776985168457,0.0,1.0,2.0,6.082762718200684,31.256999969482422,31.064449310302734,33.060550689697266,34.2344856262207,35.510562896728516,36.67424011230469,36.878177642822266,37.36308288574219,37.64305877685547,37.947330474853516,39.217342376708984,39.560081481933594,39.560081481933594,39.560081481933594,39.217342376708984,40.16217041015625,40.804412841796875,42.05948257446289,42.72002029418945,43.416587829589844,44.14748001098633,43.73785400390625,45.39823913574219
1774426793.6682608,-75,1,0,0,44.643028259277344,42.20189666748047,41.773197174072266,41.43669891357422,42.19004440307617,43.046485900878906,42.04759216308594,41.04875183105469,42.01190185546875,44.0113639831543,45.0444221496582,46.097721099853516,46.097721099853516,46.173583984375,44.283180236816406,42.57933807373047,41.0,40.52159881591797,39.84971618652344,39.560081481933594,39.39543151855469,38.27531814575195,37.57658767700195,7.211102485656738,2.2360680103302,1.0,1.0,1.0,5.0,31.016124725341797,31.064449310302734,30.675724029541016,31.78049659729004,32.649654388427734,33.12099075317383,33.61547088623047,35.84689712524414,38.07886505126953,38.587562561035156,38.27531814575195,38.832977294921875,38.832977294921875,39.408119201660156,38.60051727294922,38.60051727294922,38.832977294921875,39.11521530151367,40.31128692626953,41.18252182006836,40.70626449584961,40.70626449584961,41.59326934814453
1774426793.72576,-75,1,0,0,41.04875183105469,41.01219177246094,41.0,42.01190185546875,43.104522705078125,43.28972244262695,42.42640686035156,43.5660400390625,44.55333709716797,45.54119110107422,45.54119110107422,45.39823913574219,46.389652252197266,46.173583984375,46.097721099853516,44.0,42.04759216308594,41.1096076965332,40.31128692626953,40.607879638671875,39.051246643066406,39.66106414794922,39.20458984375,7.211102485656738,2.2360680103302,1.0,1.0,2.0,6.0,31.78049659729004,31.048349380493164,31.064449310302734,31.256999969482422,31.400636672973633,31.78049659729004,33.241539001464844,35.44009017944336,37.36308288574219,38.60051727294922,39.84971618652344,38.27531814575195,38.27531814575195,38.62641525268555,38.27531814575195,39.217342376708984,38.897300720214844,40.804412841796875,41.761226654052734,40.804412841796875,39.560081481933594,40.52159881591797,41.231056213378906
1774426793.7704134,-75,1,0,0,43.13930892944336,43.13930892944336,41.773197174072266,42.52058410644531,42.63801193237305,41.400482177734375,41.617305755615234,43.26661682128906,44.65422821044922,46.04345703125,46.04345703125,46.615447998046875,47.01063537597656,46.22769546508789,44.68780517578125,43.185646057128906,42.42640686035156,41.03656768798828,40.45985794067383,39.408119201660156,39.4461669921875,37.947330474853516,37.36308288574219,6.082762718200684,1.0,1.4142135381698608,1.4142135381698608,1.4142135381698608,5.0,31.240999221801758,29.698484420776367,31.240999221801758,31.400636672973633,31.62277603149414,32.75667953491211,34.0,35.7770881652832,37.161808013916016,37.6961555480957,37.6961555480957,39.0,39.0,39.0,38.07886505126953,38.07886505126953,38.4837646484375,39.81205749511719,39.357337951660156,39.824615478515625,39.824615478515625,40.31128692626953,42.19004440307617
1774426793.8056455,-75,1,0,0,45.54119110107422,44.384681701660156,44.283180236816406,42.94182205200195,42.54409408569336,43.5660400390625,43.5660400390625,44.10215377807617,44.65422821044922,45.221675872802734,46.04345703125,45.486263275146484,46.3249397277832,45.79301071166992,46.14108657836914,46.52956008911133,45.617977142333984,43.863426208496094,43.08131790161133,41.43669891357422,41.48493576049805,42.20189666748047,44.40720748901367,8.0,3.1622776985168457,1.0,1.0,2.2360680103302,5.830951690673828,30.232433319091797,30.01666259765625,31.048349380493164,31.575305938720703,33.37664031982422,34.36568069458008,36.12478256225586,37.05401611328125,38.01315689086914,38.01315689086914,39.0,41.01219177246094,41.01219177246094,41.0,41.0,41.01219177246094,40.01249694824219,40.04996871948242,41.1096076965332,42.19004440307617,43.28972244262695,44.40720748901367,45.54119110107422
1774426793.8277917,-75,1,0,0,41.1096076965332,40.199501037597656,40.31128692626953,41.43669891357422,42.57933807373047,42.7551155090332,41.9761848449707,42.20189666748047,43.17406463623047,44.384681701660156,44.384681701660156,44.14748001098633,44.14748001098633,44.9110221862793,43.416587829589844,42.19004440307617,40.04996871948242,40.0,39.051246643066406,39.20458984375,39.458839416503906,39.824615478515625,38.27531814575195,6.4031243324279785,2.2360680103302,1.0,1.0,1.0,4.0,28.017850875854492,30.066593170166016,30.066593170166016,31.0,31.016124725341797,31.14482307434082,32.24903106689453,34.525352478027344,35.693138122558594,36.67424011230469,36.878177642822266,38.07886505126953,38.327537536621094,38.327537536621094,38.07886505126953,38.07886505126953,37.10795211791992,38.327537536621094,39.051246643066406,40.024993896484375,39.81205749511719,39.623226165771484,40.31128692626953
1774426793.8938608,-75,1,0,0,43.416587829589844,43.011627197265625,41.88078308105469,42.19004440307617,43.046485900878906,44.29446792602539,44.72135925292969,44.283180236816406,44.72135925292969,46.06517028808594,47.01063537597656,47.50789260864258,46.647613525390625,45.486263275146484,44.65422821044922,43.011627197265625,42.8018684387207,42.63801193237305,42.52058410644531,42.44997024536133,41.231056213378906,40.224369049072266,39.4461669921875,6.7082037925720215,1.0,1.4142135381698608,1.4142135381698608,1.0,5.385164737701416,30.463092803955078,30.886890411376953,31.240999221801758,32.557640075683594,33.941123962402344,34.65544509887695,34.71310806274414,35.608985900878906,35.80502700805664,36.055511474609375,35.510562896728516,36.8917350769043,37.735923767089844,38.27531814575195,39.408119201660156,40.804412841796875,40.224369049072266,39.66106414794922,39.66106414794922,39.408119201660156,40.607879638671875,40.45985794067383,41.773197174072266
1774426793.9046419,-75,1,0,0,46.22769546508789,44.821868896484375,43.27817153930664,43.185646057128906,43.84062194824219,43.931766510009766,43.27817153930664,44.04542922973633,44.204071044921875,44.04542922973633,44.68780517578125,46.010868072509766,46.010868072509766,46.69047164916992,45.96738052368164,43.863426208496094,43.27817153930664,42.8018684387207,41.617305755615234,41.34005355834961,40.70626449584961,37.947330474853516,36.878177642822266,6.082762718200684,1.0,1.0,1.0,2.2360680103302,5.830951690673828,31.827661514282227,31.890438079833984,31.62277603149414,31.906112670898438,33.12099075317383,34.438350677490234,36.24913787841797,35.84689712524414,36.400550842285156,36.400550842285156,37.336307525634766,37.947330474853516,39.217342376708984,38.897300720214844,37.947330474853516,38.27531814575195,37.336307525634766,37.6961555480957,39.39543151855469,40.31128692626953,41.231056213378906,41.62931823730469,41.146080017089844
1774426793.9498868,-75,1,0,0,50.447994232177734,50.21951675415039,49.648765563964844,49.36598205566406,50.2493782043457,50.15974426269531,49.09175109863281,49.09175109863281,50.03998565673828,50.0099983215332,51.009803771972656,51.03919982910156,52.08646774291992,53.0848388671875,53.23532485961914,51.4781494140625,49.030601501464844,47.53945541381836,46.173583984375,44.94440841674805,44.777225494384766,45.79301071166992,45.80392837524414,8.602325439453125,2.2360680103302,1.0,1.0,2.2360680103302,7.0,35.05709457397461,35.35533905029297,35.44009017944336,35.46829605102539,36.24913787841797,38.01315689086914,39.357337951660156,39.824615478515625,41.18252182006836,42.54409408569336,43.046485900878906,43.5660400390625,45.486263275146484,44.10215377807617,44.65422821044922,44.65422821044922,44.94440841674805,44.777225494384766,46.52956008911133,44.72135925292969,45.18849563598633,46.097721099853516,47.92702865600586
1774426793.9612103,-75,1,0,0,45.27692413330078,45.25483322143555,44.55333709716797,45.27692413330078,46.010868072509766,46.097721099853516,44.821868896484375,45.0,44.40720748901367,46.615447998046875,48.60041046142578,48.41487503051758,48.27007293701172,49.57822036743164,48.10405349731445,46.66904830932617,45.27692413330078,43.185646057128906,42.63801193237305,42.43819046020508,40.8166618347168,39.357337951660156,38.07886505126953,7.6157732009887695,2.2360680103302,0.0,0.0,2.8284270763397217,6.4031243324279785,31.11269760131836,31.14482307434082,32.202484130859375,32.4499626159668,32.75667953491211,33.61547088623047,36.2353401184082,37.57658767700195,39.0,39.0,39.924930572509766,39.924930572509766,39.924930572509766,39.924930572509766,40.31128692626953,40.31128692626953,40.31128692626953,42.154476165771484,42.54409408569336,42.04759216308594,42.94182205200195,42.54409408569336,43.5660400390625
1774426793.994337,-75,1,0,0,44.04542922973633,44.10215377807617,43.416587829589844,43.73785400390625,44.14748001098633,45.35416030883789,44.643028259277344,42.72002029418945,42.72002029418945,43.96589660644531,45.221675872802734,44.643028259277344,45.12205505371094,45.89117431640625,45.54119110107422,43.28972244262695,41.1096076965332,41.01219177246094,41.0,40.112342834472656,39.458839416503906,40.04996871948242,40.112342834472656,8.0,3.0,0.0,0.0,2.8284270763397217,6.4031243324279785,32.75667953491211,33.541019439697266,31.064449310302734,31.016124725341797,31.14482307434082,32.24903106689453,33.541019439697266,35.510562896728516,36.67424011230469,36.67424011230469,36.67424011230469,38.07886505126953,39.293766021728516,38.60051727294922,37.947330474853516,37.64305877685547,38.327537536621094,39.81205749511719,40.607879638671875,41.43669891357422,40.4474983215332,40.4474983215332,40.31128692626953
1774426794.047612,-75,1,0,0,40.199501037597656,39.31920623779297,39.458839416503906,39.81205749511719,40.26164245605469,40.16217041015625,40.49691390991211,40.49691390991211,40.16217041015625,41.1096076965332,42.05948257446289,42.72002029418945,42.44997024536133,42.44997024536133,41.0,40.607879638671875,38.327537536621094,38.11823654174805,38.05259704589844,38.0,38.05259704589844,39.4461669921875,38.60051727294922,7.071067810058594,2.2360680103302,1.0,1.0,1.0,5.0,31.064449310302734,32.06243896484375,31.064449310302734,31.016124725341797,31.064449310302734,30.265491485595703,32.38827133178711,34.525352478027344,35.693138122558594,35.902645111083984,36.13862228393555,36.878177642822266,37.85498809814453,36.67424011230469,36.878177642822266,36.878177642822266,36.878177642822266,37.85498809814453,38.832977294921875,38.63935852050781,38.327537536621094,39.20458984375,39.051246643066406
1774426794.0701668,-74,1,0,0,44.643028259277344,44.14748001098633,43.73785400390625,44.72135925292969,45.39823913574219,45.27692413330078,44.10215377807617,44.04542922973633,45.0111083984375,46.010868072509766,46.010868072509766,46.097721099853516,46.173583984375,45.27692413330078,44.40720748901367,43.73785400390625,42.95346450805664,42.20189666748047,42.72002029418945,40.853397369384766,39.81205749511719,39.84971618652344,39.217342376708984,7.6157732009887695,3.1622776985168457,0.0,1.0,2.0,7.0,35.05709457397461,34.01470184326172,31.78049659729004,32.649654388427734,33.61547088623047,34.48188018798828,34.98571014404297,36.055511474609375,36.400550842285156,37.013511657714844,38.41874694824219,39.051246643066406,39.824615478515625,39.824615478515625,40.607879638671875,40.804412841796875,40.224369049072266,40.224369049072266,41.04875183105469,41.88078308105469,42.72002029418945,43.046485900878906,44.777225494384766
1774426794.1034806,-75,1,0,0,46.81879806518555,46.2385139465332,44.777225494384766,45.18849563598633,46.06517028808594,45.650848388671875,45.27692413330078,45.79301071166992,46.3249397277832,47.16990661621094,48.02082824707031,47.50789260864258,47.88528060913086,49.19349670410156,48.332183837890625,46.615447998046875,45.31004333496094,43.65776062011719,43.011627197265625,43.416587829589844,43.73785400390625,42.296573638916016,42.04759216308594,8.062257766723633,3.0,1.0,1.0,2.2360680103302,6.7082037925720215,32.31098937988281,32.893768310546875,33.95585250854492,33.734256744384766,33.37664031982422,34.2344856262207,35.12833786010742,37.05401611328125,38.01315689086914,39.0,40.01249694824219,40.04996871948242,40.04996871948242,40.04996871948242,40.04996871948242,40.01249694824219,40.0,42.01190185546875,43.046485900878906,43.104522705078125,42.19004440307617,41.30375289916992,41.59326934814453
1774426794.1459527,-75,1,0,0,48.3735466003418,49.162994384765625,49.04079818725586,50.0,51.009803771972656,51.0,50.0,49.0,50.0,51.0,52.0,51.0,51.0,52.009613037109375,52.009613037109375,50.08992004394531,48.50773239135742,46.097721099853516,46.840152740478516,46.81879806518555,45.694637298583984,42.04759216308594,40.8166618347168,7.211102485656738,2.2360680103302,1.0,0.0,2.2360680103302,7.280109882354736,36.13862228393555,36.49657440185547,35.05709457397461,36.34556198120117,37.85498809814453,37.64305877685547,37.336307525634766,39.84971618652344,42.05948257446289,43.32435989379883,43.08131790161133,44.777225494384766,44.777225494384766,42.54409408569336,43.46262741088867,43.46262741088867,44.777225494384766,44.777225494384766,44.384681701660156,44.0113639831543,44.59820556640625,44.92215347290039,45.607017517089844
1774426794.1884708,-74,1,0,0,45.27692413330078,44.40720748901367,43.5660400390625,43.17406463623047,43.011627197265625,43.65776062011719,43.65776062011719,44.59820556640625,44.59820556640625,44.59820556640625,45.54119110107422,45.54119110107422,46.173583984375,45.880279541015625,45.35416030883789,45.12205505371094,43.5660400390625,43.416587829589844,43.28972244262695,42.04759216308594,41.01219177246094,40.26164245605469,39.84971618652344,7.6157732009887695,2.2360680103302,0.0,0.0,2.0,6.0,31.016124725341797,31.016124725341797,31.0,32.06243896484375,33.241539001464844,34.36568069458008,35.35533905029297,35.510562896728516,35.693138122558594,37.10795211791992,37.36308288574219,37.36308288574219,38.07886505126953,39.051246643066406,39.051246643066406,39.051246643066406,39.051246643066406,40.024993896484375,39.81205749511719,40.607879638671875,41.43669891357422,41.30375289916992,43.28972244262695
1774426794.1989708,-75,1,0,0,43.96589660644531,43.32435989379883,44.271888732910156,44.94440841674805,45.31004333496094,44.777225494384766,44.283180236816406,44.72135925292969,45.617977142333984,46.957427978515625,46.51881408691406,45.18849563598633,45.18849563598633,45.694637298583984,46.2385139465332,46.173583984375,44.643028259277344,43.416587829589844,42.95346450805664,41.43669891357422,41.1096076965332,41.0,39.84971618652344,7.280109882354736,2.0,1.0,0.0,2.2360680103302,6.324555397033691,32.98484420776367,32.38827133178711,32.98484420776367,33.541019439697266,33.241539001464844,33.13608169555664,34.058773040771484,36.0,38.01315689086914,38.11823654174805,39.11521530151367,39.051246643066406,40.04996871948242,40.04996871948242,40.04996871948242,41.04875183105469,41.04875183105469,42.04759216308594,43.011627197265625,42.0,41.01219177246094,41.04875183105469,41.04875183105469
1774426794.2517447,-75,1,0,0,43.416587829589844,41.86884307861328,41.1096076965332,40.31128692626953,40.31128692626953,40.360870361328125,40.360870361328125,42.52058410644531,43.27817153930664,44.04542922973633,44.04542922973633,44.04542922973633,43.27817153930664,43.185646057128906,41.72529220581055,41.03656768798828,39.69886779785156,38.41874694824219,38.60051727294922,38.27531814575195,38.07886505126953,40.4474983215332,40.04996871948242,7.071067810058594,2.2360680103302,1.4142135381698608,1.4142135381698608,1.0,4.123105525970459,26.832815170288086,29.154760360717773,29.681644439697266,30.886890411376953,31.764760971069336,32.202484130859375,32.31098937988281,33.83784866333008,34.48188018798828,34.48188018798828,34.48188018798828,35.44009017944336,35.735137939453125,35.735137939453125,36.055511474609375,36.055511474609375,36.68787384033203,37.64305877685547,37.64305877685547,38.27531814575195,39.39543151855469,40.24922180175781,39.824615478515625
1774426794.2622156,-74,1,0,0,45.0444221496582,44.10215377807617,44.10215377807617,43.185646057128906,43.416587829589844,43.931766510009766,44.384681701660156,44.92215347290039,44.92215347290039,44.92215347290039,46.57252502441406,46.097721099853516,46.87216567993164,46.69047164916992,46.389652252197266,45.17742919921875,45.0444221496582,44.0,43.046485900878906,41.19466018676758,40.607879638671875,39.31920623779297,38.832977294921875,7.280109882354736,3.1622776985168457,1.0,1.0,2.0,6.324555397033691,32.893768310546875,32.015621185302734,31.064449310302734,32.140316009521484,33.241539001464844,34.36568069458008,34.71310806274414,34.928497314453125,35.44009017944336,36.68787384033203,37.64305877685547,38.897300720214844,39.84971618652344,39.217342376708984,39.84971618652344,40.52159881591797,40.52159881591797,40.52159881591797,42.44997024536133,42.20189666748047,41.9761848449707,42.7551155090332,42.57933807373047
1774426794.305888,-74,1,0,0,46.87216567993164,46.097721099853516,45.35416030883789,44.92215347290039,44.271888732910156,44.94440841674805,46.2385139465332,46.2385139465332,46.2385139465332,45.31004333496094,45.880279541015625,44.94440841674805,44.94440841674805,44.59820556640625,45.221675872802734,44.643028259277344,44.384681701660156,43.931766510009766,43.5660400390625,43.185646057128906,42.0,41.59326934814453,41.48493576049805,8.5440034866333,3.605551242828369,1.0,0.0,3.0,7.071067810058594,34.928497314453125,33.37664031982422,31.064449310302734,32.0,33.060550689697266,34.13209533691406,35.22782897949219,36.22154235839844,35.510562896728516,36.67424011230469,37.656341552734375,38.832977294921875,39.81205749511719,41.0,41.9761848449707,41.773197174072266,41.773197174072266,41.59326934814453,42.296573638916016,42.19004440307617,42.10700607299805,42.04759216308594,43.011627197265625
1774426794.3401124,-74,1,0,0,46.14108657836914,45.17742919921875,44.283180236816406,43.46262741088867,43.65776062011719,43.96589660644531,43.96589660644531,43.680660247802734,45.607017517089844,45.880279541015625,46.840152740478516,48.08325958251953,48.703182220458984,49.04079818725586,47.53945541381836,46.097721099853516,43.8292121887207,42.54409408569336,42.72002029418945,42.43819046020508,42.01190185546875,42.44997024536133,41.86884307861328,7.8102498054504395,2.2360680103302,1.0,1.0,2.0,5.385164737701416,29.154760360717773,29.681644439697266,31.906112670898438,32.202484130859375,32.649654388427734,33.241539001464844,35.35533905029297,37.48332977294922,38.897300720214844,38.897300720214844,38.94868469238281,39.051246643066406,39.69886779785156,39.69886779785156,39.824615478515625,39.051246643066406,39.69886779785156,40.31128692626953,41.01219177246094,42.44997024536133,42.44997024536133,42.52058410644531,42.63801193237305
1774426794.3737955,-75,1,0,0,42.63801193237305,41.1096076965332,41.03656768798828,41.72529220581055,42.44997024536133,42.52058410644531,41.86884307861328,42.01190185546875,42.8018684387207,44.04542922973633,44.68780517578125,44.68780517578125,44.59820556640625,44.59820556640625,43.863426208496094,42.42640686035156,40.31128692626953,39.69886779785156,39.824615478515625,39.66106414794922,39.4461669921875,38.63935852050781,38.11823654174805,6.0,1.4142135381698608,1.4142135381698608,1.4142135381698608,1.4142135381698608,5.0,30.610456466674805,30.528675079345703,30.232433319091797,30.886890411376953,31.764760971069336,32.649654388427734,34.01470184326172,34.1760139465332,34.78505325317383,34.48188018798828,35.1710090637207,36.400550842285156,37.64305877685547,38.60051727294922,38.897300720214844,40.16217041015625,39.217342376708984,38.897300720214844,39.217342376708984,39.0,38.4837646484375,40.24922180175781,40.70626449584961
1774426794.4185345,-75,1,0,0,43.011627197265625,43.600460052490234,42.8018684387207,42.63801193237305,44.68780517578125,43.863426208496094,42.44997024536133,42.44997024536133,42.44997024536133,44.55333709716797,45.96738052368164,45.25483322143555,46.010868072509766,46.097721099853516,44.821868896484375,42.8018684387207,41.617305755615234,41.88078308105469,41.67733383178711,41.59326934814453,41.231056213378906,40.52159881591797,38.832977294921875,6.082762718200684,1.0,1.4142135381698608,1.4142135381698608,1.4142135381698608,4.242640495300293,29.832868576049805,29.4108829498291,31.38471031188965,30.886890411376953,31.30495262145996,32.69556427001953,34.1760139465332,35.735137939453125,37.36308288574219,37.10795211791992,38.07886505126953,38.07886505126953,39.293766021728516,39.293766021728516,38.60051727294922,38.60051727294922,38.60051727294922,39.560081481933594,39.84971618652344,39.84971618652344,40.16217041015625,41.78516387939453,40.853397369384766
1774426794.4290304,-75,1,0,0,44.271888732910156,44.0113639831543,44.0113639831543,44.384681701660156,45.18849563598633,46.06517028808594,45.650848388671875,44.777225494384766,46.14108657836914,47.01063537597656,47.41307830810547,46.957427978515625,47.423622131347656,47.423622131347656,46.615447998046875,44.94440841674805,43.32435989379883,41.761226654052734,42.44997024536133,41.773197174072266,41.30375289916992,42.296573638916016,39.81205749511719,7.071067810058594,2.0,1.0,0.0,2.8284270763397217,5.830951690673828,31.30495262145996,31.016124725341797,33.241539001464844,33.241539001464844,33.95585250854492,34.71310806274414,35.510562896728516,37.121421813964844,37.05401611328125,38.0,39.0,40.01249694824219,40.04996871948242,40.04996871948242,40.04996871948242,41.04875183105469,41.04875183105469,42.04759216308594,42.10700607299805,42.19004440307617,42.296573638916016,42.57933807373047,42.7551155090332
1774426794.4714105,-75,1,0,0,45.27692413330078,44.10215377807617,44.04542922973633,45.0,46.04345703125,45.09988784790039,44.18144226074219,44.18144226074219,45.27692413330078,46.27094268798828,46.27094268798828,46.173583984375,46.097721099853516,46.097721099853516,45.0111083984375,44.04542922973633,43.185646057128906,42.42640686035156,41.59326934814453,41.0,39.84971618652344,39.293766021728516,39.217342376708984,7.280109882354736,2.2360680103302,1.0,1.0,2.2360680103302,6.324555397033691,31.62277603149414,32.015621185302734,31.14482307434082,32.38827133178711,32.98484420776367,33.52610778808594,34.78505325317383,37.0,37.6961555480957,38.07886505126953,37.161808013916016,37.57658767700195,38.4837646484375,39.39543151855469,39.39543151855469,39.39543151855469,39.39543151855469,40.853397369384766,41.43669891357422,41.1096076965332,41.1096076965332,39.84971618652344,41.1096076965332
1774426794.5248992,-75,1,0,0,43.65776062011719,42.154476165771484,42.154476165771484,42.95346450805664,42.94182205200195,43.90899658203125,43.046485900878906,43.5660400390625,44.10215377807617,44.10215377807617,44.41846466064453,46.14108657836914,47.01063537597656,47.88528060913086,46.06517028808594,44.283180236816406,40.853397369384766,40.16217041015625,40.804412841796875,40.26164245605469,40.607879638671875,41.0,40.199501037597656,7.280109882354736,1.4142135381698608,1.0,1.4142135381698608,1.0,4.4721360206604,28.635643005371094,30.08321762084961,32.280025482177734,32.75667953491211,32.38827133178711,33.241539001464844,34.058773040771484,36.0,37.013511657714844,37.013511657714844,38.0,38.0,39.0,40.0,39.0,40.01249694824219,40.0,41.0,42.04759216308594,43.104522705078125,41.1096076965332,41.19466018676758,42.296573638916016
1774426794.5455375,-75,1,0,0,36.400550842285156,35.1710090637207,35.693138122558594,35.35533905029297,36.22154235839844,37.05401611328125,38.05259704589844,38.05259704589844,38.05259704589844,39.11521530151367,39.11521530151367,38.20994567871094,39.20458984375,39.31920623779297,38.470767974853516,36.67424011230469,34.928497314453125,34.48188018798828,33.83784866333008,33.61547088623047,34.438350677490234,35.608985900878906,36.055511474609375,6.4031243324279785,1.4142135381698608,1.0,1.0,2.0,5.385164737701416,26.832815170288086,28.17800521850586,27.892650604248047,28.460498809814453,27.85677719116211,27.73084831237793,29.529645919799805,30.886890411376953,31.38471031188965,31.906112670898438,32.4499626159668,32.4499626159668,33.2866325378418,33.2866325378418,33.83784866333008,33.83784866333008,33.2866325378418,34.13209533691406,34.13209533691406,34.98571014404297,34.98571014404297,35.35533905029297,34.438350677490234
1774426794.5830088,-74,1,0,0,49.72926712036133,48.27007293701172,47.85394287109375,49.648765563964844,51.4781494140625,51.35172653198242,50.35871505737305,49.36598205566406,49.36598205566406,50.35871505737305,52.46903991699219,52.46903991699219,53.46026611328125,54.58937454223633,53.93514633178711,51.195701599121094,49.72926712036133,48.383880615234375,47.16990661621094,46.51881408691406,44.777225494384766,44.821868896484375,44.55333709716797,8.485280990600586,2.8284270763397217,1.0,1.0,3.0,7.0,36.22154235839844,35.510562896728516,35.902645111083984,35.44009017944336,35.11410140991211,36.769554138183594,39.0,41.231056213378906,42.95346450805664,42.48529052734375,42.54409408569336,43.5660400390625,44.94440841674805,44.94440841674805,45.486263275146484,45.486263275146484,44.41846466064453,45.650848388671875,47.85394287109375,47.85394287109375,47.423622131347656,47.423622131347656,47.423622131347656
1774426794.6309988,-75,1,0,0,43.416587829589844,42.54409408569336,42.72002029418945,43.26661682128906,43.011627197265625,42.8018684387207,41.231056213378906,41.86884307861328,41.86884307861328,43.27817153930664,45.45327377319336,46.22769546508789,47.20169448852539,46.87216567993164,45.79301071166992,43.416587829589844,42.05948257446289,41.59326934814453,40.71854782104492,40.49691390991211,40.52159881591797,40.31128692626953,40.04996871948242,7.071067810058594,2.2360680103302,1.4142135381698608,1.4142135381698608,1.4142135381698608,5.0,30.805843353271484,30.01666259765625,30.4138126373291,30.463092803955078,30.08321762084961,31.62277603149414,33.241539001464844,34.71310806274414,36.49657440185547,36.49657440185547,37.48332977294922,37.48332977294922,38.63935852050781,38.832977294921875,37.85498809814453,37.85498809814453,38.63935852050781,39.623226165771484,40.79215621948242,41.0,39.560081481933594,39.560081481933594,40.804412841796875
1774426794.641328,-74,1,0,0,42.72002029418945,42.154476165771484,42.54409408569336,43.382022857666016,43.8292121887207,42.54409408569336,41.67733383178711,42.54409408569336,43.90899658203125,45.27692413330078,46.14108657836914,45.27692413330078,45.650848388671875,47.01063537597656,45.650848388671875,43.382022857666016,41.62931823730469,40.853397369384766,41.1096076965332,41.48493576049805,41.59326934814453,40.01249694824219,39.20458984375,6.324555397033691,1.4142135381698608,1.4142135381698608,1.4142135381698608,1.0,4.123105525970459,27.513633728027344,28.861740112304688,30.08321762084961,31.575305938720703,32.38827133178711,33.241539001464844,34.058773040771484,35.0142822265625,36.0,37.013511657714844,38.01315689086914,39.0,40.0,40.0,38.01315689086914,37.013511657714844,37.0,39.0128173828125,41.04875183105469,40.112342834472656,39.20458984375,39.458839416503906,40.607879638671875
1774426794.6879904,-75,1,0,0,44.04542922973633,42.8018684387207,41.617305755615234,41.88078308105469,42.72002029418945,43.046485900878906,43.046485900878906,43.90899658203125,44.777225494384766,46.52956008911133,47.88528060913086,47.01063537597656,47.01063537597656,46.647613525390625,46.3249397277832,44.40720748901367,42.63801193237305,42.52058410644531,42.44997024536133,41.03656768798828,40.45985794067383,40.70626449584961,40.31128692626953,7.280109882354736,3.0,1.0,1.0,1.4142135381698608,5.656854152679443,33.42155075073242,31.827661514282227,31.827661514282227,32.649654388427734,33.60059356689453,34.4093017578125,35.22782897949219,36.619667053222656,38.01315689086914,38.01315689086914,39.11521530151367,39.96248245239258,40.31128692626953,40.31128692626953,40.31128692626953,41.18252182006836,41.18252182006836,41.67733383178711,40.8166618347168,40.49691390991211,41.04875183105469,41.617305755615234,42.20189666748047
1774426794.7409341,-74,1,0,0,45.880279541015625,44.0113639831543,42.54409408569336,42.95346450805664,43.382022857666016,43.416587829589844,43.90899658203125,44.41846466064453,44.94440841674805,45.486263275146484,46.3249397277832,46.3249397277832,46.14108657836914,45.17742919921875,44.72135925292969,43.863426208496094,43.08131790161133,42.379241943359375,42.72002029418945,41.9761848449707,41.43669891357422,40.31128692626953,40.04996871948242,8.0,3.1622776985168457,1.0,1.0,2.2360680103302,5.830951690673828,33.2866325378418,31.764760971069336,32.280025482177734,32.98484420776367,34.525352478027344,35.22782897949219,36.12478256225586,36.12478256225586,37.05401611328125,38.01315689086914,38.01315689086914,39.0128173828125,40.01249694824219,40.0,41.0,41.0,41.01219177246094,41.04875183105469,41.19466018676758,42.296573638916016,42.42640686035156,42.42640686035156,43.5660400390625
1774426794.7512183,-75,1,0,0,42.19004440307617,41.34005355834961,41.88078308105469,42.43819046020508,43.600460052490234,44.204071044921875,43.416587829589844,42.63801193237305,44.04542922973633,44.68780517578125,46.097721099853516,45.45327377319336,44.821868896484375,45.0,44.65422821044922,42.72002029418945,41.67733383178711,40.70626449584961,41.146080017089844,39.924930572509766,39.84971618652344,38.20994567871094,38.0,6.082762718200684,2.2360680103302,1.4142135381698608,1.4142135381698608,1.4142135381698608,5.0,31.38471031188965,30.4138126373291,30.870698928833008,31.016124725341797,31.95309066772461,32.572994232177734,32.98484420776367,33.734256744384766,35.510562896728516,37.336307525634766,38.20994567871094,38.20994567871094,39.31920623779297,38.327537536621094,37.48332977294922,37.656341552734375,38.470767974853516,38.470767974853516,39.623226165771484,38.832977294921875,38.07886505126953,39.293766021728516,40.804412841796875
1774426794.7938995,-74,1,0,0,41.146080017089844,40.70626449584961,41.18252182006836,41.59326934814453,42.05948257446289,42.19004440307617,42.43819046020508,43.600460052490234,45.607017517089844,46.40043258666992,45.80392837524414,45.486263275146484,45.486263275146484,44.94440841674805,43.90899658203125,42.94182205200195,40.71854782104492,40.31128692626953,40.853397369384766,40.804412841796875,40.024993896484375,40.31128692626953,40.024993896484375,6.324555397033691,1.4142135381698608,1.4142135381698608,1.4142135381698608,1.4142135381698608,4.4721360206604,30.463092803955078,30.364452362060547,31.016124725341797,30.675724029541016,31.048349380493164,31.575305938720703,32.38827133178711,34.13209533691406,35.05709457397461,36.055511474609375,37.05401611328125,38.05259704589844,39.11521530151367,39.11521530151367,38.05259704589844,38.05259704589844,39.11521530151367,39.11521530151367,40.199501037597656,40.31128692626953,39.623226165771484,40.024993896484375,41.231056213378906
1774426794.837128,-75,1,0,0,43.8292121887207,42.04759216308594,42.54409408569336,42.72002029418945,44.92215347290039,45.607017517089844,44.643028259277344,44.643028259277344,44.643028259277344,45.35416030883789,46.3249397277832,45.607017517089844,45.880279541015625,45.880279541015625,45.880279541015625,44.59820556640625,42.95346450805664,42.94182205200195,42.54409408569336,41.88078308105469,42.01190185546875,39.69886779785156,38.897300720214844,7.211102485656738,2.2360680103302,1.0,1.0,1.4142135381698608,5.385164737701416,31.016124725341797,31.78049659729004,30.886890411376953,32.4499626159668,32.80244064331055,34.058773040771484,35.38361358642578,36.12478256225586,37.48332977294922,38.18376541137695,38.94868469238281,40.360870361328125,41.03656768798828,40.360870361328125,40.360870361328125,41.1096076965332,41.03656768798828,41.72529220581055,41.773197174072266,42.52058410644531,42.52058410644531,41.86884307861328,42.01190185546875
1774426794.8580022,-75,1,0,0,43.416587829589844,41.761226654052734,42.379241943359375,44.0113639831543,45.18849563598633,44.283180236816406,42.94182205200195,42.05948257446289,43.416587829589844,44.777225494384766,46.52956008911133,46.06517028808594,46.957427978515625,46.097721099853516,45.694637298583984,46.2385139465332,44.59820556640625,43.011627197265625,41.48493576049805,40.79215621948242,41.30375289916992,40.0,40.112342834472656,8.0,3.0,1.0,0.0,2.2360680103302,5.830951690673828,30.463092803955078,31.95309066772461,32.75667953491211,32.38827133178711,33.13608169555664,33.060550689697266,34.0,35.0142822265625,37.05401611328125,38.11823654174805,39.11521530151367,40.199501037597656,41.1096076965332,41.1096076965332,41.1096076965332,40.112342834472656,39.11521530151367,40.112342834472656,41.1096076965332,41.04875183105469,41.0,42.04759216308594,43.104522705078125
1774426794.9052467,-75,1,0,0,44.04542922973633,43.416587829589844,43.011627197265625,41.88078308105469,41.67733383178711,41.18252182006836,41.18252182006836,42.54409408569336,43.90899658203125,43.416587829589844,43.416587829589844,43.416587829589844,43.90899658203125,44.94440841674805,44.65422821044922,44.204071044921875,42.52058410644531,41.773197174072266,41.72529220581055,40.31128692626953,39.824615478515625,40.45985794067383,41.88078308105469,7.6157732009887695,3.0,1.0,1.0,1.4142135381698608,5.385164737701416,31.016124725341797,31.38471031188965,30.479501724243164,31.11269760131836,32.557640075683594,33.42155075073242,33.60059356689453,34.4093017578125,35.22782897949219,36.8917350769043,37.735923767089844,39.11521530151367,40.49691390991211,40.49691390991211,40.49691390991211,40.49691390991211,39.66106414794922,39.66106414794922,38.832977294921875,38.60051727294922,40.0,40.607879638671875,42.63801193237305
1774426794.9591703,-74,1,0,0,44.65422821044922,43.600460052490234,42.63801193237305,42.63801193237305,43.185646057128906,42.44997024536133,41.01219177246094,43.13930892944336,43.863426208496094,45.96738052368164,45.96738052368164,46.010868072509766,46.097721099853516,46.097721099853516,45.45327377319336,44.204071044921875,42.20189666748047,41.617305755615234,41.34005355834961,41.59326934814453,40.31128692626953,40.16217041015625,39.293766021728516,6.082762718200684,1.0,1.4142135381698608,1.4142135381698608,1.0,5.0,30.479501724243164,30.4138126373291,30.528675079345703,30.886890411376953,32.202484130859375,32.69556427001953,34.1760139465332,35.735137939453125,37.36308288574219,38.327537536621094,39.051246643066406,39.051246643066406,40.26164245605469,39.293766021728516,38.327537536621094,38.327537536621094,38.60051727294922,39.560081481933594,40.804412841796875,41.1096076965332,41.43669891357422,41.231056213378906,41.62931823730469
1774426794.9591703,-75,1,0,0,42.379241943359375,40.31128692626953,39.81205749511719,41.146080017089844,42.05948257446289,43.046485900878906,42.72002029418945,42.72002029418945,41.88078308105469,42.72002029418945,43.046485900878906,43.416587829589844,43.8292121887207,44.283180236816406,44.283180236816406,42.95346450805664,40.853397369384766,40.16217041015625,39.84971618652344,39.051246643066406,38.470767974853516,40.26164245605469,39.560081481933594,7.280109882354736,3.0,1.0,0.0,2.2360680103302,5.385164737701416,28.861740112304688,30.4138126373291,31.016124725341797,31.048349380493164,31.575305938720703,32.38827133178711,33.241539001464844,35.05709457397461,36.013885498046875,36.0,37.0,37.0,38.01315689086914,37.05401611328125,36.013885498046875,36.013885498046875,37.05401611328125,39.051246643066406,40.112342834472656,40.199501037597656,39.31920623779297,38.470767974853516,39.623226165771484
1774426795.0122442,-75,1,0,0,43.011627197265625,42.43819046020508,42.72002029418945,42.54409408569336,43.382022857666016,43.863426208496094,43.863426208496094,43.382022857666016,44.283180236816406,44.72135925292969,44.72135925292969,45.617977142333984,45.17742919921875,45.17742919921875,44.777225494384766,44.10215377807617,42.8018684387207,41.1096076965332,40.360870361328125,38.897300720214844,38.20994567871094,39.217342376708984,40.26164245605469,7.280109882354736,2.2360680103302,1.0,1.0,2.0,4.4721360206604,27.80287742614746,29.0,31.38471031188965,31.064449310302734,31.240999221801758,31.890438079833984,33.241539001464844,34.65544509887695,35.46829605102539,35.46829605102539,35.608985900878906,35.608985900878906,36.2353401184082,36.2353401184082,36.2353401184082,37.013511657714844,38.41874694824219,39.051246643066406,38.94868469238281,38.20994567871094,38.20994567871094,38.897300720214844,39.59798049926758
1774426795.0681024,-75,1,0,0,31.575305938720703,33.541019439697266,31.78049659729004,34.48188018798828,35.735137939453125,35.11410140991211,32.31098937988281,30.08321762084961,29.154760360717773,29.154760360717773,32.31098937988281,31.95309066772461,32.893768310546875,32.280025482177734,32.75667953491211,30.4138126373291,32.140316009521484,31.0,30.01666259765625,28.07133674621582,26.172504425048828,34.13209533691406,34.0,6.4031243324279785,1.4142135381698608,1.0,1.0,2.0,6.7082037925720215,33.83784866333008,33.42155075073242,26.570659637451172,25.0,23.76972770690918,23.76972770690918,25.317977905273438,27.459060668945312,28.160255432128906,30.066593170166016,33.0151481628418,37.013511657714844,38.0,35.0,34.01470184326172,31.016124725341797,29.017236709594727,29.017236709594727,29.068883895874023,30.149627685546875,30.265491485595703,31.064449310302734,33.13608169555664
1774426795.0784736,-75,1,0,0,46.097721099853516,44.9110221862793,44.72135925292969,44.72135925292969,44.55333709716797,44.283180236816406,44.18144226074219,44.10215377807617,44.04542922973633,44.10215377807617,45.17742919921875,46.27094268798828,46.389652252197266,47.51841735839844,46.69047164916992,46.097721099853516,45.607017517089844,44.271888732910156,43.65776062011719,42.95346450805664,42.05948257446289,41.18252182006836,42.19004440307617,8.602325439453125,3.605551242828369,0.0,0.0,2.0,7.0,33.0,34.2344856262207,33.83784866333008,34.539833068847656,34.928497314453125,35.34119415283203,35.35533905029297,36.715118408203125,37.735923767089844,38.27531814575195,38.832977294921875,39.66106414794922,40.224369049072266,40.224369049072266,40.224369049072266,40.49691390991211,41.34005355834961,42.19004440307617,42.19004440307617,42.54409408569336,42.05948257446289,42.04759216308594,43.863426208496094
1774426795.1211882,-75,1,0,0,47.70744323730469,46.04345703125,45.0,45.607017517089844,46.86149978637695,46.75468063354492,45.27692413330078,45.27692413330078,46.69047164916992,47.381431579589844,48.79549026489258,48.10405349731445,48.83646011352539,48.91830062866211,47.6340217590332,47.20169448852539,46.04345703125,44.94440841674805,45.650848388671875,45.18849563598633,44.0113639831543,43.17406463623047,41.59326934814453,7.071067810058594,2.0,1.4142135381698608,1.4142135381698608,1.0,5.0,32.557640075683594,31.14482307434082,32.649654388427734,33.61547088623047,33.241539001464844,35.11410140991211,35.735137939453125,38.327537536621094,40.024993896484375,40.79215621948242,41.59326934814453,41.59326934814453,42.7551155090332,41.773197174072266,40.607879638671875,40.607879638671875,41.773197174072266,44.72135925292969,46.097721099853516,45.35416030883789,44.643028259277344,44.92215347290039,44.59820556640625
1774426795.1746337,-75,1,0,0,40.112342834472656,40.04996871948242,40.0,40.0,40.01249694824219,40.112342834472656,38.20994567871094,38.470767974853516,39.458839416503906,40.4474983215332,41.30375289916992,42.296573638916016,43.104522705078125,43.046485900878906,42.01190185546875,40.0,39.0128173828125,38.05259704589844,38.20994567871094,36.878177642822266,36.400550842285156,36.878177642822266,36.68787384033203,7.6157732009887695,2.2360680103302,1.0,1.0,2.0,5.0,28.160255432128906,28.017850875854492,28.635643005371094,30.08321762084961,30.364452362060547,31.62277603149414,31.95309066772461,32.69556427001953,32.202484130859375,33.12099075317383,34.48188018798828,35.35533905029297,35.7770881652832,35.7770881652832,35.34119415283203,35.34119415283203,36.24913787841797,37.161808013916016,37.161808013916016,37.6961555480957,37.336307525634766,37.947330474853516,38.327537536621094
1774426795.1852643,-75,1,0,0,44.65422821044922,44.94440841674805,43.90899658203125,43.382022857666016,43.08131790161133,42.72002029418945,42.72002029418945,43.08131790161133,43.65776062011719,44.59820556640625,46.81879806518555,46.81879806518555,46.81879806518555,46.2385139465332,45.31004333496094,44.283180236816406,44.29446792602539,43.5660400390625,42.72002029418945,42.20189666748047,40.45985794067383,40.31128692626953,40.360870361328125,7.211102485656738,2.2360680103302,1.0,1.0,1.4142135381698608,6.4031243324279785,33.83784866333008,33.0151481628418,31.890438079833984,32.526912689208984,33.30165100097656,34.20526123046875,35.80502700805664,37.202152252197266,38.01315689086914,38.832977294921875,38.27531814575195,39.11521530151367,39.66106414794922,40.49691390991211,41.04875183105469,41.04875183105469,40.224369049072266,39.408119201660156,40.0,40.45985794067383,41.1096076965332,42.44997024536133,42.42640686035156
1774426795.2306888,-75,1,0,0,50.6063232421875,48.764739990234375,47.85394287109375,47.53945541381836,47.12748718261719,47.53945541381836,46.57252502441406,46.840152740478516,49.04079818725586,49.72926712036133,50.96076965332031,51.244510650634766,51.865211486816406,50.9215087890625,50.32891845703125,48.46648406982422,45.617977142333984,44.29446792602539,45.27692413330078,46.04345703125,46.22769546508789,47.801673889160156,48.02082824707031,8.9442720413208,3.0,1.0,1.0,1.4142135381698608,5.0,30.528675079345703,32.4499626159668,34.13209533691406,35.22782897949219,35.608985900878906,36.12478256225586,37.48332977294922,39.59798049926758,41.72529220581055,43.185646057128906,42.52058410644531,43.931766510009766,44.59820556640625,43.931766510009766,42.52058410644531,43.931766510009766,44.59820556640625,44.55333709716797,45.96738052368164,46.010868072509766,46.010868072509766,46.75468063354492,46.22769546508789
1774426795.2750325,-75,1,0,0,44.9110221862793,43.73785400390625,43.416587829589844,44.18144226074219,45.0444221496582,44.0113639831543,43.0,43.0,44.0,45.0111083984375,45.0111083984375,46.0,47.0,48.010414123535156,47.04253387451172,45.27692413330078,42.57933807373047,41.0,40.52159881591797,41.1096076965332,40.31128692626953,40.31128692626953,40.804412841796875,7.071067810058594,2.2360680103302,1.0,1.0,1.4142135381698608,5.099019527435303,33.13608169555664,32.38827133178711,30.805843353271484,30.364452362060547,31.016124725341797,31.38471031188965,33.105892181396484,34.438350677490234,36.2353401184082,37.58989334106445,37.2155876159668,38.07886505126953,38.94868469238281,39.824615478515625,40.31128692626953,40.31128692626953,40.31128692626953,40.8166618347168,41.18252182006836,40.70626449584961,40.24922180175781,40.31128692626953,41.78516387939453
1774426795.296756,-75,1,0,0,46.647613525390625,45.27692413330078,43.90899658203125,44.29446792602539,45.18849563598633,44.384681701660156,44.94440841674805,45.880279541015625,45.880279541015625,46.81879806518555,47.16990661621094,47.53945541381836,47.423622131347656,47.41307830810547,46.647613525390625,45.486263275146484,43.8292121887207,43.011627197265625,43.600460052490234,42.52058410644531,41.72529220581055,41.400482177734375,40.49691390991211,8.062257766723633,2.2360680103302,0.0,0.0,2.2360680103302,6.7082037925720215,31.78049659729004,32.649654388427734,31.38471031188965,32.4499626159668,33.60059356689453,33.42155075073242,33.970577239990234,35.35533905029297,36.79673767089844,37.53664779663086,37.53664779663086,39.623226165771484,40.31128692626953,41.03656768798828,41.03656768798828,41.72529220581055,41.03656768798828,41.72529220581055,43.13930892944336,43.13930892944336,43.13930892944336,43.185646057128906,43.931766510009766
1774426795.3557386,-75,1,0,0,46.0,45.0111083984375,44.10215377807617,44.283180236816406,45.54119110107422,45.89117431640625,44.9110221862793,44.14748001098633,45.35416030883789,46.3249397277832,48.27007293701172,48.05205535888672,48.83646011352539,48.66210174560547,46.389652252197266,45.17742919921875,43.046485900878906,42.01190185546875,43.011627197265625,42.10700607299805,41.43669891357422,41.43669891357422,40.024993896484375,8.246211051940918,3.0,1.0,1.0,2.2360680103302,5.385164737701416,29.832868576049805,31.400636672973633,32.140316009521484,32.38827133178711,32.75667953491211,33.95585250854492,35.44009017944336,37.64305877685547,37.947330474853516,38.27531814575195,38.27531814575195,39.560081481933594,40.853397369384766,40.853397369384766,39.924930572509766,40.853397369384766,40.49691390991211,41.1096076965332,42.44997024536133,42.44997024536133,42.20189666748047,42.20189666748047,42.20189666748047
1774426795.3557386,-74,1,0,0,39.20458984375,39.31920623779297,40.199501037597656,39.0,39.20458984375,39.81205749511719,40.52159881591797,40.52159881591797,41.9761848449707,41.773197174072266,43.5660400390625,43.185646057128906,43.046485900878906,43.011627197265625,41.19466018676758,40.4474983215332,39.458839416503906,37.2155876159668,37.121421813964844,37.2155876159668,37.656341552734375,41.773197174072266,41.03656768798828,7.211102485656738,2.2360680103302,1.0,1.0,1.4142135381698608,5.099019527435303,29.154760360717773,30.4138126373291,30.01666259765625,30.066593170166016,30.4138126373291,29.832868576049805,30.08321762084961,32.572994232177734,33.61547088623047,34.01470184326172,34.928497314453125,34.78505325317383,34.928497314453125,36.49657440185547,37.656341552734375,38.07886505126953,37.64305877685547,37.64305877685547,37.64305877685547,37.10795211791992,36.400550842285156,37.947330474853516,39.84971618652344
1774426795.4105577,-75,1,0,0,43.416587829589844,43.28972244262695,43.104522705078125,43.046485900878906,43.0,44.0113639831543,43.046485900878906,43.104522705078125,43.104522705078125,44.10215377807617,45.0444221496582,44.0113639831543,44.0113639831543,44.0113639831543,44.10215377807617,43.185646057128906,42.42640686035156,40.607879638671875,39.81205749511719,38.327537536621094,38.27531814575195,37.57658767700195,37.2155876159668,5.830951690673828,1.4142135381698608,1.4142135381698608,1.4142135381698608,1.4142135381698608,5.099019527435303,31.14482307434082,31.016124725341797,30.805843353271484,31.048349380493164,32.280025482177734,33.83784866333008,34.539833068847656,35.34119415283203,36.2353401184082,35.84689712524414,36.359317779541016,37.2155876159668,38.07886505126953,38.07886505126953,38.94868469238281,38.470767974853516,38.470767974853516,38.01315689086914,38.910152435302734,38.4837646484375,39.0,39.560081481933594,42.379241943359375
1774426795.4559662,-75,1,0,0,44.04542922973633,42.52058410644531,42.52058410644531,42.44997024536133,43.13930892944336,43.185646057128906,43.27817153930664,42.63801193237305,43.416587829589844,44.821868896484375,44.68780517578125,44.59820556640625,46.69047164916992,46.66904830932617,45.96738052368164,44.59820556640625,42.52058410644531,40.607879638671875,40.804412841796875,40.49691390991211,40.70626449584961,39.81205749511719,39.31920623779297,7.071067810058594,2.2360680103302,0.0,0.0,2.2360680103302,5.656854152679443,29.832868576049805,30.232433319091797,32.015621185302734,32.202484130859375,33.2866325378418,32.75667953491211,33.61547088623047,34.885528564453125,36.67424011230469,37.161808013916016,38.07886505126953,39.0,40.31128692626953,40.31128692626953,39.924930572509766,39.0,39.0,39.924930572509766,41.231056213378906,41.62931823730469,41.146080017089844,40.70626449584961,41.67733383178711
1774426795.5000901,-75,1,0,0,43.416587829589844,42.8018684387207,42.43819046020508,43.5660400390625,43.8292121887207,44.283180236816406,43.863426208496094,43.863426208496094,43.863426208496094,44.777225494384766,44.777225494384766,45.18849563598633,44.283180236816406,45.17742919921875,44.777225494384766,44.10215377807617,43.011627197265625,42.01190185546875,41.86884307861328,41.773197174072266,40.31128692626953,38.832977294921875,37.58989334106445,6.7082037925720215,1.4142135381698608,1.0,1.0,2.0,5.385164737701416,31.38471031188965,31.064449310302734,32.202484130859375,32.649654388427734,33.970577239990234,33.941123962402344,34.65544509887695,35.38361358642578,36.2353401184082,36.400550842285156,36.619667053222656,37.44329071044922,37.202152252197266,37.80211639404297,38.60051727294922,39.408119201660156,40.0,40.607879638671875,41.231056213378906,41.1096076965332,40.360870361328125,41.03656768798828,41.72529220581055
1774426795.5253103,-75,1,0,0,43.26661682128906,42.72002029418945,42.54409408569336,43.8292121887207,44.384681701660156,44.59820556640625,43.32435989379883,43.32435989379883,44.271888732910156,44.59820556640625,44.94440841674805,44.94440841674805,45.880279541015625,46.615447998046875,45.617977142333984,44.29446792602539,42.19004440307617,40.49691390991211,39.66106414794922,39.408119201660156,39.824615478515625,42.48529052734375,43.08131790161133,7.6157732009887695,2.2360680103302,1.0,1.0,2.0,5.0,31.11269760131836,31.890438079833984,30.610456466674805,31.14482307434082,31.11269760131836,31.14482307434082,31.890438079833984,33.42155075073242,35.608985900878906,36.400550842285156,36.619667053222656,36.619667053222656,37.202152252197266,36.619667053222656,36.619667053222656,36.400550842285156,37.013511657714844,38.41874694824219,40.45985794067383,40.45985794067383,40.45985794067383,40.45985794067383,40.360870361328125
1774426795.5799522,-75,1,0,0,43.416587829589844,42.94182205200195,43.382022857666016,43.46262741088867,44.0113639831543,44.59820556640625,43.32435989379883,43.32435989379883,44.271888732910156,45.54119110107422,46.48655700683594,46.81879806518555,47.16990661621094,47.53945541381836,46.097721099853516,44.72135925292969,43.046485900878906,40.49691390991211,40.224369049072266,39.824615478515625,39.623226165771484,40.49691390991211,40.31128692626953,7.211102485656738,2.2360680103302,1.0,1.0,2.0,5.385164737701416,30.01666259765625,32.75667953491211,32.649654388427734,33.61547088623047,33.83784866333008,32.80244064331055,34.058773040771484,35.38361358642578,37.48332977294922,38.18376541137695,38.897300720214844,39.59798049926758,38.897300720214844,38.897300720214844,38.20994567871094,38.94868469238281,39.623226165771484,39.623226165771484,40.45985794067383,40.45985794067383,41.231056213378906,41.86884307861328,43.27817153930664
1774426795.5905023,-75,1,0,0,44.10215377807617,43.046485900878906,43.011627197265625,45.0111083984375,46.097721099853516,46.173583984375,45.17742919921875,45.17742919921875,45.27692413330078,45.27692413330078,46.27094268798828,46.173583984375,47.095645904541016,47.01063537597656,46.0,44.04542922973633,43.104522705078125,42.296573638916016,42.42640686035156,41.773197174072266,40.52159881591797,38.897300720214844,39.0,7.6157732009887695,2.2360680103302,1.0,1.0,2.2360680103302,6.082762718200684,30.01666259765625,32.015621185302734,32.24903106689453,33.541019439697266,33.95585250854492,34.20526123046875,34.48188018798828,36.055511474609375,37.336307525634766,38.07886505126953,40.31128692626953,40.31128692626953,40.31128692626953,39.39543151855469,39.0,38.07886505126953,40.31128692626953,40.853397369384766,41.43669891357422,41.43669891357422,39.84971618652344,40.52159881591797,41.761226654052734
1774426795.6453896,-74,1,0,0,29.154760360717773,30.01666259765625,30.886890411376953,29.154760360717773,26.925823211669922,25.942243576049805,23.706539154052734,23.706539154052734,25.495098114013672,26.832815170288086,26.832815170288086,27.312999725341797,30.08321762084961,31.38471031188965,32.202484130859375,31.30495262145996,30.01666259765625,25.553865432739258,23.853721618652344,22.203603744506836,22.022714614868164,40.112342834472656,40.4474983215332,8.246211051940918,3.1622776985168457,1.0,1.0,2.2360680103302,6.324555397033691,31.016124725341797,31.048349380493164,19.10497283935547,18.384777069091797,19.209373474121094,20.0,20.808652877807617,21.63330841064453,23.600847244262695,24.413110733032227,24.698177337646484,24.1867733001709,21.954498291015625,19.72308349609375,20.59126091003418,22.472204208374023,23.323806762695312,24.698177337646484,24.698177337646484,23.021728515625,22.803508758544922,24.083189010620117,26.172504425048828
1774426795.6987107,-75,1,0,0,48.54894256591797,46.87216567993164,46.04345703125,45.607017517089844,46.86149978637695,48.166378021240234,48.83646011352539,48.10405349731445,47.381431579589844,47.381431579589844,48.10405349731445,48.166378021240234,48.27007293701172,49.04079818725586,47.801673889160156,46.04345703125,46.647613525390625,46.52956008911133,46.06517028808594,44.777225494384766,43.65776062011719,43.680660247802734,43.17406463623047,7.280109882354736,2.2360680103302,1.0,1.0,2.2360680103302,6.4031243324279785,34.65544509887695,34.71310806274414,34.66987228393555,35.35533905029297,36.24913787841797,37.6961555480957,38.27531814575195,38.897300720214844,39.560081481933594,40.26164245605469,40.26164245605469,41.9761848449707,42.95346450805664,42.95346450805664,43.931766510009766,44.14748001098633,43.17406463623047,43.680660247802734,43.680660247802734,44.271888732910156,45.54119110107422,45.880279541015625,47.53945541381836
1774426795.711116,-75,1,0,0,44.271888732910156,42.05948257446289,41.1096076965332,41.761226654052734,42.20189666748047,42.7551155090332,42.42640686035156,42.296573638916016,42.19004440307617,44.18144226074219,45.27692413330078,45.54119110107422,44.9110221862793,44.14748001098633,43.680660247802734,41.1096076965332,40.49691390991211,40.49691390991211,39.924930572509766,39.357337951660156,39.11521530151367,38.910152435302734,38.587562561035156,5.830951690673828,1.4142135381698608,1.4142135381698608,1.4142135381698608,1.4142135381698608,5.385164737701416,32.24903106689453,32.015621185302734,30.675724029541016,31.38471031188965,32.202484130859375,32.649654388427734,34.0,34.13209533691406,35.22782897949219,36.400550842285156,37.013511657714844,38.41874694824219,39.20458984375,39.20458984375,40.0,39.408119201660156,39.408119201660156,39.408119201660156,40.224369049072266,40.49691390991211,40.8166618347168,41.67733383178711,42.54409408569336
1774426795.7534103,-75,1,0,0,46.87216567993164,45.486263275146484,43.5660400390625,42.54409408569336,43.382022857666016,43.46262741088867,43.46262741088867,43.46262741088867,44.384681701660156,45.31004333496094,47.01063537597656,47.01063537597656,47.92702865600586,47.423622131347656,46.06517028808594,44.777225494384766,44.10215377807617,42.43819046020508,42.20189666748047,41.1096076965332,41.01219177246094,41.72529220581055,41.231056213378906,7.071067810058594,2.8284270763397217,1.0,1.0,2.0,6.324555397033691,32.31098937988281,32.69556427001953,32.4499626159668,32.202484130859375,33.42155075073242,34.65544509887695,35.35533905029297,36.79673767089844,37.53664779663086,38.28837966918945,39.051246643066406,39.824615478515625,41.231056213378906,40.607879638671875,40.0,40.607879638671875,40.607879638671875,41.231056213378906,41.773197174072266,41.72529220581055,42.44997024536133,42.42640686035156,43.13930892944336
1774426795.807799,-75,1,0,0,37.013511657714844,36.619667053222656,36.359317779541016,36.2353401184082,37.57658767700195,37.161808013916016,37.57658767700195,37.57658767700195,37.57658767700195,38.4837646484375,38.4837646484375,39.81205749511719,39.81205749511719,39.357337951660156,38.94868469238281,36.8917350769043,35.80502700805664,35.80502700805664,35.608985900878906,35.46829605102539,35.35533905029297,36.769554138183594,36.400550842285156,7.071067810058594,2.0,1.0,1.0,2.0,5.0,29.20616340637207,28.600698471069336,28.284271240234375,27.658634185791016,27.80287742614746,28.600698471069336,29.681644439697266,30.528675079345703,31.38471031188965,31.38471031188965,32.24903106689453,32.75667953491211,34.13209533691406,34.98571014404297,34.98571014404297,34.98571014404297,34.66987228393555,35.22782897949219,35.22782897949219,35.22782897949219,35.22782897949219,35.80502700805664,35.608985900878906
1774426795.850865,-75,1,0,0,44.04542922973633,44.68780517578125,43.863426208496094,42.42640686035156,42.52058410644531,42.63801193237305,44.04542922973633,43.931766510009766,44.68780517578125,44.68780517578125,46.097721099853516,45.343135833740234,45.343135833740234,45.27692413330078,45.27692413330078,44.68780517578125,43.416587829589844,42.8018684387207,41.617305755615234,40.49691390991211,40.31128692626953,39.824615478515625,38.62641525268555,7.280109882354736,3.0,1.0,1.0,1.4142135381698608,5.0,31.906112670898438,31.62277603149414,31.890438079833984,31.400636672973633,33.2866325378418,33.61547088623047,34.885528564453125,35.7770881652832,36.24913787841797,37.161808013916016,39.0,39.924930572509766,41.231056213378906,40.31128692626953,40.31128692626953,39.924930572509766,39.924930572509766,40.31128692626953,40.71854782104492,42.04759216308594,43.382022857666016,43.8292121887207,44.29446792602539
1774426795.881977,-75,1,0,0,44.777225494384766,44.384681701660156,44.0113639831543,44.271888732910156,44.643028259277344,44.14748001098633,43.931766510009766,43.73785400390625,44.72135925292969,45.7055778503418,45.7055778503418,45.89117431640625,46.87216567993164,46.87216567993164,45.35416030883789,43.011627197265625,41.78516387939453,41.62931823730469,42.04759216308594,41.59326934814453,40.8166618347168,39.59798049926758,38.41874694824219,6.7082037925720215,2.0,1.0,1.0,1.4142135381698608,5.830951690673828,31.30495262145996,31.764760971069336,32.649654388427734,32.75667953491211,32.202484130859375,32.649654388427734,33.970577239990234,35.38361358642578,36.79673767089844,38.20994567871094,38.897300720214844,38.897300720214844,39.623226165771484,40.31128692626953,40.31128692626953,40.31128692626953,40.360870361328125,41.1096076965332,41.231056213378906,40.45985794067383,41.1096076965332,41.231056213378906,42.20189666748047
1774426795.9361022,-75,1,0,0,43.011627197265625,42.20189666748047,42.20189666748047,42.8018684387207,43.931766510009766,43.84062194824219,43.13930892944336,43.863426208496094,44.59820556640625,45.96738052368164,46.69047164916992,46.69047164916992,46.75468063354492,46.86149978637695,45.607017517089844,43.8292121887207,41.34005355834961,39.4461669921875,39.824615478515625,39.39543151855469,39.84971618652344,41.59326934814453,41.1096076965332,7.0,2.2360680103302,1.4142135381698608,1.4142135381698608,1.0,4.242640495300293,29.068883895874023,30.232433319091797,31.38471031188965,31.764760971069336,31.30495262145996,31.78049659729004,32.69556427001953,34.1760139465332,35.735137939453125,36.68787384033203,37.64305877685547,38.327537536621094,39.560081481933594,39.560081481933594,38.897300720214844,38.897300720214844,39.217342376708984,40.16217041015625,41.1096076965332,40.16217041015625,40.49691390991211,40.853397369384766,40.31128692626953
1774426795.9465628,-74,1,0,0,44.65422821044922,44.10215377807617,44.777225494384766,45.17742919921875,44.72135925292969,44.777225494384766,43.863426208496094,44.777225494384766,45.31004333496094,45.31004333496094,46.615447998046875,45.694637298583984,46.097721099853516,46.097721099853516,45.617977142333984,45.17742919921875,43.5660400390625,43.011627197265625,42.8018684387207,41.1096076965332,39.623226165771484,38.18376541137695,36.2353401184082,6.4031243324279785,1.4142135381698608,1.0,1.0,2.0,5.385164737701416,29.96664810180664,30.886890411376953,31.400636672973633,31.890438079833984,32.526912689208984,33.970577239990234,34.71310806274414,34.828147888183594,35.608985900878906,35.80502700805664,37.44329071044922,38.832977294921875,40.224369049072266,40.804412841796875,40.0,40.607879638671875,40.607879638671875,41.231056213378906,40.45985794067383,39.69886779785156,41.03656768798828,41.72529220581055,43.84062194824219
1774426796.0046313,-75,1,0,0,44.10215377807617,41.617305755615234,40.607879638671875,41.1096076965332,42.44997024536133,43.13930892944336,42.42640686035156,43.84062194824219,43.863426208496094,45.27692413330078,46.010868072509766,45.27692413330078,45.27692413330078,45.25483322143555,44.59820556640625,43.416587829589844,41.617305755615234,41.04875183105469,41.34005355834961,40.31128692626953,39.39543151855469,38.01315689086914,37.0,6.324555397033691,2.2360680103302,1.0,1.0,2.2360680103302,6.4031243324279785,33.970577239990234,31.890438079833984,30.886890411376953,30.870698928833008,31.38471031188965,32.31098937988281,33.83784866333008,34.48188018798828,35.44009017944336,36.13862228393555,37.10795211791992,39.051246643066406,39.293766021728516,39.051246643066406,39.051246643066406,38.07886505126953,38.07886505126953,38.327537536621094,38.60051727294922,39.84971618652344,39.84971618652344,40.49691390991211,41.78516387939453
1774426796.0611575,-74,1,0,0,45.486263275146484,45.221675872802734,44.40720748901367,44.40720748901367,44.821868896484375,44.59820556640625,44.55333709716797,43.863426208496094,45.27692413330078,46.010868072509766,48.10405349731445,48.08325958251953,48.10405349731445,48.91830062866211,47.6340217590332,46.40043258666992,45.0,43.8292121887207,42.72002029418945,41.67733383178711,41.146080017089844,39.217342376708984,39.293766021728516,7.280109882354736,3.1622776985168457,0.0,0.0,2.8284270763397217,6.4031243324279785,31.906112670898438,32.24903106689453,33.105892181396484,33.241539001464844,33.83784866333008,35.44009017944336,36.400550842285156,37.85498809814453,38.470767974853516,39.31920623779297,40.31128692626953,41.43669891357422,42.42640686035156,42.57933807373047,42.7551155090332,41.773197174072266,40.79215621948242,41.9761848449707,43.17406463623047,43.17406463623047,42.44997024536133,42.72002029418945,43.011627197265625
1774426796.072213,-74,1,0,0,32.015621185302734,31.400636672973633,32.015621185302734,31.240999221801758,32.015621185302734,33.42155075073242,34.20526123046875,35.0,34.828147888183594,33.970577239990234,33.970577239990234,33.30165100097656,31.890438079833984,32.649654388427734,31.400636672973633,31.064449310302734,29.96664810180664,30.675724029541016,31.320919036865234,30.805843353271484,31.400636672973633,31.320919036865234,30.805843353271484,5.099019527435303,1.4142135381698608,1.4142135381698608,1.4142135381698608,1.0,3.1622776985168457,21.931713104248047,23.706539154052734,24.75883674621582,24.75883674621582,25.495098114013672,24.83948516845703,24.83948516845703,24.83948516845703,25.0,25.806976318359375,26.925823211669922,28.17800521850586,29.546573638916016,31.38471031188965,31.78049659729004,33.541019439697266,32.202484130859375,31.764760971069336,31.38471031188965,31.064449310302734,28.844409942626953,29.681644439697266,30.528675079345703
1774426796.1164813,-74,1,0,0,45.343135833740234,44.821868896484375,43.011627197265625,42.72002029418945,43.046485900878906,43.046485900878906,43.90899658203125,43.90899658203125,44.29446792602539,43.8292121887207,45.17742919921875,45.17742919921875,45.650848388671875,46.14108657836914,45.79301071166992,44.65422821044922,44.204071044921875,43.27817153930664,41.773197174072266,41.01219177246094,40.360870361328125,38.01315689086914,37.2155876159668,6.7082037925720215,2.0,1.0,1.0,1.4142135381698608,5.656854152679443,32.015621185302734,32.557640075683594,32.557640075683594,33.42155075073242,33.60059356689453,33.83784866333008,34.66987228393555,36.359317779541016,38.07886505126953,38.94868469238281,39.824615478515625,39.824615478515625,40.70626449584961,40.70626449584961,42.05948257446289,42.05948257446289,41.18252182006836,41.67733383178711,41.34005355834961,41.34005355834961,41.88078308105469,42.43819046020508,45.0
1774426796.1736407,-75,1,0,0,42.296573638916016,41.1096076965332,40.04996871948242,41.0,42.04759216308594,42.04759216308594,42.04759216308594,42.04759216308594,42.10700607299805,43.185646057128906,45.09988784790039,45.0444221496582,45.0444221496582,45.0,44.0113639831543,42.10700607299805,41.30375289916992,40.4474983215332,40.607879638671875,40.024993896484375,40.804412841796875,39.81205749511719,39.4461669921875,6.4031243324279785,2.2360680103302,1.0,1.4142135381698608,1.0,5.0,31.0,31.064449310302734,31.400636672973633,31.78049659729004,32.280025482177734,31.62277603149414,33.241539001464844,34.928497314453125,36.24913787841797,37.161808013916016,37.161808013916016,36.67424011230469,38.01315689086914,39.357337951660156,39.357337951660156,39.357337951660156,40.24922180175781,41.62931823730469,42.154476165771484,41.78516387939453,40.49691390991211,40.49691390991211,41.43669891357422
1774426796.239832,-75,1,0,0,43.011627197265625,41.43669891357422,42.154476165771484,42.54409408569336,42.48529052734375,42.05948257446289,41.67733383178711,40.8166618347168,42.19004440307617,43.5660400390625,45.27692413330078,44.777225494384766,45.17742919921875,45.18849563598633,44.777225494384766,43.08131790161133,41.43669891357422,40.16217041015625,38.897300720214844,39.293766021728516,37.656341552734375,39.293766021728516,38.27531814575195,7.280109882354736,2.0,1.0,0.0,2.2360680103302,6.324555397033691,31.048349380493164,31.400636672973633,30.364452362060547,30.805843353271484,31.575305938720703,31.256999969482422,33.13608169555664,34.058773040771484,35.0,36.013885498046875,36.013885498046875,36.0,37.013511657714844,38.01315689086914,38.05259704589844,38.01315689086914,38.01315689086914,38.01315689086914,39.051246643066406,39.11521530151367,39.20458984375,39.31920623779297,39.458839416503906
1774426796.239832,-75,1,0,0,44.271888732910156,43.680660247802734,42.44997024536133,42.44997024536133,43.17406463623047,43.931766510009766,43.5660400390625,44.40720748901367,45.39823913574219,45.54119110107422,45.7055778503418,44.9110221862793,45.12205505371094,45.35416030883789,44.643028259277344,43.680660247802734,42.379241943359375,41.78516387939453,42.154476165771484,40.70626449584961,39.11521530151367,39.20458984375,40.31128692626953,5.656854152679443,1.4142135381698608,1.4142135381698608,1.4142135381698608,1.4142135381698608,5.0,30.265491485595703,30.805843353271484,30.870698928833008,31.764760971069336,32.24903106689453,32.4499626159668,33.60059356689453,34.828147888183594,35.46829605102539,36.12478256225586,37.53664779663086,38.28837966918945,39.69886779785156,39.051246643066406,40.45985794067383,39.824615478515625,38.41874694824219,39.051246643066406,39.824615478515625,40.0,40.224369049072266,40.49691390991211,41.67733383178711
1774426796.3093843,-75,1,0,0,46.52956008911133,45.39823913574219,44.283180236816406,44.283180236816406,45.27692413330078,46.097721099853516,45.0111083984375,46.0,47.0,48.0,48.010414123535156,47.04253387451172,47.095645904541016,47.16990661621094,46.173583984375,44.283180236816406,43.5660400390625,42.7551155090332,43.17406463623047,43.011627197265625,42.154476165771484,40.71854782104492,40.31128692626953,7.211102485656738,2.8284270763397217,0.0,0.0,2.0,6.0,32.0,32.24903106689453,32.572994232177734,33.61547088623047,35.34119415283203,35.34119415283203,35.7770881652832,37.58989334106445,38.07886505126953,39.11521530151367,39.11521530151367,39.96248245239258,39.96248245239258,40.8166618347168,41.34005355834961,42.19004440307617,42.19004440307617,41.67733383178711,41.18252182006836,42.05948257446289,42.94182205200195,43.382022857666016,43.863426208496094
1774426796.3532763,-75,1,0,0,44.283180236816406,43.46262741088867,44.0113639831543,44.271888732910156,44.92215347290039,44.384681701660156,44.384681701660156,45.35416030883789,46.097721099853516,45.89117431640625,46.097721099853516,46.3249397277832,46.57252502441406,46.57252502441406,46.173583984375,45.54119110107422,43.46262741088867,42.04759216308594,42.05948257446289,40.8166618347168,40.224369049072266,39.408119201660156,38.28837966918945,6.4031243324279785,2.2360680103302,1.0,1.0,2.0,6.082762718200684,29.120439529418945,29.4108829498291,31.764760971069336,31.906112670898438,33.0151481628418,34.20526123046875,34.828147888183594,36.12478256225586,35.38361358642578,36.06937789916992,37.48332977294922,38.897300720214844,39.59798049926758,39.59798049926758,39.59798049926758,39.59798049926758,40.31128692626953,40.31128692626953,41.03656768798828,41.231056213378906,41.231056213378906,42.01190185546875,43.600460052490234
1774426796.3644485,-75,1,0,0,39.84971618652344,38.327537536621094,37.10795211791992,37.48332977294922,38.11823654174805,38.05259704589844,38.01315689086914,38.0,38.05259704589844,40.112342834472656,41.1096076965332,41.04875183105469,41.01219177246094,42.01190185546875,40.0,38.05259704589844,37.121421813964844,38.20994567871094,38.327537536621094,37.48332977294922,36.67424011230469,37.10795211791992,37.0,7.280109882354736,2.0,1.0,1.0,2.0,5.385164737701416,28.65309715270996,28.65309715270996,28.42534065246582,28.319604873657227,29.0,29.068883895874023,30.0,31.62277603149414,32.4499626159668,31.62277603149414,33.0151481628418,33.0151481628418,33.60059356689453,34.828147888183594,34.828147888183594,34.058773040771484,33.970577239990234,34.65544509887695,36.79673767089844,36.79673767089844,37.53664779663086,37.53664779663086,37.64305877685547
1774426796.4198616,-75,1,0,0,44.72135925292969,44.283180236816406,43.46262741088867,43.65776062011719,43.680660247802734,43.416587829589844,43.17406463623047,43.416587829589844,44.384681701660156,45.607017517089844,45.880279541015625,45.221675872802734,45.221675872802734,45.54119110107422,44.94440841674805,43.46262741088867,41.62931823730469,40.24922180175781,40.31128692626953,39.11521530151367,39.408119201660156,38.94868469238281,38.01315689086914,6.4031243324279785,1.4142135381698608,1.0,1.0,2.0,5.385164737701416,28.635643005371094,29.068883895874023,31.30495262145996,32.75667953491211,33.83784866333008,34.4093017578125,34.828147888183594,35.46829605102539,36.12478256225586,36.06937789916992,36.769554138183594,37.48332977294922,38.20994567871094,38.20994567871094,38.897300720214844,39.59798049926758,38.897300720214844,39.623226165771484,40.45985794067383,40.45985794067383,41.231056213378906,41.231056213378906,41.400482177734375
1774426796.4425907,-75,1,0,0,46.957427978515625,45.650848388671875,44.777225494384766,44.10215377807617,43.011627197265625,44.204071044921875,43.416587829589844,44.821868896484375,44.821868896484375,46.097721099853516,46.86149978637695,47.01063537597656,46.40043258666992,46.04345703125,45.486263275146484,44.777225494384766,43.8292121887207,44.283180236816406,43.46262741088867,42.379241943359375,41.48493576049805,39.81205749511719,40.199501037597656,8.0,3.1622776985168457,1.0,1.0,2.2360680103302,6.4031243324279785,32.649654388427734,32.202484130859375,32.202484130859375,32.31098937988281,33.83784866333008,35.44009017944336,37.10795211791992,37.85498809814453,38.832977294921875,38.63935852050781,39.458839416503906,40.31128692626953,41.30375289916992,41.30375289916992,41.19466018676758,42.19004440307617,42.296573638916016,41.59326934814453,41.0,42.20189666748047,43.17406463623047,44.384681701660156,44.92215347290039
1774426796.486348,-75,1,0,0,41.1096076965332,40.853397369384766,39.924930572509766,39.924930572509766,40.31128692626953,41.146080017089844,41.59326934814453,40.70626449584961,39.824615478515625,40.31128692626953,42.05948257446289,42.05948257446289,42.48529052734375,40.71854782104492,40.31128692626953,39.560081481933594,39.217342376708984,39.293766021728516,39.81205749511719,38.327537536621094,38.05259704589844,38.832977294921875,38.470767974853516,6.082762718200684,2.2360680103302,1.0,1.0,2.2360680103302,6.4031243324279785,33.0151481628418,31.38471031188965,27.658634185791016,28.44292449951172,29.27456283569336,31.256999969482422,32.140316009521484,32.06243896484375,32.015621185302734,32.0,33.060550689697266,35.05709457397461,37.121421813964844,37.2155876159668,37.2155876159668,36.055511474609375,36.0,36.013885498046875,37.05401611328125,38.11823654174805,39.20458984375,39.20458984375,40.31128692626953
1774426796.5403912,-75,1,0,0,41.400482177734375,41.400482177734375,40.0,39.408119201660156,39.66106414794922,41.34005355834961,42.05948257446289,42.94182205200195,43.416587829589844,43.416587829589844,42.54409408569336,43.046485900878906,43.5660400390625,44.10215377807617,43.011627197265625,42.01190185546875,40.607879638671875,39.824615478515625,39.623226165771484,38.94868469238281,38.41874694824219,39.293766021728516,37.656341552734375,6.0,1.0,1.4142135381698608,1.4142135381698608,1.4142135381698608,5.0,30.4138126373291,29.832868576049805,29.068883895874023,29.698484420776367,31.14482307434082,31.240999221801758,32.015621185302734,33.60059356689453,33.83784866333008,33.2866325378418,34.13209533691406,34.98571014404297,35.510562896728516,36.359317779541016,36.8917350769043,36.8917350769043,36.8917350769043,37.735923767089844,37.735923767089844,38.01315689086914,39.20458984375,39.824615478515625,39.69886779785156
1774426796.5403912,-75,1,0,0,44.04542922973633,44.04542922973633,44.0,45.0111083984375,45.17742919921875,44.40720748901367,43.416587829589844,44.40720748901367,45.39823913574219,46.52956008911133,47.67599105834961,47.51841735839844,48.50773239135742,48.25971221923828,47.16990661621094,46.04345703125,44.0,43.011627197265625,43.104522705078125,42.42640686035156,40.79215621948242,38.07886505126953,37.58989334106445,6.7082037925720215,2.2360680103302,1.0,1.0,2.2360680103302,6.0,31.0,31.016124725341797,32.140316009521484,32.24903106689453,32.75667953491211,33.241539001464844,34.48188018798828,37.0,38.27531814575195,38.62641525268555,38.07886505126953,39.0,39.924930572509766,39.924930572509766,39.924930572509766,40.853397369384766,40.853397369384766,41.78516387939453,42.379241943359375,42.379241943359375,41.761226654052734,40.52159881591797,41.48493576049805
1774426796.603376,-74,1,0,0,43.863426208496094,43.382022857666016,42.48529052734375,42.05948257446289,42.19004440307617,43.26661682128906,43.26661682128906,44.40720748901367,44.204071044921875,44.821868896484375,45.607017517089844,46.40043258666992,46.615447998046875,45.486263275146484,44.41846466064453,44.29446792602539,43.382022857666016,43.863426208496094,43.08131790161133,42.05948257446289,41.231056213378906,41.01219177246094,41.19466018676758,8.062257766723633,3.1622776985168457,1.0,0.0,2.0,6.082762718200684,31.048349380493164,30.5941162109375,29.4108829498291,30.805843353271484,32.38827133178711,34.2344856262207,34.13209533691406,35.12833786010742,36.12478256225586,37.05401611328125,38.05259704589844,39.051246643066406,39.051246643066406,40.04996871948242,39.0128173828125,39.051246643066406,39.051246643066406,40.112342834472656,41.19466018676758,42.296573638916016,42.296573638916016,42.57933807373047,41.9761848449707
1774426796.6274128,-75,1,0,0,42.19004440307617,41.88078308105469,41.88078308105469,41.88078308105469,43.011627197265625,42.8018684387207,42.01190185546875,41.231056213378906,43.27817153930664,44.68780517578125,45.45327377319336,44.821868896484375,45.0,45.221675872802734,44.10215377807617,43.046485900878906,42.48529052734375,41.62931823730469,41.231056213378906,40.49691390991211,39.293766021728516,38.63935852050781,38.20994567871094,6.0,2.2360680103302,1.4142135381698608,1.4142135381698608,1.0,4.242640495300293,30.4138126373291,31.240999221801758,31.906112670898438,31.30495262145996,30.870698928833008,31.38471031188965,31.95309066772461,34.20526123046875,34.928497314453125,36.13862228393555,36.878177642822266,38.832977294921875,39.81205749511719,38.832977294921875,38.832977294921875,37.85498809814453,37.85498809814453,39.293766021728516,40.804412841796875,40.804412841796875,39.84971618652344,40.16217041015625,40.16217041015625
1774426796.6718671,-75,1,0,0,44.10215377807617,43.26661682128906,43.011627197265625,42.01190185546875,41.773197174072266,42.42640686035156,42.42640686035156,43.13930892944336,44.55333709716797,45.96738052368164,47.381431579589844,46.010868072509766,45.343135833740234,45.45327377319336,44.821868896484375,44.40720748901367,43.26661682128906,42.19004440307617,42.54409408569336,42.48529052734375,41.62931823730469,42.7551155090332,41.19466018676758,8.0,3.1622776985168457,1.0,1.0,2.2360680103302,5.830951690673828,33.60059356689453,32.75667953491211,32.75667953491211,33.105892181396484,33.241539001464844,33.83784866333008,34.78505325317383,35.735137939453125,35.735137939453125,36.68787384033203,37.36308288574219,38.327537536621094,40.52159881591797,41.48493576049805,42.20189666748047,41.9761848449707,41.0,41.231056213378906,41.761226654052734,41.1096076965332,41.43669891357422,41.78516387939453,42.154476165771484
1774426796.727084,-75,1,0,0,43.8292121887207,42.48529052734375,42.04759216308594,42.54409408569336,44.0113639831543,44.271888732910156,44.643028259277344,44.643028259277344,44.643028259277344,44.92215347290039,46.173583984375,46.173583984375,46.48655700683594,46.81879806518555,45.694637298583984,43.8292121887207,42.94182205200195,42.05948257446289,41.67733383178711,41.88078308105469,41.400482177734375,42.19004440307617,42.20189666748047,7.8102498054504395,2.8284270763397217,0.0,0.0,2.0,6.082762718200684,31.256999969482422,31.048349380493164,32.4499626159668,33.60059356689453,33.42155075073242,34.058773040771484,35.38361358642578,36.769554138183594,36.79673767089844,36.12478256225586,37.53664779663086,38.28837966918945,38.94868469238281,38.897300720214844,39.59798049926758,40.31128692626953,41.03656768798828,41.72529220581055,42.42640686035156,42.42640686035156,41.72529220581055,41.773197174072266,43.27817153930664
1774426796.737522,-74,1,0,0,45.221675872802734,43.046485900878906,42.54409408569336,42.05948257446289,42.48529052734375,44.283180236816406,43.382022857666016,43.382022857666016,43.382022857666016,44.283180236816406,43.382022857666016,43.382022857666016,43.8292121887207,46.06517028808594,44.72135925292969,42.94182205200195,39.4461669921875,40.224369049072266,39.824615478515625,38.94868469238281,37.48332977294922,40.24922180175781,40.49691390991211,6.324555397033691,1.0,1.4142135381698608,1.4142135381698608,1.4142135381698608,4.123105525970459,25.942243576049805,27.20294189453125,31.11269760131836,31.14482307434082,32.649654388427734,32.202484130859375,33.83784866333008,35.22782897949219,36.619667053222656,36.8917350769043,38.07886505126953,37.2155876159668,37.2155876159668,38.587562561035156,38.27531814575195,39.96248245239258,39.4461669921875,40.8166618347168,40.8166618347168,40.224369049072266,39.824615478515625,41.03656768798828,40.31128692626953
1774426796.7905593,-74,1,0,0,43.17406463623047,42.20189666748047,41.231056213378906,41.9761848449707,42.7551155090332,42.42640686035156,42.19004440307617,43.104522705078125,43.104522705078125,44.18144226074219,45.17742919921875,44.283180236816406,44.40720748901367,44.55333709716797,44.55333709716797,42.95346450805664,42.20189666748047,41.761226654052734,41.43669891357422,40.31128692626953,39.357337951660156,39.0,39.357337951660156,6.7082037925720215,1.4142135381698608,1.4142135381698608,1.4142135381698608,1.4142135381698608,5.099019527435303,30.01666259765625,31.14482307434082,30.675724029541016,31.38471031188965,32.202484130859375,32.649654388427734,33.61547088623047,34.13209533691406,35.22782897949219,35.0,35.608985900878906,37.64305877685547,39.051246643066406,39.051246643066406,39.20458984375,38.01315689086914,38.01315689086914,38.01315689086914,38.832977294921875,39.11521530151367,39.96248245239258,40.31128692626953,42.05948257446289
1774426796.861704,-75,1,0,0,44.643028259277344,44.14748001098633,43.931766510009766,43.73785400390625,43.416587829589844,43.185646057128906,42.19004440307617,41.04875183105469,43.046485900878906,45.0111083984375,46.04345703125,46.097721099853516,47.16990661621094,47.26520919799805,46.389652252197266,44.40720748901367,42.7551155090332,41.231056213378906,40.52159881591797,41.1096076965332,39.924930572509766,38.27531814575195,37.013511657714844,7.211102485656738,2.2360680103302,1.0,1.0,2.0,6.082762718200684,31.62277603149414,30.675724029541016,31.016124725341797,31.016124725341797,31.78049659729004,33.541019439697266,34.48188018798828,36.359317779541016,36.8917350769043,38.832977294921875,38.60051727294922,39.20458984375,39.20458984375,40.0,40.0,39.408119201660156,39.408119201660156,40.49691390991211,41.88078308105469,41.34005355834961,41.34005355834961,41.67733383178711,42.94182205200195
1774426796.861704,-75,1,0,0,43.28972244262695,42.42640686035156,42.57933807373047,42.95346450805664,43.416587829589844,41.761226654052734,41.43669891357422,41.78516387939453,42.72002029418945,44.94440841674805,46.81879806518555,46.48655700683594,46.173583984375,45.607017517089844,43.931766510009766,42.7551155090332,41.43669891357422,41.30375289916992,40.199501037597656,40.04996871948242,40.01249694824219,40.04996871948242,38.01315689086914,6.082762718200684,1.4142135381698608,1.4142135381698608,1.4142135381698608,1.0,4.4721360206604,27.73084831237793,29.154760360717773,31.14482307434082,31.016124725341797,30.066593170166016,31.14482307434082,33.241539001464844,35.510562896728516,36.878177642822266,38.832977294921875,39.051246643066406,38.832977294921875,38.832977294921875,38.832977294921875,37.85498809814453,37.656341552734375,37.656341552734375,39.623226165771484,40.31128692626953,40.199501037597656,40.199501037597656,40.199501037597656,41.19466018676758
1774426796.919516,-75,1,0,0,42.19004440307617,42.10700607299805,41.01219177246094,41.01219177246094,41.0,41.01219177246094,41.1096076965332,42.19004440307617,43.28972244262695,44.18144226074219,44.18144226074219,43.104522705078125,43.046485900878906,44.0,43.011627197265625,41.1096076965332,40.31128692626953,39.458839416503906,39.81205749511719,38.60051727294922,38.62641525268555,40.26164245605469,39.84971618652344,6.324555397033691,1.0,1.4142135381698608,1.4142135381698608,1.4142135381698608,5.830951690673828,31.62277603149414,30.805843353271484,30.4138126373291,30.805843353271484,31.048349380493164,32.572994232177734,32.893768310546875,33.61547088623047,33.541019439697266,34.0,34.885528564453125,35.7770881652832,36.67424011230469,36.67424011230469,38.01315689086914,38.910152435302734,38.910152435302734,38.4837646484375,39.0,39.0,38.27531814575195,38.897300720214844,39.84971618652344
1774426796.9316711,-75,1,0,0,41.48493576049805,42.05948257446289,41.43669891357422,42.154476165771484,42.95346450805664,42.95346450805664,43.382022857666016,43.382022857666016,44.29446792602539,44.777225494384766,45.17742919921875,44.29446792602539,44.72135925292969,45.18849563598633,44.384681701660156,42.72002029418945,41.761226654052734,40.52159881591797,40.024993896484375,40.4474983215332,40.112342834472656,39.051246643066406,38.470767974853516,6.324555397033691,1.4142135381698608,1.4142135381698608,1.4142135381698608,1.0,4.123105525970459,28.635643005371094,28.44292449951172,30.149627685546875,30.066593170166016,31.016124725341797,32.0,34.01470184326172,35.12833786010742,36.34556198120117,36.34556198120117,37.48332977294922,38.63935852050781,40.4474983215332,40.4474983215332,40.607879638671875,39.458839416503906,39.31920623779297,40.199501037597656,42.19004440307617,42.10700607299805,41.01219177246094,41.01219177246094,41.0
1774426796.9802682,-75,1,0,0,47.423622131347656,45.18849563598633,44.72135925292969,43.416587829589844,43.5660400390625,43.26661682128906,43.011627197265625,44.40720748901367,45.80392837524414,46.40043258666992,47.01063537597656,47.01063537597656,46.40043258666992,47.434165954589844,44.94440841674805,44.777225494384766,43.863426208496094,42.54409408569336,42.154476165771484,41.1096076965332,40.26164245605469,42.04759216308594,43.104522705078125,8.062257766723633,3.1622776985168457,1.0,1.0,2.0,6.324555397033691,31.38471031188965,31.95309066772461,30.870698928833008,32.893768310546875,34.20526123046875,35.1710090637207,35.902645111083984,35.693138122558594,36.67424011230469,36.67424011230469,37.656341552734375,39.458839416503906,40.4474983215332,40.31128692626953,41.19466018676758,41.30375289916992,41.43669891357422,41.59326934814453,41.9761848449707,41.231056213378906,41.9761848449707,42.20189666748047,42.72002029418945
1774426797.0401745,-75,1,0,0,45.0,44.204071044921875,43.27817153930664,43.13930892944336,43.863426208496094,44.68780517578125,44.04542922973633,44.821868896484375,45.607017517089844,46.22769546508789,46.097721099853516,46.75468063354492,46.010868072509766,45.96738052368164,45.25483322143555,43.863426208496094,42.63801193237305,42.01190185546875,42.20189666748047,41.04875183105469,40.31128692626953,39.924930572509766,40.52159881591797,6.324555397033691,2.2360680103302,1.0,1.0,2.0,5.830951690673828,30.610456466674805,31.14482307434082,32.202484130859375,33.2866325378418,34.0,34.885528564453125,35.34119415283203,34.928497314453125,34.539833068847656,35.46829605102539,37.0,37.947330474853516,38.27531814575195,38.897300720214844,38.897300720214844,39.217342376708984,39.560081481933594,39.0,39.39543151855469,40.71854782104492,42.04759216308594,42.95346450805664,43.382022857666016
1774426797.0401745,-75,1,0,0,44.0113639831543,43.46262741088867,42.95346450805664,42.94182205200195,43.90899658203125,44.65422821044922,43.011627197265625,43.600460052490234,44.40720748901367,44.40720748901367,46.04345703125,45.486263275146484,44.41846466064453,44.777225494384766,42.94182205200195,42.04759216308594,42.154476165771484,42.72002029418945,42.379241943359375,40.804412841796875,39.81205749511719,40.024993896484375,40.31128692626953,7.071067810058594,2.2360680103302,1.0,1.0,2.2360680103302,6.4031243324279785,31.827661514282227,31.400636672973633,30.675724029541016,32.015621185302734,32.75667953491211,33.541019439697266,33.37664031982422,34.2344856262207,35.12833786010742,35.12833786010742,37.05401611328125,38.05259704589844,38.11823654174805,39.11521530151367,39.11521530151367,38.11823654174805,38.11823654174805,38.20994567871094,39.31920623779297,39.458839416503906,40.4474983215332,40.4474983215332,41.59326934814453
1774426797.096337,-75,1,0,0,42.154476165771484,41.43669891357422,41.1096076965332,41.48493576049805,41.9761848449707,42.7551155090332,42.7551155090332,42.7551155090332,43.73785400390625,44.55333709716797,44.55333709716797,45.7055778503418,45.7055778503418,45.89117431640625,44.384681701660156,43.011627197265625,40.16217041015625,39.560081481933594,38.62641525268555,38.4837646484375,37.58989334106445,39.051246643066406,38.27531814575195,6.7082037925720215,2.0,1.0,1.0,1.4142135381698608,5.0,31.906112670898438,33.0151481628418,30.870698928833008,31.38471031188965,32.202484130859375,32.649654388427734,32.649654388427734,34.058773040771484,35.38361358642578,37.48332977294922,38.897300720214844,38.20994567871094,37.53664779663086,37.53664779663086,38.20994567871094,39.623226165771484,39.623226165771484,41.1096076965332,42.63801193237305,41.400482177734375,40.0,40.224369049072266,40.224369049072266
1774426797.1604128,-75,1,0,0,51.0,49.648765563964844,48.754486083984375,48.332183837890625,48.84669876098633,49.648765563964844,50.0,50.695167541503906,51.6623649597168,51.92301940917969,52.201534271240234,51.54609680175781,52.55473327636719,52.92447280883789,51.4781494140625,49.19349670410156,48.764739990234375,47.01063537597656,47.16990661621094,45.80392837524414,45.45327377319336,44.59820556640625,43.13930892944336,8.485280990600586,2.8284270763397217,0.0,0.0,2.2360680103302,6.324555397033691,32.893768310546875,34.01470184326172,37.2155876159668,37.44329071044922,39.408119201660156,40.0,40.45985794067383,41.03656768798828,41.72529220581055,42.44997024536133,43.185646057128906,44.59820556640625,46.010868072509766,46.69047164916992,46.75468063354492,47.50789260864258,48.27007293701172,48.91830062866211,48.79549026489258,48.83646011352539,46.86149978637695,47.6340217590332,48.41487503051758
1774426797.1725047,-75,1,0,0,53.23532485961914,50.35871505737305,48.50773239135742,46.87216567993164,49.72926712036133,50.28916549682617,49.97999572753906,50.32891845703125,51.62363815307617,52.92447280883789,52.55473327636719,51.865211486816406,50.59644317626953,49.648765563964844,49.33558654785156,47.801673889160156,48.27007293701172,47.85394287109375,47.51841735839844,46.173583984375,45.0444221496582,45.0444221496582,44.18144226074219,8.246211051940918,3.1622776985168457,1.0,0.0,3.0,7.071067810058594,37.2155876159668,38.470767974853516,41.0,39.81205749511719,39.31920623779297,41.30375289916992,41.773197174072266,42.95346450805664,41.9761848449707,43.17406463623047,43.96589660644531,42.379241943359375,42.379241943359375,42.379241943359375,45.31004333496094,47.16990661621094,46.2385139465332,47.16990661621094,49.97999572753906,52.81098556518555,50.695167541503906,46.87216567993164,44.40720748901367
1774426797.2273831,-74,1,0,0,33.241539001464844,33.241539001464844,33.241539001464844,32.557640075683594,31.064449310302734,31.0,30.01666259765625,29.017236709594727,31.0,33.0,33.0151481628418,33.13608169555664,34.36568069458008,33.541019439697266,32.98484420776367,33.241539001464844,32.98484420776367,30.805843353271484,28.861740112304688,28.160255432128906,28.23118782043457,30.01666259765625,29.27456283569336,6.082762718200684,2.0,1.0,0.0,2.2360680103302,5.656854152679443,26.172504425048828,27.80287742614746,20.02498435974121,22.090721130371094,23.34523582458496,23.53720474243164,23.0867919921875,24.166091918945312,26.419689178466797,28.65309715270996,28.17800521850586,25.079872131347656,24.698177337646484,23.76972770690918,24.698177337646484,26.0,28.23118782043457,29.154760360717773,29.154760360717773,28.23118782043457,29.546573638916016,30.463092803955078,31.38471031188965
1774426797.2820442,-74,1,0,0,45.54119110107422,43.5660400390625,42.57933807373047,42.7551155090332,42.7551155090332,43.17406463623047,43.96589660644531,44.271888732910156,45.221675872802734,46.173583984375,47.12748718261719,46.840152740478516,45.607017517089844,45.35416030883789,45.12205505371094,44.72135925292969,44.40720748901367,43.185646057128906,43.104522705078125,42.01190185546875,41.1096076965332,40.112342834472656,39.20458984375,7.071067810058594,3.1622776985168457,1.0,1.0,2.0,6.324555397033691,32.893768310546875,32.015621185302734,32.0,33.060550689697266,34.2344856262207,34.36568069458008,35.510562896728516,36.878177642822266,37.10795211791992,38.327537536621094,39.560081481933594,40.52159881591797,41.48493576049805,41.48493576049805,42.20189666748047,41.9761848449707,41.9761848449707,41.773197174072266,42.7551155090332,42.7551155090332,43.416587829589844,44.283180236816406,45.17742919921875
1774426797.2927423,-75,1,0,0,43.90899658203125,43.046485900878906,42.19004440307617,41.88078308105469,42.20189666748047,43.27817153930664,43.931766510009766,44.59820556640625,44.59820556640625,44.59820556640625,44.68780517578125,44.821868896484375,44.204071044921875,44.204071044921875,43.8292121887207,43.046485900878906,42.05948257446289,42.48529052734375,42.04759216308594,40.853397369384766,39.84971618652344,39.20458984375,38.01315689086914,7.071067810058594,3.1622776985168457,1.0,1.0,2.2360680103302,5.830951690673828,30.805843353271484,30.528675079345703,30.886890411376953,31.78049659729004,31.95309066772461,32.572994232177734,33.52610778808594,34.20526123046875,33.95585250854492,34.928497314453125,36.67424011230469,37.656341552734375,37.85498809814453,38.832977294921875,40.024993896484375,40.26164245605469,39.560081481933594,39.560081481933594,39.84971618652344,39.84971618652344,40.804412841796875,42.05948257446289,42.379241943359375
1774426797.346198,-75,1,0,0,44.18144226074219,42.19004440307617,40.31128692626953,40.607879638671875,41.0,42.44997024536133,42.72002029418945,42.72002029418945,43.011627197265625,43.96589660644531,44.92215347290039,45.607017517089844,45.607017517089844,45.35416030883789,43.73785400390625,42.42640686035156,40.199501037597656,40.112342834472656,40.04996871948242,40.0,40.112342834472656,39.293766021728516,38.27531814575195,6.324555397033691,1.4142135381698608,1.4142135381698608,1.4142135381698608,1.4142135381698608,5.099019527435303,30.265491485595703,29.154760360717773,30.0,30.01666259765625,32.140316009521484,33.241539001464844,33.541019439697266,34.71310806274414,35.1710090637207,36.400550842285156,36.68787384033203,37.947330474853516,38.60051727294922,38.60051727294922,38.327537536621094,38.327537536621094,38.327537536621094,38.327537536621094,38.327537536621094,39.051246643066406,39.623226165771484,40.4474983215332,41.30375289916992
1774426797.3671815,-75,1,0,0,42.72002029418945,43.32435989379883,43.32435989379883,43.96589660644531,45.35416030883789,44.72135925292969,44.40720748901367,45.17742919921875,46.173583984375,47.26520919799805,47.51841735839844,47.85394287109375,47.07440948486328,46.3249397277832,45.607017517089844,44.92215347290039,43.011627197265625,42.05948257446289,41.43669891357422,40.71854782104492,39.4461669921875,40.45985794067383,43.13930892944336,7.8102498054504395,1.4142135381698608,1.4142135381698608,1.4142135381698608,2.2360680103302,6.0,33.13608169555664,31.575305938720703,30.463092803955078,30.4138126373291,31.38471031188965,32.4499626159668,33.60059356689453,34.058773040771484,35.38361358642578,36.12478256225586,37.53664779663086,38.94868469238281,40.45985794067383,39.824615478515625,39.824615478515625,39.20458984375,39.20458984375,39.824615478515625,41.400482177734375,41.400482177734375,41.04875183105469,41.04875183105469,42.19004440307617
1774426797.4113963,-74,1,0,0,42.05948257446289,41.67733383178711,42.19004440307617,43.26661682128906,43.600460052490234,44.04542922973633,42.63801193237305,42.63801193237305,43.27817153930664,44.68780517578125,46.097721099853516,46.22769546508789,45.80392837524414,45.221675872802734,44.65422821044922,43.046485900878906,41.59326934814453,40.71854782104492,39.924930572509766,40.16217041015625,40.52159881591797,39.623226165771484,39.20458984375,7.0,2.2360680103302,1.4142135381698608,1.4142135381698608,1.0,4.242640495300293,28.284271240234375,29.20616340637207,30.886890411376953,30.870698928833008,32.31098937988281,32.31098937988281,33.241539001464844,34.78505325317383,35.44009017944336,37.10795211791992,37.85498809814453,39.623226165771484,40.79215621948242,39.81205749511719,38.832977294921875,39.051246643066406,39.051246643066406,40.26164245605469,42.44997024536133,41.761226654052734,40.804412841796875,40.16217041015625,40.49691390991211
1774426797.475149,-75,1,0,0,44.384681701660156,43.17406463623047,41.773197174072266,41.773197174072266,41.59326934814453,42.296573638916016,42.19004440307617,43.046485900878906,44.04542922973633,44.0113639831543,44.04542922973633,43.104522705078125,43.28972244262695,44.55333709716797,43.931766510009766,43.17406463623047,41.231056213378906,40.26164245605469,39.84971618652344,39.924930572509766,38.910152435302734,38.470767974853516,37.2155876159668,5.830951690673828,1.4142135381698608,1.4142135381698608,1.4142135381698608,1.4142135381698608,5.099019527435303,32.0,32.140316009521484,31.62277603149414,31.38471031188965,32.202484130859375,32.649654388427734,33.12099075317383,32.75667953491211,33.83784866333008,34.4093017578125,35.0,36.619667053222656,37.44329071044922,37.44329071044922,38.27531814575195,39.66106414794922,39.66106414794922,40.49691390991211,39.4461669921875,39.4461669921875,38.94868469238281,40.70626449584961,41.59326934814453
1774426797.4858992,-75,1,0,0,43.27817153930664,42.52058410644531,42.01190185546875,41.400482177734375,41.04875183105469,42.19004440307617,41.67733383178711,42.54409408569336,42.54409408569336,42.94182205200195,43.416587829589844,43.90899658203125,43.5660400390625,43.8292121887207,43.416587829589844,42.52058410644531,41.72529220581055,41.01219177246094,41.03656768798828,39.051246643066406,38.27531814575195,38.897300720214844,39.824615478515625,7.211102485656738,3.0,1.0,1.0,1.4142135381698608,5.385164737701416,29.832868576049805,30.364452362060547,30.0,31.240999221801758,32.557640075683594,33.241539001464844,34.65544509887695,34.71310806274414,34.828147888183594,35.608985900878906,36.400550842285156,38.01315689086914,39.408119201660156,38.832977294921875,38.832977294921875,38.832977294921875,38.01315689086914,39.20458984375,39.051246643066406,39.051246643066406,39.824615478515625,40.607879638671875,42.01190185546875
1774426797.5394003,-74,1,0,0,46.52956008911133,44.55333709716797,44.72135925292969,43.73785400390625,45.12205505371094,45.35416030883789,45.880279541015625,46.48655700683594,45.54119110107422,46.48655700683594,46.173583984375,45.880279541015625,45.607017517089844,46.3249397277832,45.89117431640625,45.54119110107422,45.17742919921875,44.18144226074219,44.04542922973633,43.0,42.10700607299805,40.199501037597656,39.81205749511719,7.280109882354736,3.1622776985168457,1.0,1.0,2.2360680103302,6.7082037925720215,33.541019439697266,32.31098937988281,32.557640075683594,33.241539001464844,35.12833786010742,36.055511474609375,36.013885498046875,36.0,37.05401611328125,37.121421813964844,39.11521530151367,41.1096076965332,42.10700607299805,43.104522705078125,44.10215377807617,43.185646057128906,42.19004440307617,41.19466018676758,41.1096076965332,42.10700607299805,43.046485900878906,44.0,45.0111083984375
1774426797.603686,-74,1,0,0,46.3249397277832,44.41846466064453,43.90899658203125,43.8292121887207,43.382022857666016,43.46262741088867,43.46262741088867,43.46262741088867,44.0113639831543,44.94440841674805,45.31004333496094,46.097721099853516,47.423622131347656,47.423622131347656,46.51881408691406,44.29446792602539,43.5660400390625,42.43819046020508,42.20189666748047,41.231056213378906,40.31128692626953,37.48332977294922,36.878177642822266,6.7082037925720215,2.0,1.0,1.0,1.4142135381698608,5.830951690673828,30.870698928833008,31.764760971069336,32.202484130859375,32.649654388427734,33.241539001464844,34.71310806274414,34.71310806274414,35.46829605102539,36.878177642822266,37.64305877685547,37.80211639404297,38.60051727294922,39.408119201660156,39.408119201660156,40.224369049072266,40.804412841796875,40.224369049072266,40.0,40.45985794067383,40.360870361328125,41.03656768798828,42.42640686035156,43.13930892944336
1774426797.615822,-75,1,0,0,46.04345703125,45.0444221496582,44.04542922973633,44.04542922973633,44.18144226074219,44.55333709716797,44.14748001098633,45.35416030883789,46.3249397277832,46.097721099853516,46.097721099853516,46.87216567993164,46.69047164916992,46.389652252197266,46.173583984375,45.09988784790039,44.0113639831543,43.0,43.011627197265625,42.19004440307617,41.59326934814453,40.024993896484375,38.897300720214844,7.6157732009887695,2.8284270763397217,1.0,1.0,2.0,6.082762718200684,30.364452362060547,30.5941162109375,32.015621185302734,33.241539001464844,33.541019439697266,34.71310806274414,35.1710090637207,35.735137939453125,36.055511474609375,37.0,39.217342376708984,40.16217041015625,41.1096076965332,40.804412841796875,41.761226654052734,41.761226654052734,42.05948257446289,41.1096076965332,41.1096076965332,41.761226654052734,42.20189666748047,42.95346450805664,43.5660400390625
1774426797.6735244,-75,1,0,0,44.55333709716797,43.84062194824219,42.44997024536133,41.86884307861328,42.8018684387207,42.43819046020508,42.43819046020508,43.8292121887207,44.65422821044922,44.10215377807617,44.94440841674805,44.65422821044922,45.221675872802734,44.204071044921875,44.04542922973633,43.185646057128906,41.72529220581055,41.1096076965332,41.231056213378906,40.0,40.49691390991211,40.16217041015625,40.024993896484375,8.062257766723633,3.0,1.0,1.0,2.2360680103302,5.656854152679443,31.827661514282227,31.827661514282227,32.526912689208984,31.890438079833984,32.202484130859375,33.2866325378418,34.66987228393555,35.510562896728516,35.84689712524414,35.7770881652832,36.67424011230469,38.4837646484375,39.357337951660156,38.470767974853516,38.470767974853516,39.357337951660156,38.470767974853516,38.94868469238281,40.8166618347168,40.8166618347168,41.34005355834961,41.34005355834961,43.26661682128906
1774426797.7267241,-75,1,0,0,46.2385139465332,46.2385139465332,44.94440841674805,44.271888732910156,43.680660247802734,44.384681701660156,43.931766510009766,44.55333709716797,45.54119110107422,45.7055778503418,47.07440948486328,47.07440948486328,46.3249397277832,45.35416030883789,44.384681701660156,43.96589660644531,42.379241943359375,41.78516387939453,41.62931823730469,41.18252182006836,41.88078308105469,42.42640686035156,41.1096076965332,7.8102498054504395,2.8284270763397217,0.0,0.0,2.2360680103302,7.280109882354736,33.241539001464844,32.572994232177734,32.31098937988281,33.105892181396484,34.0,35.35533905029297,36.359317779541016,36.619667053222656,37.80211639404297,37.64305877685547,38.28837966918945,39.051246643066406,38.41874694824219,39.20458984375,39.20458984375,40.607879638671875,42.01190185546875,42.8018684387207,43.600460052490234,43.011627197265625,42.43819046020508,43.5660400390625,44.41846466064453
1774426797.7372336,-74,1,0,0,43.185646057128906,42.42640686035156,41.72529220581055,41.72529220581055,43.185646057128906,44.204071044921875,44.40720748901367,44.40720748901367,45.221675872802734,46.04345703125,46.615447998046875,46.40043258666992,45.45327377319336,46.75468063354492,46.75468063354492,45.27692413330078,43.13930892944336,41.72529220581055,41.1096076965332,40.804412841796875,40.31128692626953,39.217342376708984,37.36308288574219,6.082762718200684,1.0,1.4142135381698608,1.4142135381698608,1.0,5.0,28.42534065246582,29.068883895874023,31.064449310302734,32.24903106689453,31.764760971069336,31.764760971069336,33.105892181396484,34.539833068847656,36.400550842285156,37.0,37.947330474853516,38.27531814575195,39.217342376708984,39.560081481933594,39.924930572509766,41.231056213378906,40.853397369384766,41.78516387939453,41.78516387939453,41.231056213378906,40.24922180175781,41.18252182006836,41.34005355834961
1774426797.7919397,-75,1,0,0,47.07440948486328,45.35416030883789,43.96589660644531,43.32435989379883,43.46262741088867,42.95346450805664,42.48529052734375,42.94182205200195,44.29446792602539,44.29446792602539,43.8292121887207,45.617977142333984,47.01063537597656,46.2385139465332,45.54119110107422,43.96589660644531,43.416587829589844,42.20189666748047,41.9761848449707,41.43669891357422,41.1096076965332,41.0,41.1096076965332,7.6157732009887695,3.605551242828369,1.0,0.0,2.0,6.082762718200684,33.241539001464844,31.78049659729004,30.805843353271484,31.256999969482422,33.060550689697266,34.01470184326172,36.013885498046875,37.0,37.013511657714844,37.05401611328125,37.121421813964844,39.20458984375,40.199501037597656,40.199501037597656,40.199501037597656,40.112342834472656,40.112342834472656,40.04996871948242,40.01249694824219,41.0,42.0,43.011627197265625,45.0444221496582
1774426797.8572772,-74,1,0,0,42.43819046020508,42.01190185546875,41.86884307861328,43.185646057128906,43.13930892944336,41.72529220581055,40.31128692626953,39.59798049926758,41.01219177246094,43.13930892944336,44.55333709716797,45.27692413330078,45.96738052368164,46.010868072509766,43.931766510009766,42.63801193237305,40.804412841796875,39.66106414794922,38.587562561035156,38.470767974853516,38.4837646484375,38.27531814575195,37.121421813964844,6.324555397033691,1.0,1.4142135381698608,1.4142135381698608,1.0,4.4721360206604,28.844409942626953,30.610456466674805,29.529645919799805,30.870698928833008,31.78049659729004,32.31098937988281,32.893768310546875,34.48188018798828,35.1710090637207,35.902645111083984,35.693138122558594,36.67424011230469,36.67424011230469,36.67424011230469,35.693138122558594,35.693138122558594,36.13862228393555,38.327537536621094,38.897300720214844,39.217342376708984,39.217342376708984,39.217342376708984,39.560081481933594
1774426797.8572772,-75,1,0,0,45.607017517089844,45.45327377319336,44.59820556640625,43.863426208496094,43.84062194824219,44.55333709716797,43.863426208496094,44.59820556640625,45.343135833740234,46.097721099853516,47.50789260864258,46.69047164916992,45.96738052368164,46.66904830932617,45.27692413330078,44.68780517578125,43.416587829589844,43.011627197265625,42.72002029418945,41.67733383178711,40.24922180175781,39.81205749511719,39.560081481933594,6.7082037925720215,2.2360680103302,1.0,1.0,2.2360680103302,5.830951690673828,32.649654388427734,31.14482307434082,30.805843353271484,31.62277603149414,32.75667953491211,34.48188018798828,34.885528564453125,36.24913787841797,36.769554138183594,36.400550842285156,38.62641525268555,40.49691390991211,40.49691390991211,39.560081481933594,40.49691390991211,40.16217041015625,40.49691390991211,40.853397369384766,42.154476165771484,42.54409408569336,42.95346450805664,43.382022857666016,44.29446792602539
1774426797.9258053,-75,1,0,0,46.3249397277832,45.12205505371094,43.931766510009766,43.73785400390625,44.40720748901367,43.185646057128906,43.046485900878906,44.0113639831543,45.0111083984375,45.0444221496582,47.095645904541016,47.26520919799805,47.381431579589844,47.51841735839844,45.7055778503418,44.9110221862793,43.17406463623047,42.44997024536133,41.761226654052734,40.853397369384766,39.81205749511719,39.824615478515625,39.66106414794922,7.8102498054504395,2.8284270763397217,0.0,1.0,2.0,6.0,32.140316009521484,31.0,31.62277603149414,31.95309066772461,33.61547088623047,33.61547088623047,35.34119415283203,36.2353401184082,37.2155876159668,37.735923767089844,38.832977294921875,38.832977294921875,39.11521530151367,39.11521530151367,39.96248245239258,39.96248245239258,39.4461669921875,40.8166618347168,41.18252182006836,41.59326934814453,42.04759216308594,42.95346450805664,44.384681701660156
1774426797.9913142,-75,1,0,0,39.20458984375,38.20994567871094,38.11823654174805,38.11823654174805,38.11823654174805,39.0128173828125,39.0128173828125,40.01249694824219,40.01249694824219,41.01219177246094,42.01190185546875,42.01190185546875,41.0,41.01219177246094,40.04996871948242,39.20458984375,38.63935852050781,37.85498809814453,38.07886505126953,37.64305877685547,36.400550842285156,36.769554138183594,37.121421813964844,7.211102485656738,2.8284270763397217,0.0,1.0,2.0,6.082762718200684,28.284271240234375,28.07133674621582,28.284271240234375,28.44292449951172,29.832868576049805,30.08321762084961,31.320919036865234,31.95309066772461,32.69556427001953,32.69556427001953,34.01470184326172,34.438350677490234,36.24913787841797,36.24913787841797,36.24913787841797,36.24913787841797,36.24913787841797,36.24913787841797,37.161808013916016,36.769554138183594,37.6961555480957,37.336307525634766,37.947330474853516
1774426798.001677,-75,1,0,0,34.13209533691406,33.060550689697266,33.0151481628418,33.0,34.058773040771484,34.13209533691406,34.2344856262207,35.35533905029297,36.34556198120117,36.22154235839844,36.12478256225586,35.05709457397461,35.05709457397461,36.013885498046875,35.0,35.0142822265625,34.058773040771484,33.13608169555664,32.24903106689453,32.557640075683594,32.015621185302734,39.20458984375,38.27531814575195,6.7082037925720215,2.0,1.0,1.0,1.4142135381698608,4.4721360206604,29.546573638916016,30.886890411376953,24.020824432373047,24.083189010620117,24.1867733001709,24.331050872802734,24.73863410949707,25.298221588134766,26.570659637451172,27.312999725341797,28.23118782043457,29.154760360717773,29.73213768005371,29.73213768005371,30.08321762084961,31.016124725341797,31.016124725341797,30.463092803955078,31.016124725341797,30.675724029541016,31.62277603149414,32.280025482177734,32.015621185302734
1774426798.054164,-74,1,0,0,45.0,42.63801193237305,41.86884307861328,41.03656768798828,41.72529220581055,42.52058410644531,42.63801193237305,44.04542922973633,44.68780517578125,45.343135833740234,46.010868072509766,46.010868072509766,46.010868072509766,46.010868072509766,45.27692413330078,43.863426208496094,42.63801193237305,42.20189666748047,41.04875183105469,40.8166618347168,40.24922180175781,39.458839416503906,39.051246643066406,7.0,1.0,1.0,1.0,2.2360680103302,5.0,31.906112670898438,32.24903106689453,31.400636672973633,31.064449310302734,32.24903106689453,32.649654388427734,34.01470184326172,34.539833068847656,35.84689712524414,35.46829605102539,35.11410140991211,36.400550842285156,37.336307525634766,38.27531814575195,38.897300720214844,39.84971618652344,39.217342376708984,39.0,40.71854782104492,40.71854782104492,41.146080017089844,40.70626449584961,41.59326934814453
1774426798.1189044,-75,1,0,0,43.382022857666016,42.04759216308594,41.231056213378906,41.43669891357422,42.72002029418945,43.416587829589844,44.384681701660156,44.384681701660156,45.35416030883789,46.097721099853516,47.29693603515625,46.57252502441406,47.801673889160156,46.840152740478516,46.48655700683594,45.31004333496094,42.95346450805664,42.48529052734375,42.05948257446289,41.67733383178711,41.617305755615234,40.45985794067383,39.59798049926758,7.071067810058594,2.2360680103302,1.0,1.0,2.0,6.0,30.5941162109375,30.08321762084961,30.886890411376953,31.064449310302734,31.400636672973633,32.80244064331055,34.20526123046875,36.2353401184082,36.79673767089844,36.769554138183594,37.48332977294922,38.897300720214844,38.897300720214844,39.623226165771484,39.623226165771484,40.31128692626953,41.01219177246094,41.1096076965332,40.45985794067383,40.45985794067383,40.45985794067383,41.1096076965332,40.45985794067383
1774426798.1189044,-75,1,0,0,47.26520919799805,46.52956008911133,45.7055778503418,46.097721099853516,46.3249397277832,47.53945541381836,46.840152740478516,47.12748718261719,47.434165954589844,49.648765563964844,50.59644317626953,50.0,49.47726821899414,50.447994232177734,49.030601501464844,46.69047164916992,45.27692413330078,45.09988784790039,45.0111083984375,44.0113639831543,44.10215377807617,43.17406463623047,43.65776062011719,7.6157732009887695,2.8284270763397217,1.4142135381698608,1.4142135381698608,1.0,5.0,31.14482307434082,32.06243896484375,34.01470184326172,35.0142822265625,35.12833786010742,36.22154235839844,38.327537536621094,40.4474983215332,42.57933807373047,42.57933807373047,43.931766510009766,43.17406463623047,43.17406463623047,43.17406463623047,42.20189666748047,42.20189666748047,42.95346450805664,43.73785400390625,44.72135925292969,44.72135925292969,43.5660400390625,44.40720748901367,44.283180236816406
1774426798.1863816,-74,1,0,0,43.08131790161133,42.154476165771484,41.62931823730469,41.146080017089844,41.18252182006836,41.67733383178711,42.19004440307617,42.72002029418945,43.26661682128906,44.10215377807617,44.94440841674805,44.41846466064453,44.41846466064453,44.41846466064453,42.54409408569336,41.146080017089844,40.31128692626953,40.49691390991211,41.1096076965332,40.26164245605469,38.832977294921875,39.623226165771484,38.327537536621094,7.6157732009887695,2.2360680103302,0.0,0.0,2.0,6.082762718200684,30.364452362060547,31.575305938720703,29.73213768005371,31.048349380493164,31.575305938720703,33.37664031982422,34.2344856262207,36.12478256225586,36.12478256225586,37.121421813964844,38.11823654174805,38.05259704589844,38.05259704589844,38.05259704589844,38.05259704589844,38.05259704589844,39.0128173828125,39.051246643066406,40.199501037597656,40.199501037597656,40.4474983215332,41.59326934814453,41.773197174072266
1774426798.240935,-75,1,0,0,44.92215347290039,43.65776062011719,42.72002029418945,41.78516387939453,42.04759216308594,42.94182205200195,43.416587829589844,44.777225494384766,46.14108657836914,46.647613525390625,47.01063537597656,46.52956008911133,45.650848388671875,45.17742919921875,44.283180236816406,43.46262741088867,43.65776062011719,43.96589660644531,43.416587829589844,41.773197174072266,41.43669891357422,40.79215621948242,40.4474983215332,8.0,3.0,1.0,1.0,2.0,5.385164737701416,31.38471031188965,31.30495262145996,31.78049659729004,33.37664031982422,34.2344856262207,35.05709457397461,35.0142822265625,36.0,36.013885498046875,37.05401611328125,38.05259704589844,40.04996871948242,41.01219177246094,41.01219177246094,41.01219177246094,41.01219177246094,40.01249694824219,41.0,41.01219177246094,42.10700607299805,43.104522705078125,43.104522705078125,44.10215377807617
1774426798.2524502,-75,1,0,0,40.224369049072266,40.0,39.20458984375,39.051246643066406,38.94868469238281,40.31128692626953,40.31128692626953,41.01219177246094,41.01219177246094,41.03656768798828,41.03656768798828,39.59798049926758,39.59798049926758,40.31128692626953,40.360870361328125,39.824615478515625,39.408119201660156,39.66106414794922,38.07886505126953,37.121421813964844,36.769554138183594,35.46829605102539,35.735137939453125,7.071067810058594,2.0,1.0,1.0,2.2360680103302,5.656854152679443,29.068883895874023,27.58622932434082,28.017850875854492,27.784887313842773,29.96664810180664,30.870698928833008,31.38471031188965,32.31098937988281,31.95309066772461,31.62277603149414,32.572994232177734,34.48188018798828,35.44009017944336,36.400550842285156,37.36308288574219,37.64305877685547,37.36308288574219,36.68787384033203,37.0,37.336307525634766,37.6961555480957,38.07886505126953,38.4837646484375
1774426798.3191926,-74,1,0,0,44.29446792602539,43.8292121887207,43.382022857666016,44.283180236816406,43.863426208496094,44.384681701660156,44.0113639831543,44.94440841674805,44.59820556640625,44.59820556640625,44.59820556640625,44.94440841674805,45.694637298583984,46.51881408691406,45.17742919921875,43.90899658203125,43.046485900878906,41.88078308105469,41.617305755615234,41.86884307861328,40.31128692626953,39.623226165771484,39.051246643066406,7.8102498054504395,2.8284270763397217,0.0,0.0,2.0,6.082762718200684,30.5941162109375,30.364452362060547,32.649654388427734,33.12099075317383,33.61547088623047,34.13209533691406,35.22782897949219,35.608985900878906,36.12478256225586,37.48332977294922,38.18376541137695,38.18376541137695,38.897300720214844,39.59798049926758,40.31128692626953,40.31128692626953,40.360870361328125,41.1096076965332,42.52058410644531,42.63801193237305,42.8018684387207,42.8018684387207,43.600460052490234
1774426798.3191926,-75,1,0,0,46.0,45.0111083984375,43.104522705078125,42.19004440307617,42.296573638916016,43.5660400390625,44.72135925292969,45.7055778503418,45.7055778503418,44.72135925292969,45.7055778503418,45.54119110107422,45.39823913574219,45.17742919921875,44.04542922973633,43.011627197265625,42.01190185546875,41.1096076965332,41.19466018676758,40.4474983215332,40.024993896484375,38.60051727294922,38.62641525268555,6.324555397033691,1.4142135381698608,1.4142135381698608,1.0,1.4142135381698608,5.830951690673828,30.364452362060547,29.832868576049805,29.0,30.066593170166016,32.140316009521484,33.37664031982422,33.541019439697266,34.928497314453125,36.13862228393555,36.400550842285156,36.68787384033203,37.64305877685547,38.60051727294922,38.897300720214844,39.217342376708984,40.16217041015625,39.217342376708984,40.16217041015625,39.84971618652344,40.26164245605469,41.0,41.59326934814453,42.57933807373047
1774426798.397568,-75,1,0,0,42.52058410644531,42.63801193237305,42.01190185546875,42.01190185546875,42.43819046020508,43.5660400390625,41.67733383178711,41.67733383178711,43.046485900878906,44.41846466064453,43.90899658203125,43.046485900878906,43.5660400390625,43.26661682128906,43.011627197265625,42.01190185546875,41.1096076965332,41.03656768798828,40.31128692626953,39.824615478515625,38.832977294921875,39.623226165771484,38.41874694824219,6.4031243324279785,1.0,1.4142135381698608,1.4142135381698608,1.0,5.385164737701416,31.30495262145996,31.38471031188965,30.4138126373291,31.14482307434082,30.479501724243164,31.240999221801758,32.015621185302734,33.83784866333008,36.359317779541016,36.715118408203125,37.121421813964844,38.470767974853516,38.910152435302734,38.01315689086914,37.58989334106445,38.07886505126953,37.2155876159668,37.735923767089844,39.11521530151367,38.832977294921875,38.832977294921875,38.60051727294922,39.051246643066406
1774426798.408306,-75,1,0,0,45.0111083984375,44.04542922973633,43.104522705078125,42.19004440307617,43.416587829589844,44.9110221862793,45.12205505371094,45.12205505371094,45.12205505371094,45.7055778503418,45.54119110107422,45.39823913574219,44.40720748901367,44.283180236816406,44.10215377807617,44.0113639831543,43.0,42.04759216308594,42.10700607299805,41.43669891357422,39.81205749511719,42.04759216308594,42.19004440307617,7.211102485656738,1.4142135381698608,1.4142135381698608,1.0,1.4142135381698608,5.385164737701416,32.98484420776367,30.5941162109375,30.149627685546875,31.016124725341797,32.015621185302734,33.060550689697266,34.13209533691406,35.35533905029297,36.49657440185547,36.878177642822266,37.10795211791992,38.07886505126953,38.07886505126953,38.07886505126953,39.293766021728516,39.293766021728516,39.293766021728516,39.293766021728516,39.81205749511719,40.607879638671875,41.43669891357422,41.43669891357422,42.296573638916016
1774426798.4758077,-75,1,0,0,43.32435989379883,43.65776062011719,43.32435989379883,43.17406463623047,43.73785400390625,43.5660400390625,43.5660400390625,43.5660400390625,44.55333709716797,45.39823913574219,45.39823913574219,45.54119110107422,44.72135925292969,44.72135925292969,43.17406463623047,42.72002029418945,42.379241943359375,42.72002029418945,42.154476165771484,41.146080017089844,39.4461669921875,37.64305877685547,36.79673767089844,6.4031243324279785,2.0,1.0,1.0,1.0,5.099019527435303,30.01666259765625,30.149627685546875,31.62277603149414,31.38471031188965,32.649654388427734,34.0,34.48188018798828,35.84689712524414,37.735923767089844,37.44329071044922,38.832977294921875,39.408119201660156,39.408119201660156,38.60051727294922,39.20458984375,40.224369049072266,40.224369049072266,40.49691390991211,40.8166618347168,40.8166618347168,40.8166618347168,41.67733383178711,43.046485900878906
1774426798.5328043,-75,1,0,0,45.54119110107422,45.221675872802734,44.92215347290039,45.35416030883789,45.89117431640625,46.52956008911133,45.39823913574219,46.389652252197266,46.389652252197266,47.26520919799805,47.381431579589844,47.51841735839844,46.69047164916992,46.87216567993164,46.097721099853516,44.92215347290039,43.65776062011719,44.0113639831543,43.46262741088867,42.04759216308594,41.18252182006836,41.231056213378906,41.72529220581055,7.071067810058594,2.2360680103302,1.0,1.0,2.0,6.0,31.78049659729004,31.048349380493164,32.572994232177734,32.69556427001953,33.12099075317383,33.61547088623047,34.98571014404297,36.359317779541016,39.11521530151367,39.11521530151367,40.224369049072266,41.617305755615234,42.43819046020508,42.43819046020508,42.43819046020508,41.04875183105469,41.34005355834961,40.8166618347168,41.34005355834961,42.19004440307617,42.19004440307617,42.54409408569336,42.94182205200195
1774426798.543447,-75,1,0,0,39.11521530151367,38.20994567871094,38.327537536621094,38.63935852050781,39.293766021728516,39.560081481933594,38.60051727294922,37.64305877685547,38.897300720214844,39.84971618652344,39.560081481933594,40.52159881591797,41.48493576049805,42.44997024536133,41.0,40.607879638671875,38.327537536621094,38.11823654174805,37.05401611328125,36.0,36.12478256225586,35.35533905029297,36.13862228393555,6.324555397033691,1.4142135381698608,1.4142135381698608,1.4142135381698608,1.0,4.0,27.294687271118164,28.284271240234375,29.017236709594727,28.160255432128906,28.44292449951172,28.635643005371094,29.832868576049805,32.015621185302734,33.241539001464844,33.52610778808594,33.52610778808594,33.52610778808594,34.78505325317383,34.78505325317383,34.78505325317383,35.735137939453125,35.735137939453125,36.400550842285156,37.10795211791992,36.878177642822266,35.902645111083984,36.67424011230469,37.48332977294922
1774426798.59968,-75,1,0,0,43.011627197265625,41.761226654052734,41.48493576049805,41.0,41.59326934814453,42.296573638916016,42.10700607299805,43.104522705078125,44.18144226074219,44.283180236816406,45.39823913574219,44.40720748901367,44.55333709716797,44.72135925292969,43.73785400390625,42.95346450805664,42.20189666748047,40.26164245605469,40.804412841796875,39.924930572509766,39.824615478515625,40.45985794067383,41.01219177246094,7.071067810058594,1.4142135381698608,1.4142135381698608,1.4142135381698608,1.0,5.099019527435303,30.805843353271484,30.675724029541016,30.870698928833008,31.30495262145996,33.12099075317383,33.61547088623047,34.13209533691406,34.4093017578125,35.608985900878906,36.2353401184082,36.2353401184082,37.013511657714844,37.80211639404297,38.41874694824219,39.051246643066406,39.051246643066406,37.64305877685547,37.64305877685547,37.80211639404297,38.832977294921875,39.96248245239258,40.8166618347168,42.54409408569336
1774426798.6318996,-75,1,0,0,42.43819046020508,42.72002029418945,41.67733383178711,42.94182205200195,44.283180236816406,44.777225494384766,43.46262741088867,43.46262741088867,44.384681701660156,46.2385139465332,46.2385139465332,45.31004333496094,45.31004333496094,45.694637298583984,44.72135925292969,42.54409408569336,40.49691390991211,40.224369049072266,40.804412841796875,39.824615478515625,39.69886779785156,41.146080017089844,40.16217041015625,7.280109882354736,2.2360680103302,1.0,1.0,2.0,5.830951690673828,31.240999221801758,31.827661514282227,31.400636672973633,32.649654388427734,33.241539001464844,33.970577239990234,34.828147888183594,35.608985900878906,36.400550842285156,35.80502700805664,36.619667053222656,38.832977294921875,40.0,40.0,39.408119201660156,39.408119201660156,39.408119201660156,40.0,39.824615478515625,39.051246643066406,39.051246643066406,39.69886779785156,40.360870361328125
1774426798.678137,-74,1,0,0,43.863426208496094,42.52058410644531,42.01190185546875,41.231056213378906,41.1096076965332,40.45985794067383,38.41874694824219,37.202152252197266,39.11521530151367,39.11521530151367,41.34005355834961,42.43819046020508,44.10215377807617,44.10215377807617,43.8292121887207,43.011627197265625,40.45985794067383,38.897300720214844,38.897300720214844,38.28837966918945,38.01315689086914,36.67424011230469,35.35533905029297,7.0,3.1622776985168457,1.0,0.0,2.0,6.082762718200684,31.78049659729004,32.38827133178711,27.784887313842773,29.529645919799805,29.96664810180664,30.870698928833008,31.78049659729004,35.34119415283203,36.67424011230469,36.769554138183594,36.055511474609375,36.400550842285156,37.10795211791992,35.902645111083984,35.902645111083984,36.400550842285156,37.0,37.336307525634766,38.07886505126953,38.4837646484375,39.824615478515625,39.96248245239258,40.49691390991211
1774426798.7332993,-75,1,0,0,44.94440841674805,43.65776062011719,39.293766021728516,37.48332977294922,37.2155876159668,39.20458984375,39.20458984375,41.30375289916992,42.42640686035156,45.27692413330078,47.26520919799805,47.381431579589844,47.85394287109375,48.50773239135742,47.801673889160156,45.221675872802734,43.32435989379883,43.011627197265625,41.48493576049805,41.1096076965332,40.853397369384766,42.01190185546875,41.773197174072266,8.485280990600586,2.8284270763397217,0.0,0.0,2.8284270763397217,5.0,27.018512725830078,27.20294189453125,28.460498809814453,31.38471031188965,30.870698928833008,27.784887313842773,32.202484130859375,34.828147888183594,36.769554138183594,38.28837966918945,41.88078308105469,38.94868469238281,34.13209533691406,31.400636672973633,29.73213768005371,34.66987228393555,40.224369049072266,43.011627197265625,41.18252182006836,41.146080017089844,38.07886505126953,38.60051727294922,41.400482177734375
1774426798.808818,-75,1,0,0,45.25483322143555,45.25483322143555,44.59820556640625,45.0,45.17742919921875,44.384681701660156,44.0113639831543,44.777225494384766,45.617977142333984,45.17742919921875,48.30113983154297,47.41307830810547,47.88528060913086,48.25971221923828,47.6340217590332,45.96738052368164,45.25483322143555,43.185646057128906,42.01190185546875,41.86884307861328,41.01219177246094,40.224369049072266,41.18252182006836,8.062257766723633,3.1622776985168457,0.0,1.0,2.2360680103302,6.324555397033691,32.572994232177734,32.31098937988281,32.202484130859375,33.30165100097656,33.970577239990234,35.608985900878906,36.619667053222656,37.44329071044922,38.587562561035156,38.94868469238281,38.94868469238281,39.66106414794922,40.45985794067383,40.360870361328125,41.03656768798828,41.1096076965332,41.231056213378906,42.01190185546875,42.01190185546875,42.8018684387207,41.88078308105469,42.19004440307617,44.10215377807617
1774426798.8194864,-75,1,0,0,45.486263275146484,43.5660400390625,42.54409408569336,40.70626449584961,42.95346450805664,43.08131790161133,42.72002029418945,43.65776062011719,43.65776062011719,44.0113639831543,44.384681701660156,45.31004333496094,44.384681701660156,47.16990661621094,46.2385139465332,43.863426208496094,41.59326934814453,42.72002029418945,42.20189666748047,41.231056213378906,39.623226165771484,42.01190185546875,41.03656768798828,7.211102485656738,2.0,1.0,1.0,1.4142135381698608,4.4721360206604,30.08321762084961,30.870698928833008,32.557640075683594,31.827661514282227,33.30165100097656,33.42155075073242,35.0,35.80502700805664,37.202152252197266,35.80502700805664,36.619667053222656,36.8917350769043,36.8917350769043,38.27531814575195,38.832977294921875,40.224369049072266,38.832977294921875,39.408119201660156,40.0,42.01190185546875,41.86884307861328,42.44997024536133,42.44997024536133
1774426798.8750193,-75,1,0,0,42.01190185546875,41.1096076965332,40.199501037597656,39.31920623779297,39.623226165771484,39.458839416503906,39.31920623779297,40.31128692626953,41.43669891357422,42.7551155090332,42.7551155090332,42.95346450805664,42.7551155090332,42.57933807373047,41.43669891357422,41.19466018676758,39.0128173828125,39.051246643066406,39.11521530151367,39.31920623779297,37.656341552734375,37.64305877685547,36.400550842285156,6.324555397033691,2.0,1.0,1.0,2.2360680103302,6.082762718200684,30.01666259765625,29.017236709594727,30.066593170166016,29.27456283569336,29.42787742614746,30.4138126373291,30.5941162109375,31.78049659729004,32.75667953491211,34.20526123046875,34.48188018798828,34.78505325317383,35.11410140991211,36.400550842285156,36.400550842285156,37.336307525634766,37.0,36.68787384033203,37.10795211791992,37.10795211791992,36.878177642822266,37.85498809814453,38.63935852050781
1774426798.9401212,-75,1,0,0,45.27692413330078,44.55333709716797,45.27692413330078,44.59820556640625,43.27817153930664,43.416587829589844,43.600460052490234,45.221675872802734,46.04345703125,46.87216567993164,46.87216567993164,46.04345703125,46.615447998046875,46.22769546508789,44.59820556640625,43.13930892944336,41.72529220581055,40.360870361328125,41.231056213378906,41.04875183105469,39.96248245239258,41.231056213378906,40.4474983215332,7.0,2.2360680103302,1.4142135381698608,1.4142135381698608,1.4142135381698608,5.0,30.4138126373291,30.610456466674805,31.827661514282227,32.649654388427734,32.80244064331055,33.60059356689453,34.66987228393555,35.35533905029297,35.7770881652832,36.24913787841797,36.769554138183594,37.161808013916016,36.67424011230469,36.67424011230469,36.67424011230469,38.4837646484375,39.81205749511719,39.81205749511719,40.70626449584961,40.31128692626953,40.49691390991211,41.88078308105469,43.26661682128906
1774426798.9717708,-75,1,0,0,44.72135925292969,45.17742919921875,45.650848388671875,45.650848388671875,46.647613525390625,46.3249397277832,45.221675872802734,45.0,45.0,46.40043258666992,47.20169448852539,48.010414123535156,48.010414123535156,48.25971221923828,47.16990661621094,47.01063537597656,45.17742919921875,42.95346450805664,42.154476165771484,42.379241943359375,42.44997024536133,38.63935852050781,37.2155876159668,7.071067810058594,2.0,0.0,0.0,2.8284270763397217,6.4031243324279785,31.38471031188965,31.30495262145996,32.893768310546875,33.52610778808594,33.241539001464844,34.20526123046875,34.928497314453125,36.67424011230469,38.327537536621094,39.20458984375,39.11521530151367,40.199501037597656,41.19466018676758,40.112342834472656,40.112342834472656,40.199501037597656,40.199501037597656,40.31128692626953,41.43669891357422,41.773197174072266,41.9761848449707,41.0,43.416587829589844
1774426799.0191114,-74,1,0,0,46.173583984375,45.09988784790039,44.04542922973633,44.0113639831543,44.0,44.04542922973633,44.10215377807617,44.18144226074219,45.27692413330078,45.39823913574219,46.27094268798828,46.173583984375,45.09988784790039,45.0111083984375,44.0,43.011627197265625,43.104522705078125,44.18144226074219,43.28972244262695,41.773197174072266,41.761226654052734,39.217342376708984,38.910152435302734,7.211102485656738,2.8284270763397217,0.0,0.0,2.0,6.0,31.14482307434082,31.0,31.78049659729004,32.280025482177734,32.572994232177734,33.83784866333008,34.1760139465332,35.84689712524414,36.24913787841797,36.67424011230469,38.01315689086914,38.910152435302734,39.81205749511719,39.81205749511719,39.81205749511719,39.81205749511719,39.39543151855469,40.31128692626953,41.231056213378906,41.78516387939453,41.43669891357422,42.05948257446289,43.680660247802734
1774426799.0782018,-75,1,0,0,41.773197174072266,41.43669891357422,40.31128692626953,40.199501037597656,40.112342834472656,40.01249694824219,39.0128173828125,40.04996871948242,41.01219177246094,42.0,43.0,43.011627197265625,42.04759216308594,42.19004440307617,41.43669891357422,41.59326934814453,41.0,40.26164245605469,39.560081481933594,37.947330474853516,36.24913787841797,38.07886505126953,39.217342376708984,6.324555397033691,1.4142135381698608,1.4142135381698608,1.0,1.4142135381698608,5.830951690673828,30.08321762084961,30.364452362060547,28.160255432128906,29.27456283569336,29.42787742614746,30.5941162109375,32.015621185302734,33.52610778808594,34.539833068847656,35.34119415283203,35.34119415283203,36.24913787841797,36.24913787841797,36.24913787841797,36.769554138183594,36.400550842285156,35.46829605102539,36.400550842285156,37.0,38.27531814575195,38.27531814575195,37.947330474853516,38.897300720214844
1774426799.0999029,-75,1,0,0,50.48762130737305,49.36598205566406,49.25444030761719,48.093658447265625,48.041648864746094,49.01020431518555,49.01020431518555,49.0,49.0,48.0,49.0,51.03919982910156,51.088157653808594,51.15662384033203,49.36598205566406,48.66210174560547,48.05205535888672,46.57252502441406,46.173583984375,44.94440841674805,43.863426208496094,44.72135925292969,46.14108657836914,8.602325439453125,3.605551242828369,0.0,0.0,2.0,7.0,35.22782897949219,35.05709457397461,35.35533905029297,35.693138122558594,37.10795211791992,37.36308288574219,37.947330474853516,39.560081481933594,39.924930572509766,40.31128692626953,41.62931823730469,42.04759216308594,42.48529052734375,42.95346450805664,43.863426208496094,44.777225494384766,45.18849563598633,44.283180236816406,43.863426208496094,43.46262741088867,44.94440841674805,45.221675872802734,45.880279541015625
1774426799.1551044,-75,1,0,0,45.17742919921875,43.185646057128906,42.296573638916016,41.773197174072266,42.72002029418945,44.0113639831543,44.283180236816406,44.777225494384766,46.2385139465332,46.81879806518555,46.173583984375,45.607017517089844,46.3249397277832,47.67599105834961,45.39823913574219,44.18144226074219,42.10700607299805,41.1096076965332,41.1096076965332,40.01249694824219,40.199501037597656,42.05948257446289,39.66106414794922,7.211102485656738,2.2360680103302,1.0,0.0,2.2360680103302,5.385164737701416,30.149627685546875,31.0,30.675724029541016,30.805843353271484,32.24903106689453,32.140316009521484,33.060550689697266,34.01470184326172,35.22782897949219,36.34556198120117,36.22154235839844,35.0142822265625,35.0142822265625,36.055511474609375,37.05401611328125,38.0,39.051246643066406,41.04875183105469,41.01219177246094,39.0,38.01315689086914,39.051246643066406,40.04996871948242
1774426799.213635,-75,1,0,0,46.647613525390625,43.8292121887207,42.8018684387207,42.52058410644531,44.59820556640625,45.27692413330078,43.863426208496094,45.27692413330078,45.25483322143555,47.381431579589844,48.08325958251953,48.08325958251953,47.381431579589844,48.79549026489258,46.66904830932617,43.863426208496094,40.607879638671875,42.43819046020508,42.19004440307617,42.05948257446289,41.146080017089844,42.44997024536133,42.296573638916016,7.0,2.2360680103302,1.4142135381698608,1.4142135381698608,1.0,4.4721360206604,31.38471031188965,32.649654388427734,35.11410140991211,34.20526123046875,34.525352478027344,34.13209533691406,36.12478256225586,38.11823654174805,39.20458984375,39.20458984375,39.051246643066406,39.0128173828125,40.01249694824219,42.10700607299805,42.19004440307617,42.19004440307617,41.30375289916992,42.42640686035156,42.57933807373047,43.931766510009766,43.931766510009766,43.680660247802734,43.011627197265625
1774426799.2347035,-75,1,0,0,33.13608169555664,31.575305938720703,32.015621185302734,32.572994232177734,32.572994232177734,32.572994232177734,33.241539001464844,34.928497314453125,34.928497314453125,33.95585250854492,35.1710090637207,33.241539001464844,32.98484420776367,33.241539001464844,32.98484420776367,31.575305938720703,31.14482307434082,30.01666259765625,30.01666259765625,30.149627685546875,30.4138126373291,34.71310806274414,35.12833786010742,6.0,2.2360680103302,1.4142135381698608,1.4142135381698608,1.0,4.242640495300293,26.248809814453125,25.806976318359375,24.020824432373047,25.01999282836914,26.305892944335938,26.68332862854004,26.68332862854004,27.459060668945312,27.294687271118164,27.166154861450195,28.160255432128906,29.27456283569336,29.42787742614746,28.635643005371094,29.614185333251953,30.805843353271484,30.805843353271484,31.78049659729004,31.78049659729004,30.5941162109375,31.400636672973633,32.140316009521484,32.015621185302734
1774426799.293838,-75,1,0,0,48.703182220458984,49.04079818725586,48.84669876098633,49.24428939819336,50.08992004394531,49.648765563964844,47.88528060913086,47.50789260864258,48.54894256591797,49.92995071411133,52.15361785888672,51.62363815307617,51.97114562988281,51.4781494140625,50.08992004394531,48.332183837890625,46.615447998046875,44.94440841674805,46.48655700683594,45.607017517089844,45.7055778503418,44.0,42.19004440307617,8.062257766723633,3.0,0.0,0.0,2.8284270763397217,6.7082037925720215,34.01470184326172,33.83784866333008,35.1710090637207,35.693138122558594,36.34556198120117,37.336307525634766,39.20458984375,41.1096076965332,42.01190185546875,42.0,42.01190185546875,42.04759216308594,43.046485900878906,43.046485900878906,43.046485900878906,44.0113639831543,44.0113639831543,45.0,46.010868072509766,45.0111083984375,45.09988784790039,46.27094268798828,46.52956008911133
1774426799.3529162,-75,1,0,0,26.925823211669922,27.73084831237793,28.635643005371094,26.4007568359375,23.409399032592773,22.135944366455078,20.615528106689453,22.803508758544922,24.351591110229492,25.63201141357422,24.698177337646484,23.76972770690918,25.079872131347656,27.312999725341797,27.73084831237793,28.23118782043457,26.248809814453125,22.360679626464844,20.02498435974121,19.0,18.027755737304688,38.60051727294922,38.27531814575195,6.4031243324279785,1.4142135381698608,1.0,1.0,2.2360680103302,5.099019527435303,28.160255432128906,28.23118782043457,15.231546401977539,15.81138801574707,16.492422103881836,16.492422103881836,17.262676239013672,19.235383987426758,21.3775577545166,23.53720474243164,22.360679626464844,19.10497283935547,16.0,15.033296585083008,15.132745742797852,17.029386520385742,19.0,21.02379608154297,22.090721130371094,21.3775577545166,22.56102752685547,24.73863410949707,25.961509704589844
1774426799.3646247,-75,1,0,0,43.416587829589844,43.17406463623047,42.7551155090332,43.416587829589844,44.18144226074219,44.04542922973633,43.011627197265625,43.011627197265625,44.04542922973633,45.0444221496582,46.04345703125,46.04345703125,47.095645904541016,47.16990661621094,46.27094268798828,44.55333709716797,42.7551155090332,41.0,40.26164245605469,39.84971618652344,38.62641525268555,36.79673767089844,36.12478256225586,6.4031243324279785,1.4142135381698608,1.0,1.0,2.0,5.099019527435303,28.861740112304688,29.73213768005371,31.048349380493164,31.62277603149414,32.31098937988281,33.105892181396484,34.438350677490234,36.2353401184082,37.2155876159668,38.27531814575195,39.11521530151367,39.96248245239258,40.8166618347168,40.31128692626953,39.4461669921875,39.4461669921875,40.8166618347168,40.70626449584961,41.146080017089844,41.146080017089844,39.824615478515625,40.70626449584961,41.59326934814453
1774426799.4281456,-75,1,0,0,48.50773239135742,46.840152740478516,46.173583984375,46.48655700683594,46.2385139465332,47.423622131347656,46.957427978515625,47.41307830810547,48.30113983154297,47.85394287109375,48.332183837890625,48.84669876098633,49.39635467529297,50.32891845703125,48.703182220458984,48.08325958251953,46.57252502441406,46.3249397277832,44.9110221862793,44.283180236816406,43.046485900878906,41.19466018676758,41.773197174072266,7.071067810058594,2.0,1.4142135381698608,1.0,1.4142135381698608,5.830951690673828,35.46829605102539,34.48188018798828,33.734256744384766,34.36568069458008,36.22154235839844,37.05401611328125,38.01315689086914,39.0128173828125,39.0128173828125,40.04996871948242,41.04875183105469,42.10700607299805,42.10700607299805,42.19004440307617,41.19466018676758,42.19004440307617,42.10700607299805,42.04759216308594,43.011627197265625,43.0,44.0,45.0111083984375,46.04345703125
1774426799.4961052,-75,1,0,0,47.53945541381836,46.840152740478516,45.221675872802734,44.94440841674805,43.46262741088867,44.283180236816406,43.8292121887207,46.06517028808594,46.957427978515625,46.957427978515625,46.06517028808594,45.617977142333984,45.617977142333984,45.18849563598633,44.777225494384766,44.94440841674805,45.221675872802734,43.96589660644531,43.416587829589844,41.59326934814453,41.1096076965332,42.42640686035156,43.17406463623047,8.246211051940918,3.1622776985168457,0.0,1.0,2.0,6.324555397033691,34.1760139465332,32.572994232177734,32.75667953491211,33.241539001464844,34.058773040771484,35.0142822265625,35.0142822265625,36.055511474609375,37.05401611328125,38.05259704589844,39.051246643066406,40.04996871948242,40.04996871948242,41.1096076965332,41.1096076965332,41.04875183105469,40.01249694824219,40.01249694824219,41.0,41.0,42.0,42.01190185546875,43.104522705078125
1774426799.4961052,-75,1,0,0,42.7551155090332,41.9761848449707,41.48493576049805,42.05948257446289,42.379241943359375,42.72002029418945,42.154476165771484,41.78516387939453,43.08131790161133,44.384681701660156,45.31004333496094,44.94440841674805,44.59820556640625,44.271888732910156,43.680660247802734,41.9761848449707,40.607879638671875,40.4474983215332,39.20458984375,39.051246643066406,39.0,37.121421813964844,36.49657440185547,6.324555397033691,1.4142135381698608,1.0,1.4142135381698608,1.0,4.4721360206604,28.792360305786133,29.120439529418945,30.265491485595703,31.14482307434082,31.016124725341797,31.016124725341797,33.060550689697266,35.12833786010742,37.2155876159668,38.327537536621094,38.327537536621094,38.470767974853516,38.470767974853516,38.327537536621094,36.34556198120117,37.336307525634766,37.336307525634766,38.327537536621094,39.20458984375,40.112342834472656,40.04996871948242,40.01249694824219,40.01249694824219
1774426799.5647564,-75,1,0,0,38.832977294921875,38.63935852050781,38.470767974853516,39.31920623779297,41.19466018676758,41.04875183105469,40.04996871948242,40.04996871948242,40.01249694824219,41.01219177246094,42.01190185546875,42.04759216308594,42.10700607299805,41.19466018676758,40.31128692626953,39.623226165771484,38.07886505126953,37.36308288574219,36.400550842285156,36.055511474609375,34.928497314453125,34.4093017578125,33.970577239990234,6.4031243324279785,2.2360680103302,1.0,1.0,2.0,5.0,27.166154861450195,27.294687271118164,28.861740112304688,28.460498809814453,29.154760360717773,28.635643005371094,29.96664810180664,31.764760971069336,33.12099075317383,33.12099075317383,34.48188018798828,35.84689712524414,36.359317779541016,35.510562896728516,34.66987228393555,34.66987228393555,34.13209533691406,34.48188018798828,36.67424011230469,37.57658767700195,37.57658767700195,37.57658767700195,37.161808013916016
1774426799.5964253,-75,1,0,0,35.11410140991211,33.83784866333008,32.893768310546875,32.893768310546875,33.95585250854492,33.541019439697266,33.37664031982422,33.37664031982422,32.24903106689453,33.241539001464844,36.22154235839844,37.2155876159668,36.67424011230469,36.400550842285156,35.11410140991211,31.78049659729004,30.4138126373291,31.30495262145996,32.202484130859375,32.649654388427734,31.906112670898438,34.525352478027344,35.1710090637207,6.082762718200684,1.0,1.4142135381698608,1.4142135381698608,1.4142135381698608,4.123105525970459,26.476404190063477,27.294687271118164,28.160255432128906,26.476404190063477,25.70992088317871,26.925823211669922,28.460498809814453,31.016124725341797,30.870698928833008,30.886890411376953,31.62277603149414,33.0151481628418,33.2866325378418,34.98571014404297,33.61547088623047,31.764760971069336,30.886890411376953,32.649654388427734,33.105892181396484,34.928497314453125,34.01470184326172,33.541019439697266,33.12099075317383
1774426799.643605,-74,1,0,0,44.68780517578125,43.185646057128906,42.42640686035156,42.44997024536133,41.773197174072266,42.52058410644531,42.52058410644531,43.931766510009766,45.45327377319336,44.821868896484375,44.821868896484375,45.45327377319336,45.45327377319336,45.343135833740234,43.863426208496094,43.13930892944336,42.52058410644531,42.63801193237305,42.01190185546875,41.617305755615234,40.8166618347168,40.853397369384766,39.84971618652344,7.071067810058594,3.0,1.0,1.0,2.2360680103302,5.830951690673828,30.479501724243164,30.610456466674805,30.805843353271484,31.906112670898438,32.649654388427734,34.01470184326172,34.928497314453125,35.84689712524414,36.769554138183594,36.400550842285156,38.27531814575195,38.27531814575195,39.217342376708984,39.217342376708984,40.16217041015625,40.16217041015625,40.16217041015625,39.924930572509766,39.39543151855469,39.39543151855469,40.71854782104492,40.24922180175781,41.59326934814453
1774426799.712138,-75,1,0,0,48.02082824707031,47.70744323730469,46.87216567993164,47.434165954589844,48.60041046142578,48.91830062866211,48.166378021240234,48.83646011352539,48.91830062866211,49.57822036743164,50.2493782043457,50.2493782043457,49.67897033691406,49.81967544555664,48.010414123535156,47.16990661621094,46.14108657836914,45.650848388671875,45.617977142333984,44.777225494384766,44.271888732910156,44.40720748901367,45.0444221496582,8.0,2.2360680103302,1.4142135381698608,1.4142135381698608,1.4142135381698608,5.0,32.202484130859375,33.2866325378418,34.13209533691406,34.48188018798828,34.885528564453125,35.34119415283203,36.769554138183594,39.217342376708984,40.16217041015625,40.804412841796875,41.48493576049805,41.761226654052734,42.72002029418945,42.72002029418945,43.011627197265625,42.05948257446289,41.761226654052734,42.72002029418945,43.96589660644531,43.32435989379883,42.72002029418945,43.08131790161133,43.46262741088867
1774426799.7791598,-75,1,0,0,44.29446792602539,43.382022857666016,42.04759216308594,42.154476165771484,43.32435989379883,44.643028259277344,44.643028259277344,44.643028259277344,44.92215347290039,45.880279541015625,46.840152740478516,47.12748718261719,47.12748718261719,46.173583984375,45.54119110107422,44.384681701660156,42.48529052734375,42.54409408569336,42.19004440307617,41.617305755615234,40.607879638671875,38.94868469238281,38.832977294921875,7.211102485656738,3.0,1.0,1.0,1.4142135381698608,5.385164737701416,31.320919036865234,31.38471031188965,32.649654388427734,31.906112670898438,31.400636672973633,32.649654388427734,34.058773040771484,34.71310806274414,36.79673767089844,38.18376541137695,39.59798049926758,40.31128692626953,41.01219177246094,41.01219177246094,41.01219177246094,41.03656768798828,40.31128692626953,40.31128692626953,40.360870361328125,40.45985794067383,41.231056213378906,42.63801193237305,44.04542922973633
1774426799.7791598,-75,1,0,0,45.0,43.27817153930664,42.44997024536133,43.84062194824219,43.185646057128906,43.27817153930664,43.27817153930664,43.27817153930664,44.04542922973633,44.821868896484375,45.607017517089844,46.22769546508789,46.097721099853516,45.343135833740234,45.27692413330078,44.55333709716797,43.185646057128906,42.52058410644531,41.231056213378906,40.224369049072266,39.4461669921875,38.07886505126953,37.64305877685547,6.324555397033691,2.2360680103302,1.0,1.0,2.2360680103302,5.656854152679443,31.14482307434082,31.400636672973633,30.01666259765625,31.30495262145996,31.38471031188965,31.95309066772461,32.572994232177734,34.78505325317383,35.44009017944336,36.400550842285156,37.10795211791992,37.85498809814453,39.051246643066406,39.293766021728516,39.051246643066406,39.293766021728516,38.327537536621094,37.947330474853516,38.27531814575195,39.560081481933594,39.924930572509766,41.231056213378906,42.04759216308594
1774426799.848333,-74,1,0,0,45.89117431640625,45.35416030883789,44.384681701660156,44.384681701660156,44.643028259277344,43.96589660644531,44.59820556640625,44.94440841674805,46.2385139465332,46.615447998046875,47.16990661621094,47.16990661621094,45.880279541015625,45.54119110107422,45.221675872802734,44.643028259277344,43.931766510009766,42.57933807373047,42.19004440307617,41.04875183105469,40.01249694824219,39.293766021728516,39.217342376708984,7.6157732009887695,2.8284270763397217,1.0,1.0,2.0,6.082762718200684,33.241539001464844,32.75667953491211,31.256999969482422,33.13608169555664,34.01470184326172,35.0,36.013885498046875,36.055511474609375,37.2155876159668,37.336307525634766,38.470767974853516,39.458839416503906,39.458839416503906,39.458839416503906,40.4474983215332,40.31128692626953,41.30375289916992,41.30375289916992,42.296573638916016,42.19004440307617,42.04759216308594,44.0,45.0111083984375
1774426799.9149272,-75,1,0,0,46.87216567993164,46.3249397277832,44.384681701660156,43.680660247802734,43.011627197265625,43.65776062011719,44.384681701660156,45.694637298583984,46.615447998046875,46.615447998046875,47.16990661621094,45.880279541015625,45.54119110107422,46.173583984375,45.880279541015625,45.607017517089844,45.12205505371094,43.73785400390625,42.57933807373047,41.19466018676758,40.01249694824219,40.199501037597656,40.4474983215332,8.246211051940918,3.1622776985168457,1.0,1.0,2.0,6.082762718200684,32.98484420776367,31.575305938720703,32.24903106689453,33.060550689697266,34.01470184326172,35.0,37.05401611328125,37.121421813964844,36.34556198120117,36.49657440185547,37.656341552734375,39.458839416503906,39.458839416503906,39.623226165771484,40.607879638671875,40.607879638671875,39.458839416503906,40.31128692626953,42.19004440307617,43.104522705078125,43.046485900878906,44.0113639831543,44.0
1774426799.925509,-75,1,0,0,38.41874694824219,37.64305877685547,37.53664779663086,37.48332977294922,37.48332977294922,38.28837966918945,38.41874694824219,38.41874694824219,39.051246643066406,39.051246643066406,40.45985794067383,39.69886779785156,39.69886779785156,40.31128692626953,40.31128692626953,38.94868469238281,36.2353401184082,35.608985900878906,36.400550842285156,36.359317779541016,36.2353401184082,35.84689712524414,34.48188018798828,5.099019527435303,1.0,1.4142135381698608,1.4142135381698608,1.0,3.605551242828369,24.20743751525879,24.75883674621582,26.4007568359375,27.20294189453125,27.459060668945312,28.65309715270996,29.068883895874023,30.463092803955078,31.95309066772461,32.893768310546875,34.1760139465332,33.61547088623047,34.539833068847656,34.539833068847656,33.61547088623047,33.61547088623047,33.61547088623047,34.539833068847656,35.46829605102539,35.46829605102539,34.928497314453125,35.34119415283203,36.2353401184082
1774426799.9945185,-75,1,0,0,44.821868896484375,44.204071044921875,44.40720748901367,43.5660400390625,44.777225494384766,45.17742919921875,43.8292121887207,43.8292121887207,44.72135925292969,46.51881408691406,47.423622131347656,47.85394287109375,47.41307830810547,47.88528060913086,45.27692413330078,43.26661682128906,42.8018684387207,41.86884307861328,41.773197174072266,41.01219177246094,40.360870361328125,41.03656768798828,39.824615478515625,7.071067810058594,2.2360680103302,1.0,1.0,2.0,6.7082037925720215,33.12099075317383,33.2866325378418,31.890438079833984,32.526912689208984,33.970577239990234,34.71310806274414,34.828147888183594,35.80502700805664,36.055511474609375,37.735923767089844,37.735923767089844,38.587562561035156,39.11521530151367,40.49691390991211,40.8166618347168,40.8166618347168,40.8166618347168,41.04875183105469,40.0,40.607879638671875,41.400482177734375,42.01190185546875,42.63801193237305
1774426800.0291052,-75,1,0,0,45.18849563598633,43.863426208496094,42.54409408569336,42.54409408569336,43.65776062011719,43.96589660644531,43.416587829589844,43.17406463623047,44.14748001098633,44.384681701660156,46.57252502441406,45.880279541015625,46.48655700683594,44.94440841674805,44.777225494384766,43.8292121887207,42.94182205200195,42.54409408569336,41.34005355834961,40.804412841796875,40.45985794067383,39.69886779785156,40.31128692626953,6.4031243324279785,1.4142135381698608,1.4142135381698608,1.4142135381698608,1.4142135381698608,6.082762718200684,32.06243896484375,32.38827133178711,31.38471031188965,32.202484130859375,31.764760971069336,32.24903106689453,33.2866325378418,34.4093017578125,36.2353401184082,36.79673767089844,37.48332977294922,38.897300720214844,39.623226165771484,40.360870361328125,41.1096076965332,41.86884307861328,41.86884307861328,41.86884307861328,41.231056213378906,41.1096076965332,40.45985794067383,41.400482177734375,43.011627197265625
1774426800.072676,-74,1,0,0,40.199501037597656,39.31920623779297,38.470767974853516,38.470767974853516,38.63935852050781,37.85498809814453,38.327537536621094,38.60051727294922,39.560081481933594,39.560081481933594,40.52159881591797,40.26164245605469,40.26164245605469,40.024993896484375,39.623226165771484,39.31920623779297,38.20994567871094,38.05259704589844,37.013511657714844,36.013885498046875,34.2344856262207,34.48188018798828,35.84689712524414,5.385164737701416,1.0,1.4142135381698608,1.0,1.4142135381698608,5.385164737701416,28.44292449951172,28.284271240234375,27.073972702026367,28.017850875854492,30.01666259765625,30.066593170166016,31.14482307434082,31.256999969482422,32.557640075683594,32.75667953491211,32.98484420776367,32.98484420776367,33.95585250854492,33.95585250854492,34.71310806274414,34.71310806274414,34.71310806274414,35.510562896728516,35.510562896728516,36.34556198120117,37.2155876159668,38.11823654174805,38.11823654174805
1774426800.1392236,-74,1,0,0,42.44997024536133,41.72529220581055,41.01219177246094,41.72529220581055,42.52058410644531,42.63801193237305,42.01190185546875,42.8018684387207,43.011627197265625,42.43819046020508,43.8292121887207,43.600460052490234,42.8018684387207,42.01190185546875,41.86884307861328,40.360870361328125,40.31128692626953,41.1096076965332,40.45985794067383,39.20458984375,38.01315689086914,41.03656768798828,42.52058410644531,8.062257766723633,3.1622776985168457,1.0,1.0,1.4142135381698608,5.830951690673828,32.24903106689453,31.064449310302734,29.154760360717773,28.65309715270996,29.068883895874023,29.96664810180664,31.78049659729004,33.61547088623047,33.83784866333008,35.44009017944336,35.735137939453125,36.68787384033203,38.60051727294922,38.327537536621094,38.327537536621094,37.947330474853516,37.336307525634766,38.62641525268555,38.4837646484375,38.01315689086914,38.910152435302734,39.357337951660156,40.70626449584961
1774426800.149521,-75,1,0,0,42.296573638916016,42.19004440307617,41.04875183105469,40.01249694824219,40.0,40.04996871948242,41.04875183105469,43.104522705078125,43.046485900878906,44.0113639831543,44.0,43.011627197265625,43.011627197265625,42.04759216308594,42.296573638916016,42.57933807373047,41.773197174072266,41.773197174072266,41.0,39.560081481933594,38.62641525268555,42.01190185546875,43.26661682128906,8.602325439453125,3.1622776985168457,0.0,0.0,2.2360680103302,6.324555397033691,31.95309066772461,31.78049659729004,30.4138126373291,30.805843353271484,32.280025482177734,32.572994232177734,33.241539001464844,32.69556427001953,32.649654388427734,34.0,35.7770881652832,36.67424011230469,36.24913787841797,36.24913787841797,37.57658767700195,38.4837646484375,38.910152435302734,38.910152435302734,38.07886505126953,37.6961555480957,37.336307525634766,38.27531814575195,39.84971618652344
1774426800.218716,-75,1,0,0,35.510562896728516,35.35533905029297,35.22782897949219,35.12833786010742,36.055511474609375,36.013885498046875,35.0142822265625,36.0,36.0,36.0,37.0,36.013885498046875,37.05401611328125,36.055511474609375,36.12478256225586,35.35533905029297,33.734256744384766,32.75667953491211,32.98484420776367,31.62277603149414,31.38471031188965,30.0,29.73213768005371,5.656854152679443,1.4142135381698608,1.0,1.0,2.0,5.0,25.317977905273438,25.495098114013672,25.317977905273438,25.495098114013672,25.961509704589844,26.248809814453125,26.570659637451172,27.85677719116211,28.23118782043457,28.635643005371094,29.96664810180664,30.4138126373291,30.4138126373291,29.96664810180664,29.96664810180664,30.870698928833008,30.870698928833008,31.38471031188965,33.241539001464844,33.241539001464844,32.31098937988281,32.893768310546875,34.1760139465332
1774426800.2850168,-74,1,0,0,43.104522705078125,43.046485900878906,43.011627197265625,43.0,44.0113639831543,44.10215377807617,43.104522705078125,43.104522705078125,44.18144226074219,45.17742919921875,47.095645904541016,48.041648864746094,48.0,47.0,46.04345703125,44.10215377807617,42.42640686035156,40.79215621948242,40.26164245605469,39.560081481933594,40.49691390991211,39.357337951660156,39.96248245239258,7.211102485656738,2.2360680103302,1.0,1.0,1.0,5.0,29.017236709594727,30.0,31.0,32.015621185302734,32.140316009521484,33.37664031982422,34.71310806274414,35.902645111083984,37.10795211791992,37.36308288574219,37.947330474853516,39.217342376708984,39.560081481933594,39.0,38.07886505126953,37.6961555480957,38.27531814575195,38.60051727294922,40.52159881591797,40.26164245605469,40.024993896484375,39.81205749511719,40.607879638671875
1774426800.2956822,-75,1,0,0,42.48529052734375,41.146080017089844,41.62931823730469,40.853397369384766,41.761226654052734,42.20189666748047,41.9761848449707,41.9761848449707,41.773197174072266,43.73785400390625,44.9110221862793,43.931766510009766,44.14748001098633,44.384681701660156,43.680660247802734,43.32435989379883,41.78516387939453,41.231056213378906,40.71854782104492,40.24922180175781,39.96248245239258,39.81205749511719,39.824615478515625,7.211102485656738,2.2360680103302,1.0,1.0,1.4142135381698608,5.385164737701416,29.832868576049805,31.048349380493164,30.805843353271484,31.240999221801758,31.827661514282227,32.557640075683594,34.058773040771484,34.828147888183594,35.608985900878906,35.608985900878906,36.400550842285156,37.80211639404297,39.824615478515625,40.0,39.20458984375,39.051246643066406,40.360870361328125,40.31128692626953,41.01219177246094,41.72529220581055,41.72529220581055,41.03656768798828,41.773197174072266
1774426800.3486116,-75,1,0,0,43.046485900878906,43.104522705078125,42.10700607299805,42.19004440307617,42.42640686035156,42.7551155090332,42.20189666748047,43.416587829589844,43.680660247802734,44.643028259277344,45.35416030883789,45.12205505371094,44.72135925292969,45.39823913574219,44.283180236816406,42.10700607299805,41.04875183105469,41.01219177246094,40.01249694824219,39.20458984375,38.470767974853516,40.01249694824219,40.199501037597656,7.071067810058594,2.0,1.4142135381698608,1.0,1.4142135381698608,5.385164737701416,29.4108829498291,30.08321762084961,30.066593170166016,31.14482307434082,32.24903106689453,33.541019439697266,33.95585250854492,34.20526123046875,34.78505325317383,35.11410140991211,36.400550842285156,37.336307525634766,38.62641525268555,38.62641525268555,39.217342376708984,38.897300720214844,38.897300720214844,38.897300720214844,40.804412841796875,40.52159881591797,41.231056213378906,41.0,40.79215621948242
1774426800.4146137,-75,1,0,0,44.0,43.011627197265625,43.104522705078125,44.283180236816406,44.40720748901367,43.5660400390625,42.7551155090332,42.95346450805664,43.17406463623047,44.384681701660156,45.12205505371094,45.89117431640625,45.7055778503418,45.7055778503418,44.55333709716797,43.28972244262695,42.04759216308594,41.0,41.01219177246094,41.1096076965332,40.607879638671875,39.81205749511719,38.897300720214844,6.7082037925720215,2.2360680103302,1.4142135381698608,1.4142135381698608,1.0,5.0,29.27456283569336,30.149627685546875,31.14482307434082,32.38827133178711,32.557640075683594,33.95585250854492,34.20526123046875,36.055511474609375,37.336307525634766,38.62641525268555,38.62641525268555,38.62641525268555,39.924930572509766,40.31128692626953,39.39543151855469,37.6961555480957,39.217342376708984,39.84971618652344,41.761226654052734,42.44997024536133,41.48493576049805,41.48493576049805,41.231056213378906
1774426800.4248462,-75,1,0,0,50.0,49.33558654785156,49.33558654785156,48.703182220458984,49.04079818725586,49.76947021484375,49.24428939819336,50.08992004394531,50.08992004394531,50.11985778808594,51.429561614990234,50.990196228027344,51.4781494140625,52.39274597167969,50.695167541503906,49.648765563964844,47.801673889160156,46.3249397277832,45.89117431640625,46.389652252197266,45.09988784790039,43.28972244262695,42.95346450805664,8.062257766723633,3.0,1.0,0.0,2.2360680103302,6.7082037925720215,34.1760139465332,34.48188018798828,35.902645111083984,35.693138122558594,36.34556198120117,37.2155876159668,39.051246643066406,42.01190185546875,43.011627197265625,43.046485900878906,43.185646057128906,44.18144226074219,44.10215377807617,44.10215377807617,44.04542922973633,44.04542922973633,45.0444221496582,46.010868072509766,47.0,46.010868072509766,46.097721099853516,46.097721099853516,47.16990661621094
1774426800.4802268,-74,1,0,0,46.097721099853516,45.18849563598633,44.283180236816406,44.29446792602539,43.5660400390625,44.65422821044922,45.221675872802734,45.80392837524414,45.80392837524414,45.607017517089844,46.40043258666992,45.80392837524414,46.04345703125,46.3249397277832,45.27692413330078,45.17742919921875,43.863426208496094,43.08131790161133,42.72002029418945,42.05948257446289,41.231056213378906,40.01249694824219,39.20458984375,8.246211051940918,3.1622776985168457,1.0,1.0,2.2360680103302,5.830951690673828,31.906112670898438,31.764760971069336,31.62277603149414,32.280025482177734,33.734256744384766,34.525352478027344,35.35533905029297,36.22154235839844,37.121421813964844,37.05401611328125,38.05259704589844,40.04996871948242,40.04996871948242,40.112342834472656,40.04996871948242,41.04875183105469,40.04996871948242,39.20458984375,39.31920623779297,40.4474983215332,41.59326934814453,43.931766510009766,45.12205505371094
1774426800.5511315,-75,1,0,0,39.31920623779297,38.470767974853516,37.656341552734375,38.327537536621094,39.84971618652344,40.16217041015625,39.217342376708984,39.217342376708984,40.49691390991211,41.43669891357422,42.379241943359375,43.011627197265625,43.011627197265625,43.416587829589844,41.9761848449707,39.623226165771484,38.327537536621094,37.2155876159668,37.2155876159668,37.05401611328125,36.0,34.36568069458008,34.20526123046875,6.082762718200684,2.0,1.0,0.0,2.2360680103302,5.385164737701416,28.460498809814453,28.861740112304688,29.27456283569336,29.154760360717773,29.017236709594727,30.0,31.016124725341797,32.140316009521484,33.241539001464844,34.36568069458008,34.36568069458008,35.510562896728516,35.510562896728516,35.510562896728516,35.510562896728516,35.35533905029297,36.34556198120117,37.336307525634766,37.2155876159668,37.2155876159668,37.121421813964844,37.05401611328125,37.013511657714844
1774426800.5629935,-74,1,0,0,41.48493576049805,41.761226654052734,42.05948257446289,41.43669891357422,40.853397369384766,41.231056213378906,40.31128692626953,40.71854782104492,40.31128692626953,41.231056213378906,41.231056213378906,41.231056213378906,42.154476165771484,41.78516387939453,41.43669891357422,39.84971618652344,37.64305877685547,36.400550842285156,37.10795211791992,37.48332977294922,37.2155876159668,42.05948257446289,40.224369049072266,7.211102485656738,2.2360680103302,1.0,1.0,2.2360680103302,6.082762718200684,31.016124725341797,31.064449310302734,29.4108829498291,29.832868576049805,29.42787742614746,30.265491485595703,31.016124725341797,32.015621185302734,32.06243896484375,33.060550689697266,34.058773040771484,35.05709457397461,36.013885498046875,36.013885498046875,36.013885498046875,37.013511657714844,37.05401611328125,38.05259704589844,37.0,37.013511657714844,37.05401611328125,37.2155876159668,38.327537536621094
1774426800.617406,-75,1,0,0,46.69047164916992,44.55333709716797,44.40720748901367,43.28972244262695,44.18144226074219,45.0444221496582,45.0111083984375,46.010868072509766,47.01063537597656,47.0,48.0,47.01063537597656,47.095645904541016,48.166378021240234,47.26520919799805,45.7055778503418,44.9110221862793,44.384681701660156,43.680660247802734,43.32435989379883,42.54409408569336,41.146080017089844,39.96248245239258,7.211102485656738,2.8284270763397217,0.0,0.0,2.0,7.0,33.060550689697266,33.0,33.37664031982422,33.95585250854492,35.44009017944336,35.735137939453125,36.055511474609375,36.400550842285156,38.07886505126953,39.81205749511719,40.71854782104492,42.04759216308594,42.04759216308594,42.95346450805664,42.95346450805664,43.382022857666016,43.382022857666016,43.8292121887207,43.8292121887207,43.382022857666016,43.46262741088867,44.0113639831543,44.59820556640625
1774426800.684172,-75,1,0,0,44.10215377807617,43.104522705078125,42.04759216308594,42.01190185546875,43.046485900878906,43.28972244262695,42.57933807373047,42.57933807373047,43.28972244262695,43.185646057128906,44.283180236816406,44.283180236816406,45.27692413330078,46.173583984375,45.09988784790039,45.0,44.04542922973633,41.04875183105469,39.0128173828125,38.11823654174805,37.48332977294922,40.804412841796875,41.86884307861328,8.485280990600586,2.8284270763397217,0.0,0.0,3.1622776985168457,7.280109882354736,34.78505325317383,34.01470184326172,30.805843353271484,32.280025482177734,32.893768310546875,33.241539001464844,33.61547088623047,34.01470184326172,34.928497314453125,35.7770881652832,37.121421813964844,38.4837646484375,38.4837646484375,37.161808013916016,37.57658767700195,37.57658767700195,38.470767974853516,39.824615478515625,40.24922180175781,40.71854782104492,42.154476165771484,43.65776062011719,44.271888732910156
1774426800.7517803,-75,1,0,0,43.104522705078125,43.104522705078125,44.0113639831543,45.0,46.04345703125,46.173583984375,44.283180236816406,44.40720748901367,44.40720748901367,45.54119110107422,46.52956008911133,47.26520919799805,46.173583984375,46.097721099853516,45.0111083984375,44.0113639831543,42.10700607299805,42.19004440307617,41.30375289916992,41.59326934814453,41.0,40.804412841796875,39.0,7.280109882354736,2.2360680103302,1.0,0.0,2.2360680103302,6.082762718200684,31.14482307434082,31.016124725341797,32.140316009521484,32.557640075683594,32.98484420776367,33.52610778808594,34.78505325317383,36.055511474609375,37.6961555480957,38.07886505126953,39.0,39.39543151855469,40.31128692626953,39.924930572509766,39.0,39.0,39.0,39.560081481933594,40.16217041015625,41.1096076965332,40.804412841796875,40.804412841796875,39.84971618652344
1774426800.7523055,-75,1,0,0,44.0113639831543,43.0,43.011627197265625,43.104522705078125,44.283180236816406,44.40720748901367,44.55333709716797,45.89117431640625,45.89117431640625,45.12205505371094,45.12205505371094,45.89117431640625,44.72135925292969,44.72135925292969,44.40720748901367,44.18144226074219,43.046485900878906,42.04759216308594,42.0,41.1096076965332,40.31128692626953,42.154476165771484,42.48529052734375,8.062257766723633,3.605551242828369,0.0,0.0,2.2360680103302,7.071067810058594,34.2344856262207,33.541019439697266,33.241539001464844,33.734256744384766,35.1710090637207,35.44009017944336,36.055511474609375,35.46829605102539,35.84689712524414,37.161808013916016,37.161808013916016,39.0,39.560081481933594,39.560081481933594,40.853397369384766,40.853397369384766,41.78516387939453,42.72002029418945,42.05948257446289,41.761226654052734,42.44997024536133,42.20189666748047,43.17406463623047
1774426800.8192918,-74,1,0,0,39.560081481933594,38.327537536621094,37.85498809814453,38.63935852050781,39.458839416503906,40.199501037597656,40.04996871948242,39.0128173828125,39.0128173828125,40.01249694824219,41.0,41.01219177246094,41.04875183105469,41.1096076965332,40.199501037597656,40.4474983215332,39.623226165771484,39.81205749511719,39.051246643066406,37.947330474853516,36.769554138183594,36.769554138183594,35.7770881652832,7.211102485656738,2.8284270763397217,0.0,1.0,2.0,6.082762718200684,28.284271240234375,29.27456283569336,27.513633728027344,27.20294189453125,29.73213768005371,33.541019439697266,36.8917350769043,37.202152252197266,37.013511657714844,34.828147888183594,29.73213768005371,25.0,26.248809814453125,30.805843353271484,39.11521530151367,41.34005355834961,42.19004440307617,40.607879638671875,40.360870361328125,37.44329071044922,34.13209533691406,32.80244064331055,34.20526123046875
1774426800.8981028,-75,1,0,0,43.416587829589844,43.011627197265625,43.32435989379883,43.08131790161133,42.95346450805664,42.94182205200195,42.05948257446289,42.54409408569336,43.416587829589844,44.777225494384766,45.650848388671875,46.52956008911133,46.06517028808594,45.617977142333984,42.95346450805664,40.853397369384766,39.84971618652344,40.26164245605469,41.0,40.4474983215332,41.19466018676758,40.4474983215332,38.11823654174805,6.0,1.4142135381698608,1.4142135381698608,1.4142135381698608,1.4142135381698608,5.0,30.232433319091797,31.38471031188965,31.78049659729004,31.400636672973633,32.24903106689453,32.06243896484375,33.0151481628418,35.0,36.055511474609375,36.055511474609375,38.05259704589844,39.051246643066406,40.112342834472656,40.199501037597656,39.11521530151367,39.051246643066406,40.01249694824219,41.0,42.01190185546875,42.04759216308594,41.1096076965332,42.10700607299805,43.185646057128906
1774426800.8981028,-75,1,0,0,45.09988784790039,44.0113639831543,43.0,42.04759216308594,42.19004440307617,42.42640686035156,41.43669891357422,42.42640686035156,43.416587829589844,43.5660400390625,45.54119110107422,45.54119110107422,45.39823913574219,44.283180236816406,44.10215377807617,43.0,42.04759216308594,41.19466018676758,41.43669891357422,40.79215621948242,40.26164245605469,38.60051727294922,37.6961555480957,6.324555397033691,1.0,1.4142135381698608,1.0,1.4142135381698608,5.385164737701416,32.98484420776367,31.256999969482422,30.01666259765625,31.14482307434082,32.38827133178711,33.37664031982422,33.734256744384766,35.1710090637207,35.735137939453125,36.400550842285156,36.400550842285156,36.400550842285156,37.336307525634766,37.947330474853516,37.947330474853516,39.217342376708984,38.27531814575195,37.947330474853516,38.60051727294922,39.560081481933594,40.26164245605469,42.20189666748047,42.95346450805664
1774426800.9684405,-75,1,0,0,44.0,43.011627197265625,43.046485900878906,44.18144226074219,44.40720748901367,44.9110221862793,45.12205505371094,45.12205505371094,45.35416030883789,46.840152740478516,47.53945541381836,47.07440948486328,46.87216567993164,47.67599105834961,47.381431579589844,46.173583984375,44.04542922973633,42.0,42.04759216308594,41.19466018676758,40.4474983215332,40.199501037597656,39.623226165771484,7.071067810058594,3.0,1.0,0.0,2.2360680103302,6.324555397033691,31.048349380493164,32.98484420776367,33.0,33.060550689697266,33.241539001464844,32.38827133178711,33.734256744384766,35.902645111083984,37.36308288574219,38.60051727294922,38.897300720214844,41.1096076965332,41.1096076965332,40.16217041015625,39.217342376708984,38.897300720214844,38.60051727294922,39.293766021728516,40.79215621948242,41.773197174072266,40.79215621948242,40.79215621948242,41.59326934814453
1774426800.97893,-75,1,0,0,44.72135925292969,44.29446792602539,43.046485900878906,43.26661682128906,43.8292121887207,44.40720748901367,44.40720748901367,45.80392837524414,46.40043258666992,47.01063537597656,47.01063537597656,47.20169448852539,46.615447998046875,46.87216567993164,45.79301071166992,44.29446792602539,43.382022857666016,43.863426208496094,43.08131790161133,42.379241943359375,41.48493576049805,41.59326934814453,42.10700607299805,8.0,3.1622776985168457,1.0,1.0,2.2360680103302,5.830951690673828,33.83784866333008,33.61547088623047,33.105892181396484,33.241539001464844,33.52610778808594,34.928497314453125,34.928497314453125,36.878177642822266,36.878177642822266,37.85498809814453,38.63935852050781,39.623226165771484,40.607879638671875,40.4474983215332,41.43669891357422,41.43669891357422,40.4474983215332,40.607879638671875,40.79215621948242,40.024993896484375,41.231056213378906,42.44997024536133,43.011627197265625
1774426801.0328124,-75,1,0,0,49.47726821899414,48.764739990234375,47.12748718261719,46.48655700683594,46.2385139465332,47.53945541381836,47.53945541381836,48.84669876098633,49.76947021484375,49.76947021484375,49.76947021484375,48.84669876098633,49.39635467529297,49.97999572753906,49.33558654785156,48.764739990234375,46.87216567993164,45.54119110107422,45.27692413330078,45.0444221496582,45.0,46.57252502441406,46.81879806518555,7.6157732009887695,2.2360680103302,1.4142135381698608,1.4142135381698608,1.4142135381698608,5.385164737701416,32.557640075683594,32.24903106689453,33.734256744384766,33.37664031982422,34.2344856262207,35.12833786010742,36.055511474609375,37.013511657714844,38.0,39.051246643066406,39.20458984375,40.199501037597656,41.19466018676758,41.19466018676758,42.296573638916016,43.28972244262695,43.185646057128906,42.10700607299805,42.10700607299805,42.04759216308594,44.0,45.0111083984375,47.01063537597656
1774426801.102577,-74,1,0,0,45.0,43.8292121887207,43.26661682128906,43.5660400390625,43.90899658203125,44.29446792602539,43.8292121887207,43.382022857666016,43.382022857666016,44.283180236816406,45.17742919921875,45.650848388671875,45.27692413330078,45.79301071166992,44.94440841674805,43.8292121887207,41.400482177734375,39.824615478515625,40.45985794067383,39.59798049926758,39.051246643066406,39.824615478515625,39.66106414794922,6.7082037925720215,1.0,1.4142135381698608,1.4142135381698608,1.0,4.4721360206604,29.529645919799805,30.01666259765625,31.240999221801758,31.14482307434082,31.14482307434082,31.11269760131836,33.30165100097656,34.20526123046875,35.0,36.055511474609375,36.8917350769043,38.27531814575195,39.11521530151367,39.11521530151367,38.27531814575195,37.44329071044922,38.27531814575195,39.66106414794922,40.224369049072266,41.400482177734375,40.607879638671875,40.45985794067383,40.360870361328125
1774426801.102577,-75,1,0,0,43.17406463623047,42.7551155090332,42.42640686035156,43.416587829589844,44.18144226074219,44.04542922973633,43.011627197265625,43.011627197265625,44.0113639831543,45.0111083984375,46.010868072509766,46.097721099853516,46.173583984375,46.27094268798828,45.54119110107422,43.931766510009766,41.231056213378906,41.48493576049805,41.1096076965332,39.560081481933594,39.39543151855469,38.470767974853516,38.27531814575195,6.4031243324279785,2.2360680103302,1.0,1.0,1.0,4.0,29.068883895874023,29.0,31.575305938720703,32.280025482177734,32.572994232177734,33.241539001464844,34.539833068847656,36.24913787841797,36.67424011230469,37.121421813964844,38.07886505126953,38.07886505126953,38.94868469238281,39.824615478515625,39.357337951660156,39.357337951660156,39.357337951660156,40.24922180175781,39.81205749511719,39.81205749511719,40.71854782104492,41.231056213378906,41.231056213378906
1774426801.1799018,-75,1,0,0,44.0113639831543,43.011627197265625,44.0113639831543,44.04542922973633,44.283180236816406,44.55333709716797,42.57933807373047,41.59326934814453,42.7551155090332,43.73785400390625,45.7055778503418,45.54119110107422,45.54119110107422,45.39823913574219,44.283180236816406,43.046485900878906,42.01190185546875,41.04875183105469,41.1096076965332,41.30375289916992,40.607879638671875,39.293766021728516,38.27531814575195,6.7082037925720215,2.2360680103302,1.0,1.0,1.0,5.0,29.017236709594727,29.0,31.14482307434082,31.400636672973633,31.78049659729004,32.015621185302734,34.48188018798828,36.68787384033203,37.947330474853516,38.27531814575195,38.27531814575195,38.62641525268555,39.560081481933594,39.924930572509766,38.07886505126953,37.6961555480957,38.27531814575195,39.84971618652344,41.48493576049805,42.44997024536133,42.20189666748047,41.9761848449707,41.9761848449707
1774426801.1799018,-75,1,0,0,44.204071044921875,43.011627197265625,42.43819046020508,42.19004440307617,42.94182205200195,43.382022857666016,43.382022857666016,44.283180236816406,44.777225494384766,44.283180236816406,45.18849563598633,44.283180236816406,44.72135925292969,44.72135925292969,44.29446792602539,43.5660400390625,43.011627197265625,42.20189666748047,42.01190185546875,41.1096076965332,40.31128692626953,40.607879638671875,42.43819046020508,7.6157732009887695,3.0,1.0,1.0,1.4142135381698608,5.0,28.017850875854492,29.4108829498291,31.827661514282227,32.557640075683594,32.649654388427734,33.60059356689453,35.22782897949219,36.8917350769043,36.359317779541016,37.2155876159668,38.07886505126953,38.07886505126953,39.4461669921875,39.96248245239258,39.4461669921875,38.94868469238281,39.4461669921875,40.49691390991211,43.011627197265625,43.600460052490234,43.011627197265625,42.20189666748047,42.8018684387207
1774426801.2445028,-74,1,0,0,45.18849563598633,44.283180236816406,44.72135925292969,45.17742919921875,45.650848388671875,45.27692413330078,44.94440841674805,45.79301071166992,46.647613525390625,47.16990661621094,47.50789260864258,47.50789260864258,48.3735466003418,49.24428939819336,47.88528060913086,45.617977142333984,43.46262741088867,42.72002029418945,42.05948257446289,41.48493576049805,40.79215621948242,40.199501037597656,40.0,8.0,3.0,0.0,0.0,2.8284270763397217,6.7082037925720215,33.541019439697266,32.69556427001953,33.241539001464844,32.98484420776367,32.75667953491211,33.541019439697266,35.35533905029297,37.336307525634766,38.11823654174805,39.11521530151367,41.01219177246094,42.01190185546875,43.0,41.0,40.0,39.0128173828125,40.01249694824219,41.1096076965332,43.28972244262695,44.40720748901367,43.416587829589844,42.57933807373047,42.95346450805664
1774426801.3097892,-75,1,0,0,34.928497314453125,34.539833068847656,33.241539001464844,34.1760139465332,34.48188018798828,34.20526123046875,33.734256744384766,34.71310806274414,34.71310806274414,34.71310806274414,35.693138122558594,35.902645111083984,35.902645111083984,35.1710090637207,34.48188018798828,33.83784866333008,33.61547088623047,34.01470184326172,33.105892181396484,32.24903106689453,31.064449310302734,30.805843353271484,30.528675079345703,5.830951690673828,2.2360680103302,0.0,0.0,2.2360680103302,5.0,25.238859176635742,25.0,25.05992889404297,25.553865432739258,26.07680892944336,27.20294189453125,27.80287742614746,27.658634185791016,28.319604873657227,28.319604873657227,29.0,29.698484420776367,31.11269760131836,31.11269760131836,30.4138126373291,30.4138126373291,31.14482307434082,31.14482307434082,31.890438079833984,32.649654388427734,33.42155075073242,33.60059356689453,34.4093017578125
1774426801.3763273,-75,1,0,0,45.221675872802734,43.680660247802734,42.44997024536133,41.48493576049805,42.20189666748047,42.7551155090332,43.5660400390625,44.40720748901367,45.39823913574219,45.54119110107422,45.54119110107422,45.7055778503418,45.89117431640625,46.097721099853516,45.35416030883789,43.680660247802734,43.011627197265625,41.78516387939453,41.231056213378906,40.24922180175781,39.96248245239258,39.824615478515625,39.623226165771484,7.8102498054504395,2.8284270763397217,0.0,0.0,2.2360680103302,6.082762718200684,28.635643005371094,29.120439529418945,32.31098937988281,33.105892181396484,33.541019439697266,34.0,34.98571014404297,36.055511474609375,37.80211639404297,38.41874694824219,38.41874694824219,39.20458984375,39.824615478515625,40.45985794067383,39.69886779785156,39.824615478515625,39.824615478515625,40.0,40.224369049072266,40.49691390991211,39.96248245239258,40.8166618347168,42.54409408569336
1774426801.3867497,-75,1,0,0,18.439088821411133,18.439088821411133,18.439088821411133,17.69180679321289,17.804492950439453,19.235383987426758,19.697715759277344,21.931713104248047,21.931713104248047,22.825424194335938,21.095022201538086,20.248456954956055,20.248456954956055,22.203603744506836,22.203603744506836,21.63330841064453,20.59126091003418,19.72308349609375,18.357559204101562,18.867961883544922,18.027755737304688,41.0,40.199501037597656,7.280109882354736,2.2360680103302,0.0,1.0,2.0,6.0,31.064449310302734,31.256999969482422,13.892443656921387,13.416407585144043,13.601470947265625,12.649110794067383,12.369317054748535,12.041594505310059,13.03840446472168,14.03566837310791,15.033296585083008,15.132745742797852,14.866068840026855,15.81138801574707,15.81138801574707,17.72004508972168,16.76305389404297,18.681541442871094,18.027755737304688,17.72004508972168,17.0880069732666,17.0880069732666,16.552946090698242
1774426801.4439552,-75,1,0,0,46.06517028808594,44.41846466064453,44.10215377807617,44.65422821044922,45.221675872802734,45.0,44.204071044921875,44.204071044921875,45.607017517089844,46.22769546508789,46.40043258666992,45.80392837524414,46.615447998046875,46.87216567993164,47.16990661621094,46.14108657836914,44.29446792602539,43.382022857666016,43.08131790161133,42.379241943359375,42.44997024536133,40.804412841796875,41.0,8.246211051940918,3.1622776985168457,0.0,0.0,2.2360680103302,5.656854152679443,31.11269760131836,31.890438079833984,32.649654388427734,32.69556427001953,34.1760139465332,34.78505325317383,36.400550842285156,37.10795211791992,39.051246643066406,38.832977294921875,40.607879638671875,40.607879638671875,40.79215621948242,40.607879638671875,40.607879638671875,40.607879638671875,40.79215621948242,42.20189666748047,42.44997024536133,42.44997024536133,41.48493576049805,41.761226654052734,42.05948257446289
1774426801.4844325,-75,1,0,0,47.381431579589844,47.381431579589844,47.67599105834961,49.030601501464844,49.47726821899414,48.764739990234375,47.801673889160156,46.840152740478516,47.12748718261719,48.383880615234375,49.33558654785156,49.04079818725586,50.0,50.695167541503906,50.21951675415039,48.66210174560547,47.381431579589844,46.173583984375,46.097721099853516,46.0,45.09988784790039,44.0113639831543,42.296573638916016,8.062257766723633,2.0,1.0,0.0,2.8284270763397217,7.211102485656738,34.0,34.539833068847656,35.12833786010742,36.013885498046875,36.013885498046875,36.055511474609375,36.12478256225586,38.20994567871094,40.31128692626953,40.607879638671875,40.79215621948242,41.773197174072266,43.73785400390625,42.95346450805664,42.95346450805664,41.9761848449707,43.931766510009766,44.72135925292969,45.54119110107422,44.40720748901367,44.18144226074219,44.18144226074219,44.10215377807617
1774426801.5176668,-75,1,0,0,49.24428939819336,48.46648406982422,47.75981521606445,48.08325958251953,48.50773239135742,48.27007293701172,48.27007293701172,49.24428939819336,51.195701599121094,50.990196228027344,51.97114562988281,51.195701599121094,50.21951675415039,50.447994232177734,49.72926712036133,48.703182220458984,48.10405349731445,47.01063537597656,46.51881408691406,45.650848388671875,44.10215377807617,43.8292121887207,43.27817153930664,7.8102498054504395,2.2360680103302,1.0,1.0,2.0,6.082762718200684,33.734256744384766,33.241539001464844,34.928497314453125,34.885528564453125,36.359317779541016,38.01315689086914,39.408119201660156,40.607879638671875,41.400482177734375,42.01190185546875,42.63801193237305,42.52058410644531,43.27817153930664,42.52058410644531,43.185646057128906,43.185646057128906,43.185646057128906,44.04542922973633,45.80392837524414,47.434165954589844,47.434165954589844,46.87216567993164,46.87216567993164
1774426801.5855324,-75,1,0,0,40.024993896484375,37.64305877685547,35.11410140991211,37.161808013916016,40.24922180175781,42.04759216308594,40.71854782104492,39.0,36.769554138183594,38.07886505126953,40.31128692626953,40.31128692626953,40.31128692626953,39.560081481933594,37.336307525634766,35.735137939453125,36.878177642822266,38.470767974853516,38.20994567871094,38.05259704589844,36.013885498046875,37.10795211791992,37.48332977294922,6.082762718200684,2.0,1.0,1.0,2.2360680103302,7.071067810058594,35.38361358642578,33.42155075073242,29.73213768005371,29.120439529418945,29.614185333251953,31.256999969482422,33.13608169555664,33.241539001464844,32.24903106689453,32.140316009521484,34.058773040771484,38.0,40.01249694824219,39.0128173828125,38.01315689086914,35.0142822265625,34.01470184326172,36.0,37.05401611328125,38.20994567871094,39.20458984375,38.20994567871094,37.336307525634766
1774426801.595774,-75,1,0,0,43.46262741088867,42.95346450805664,42.48529052734375,42.05948257446289,43.046485900878906,42.72002029418945,41.88078308105469,42.72002029418945,43.26661682128906,44.10215377807617,45.486263275146484,45.79301071166992,45.79301071166992,45.27692413330078,43.416587829589844,41.59326934814453,40.71854782104492,40.853397369384766,41.1096076965332,39.560081481933594,38.832977294921875,38.07886505126953,38.327537536621094,6.082762718200684,2.0,1.0,1.0,2.2360680103302,6.4031243324279785,32.649654388427734,31.62277603149414,30.364452362060547,32.015621185302734,32.75667953491211,32.75667953491211,33.541019439697266,34.36568069458008,35.12833786010742,35.0142822265625,36.013885498046875,37.0,38.01315689086914,37.0,37.0,38.0,38.01315689086914,38.05259704589844,39.20458984375,39.31920623779297,39.458839416503906,40.607879638671875,41.59326934814453
1774426801.6542988,-75,1,0,0,46.647613525390625,44.41846466064453,43.5660400390625,42.43819046020508,43.011627197265625,44.204071044921875,45.45327377319336,46.097721099853516,46.75468063354492,46.010868072509766,45.343135833740234,44.68780517578125,44.821868896484375,45.607017517089844,45.221675872802734,45.486263275146484,45.27692413330078,44.29446792602539,42.48529052734375,41.231056213378906,39.84971618652344,38.327537536621094,39.051246643066406,8.0,3.1622776985168457,1.0,1.0,2.2360680103302,5.830951690673828,32.015621185302734,30.805843353271484,30.886890411376953,31.30495262145996,32.69556427001953,34.1760139465332,35.11410140991211,36.055511474609375,36.68787384033203,37.36308288574219,38.327537536621094,39.051246643066406,39.293766021728516,39.051246643066406,40.024993896484375,41.0,41.0,40.26164245605469,40.52159881591797,40.804412841796875,41.761226654052734,43.011627197265625,44.59820556640625
1774426801.7187665,-75,1,0,0,43.96589660644531,44.59820556640625,44.0113639831543,41.231056213378906,39.39543151855469,38.910152435302734,37.121421813964844,38.94868469238281,40.31128692626953,39.96248245239258,41.34005355834961,43.046485900878906,43.90899658203125,44.777225494384766,43.8292121887207,42.95346450805664,39.924930572509766,37.0,34.48188018798828,33.734256744384766,35.35533905029297,40.31128692626953,39.357337951660156,6.7082037925720215,1.4142135381698608,1.0,1.4142135381698608,1.0,5.099019527435303,31.62277603149414,31.016124725341797,28.07133674621582,29.068883895874023,29.154760360717773,30.066593170166016,31.14482307434082,33.241539001464844,35.510562896728516,35.902645111083984,36.13862228393555,34.928497314453125,33.241539001464844,32.280025482177734,32.280025482177734,33.95585250854492,34.71310806274414,36.34556198120117,37.121421813964844,37.013511657714844,38.01315689086914,40.01249694824219,40.0
1774426801.7314262,-75,1,0,0,39.11521530151367,39.0128173828125,38.0,38.0,38.01315689086914,39.051246643066406,38.20994567871094,39.31920623779297,40.31128692626953,41.30375289916992,41.19466018676758,41.19466018676758,41.1096076965332,41.04875183105469,40.01249694824219,38.0,37.013511657714844,36.12478256225586,36.34556198120117,36.878177642822266,36.400550842285156,37.121421813964844,35.510562896728516,6.082762718200684,1.0,1.0,1.0,2.2360680103302,5.0,30.870698928833008,31.62277603149414,27.658634185791016,28.160255432128906,29.73213768005371,30.08321762084961,30.870698928833008,30.886890411376953,30.886890411376953,30.886890411376953,31.764760971069336,33.12099075317383,34.48188018798828,35.84689712524414,35.84689712524414,35.35533905029297,34.885528564453125,34.885528564453125,35.7770881652832,35.34119415283203,34.928497314453125,36.055511474609375,37.64305877685547
1774426801.7960777,-75,1,0,0,42.44997024536133,41.0,41.773197174072266,41.59326934814453,43.28972244262695,44.10215377807617,43.046485900878906,42.04759216308594,42.01190185546875,43.046485900878906,44.04542922973633,44.04542922973633,45.17742919921875,45.39823913574219,44.72135925292969,42.95346450805664,41.0,40.26164245605469,39.84971618652344,39.924930572509766,39.357337951660156,38.832977294921875,38.28837966918945,6.4031243324279785,1.4142135381698608,1.4142135381698608,1.4142135381698608,1.0,5.0,28.44292449951172,29.120439529418945,29.73213768005371,31.38471031188965,32.202484130859375,33.541019439697266,34.0,34.48188018798828,34.66987228393555,35.22782897949219,36.619667053222656,38.01315689086914,39.408119201660156,38.832977294921875,38.832977294921875,37.735923767089844,38.27531814575195,38.27531814575195,39.11521530151367,39.4461669921875,40.31128692626953,40.24922180175781,40.71854782104492
1774426801.8309658,-74,1,0,0,46.3249397277832,45.607017517089844,44.92215347290039,45.54119110107422,46.2385139465332,46.615447998046875,45.18849563598633,44.777225494384766,46.097721099853516,47.423622131347656,47.423622131347656,48.332183837890625,49.24428939819336,48.84669876098633,47.75981521606445,46.173583984375,44.643028259277344,43.17406463623047,42.95346450805664,43.416587829589844,42.10700607299805,42.01190185546875,42.19004440307617,8.0,3.0,0.0,0.0,2.2360680103302,5.830951690673828,29.154760360717773,29.4108829498291,32.38827133178711,32.24903106689453,33.13608169555664,34.058773040771484,35.0142822265625,37.013511657714844,38.05259704589844,39.11521530151367,40.112342834472656,42.10700607299805,43.104522705078125,42.19004440307617,41.1096076965332,40.199501037597656,40.112342834472656,41.1096076965332,42.01190185546875,43.0,43.011627197265625,43.046485900878906,43.104522705078125
1774426801.8733833,-75,1,0,0,48.0,46.0,46.04345703125,46.097721099853516,47.26520919799805,48.50773239135742,48.66210174560547,48.66210174560547,48.66210174560547,49.648765563964844,50.80354309082031,51.62363815307617,51.4781494140625,51.35172653198242,50.15974426269531,49.04079818725586,46.0,45.0444221496582,46.27094268798828,46.69047164916992,46.097721099853516,45.607017517089844,44.59820556640625,7.6157732009887695,2.2360680103302,1.4142135381698608,1.4142135381698608,1.0,5.0,32.24903106689453,34.058773040771484,35.22782897949219,36.49657440185547,36.67424011230469,37.10795211791992,37.36308288574219,40.16217041015625,41.78516387939453,42.154476165771484,42.54409408569336,43.46262741088867,44.0113639831543,44.0113639831543,44.0113639831543,44.0113639831543,42.72002029418945,43.32435989379883,43.011627197265625,43.011627197265625,43.680660247802734,45.35416030883789,46.87216567993164
1774426801.9374008,-75,1,0,0,45.12205505371094,43.931766510009766,44.14748001098633,44.9110221862793,45.54119110107422,45.27692413330078,44.04542922973633,45.0111083984375,45.0444221496582,46.04345703125,47.095645904541016,46.097721099853516,46.173583984375,46.52956008911133,45.7055778503418,45.12205505371094,44.14748001098633,43.416587829589844,42.72002029418945,41.78516387939453,40.24922180175781,40.31128692626953,38.470767974853516,7.211102485656738,2.8284270763397217,0.0,1.0,2.0,6.082762718200684,33.241539001464844,32.06243896484375,32.015621185302734,32.280025482177734,32.572994232177734,33.83784866333008,34.539833068847656,35.34119415283203,36.2353401184082,36.715118408203125,36.715118408203125,38.470767974853516,38.94868469238281,40.31128692626953,40.31128692626953,39.357337951660156,39.357337951660156,39.824615478515625,41.59326934814453,41.146080017089844,41.146080017089844,42.04759216308594,43.863426208496094
1774426801.9595954,-74,1,0,0,43.13930892944336,42.44997024536133,41.1096076965332,41.86884307861328,42.8018684387207,42.43819046020508,42.19004440307617,41.88078308105469,43.26661682128906,43.8292121887207,44.40720748901367,43.8292121887207,44.40720748901367,44.821868896484375,43.27817153930664,41.773197174072266,41.01219177246094,40.31128692626953,39.623226165771484,39.824615478515625,38.27531814575195,36.2353401184082,35.22782897949219,5.830951690673828,1.0,1.4142135381698608,1.4142135381698608,1.0,4.4721360206604,30.4138126373291,30.528675079345703,29.73213768005371,30.610456466674805,31.400636672973633,31.62277603149414,34.13209533691406,35.84689712524414,36.2353401184082,36.67424011230469,37.161808013916016,38.07886505126953,39.0,39.0,39.39543151855469,39.81205749511719,39.357337951660156,39.357337951660156,40.31128692626953,40.31128692626953,39.4461669921875,39.96248245239258,41.04875183105469
1774426802.0197318,-74,1,0,0,43.08131790161133,41.78516387939453,41.43669891357422,41.761226654052734,42.20189666748047,40.79215621948242,40.607879638671875,40.79215621948242,40.79215621948242,41.9761848449707,43.931766510009766,43.931766510009766,44.9110221862793,45.12205505371094,44.384681701660156,42.05948257446289,41.231056213378906,40.71854782104492,40.24922180175781,39.4461669921875,38.832977294921875,38.470767974853516,38.27531814575195,7.071067810058594,2.2360680103302,1.0,1.4142135381698608,1.0,5.0,30.01666259765625,30.0,29.068883895874023,30.01666259765625,30.232433319091797,31.400636672973633,32.80244064331055,34.20526123046875,34.828147888183594,35.46829605102539,35.38361358642578,36.79673767089844,36.79673767089844,36.79673767089844,36.878177642822266,37.64305877685547,38.41874694824219,38.60051727294922,39.408119201660156,40.224369049072266,39.408119201660156,39.408119201660156,40.224369049072266
1774426802.0903094,-75,1,0,0,38.63935852050781,38.470767974853516,39.31920623779297,38.11823654174805,39.0128173828125,39.0,38.01315689086914,39.051246643066406,40.04996871948242,41.04875183105469,42.01190185546875,42.01190185546875,42.0,42.01190185546875,41.04875183105469,39.11521530151367,38.327537536621094,37.48332977294922,36.67424011230469,36.13862228393555,36.68787384033203,36.359317779541016,35.80502700805664,6.4031243324279785,2.2360680103302,1.0,1.0,2.0,5.099019527435303,27.658634185791016,28.160255432128906,28.635643005371094,29.120439529418945,28.792360305786133,29.154760360717773,30.870698928833008,31.30495262145996,33.12099075317383,33.12099075317383,34.48188018798828,34.48188018798828,35.35533905029297,34.48188018798828,33.61547088623047,34.48188018798828,34.885528564453125,35.34119415283203,36.24913787841797,35.84689712524414,35.84689712524414,36.400550842285156,37.336307525634766
1774426802.100826,-75,1,0,0,45.17742919921875,43.90899658203125,44.41846466064453,44.10215377807617,43.8292121887207,44.204071044921875,44.204071044921875,44.821868896484375,44.821868896484375,45.45327377319336,45.45327377319336,45.607017517089844,45.607017517089844,45.80392837524414,44.65422821044922,44.41846466064453,42.94182205200195,41.146080017089844,40.31128692626953,39.217342376708984,38.327537536621094,36.400550842285156,35.902645111083984,6.324555397033691,1.4142135381698608,1.4142135381698608,1.0,2.2360680103302,5.656854152679443,31.827661514282227,30.610456466674805,30.870698928833008,31.38471031188965,31.62277603149414,33.241539001464844,33.95585250854492,34.71310806274414,35.510562896728516,36.34556198120117,37.336307525634766,38.327537536621094,38.327537536621094,39.458839416503906,39.458839416503906,39.31920623779297,38.327537536621094,38.470767974853516,37.656341552734375,38.832977294921875,39.051246643066406,40.52159881591797,41.761226654052734
1774426802.1655993,-75,1,0,0,39.0128173828125,39.0,39.0,39.051246643066406,39.458839416503906,39.293766021728516,38.60051727294922,39.293766021728516,39.623226165771484,40.4474983215332,41.19466018676758,40.112342834472656,39.051246643066406,39.0,40.04996871948242,40.199501037597656,39.20458984375,38.11823654174805,37.121421813964844,36.49657440185547,36.13862228393555,37.44329071044922,36.400550842285156,7.8102498054504395,2.8284270763397217,0.0,1.0,2.0,6.082762718200684,29.42787742614746,30.149627685546875,29.42787742614746,29.017236709594727,30.01666259765625,30.066593170166016,30.066593170166016,31.256999969482422,32.557640075683594,33.734256744384766,34.525352478027344,34.2344856262207,34.058773040771484,35.05709457397461,35.12833786010742,36.22154235839844,36.34556198120117,35.693138122558594,36.67424011230469,37.336307525634766,37.48332977294922,37.336307525634766,38.327537536621094
1774426802.1763961,-75,1,0,0,42.19004440307617,42.04759216308594,42.04759216308594,42.01190185546875,42.0,43.046485900878906,43.104522705078125,42.296573638916016,43.28972244262695,44.283180236816406,45.17742919921875,45.0444221496582,44.0113639831543,44.0,43.046485900878906,42.10700607299805,41.30375289916992,41.43669891357422,39.623226165771484,39.293766021728516,38.27531814575195,38.62641525268555,39.81205749511719,6.7082037925720215,1.4142135381698608,1.4142135381698608,1.0,1.4142135381698608,5.099019527435303,31.14482307434082,30.066593170166016,29.154760360717773,30.4138126373291,30.5941162109375,31.78049659729004,33.241539001464844,33.83784866333008,34.539833068847656,34.928497314453125,36.24913787841797,38.4837646484375,38.07886505126953,39.0,39.0,39.0,38.07886505126953,38.07886505126953,38.62641525268555,39.217342376708984,39.84971618652344,39.560081481933594,39.293766021728516
1774426802.230709,-75,1,0,0,47.16990661621094,46.04345703125,46.04345703125,46.615447998046875,47.801673889160156,48.27007293701172,47.50789260864258,46.75468063354492,47.423622131347656,49.51767349243164,50.990196228027344,50.447994232177734,51.22499465942383,52.009613037109375,50.0,47.434165954589844,45.486263275146484,45.27692413330078,45.17742919921875,44.777225494384766,43.32435989379883,42.379241943359375,40.52159881591797,7.071067810058594,2.0,1.4142135381698608,1.4142135381698608,1.4142135381698608,5.0,32.015621185302734,32.4499626159668,34.539833068847656,34.1760139465332,34.48188018798828,36.13862228393555,37.85498809814453,40.79215621948242,41.43669891357422,41.43669891357422,41.43669891357422,41.30375289916992,42.296573638916016,42.296573638916016,42.42640686035156,42.57933807373047,43.73785400390625,44.72135925292969,44.9110221862793,44.14748001098633,43.680660247802734,43.96589660644531,45.221675872802734
1774426802.295314,-75,1,0,0,44.41846466064453,43.416587829589844,42.94182205200195,42.95346450805664,44.0113639831543,43.65776062011719,43.65776062011719,43.32435989379883,43.96589660644531,44.92215347290039,45.880279541015625,46.173583984375,46.81879806518555,46.2385139465332,44.777225494384766,43.8292121887207,42.19004440307617,41.34005355834961,41.04875183105469,40.804412841796875,40.45985794067383,40.607879638671875,40.31128692626953,7.8102498054504395,2.2360680103302,1.0,1.0,2.0,6.082762718200684,33.241539001464844,31.62277603149414,30.528675079345703,31.400636672973633,32.649654388427734,33.970577239990234,34.65544509887695,35.35533905029297,36.06937789916992,36.12478256225586,36.878177642822266,37.53664779663086,38.897300720214844,38.20994567871094,38.94868469238281,39.051246643066406,39.69886779785156,40.360870361328125,41.01219177246094,41.03656768798828,41.72529220581055,41.01219177246094,41.773197174072266
1774426802.3063552,-75,1,0,0,46.3249397277832,46.097721099853516,45.7055778503418,45.54119110107422,45.27692413330078,46.173583984375,45.09988784790039,45.0444221496582,47.04253387451172,47.04253387451172,48.041648864746094,48.041648864746094,47.095645904541016,47.26520919799805,46.389652252197266,44.72135925292969,44.14748001098633,43.96589660644531,44.59820556640625,42.54409408569336,42.05948257446289,40.49691390991211,39.051246643066406,7.8102498054504395,2.8284270763397217,1.0,0.0,2.0,6.0,33.0,32.24903106689453,32.98484420776367,33.83784866333008,34.1760139465332,34.01470184326172,35.34119415283203,37.121421813964844,37.58989334106445,37.2155876159668,37.735923767089844,39.11521530151367,39.96248245239258,40.49691390991211,41.34005355834961,40.8166618347168,40.31128692626953,41.18252182006836,42.05948257446289,42.94182205200195,43.382022857666016,44.283180236816406,44.777225494384766
1774426802.3705828,-75,1,0,0,45.54119110107422,44.40720748901367,44.283180236816406,43.185646057128906,44.10215377807617,45.0111083984375,45.0111083984375,45.0111083984375,46.04345703125,46.010868072509766,46.0,46.010868072509766,45.0444221496582,46.097721099853516,46.27094268798828,45.39823913574219,43.5660400390625,42.95346450805664,42.20189666748047,41.1096076965332,40.31128692626953,38.470767974853516,38.27531814575195,7.211102485656738,2.8284270763397217,0.0,0.0,2.0,6.0,30.066593170166016,31.016124725341797,31.575305938720703,33.241539001464844,34.48188018798828,35.11410140991211,35.84689712524414,37.161808013916016,36.67424011230469,37.58989334106445,38.07886505126953,38.587562561035156,38.94868469238281,39.357337951660156,38.910152435302734,39.81205749511719,39.81205749511719,39.81205749511719,40.71854782104492,41.62931823730469,42.154476165771484,43.08131790161133,43.65776062011719
1774426802.4360342,-75,1,0,0,41.72529220581055,41.1096076965332,41.231056213378906,42.63801193237305,42.8018684387207,42.20189666748047,41.88078308105469,41.34005355834961,42.19004440307617,43.5660400390625,44.10215377807617,44.65422821044922,45.80392837524414,46.22769546508789,45.45327377319336,43.931766510009766,41.72529220581055,41.01219177246094,40.360870361328125,39.824615478515625,39.66106414794922,38.60051727294922,37.735923767089844,6.7082037925720215,1.0,1.4142135381698608,1.4142135381698608,1.0,5.099019527435303,31.016124725341797,29.96664810180664,29.698484420776367,30.479501724243164,30.610456466674805,30.805843353271484,32.4499626159668,34.13209533691406,35.84689712524414,36.2353401184082,37.121421813964844,38.470767974853516,38.470767974853516,37.58989334106445,37.58989334106445,37.58989334106445,37.58989334106445,37.58989334106445,38.94868469238281,38.587562561035156,38.27531814575195,39.408119201660156,40.804412841796875
1774426802.4476705,-75,1,0,0,44.94440841674805,44.271888732910156,43.011627197265625,41.761226654052734,42.44997024536133,44.14748001098633,44.9110221862793,46.87216567993164,45.7055778503418,45.7055778503418,45.7055778503418,45.89117431640625,46.097721099853516,45.607017517089844,44.92215347290039,44.271888732910156,42.72002029418945,43.08131790161133,42.95346450805664,42.05948257446289,41.88078308105469,41.34005355834961,42.20189666748047,7.8102498054504395,2.8284270763397217,0.0,0.0,2.2360680103302,6.082762718200684,29.42787742614746,30.805843353271484,32.202484130859375,32.649654388427734,34.0,34.98571014404297,35.510562896728516,36.619667053222656,36.400550842285156,37.80211639404297,39.051246643066406,39.824615478515625,39.824615478515625,39.051246643066406,38.41874694824219,39.20458984375,40.607879638671875,41.400482177734375,42.8018684387207,42.8018684387207,43.011627197265625,43.26661682128906,44.41846466064453
1774426802.521947,-75,1,0,0,33.83784866333008,33.83784866333008,33.2866325378418,31.38471031188965,27.73084831237793,26.248809814453125,24.515300750732422,26.476404190063477,29.832868576049805,32.572994232177734,32.893768310546875,31.95309066772461,33.241539001464844,35.46829605102539,34.01470184326172,33.541019439697266,31.764760971069336,28.17800521850586,25.495098114013672,25.05992889404297,25.238859176635742,40.01249694824219,40.199501037597656,8.246211051940918,3.1622776985168457,1.0,1.0,2.2360680103302,6.0,30.01666259765625,31.016124725341797,20.615528106689453,20.808652877807617,22.472204208374023,23.323806762695312,25.553865432739258,26.832815170288086,28.635643005371094,29.546573638916016,28.635643005371094,25.495098114013672,23.706539154052734,22.472204208374023,22.472204208374023,25.238859176635742,26.07680892944336,28.844409942626953,29.681644439697266,28.844409942626953,29.154760360717773,31.38471031188965,31.906112670898438
1774426802.589586,-75,1,0,0,45.0,44.04542922973633,43.931766510009766,45.343135833740234,46.010868072509766,46.66904830932617,46.010868072509766,46.010868072509766,46.75468063354492,46.75468063354492,48.10405349731445,48.10405349731445,48.79549026489258,49.497474670410156,48.10405349731445,45.45327377319336,42.8018684387207,41.400482177734375,41.617305755615234,42.19004440307617,42.04759216308594,40.804412841796875,41.0,8.246211051940918,3.1622776985168457,0.0,0.0,2.8284270763397217,6.4031243324279785,32.015621185302734,32.4499626159668,34.13209533691406,34.885528564453125,34.01470184326172,34.539833068847656,35.46829605102539,37.336307525634766,38.897300720214844,38.897300720214844,39.84971618652344,41.1096076965332,42.05948257446289,41.761226654052734,41.761226654052734,41.761226654052734,41.761226654052734,42.72002029418945,43.32435989379883,42.72002029418945,42.154476165771484,41.62931823730469,43.382022857666016
1774426802.589586,-75,1,0,0,46.86149978637695,46.22769546508789,45.607017517089844,45.0,44.65422821044922,45.27692413330078,45.650848388671875,46.52956008911133,48.764739990234375,50.11985778808594,50.6063232421875,51.107730865478516,50.2493782043457,49.09175109863281,48.010414123535156,46.22769546508789,44.68780517578125,43.931766510009766,44.55333709716797,43.185646057128906,42.8018684387207,42.19004440307617,42.04759216308594,7.6157732009887695,2.0,1.4142135381698608,1.4142135381698608,1.0,5.830951690673828,34.13209533691406,34.4093017578125,33.970577239990234,34.65544509887695,35.38361358642578,34.058773040771484,35.608985900878906,37.44329071044922,38.587562561035156,38.94868469238281,39.824615478515625,40.70626449584961,42.05948257446289,41.67733383178711,42.19004440307617,42.19004440307617,42.72002029418945,42.72002029418945,44.10215377807617,43.26661682128906,43.600460052490234,44.04542922973633,45.343135833740234
1774426802.670247,-74,1,0,0,44.40720748901367,43.26661682128906,41.67733383178711,41.59326934814453,42.04759216308594,42.95346450805664,43.46262741088867,44.384681701660156,44.0113639831543,43.65776062011719,44.59820556640625,44.94440841674805,45.31004333496094,44.384681701660156,44.283180236816406,44.29446792602539,43.046485900878906,42.72002029418945,41.88078308105469,40.804412841796875,39.69886779785156,37.53664779663086,38.01315689086914,6.7082037925720215,3.0,1.0,1.0,1.4142135381698608,5.830951690673828,31.38471031188965,32.4499626159668,31.827661514282227,32.557640075683594,32.80244064331055,33.60059356689453,34.4093017578125,34.4093017578125,35.80502700805664,35.80502700805664,36.619667053222656,37.735923767089844,39.96248245239258,39.96248245239258,39.96248245239258,40.8166618347168,40.49691390991211,39.408119201660156,39.20458984375,40.45985794067383,41.231056213378906,41.86884307861328,42.44997024536133
1774426802.7282507,-75,1,0,0,42.43819046020508,41.400482177734375,41.400482177734375,42.01190185546875,43.27817153930664,43.84062194824219,43.185646057128906,43.931766510009766,45.343135833740234,46.75468063354492,47.423622131347656,47.381431579589844,47.381431579589844,46.66904830932617,44.59820556640625,42.63801193237305,41.617305755615234,41.04875183105469,41.34005355834961,42.05948257446289,40.71854782104492,38.897300720214844,37.10795211791992,6.082762718200684,1.0,1.4142135381698608,1.4142135381698608,0.0,4.242640495300293,27.58622932434082,29.20616340637207,30.886890411376953,32.202484130859375,31.78049659729004,32.69556427001953,32.69556427001953,34.78505325317383,36.400550842285156,37.10795211791992,37.85498809814453,39.81205749511719,40.024993896484375,39.293766021728516,38.327537536621094,37.36308288574219,38.327537536621094,39.560081481933594,40.804412841796875,41.1096076965332,40.49691390991211,41.231056213378906,42.04759216308594
1774426802.742497,-75,1,0,0,46.69047164916992,45.96738052368164,45.96738052368164,45.96738052368164,46.75468063354492,48.41487503051758,48.60041046142578,48.60041046142578,48.60041046142578,49.20365905761719,49.20365905761719,49.81967544555664,49.67897033691406,50.2493782043457,48.79549026489258,47.381431579589844,46.010868072509766,44.59820556640625,43.27817153930664,43.011627197265625,43.046485900878906,42.20189666748047,41.30375289916992,7.0,2.2360680103302,1.4142135381698608,1.4142135381698608,1.0,5.0,31.890438079833984,32.557640075683594,33.30165100097656,34.20526123046875,35.22782897949219,36.055511474609375,35.84689712524414,38.910152435302734,40.31128692626953,40.853397369384766,40.853397369384766,40.853397369384766,41.231056213378906,41.62931823730469,41.62931823730469,42.04759216308594,42.95346450805664,43.863426208496094,44.283180236816406,43.8292121887207,43.416587829589844,45.27692413330078,45.79301071166992
1774426802.813114,-75,1,0,0,44.9110221862793,43.73785400390625,42.57933807373047,44.40720748901367,45.09988784790039,45.0444221496582,45.0111083984375,45.0111083984375,46.0,46.0,46.0,46.010868072509766,47.04253387451172,47.095645904541016,47.16990661621094,45.39823913574219,43.73785400390625,42.20189666748047,41.48493576049805,41.43669891357422,40.31128692626953,39.924930572509766,38.910152435302734,6.7082037925720215,2.2360680103302,1.0,1.0,2.2360680103302,6.082762718200684,30.0,30.01666259765625,32.280025482177734,31.95309066772461,31.78049659729004,32.649654388427734,34.48188018798828,36.715118408203125,37.2155876159668,37.735923767089844,38.27531814575195,38.832977294921875,40.224369049072266,40.224369049072266,39.408119201660156,39.66106414794922,39.11521530151367,40.8166618347168,42.48529052734375,42.95346450805664,42.04759216308594,42.04759216308594,42.95346450805664
1774426802.8820856,-74,1,0,0,43.185646057128906,43.104522705078125,43.046485900878906,42.04759216308594,42.0,42.04759216308594,43.104522705078125,44.283180236816406,45.27692413330078,45.17742919921875,45.09988784790039,44.0113639831543,44.0,44.0113639831543,44.04542922973633,43.104522705078125,42.19004440307617,41.30375289916992,40.79215621948242,39.560081481933594,38.62641525268555,38.60051727294922,38.62641525268555,6.324555397033691,1.0,1.4142135381698608,1.4142135381698608,1.4142135381698608,6.324555397033691,33.734256744384766,32.24903106689453,31.400636672973633,31.575305938720703,32.015621185302734,32.572994232177734,32.893768310546875,34.539833068847656,34.928497314453125,35.34119415283203,36.67424011230469,38.01315689086914,39.81205749511719,40.71854782104492,40.24922180175781,39.81205749511719,39.39543151855469,38.4837646484375,38.4837646484375,39.0,39.560081481933594,41.43669891357422,43.011627197265625
1774426802.8820856,-74,1,0,0,45.54119110107422,44.283180236816406,43.185646057128906,44.04542922973633,46.010868072509766,46.010868072509766,45.0111083984375,44.04542922973633,45.09988784790039,46.097721099853516,46.04345703125,47.01063537597656,48.010414123535156,47.0,46.0,45.0444221496582,43.28972244262695,41.59326934814453,40.79215621948242,40.52159881591797,40.16217041015625,37.947330474853516,37.161808013916016,6.7082037925720215,2.2360680103302,1.0,1.0,2.2360680103302,6.082762718200684,32.06243896484375,32.0,31.575305938720703,32.015621185302734,32.572994232177734,33.61547088623047,34.928497314453125,36.24913787841797,38.01315689086914,38.470767974853516,38.470767974853516,39.357337951660156,40.24922180175781,40.24922180175781,40.24922180175781,40.24922180175781,39.824615478515625,40.24922180175781,41.62931823730469,41.231056213378906,42.154476165771484,42.72002029418945,42.72002029418945
1774426802.949874,-75,1,0,0,45.617977142333984,43.8292121887207,42.94182205200195,42.05948257446289,43.046485900878906,43.26661682128906,44.40720748901367,46.40043258666992,46.40043258666992,46.40043258666992,46.40043258666992,45.80392837524414,45.80392837524414,47.434165954589844,46.3249397277832,44.777225494384766,42.95346450805664,42.54409408569336,43.08131790161133,42.379241943359375,41.48493576049805,41.231056213378906,40.607879638671875,7.0,3.1622776985168457,1.0,1.0,2.2360680103302,5.0,29.832868576049805,30.0,31.016124725341797,31.62277603149414,32.98484420776367,33.734256744384766,35.510562896728516,36.22154235839844,37.121421813964844,37.05401611328125,38.05259704589844,38.11823654174805,39.11521530151367,40.199501037597656,41.19466018676758,41.19466018676758,41.1096076965332,40.199501037597656,40.31128692626953,40.31128692626953,42.42640686035156,42.7551155090332,43.17406463623047
1774426802.9866498,-75,1,0,0,45.45327377319336,43.931766510009766,43.185646057128906,42.42640686035156,43.185646057128906,43.27817153930664,43.27817153930664,44.68780517578125,45.343135833740234,45.45327377319336,46.097721099853516,46.75468063354492,45.343135833740234,46.010868072509766,44.55333709716797,43.863426208496094,43.27817153930664,42.01190185546875,41.617305755615234,40.49691390991211,39.824615478515625,40.49691390991211,41.48493576049805,8.062257766723633,3.0,1.0,1.0,2.2360680103302,5.0,31.240999221801758,31.400636672973633,30.805843353271484,31.906112670898438,33.61547088623047,34.885528564453125,35.34119415283203,36.24913787841797,35.84689712524414,36.400550842285156,37.336307525634766,38.27531814575195,39.560081481933594,39.560081481933594,39.560081481933594,39.560081481933594,39.560081481933594,39.0,39.39543151855469,39.39543151855469,40.71854782104492,40.24922180175781,42.05948257446289
1774426803.03136,-75,1,0,0,43.8292121887207,43.011627197265625,42.8018684387207,42.63801193237305,42.52058410644531,43.863426208496094,43.13930892944336,43.84062194824219,43.84062194824219,43.84062194824219,44.55333709716797,45.25483322143555,44.55333709716797,44.59820556640625,43.931766510009766,43.416587829589844,43.011627197265625,42.72002029418945,41.67733383178711,40.24922180175781,39.924930572509766,37.336307525634766,37.10795211791992,6.324555397033691,2.2360680103302,1.0,1.0,2.2360680103302,6.4031243324279785,33.970577239990234,34.058773040771484,31.064449310302734,32.24903106689453,32.649654388427734,34.01470184326172,33.61547088623047,34.539833068847656,34.78505325317383,35.44009017944336,37.10795211791992,37.85498809814453,39.051246643066406,39.051246643066406,39.051246643066406,39.051246643066406,38.327537536621094,37.64305877685547,37.947330474853516,38.27531814575195,39.560081481933594,40.31128692626953,40.71854782104492
1774426803.1008244,-75,1,0,0,45.09988784790039,44.18144226074219,44.18144226074219,45.27692413330078,47.67599105834961,47.07440948486328,46.3249397277832,46.3249397277832,46.3249397277832,48.50773239135742,48.50773239135742,48.50773239135742,49.47726821899414,49.24428939819336,48.66210174560547,47.381431579589844,45.09988784790039,44.04542922973633,43.011627197265625,43.011627197265625,42.296573638916016,41.231056213378906,40.49691390991211,7.280109882354736,2.2360680103302,1.0,0.0,2.2360680103302,6.324555397033691,33.541019439697266,33.241539001464844,34.0,34.058773040771484,34.2344856262207,34.36568069458008,35.510562896728516,36.878177642822266,37.10795211791992,38.07886505126953,38.327537536621094,39.293766021728516,40.52159881591797,39.84971618652344,39.217342376708984,38.897300720214844,39.560081481933594,40.26164245605469,41.773197174072266,42.57933807373047,41.59326934814453,40.607879638671875,41.59326934814453
1774426803.1709406,-75,1,0,0,44.777225494384766,43.8292121887207,42.95346450805664,42.72002029418945,41.761226654052734,42.44997024536133,41.48493576049805,41.48493576049805,43.416587829589844,45.12205505371094,46.3249397277832,45.35416030883789,45.35416030883789,45.880279541015625,44.59820556640625,42.54409408569336,41.59326934814453,41.18252182006836,40.8166618347168,39.66106414794922,40.0,39.96248245239258,39.824615478515625,7.071067810058594,2.2360680103302,1.0,1.0,1.0,5.099019527435303,31.14482307434082,30.4138126373291,30.232433319091797,30.610456466674805,31.14482307434082,31.11269760131836,33.241539001464844,34.65544509887695,35.35533905029297,36.769554138183594,38.897300720214844,40.360870361328125,39.69886779785156,39.051246643066406,38.41874694824219,38.41874694824219,38.28837966918945,38.897300720214844,39.59798049926758,39.59798049926758,39.623226165771484,40.360870361328125,41.1096076965332
1774426803.18145,-75,1,0,0,41.1096076965332,39.69886779785156,39.69886779785156,41.231056213378906,43.600460052490234,44.65422821044922,43.046485900878906,42.54409408569336,42.54409408569336,43.5660400390625,45.486263275146484,45.486263275146484,45.0,44.821868896484375,44.04542922973633,43.185646057128906,41.72529220581055,41.01219177246094,41.03656768798828,39.824615478515625,39.66106414794922,39.66106414794922,38.94868469238281,6.7082037925720215,1.0,1.4142135381698608,1.4142135381698608,1.0,5.385164737701416,30.4138126373291,30.528675079345703,29.73213768005371,29.068883895874023,29.832868576049805,31.400636672973633,33.0151481628418,34.13209533691406,35.35533905029297,36.2353401184082,36.67424011230469,38.01315689086914,38.910152435302734,38.470767974853516,38.470767974853516,37.121421813964844,36.2353401184082,37.58989334106445,38.07886505126953,39.11521530151367,39.66106414794922,38.832977294921875,39.408119201660156
1774426803.2453847,-75,1,0,0,40.804412841796875,39.560081481933594,38.327537536621094,38.832977294921875,40.4474983215332,41.30375289916992,41.30375289916992,41.30375289916992,41.30375289916992,42.19004440307617,43.28972244262695,43.28972244262695,44.283180236816406,44.40720748901367,42.7551155090332,41.231056213378906,39.560081481933594,38.897300720214844,38.27531814575195,38.07886505126953,38.01315689086914,39.051246643066406,38.01315689086914,6.7082037925720215,2.0,1.0,1.0,1.4142135381698608,5.0,29.154760360717773,30.528675079345703,31.016124725341797,29.96664810180664,30.886890411376953,31.064449310302734,32.202484130859375,33.60059356689453,35.0,34.828147888183594,35.46829605102539,35.46829605102539,36.878177642822266,37.013511657714844,37.013511657714844,37.64305877685547,36.2353401184082,37.013511657714844,37.202152252197266,37.44329071044922,37.735923767089844,38.07886505126953,38.94868469238281
1774426803.25577,-75,1,0,0,38.27531814575195,37.0,37.64305877685547,37.10795211791992,37.656341552734375,38.470767974853516,38.327537536621094,38.327537536621094,38.470767974853516,39.458839416503906,39.458839416503906,39.458839416503906,40.607879638671875,41.0,39.560081481933594,37.947330474853516,36.400550842285156,35.84689712524414,34.928497314453125,35.7770881652832,35.84689712524414,40.70626449584961,39.39543151855469,7.280109882354736,3.0,1.0,1.0,1.4142135381698608,5.0,30.0,31.240999221801758,27.513633728027344,28.23118782043457,28.17800521850586,28.65309715270996,29.154760360717773,31.064449310302734,31.62277603149414,32.202484130859375,32.80244064331055,33.60059356689453,33.83784866333008,33.83784866333008,35.0,36.400550842285156,35.0,35.22782897949219,35.22782897949219,34.66987228393555,35.510562896728516,35.510562896728516,35.84689712524414
1774426803.3203762,-75,1,0,0,45.880279541015625,44.384681701660156,44.384681701660156,43.931766510009766,44.55333709716797,45.39823913574219,45.27692413330078,46.173583984375,46.173583984375,46.173583984375,45.27692413330078,45.27692413330078,45.54119110107422,45.7055778503418,43.931766510009766,43.17406463623047,43.416587829589844,43.011627197265625,42.379241943359375,41.62931823730469,40.70626449584961,40.224369049072266,41.231056213378906,7.8102498054504395,2.8284270763397217,0.0,0.0,2.0,6.082762718200684,33.241539001464844,32.98484420776367,32.69556427001953,33.541019439697266,34.0,35.35533905029297,35.84689712524414,36.8917350769043,37.202152252197266,37.80211639404297,37.80211639404297,39.20458984375,40.607879638671875,40.607879638671875,40.804412841796875,40.804412841796875,41.400482177734375,42.20189666748047,42.43819046020508,41.88078308105469,41.34005355834961,41.18252182006836,41.59326934814453
1774426803.386489,-75,1,0,0,39.051246643066406,38.60051727294922,37.202152252197266,36.400550842285156,36.055511474609375,36.359317779541016,37.2155876159668,39.4461669921875,39.4461669921875,39.4461669921875,39.96248245239258,39.4461669921875,37.58989334106445,39.824615478515625,39.824615478515625,38.27531814575195,35.46829605102539,35.35533905029297,33.970577239990234,33.30165100097656,33.42155075073242,39.11521530151367,39.051246643066406,6.4031243324279785,1.4142135381698608,1.4142135381698608,1.4142135381698608,1.0,4.0,28.44292449951172,28.635643005371094,26.248809814453125,26.62705421447754,27.294687271118164,27.73084831237793,28.635643005371094,30.4138126373291,32.24903106689453,31.764760971069336,32.202484130859375,30.463092803955078,30.870698928833008,32.649654388427734,33.541019439697266,34.48188018798828,34.0,34.885528564453125,34.885528564453125,34.885528564453125,34.98571014404297,36.619667053222656,36.400550842285156
1774426878.585311,-75,1,0,0,48.754486083984375,44.777225494384766,43.5660400390625,43.26661682128906,45.79301071166992,45.79301071166992,46.647613525390625,46.3249397277832,46.87216567993164,47.70744323730469,47.70744323730469,48.54894256591797,48.3735466003418,48.30113983154297,47.423622131347656,45.31004333496094,44.271888732910156,43.680660247802734,44.14748001098633,43.5660400390625,44.18144226074219,43.185646057128906,42.01190185546875,8.062257766723633,3.1622776985168457,1.0,1.0,1.4142135381698608,3.605551242828369,23.853721618652344,23.430749893188477,31.30495262145996,36.2353401184082,39.824615478515625,43.382022857666016,41.62931823730469,42.154476165771484,42.72002029418945,42.72002029418945,42.20189666748047,43.680660247802734,45.221675872802734,44.271888732910156,41.761226654052734,42.20189666748047,41.231056213378906,40.024993896484375,40.79215621948242,40.4474983215332,41.231056213378906,43.65776062011719,45.18849563598633
1774426878.5959961,-75,1,0,0,40.853397369384766,40.49691390991211,39.84971618652344,41.48493576049805,42.20189666748047,42.20189666748047,40.26164245605469,40.024993896484375,41.0,42.7551155090332,44.9110221862793,45.12205505371094,45.35416030883789,44.92215347290039,43.011627197265625,41.78516387939453,40.31128692626953,39.81205749511719,39.357337951660156,38.587562561035156,38.01315689086914,37.735923767089844,37.80211639404297,6.4031243324279785,1.4142135381698608,1.4142135381698608,1.4142135381698608,1.4142135381698608,5.0,30.265491485595703,29.832868576049805,29.529645919799805,29.681644439697266,31.064449310302734,31.62277603149414,32.202484130859375,33.42155075073242,33.970577239990234,33.941123962402344,33.970577239990234,35.38361358642578,37.48332977294922,37.48332977294922,37.48332977294922,38.20994567871094,38.20994567871094,38.20994567871094,38.20994567871094,38.28837966918945,38.41874694824219,39.408119201660156,40.49691390991211
1774426878.6598055,-75,1,0,0,42.42640686035156,41.72529220581055,41.773197174072266,41.1096076965332,41.400482177734375,42.43819046020508,41.88078308105469,41.34005355834961,41.88078308105469,42.43819046020508,43.011627197265625,43.011627197265625,44.40720748901367,45.0,44.04542922973633,41.773197174072266,40.31128692626953,39.59798049926758,38.94868469238281,38.41874694824219,38.27531814575195,36.24913787841797,35.735137939453125,6.082762718200684,1.0,1.4142135381698608,1.4142135381698608,1.0,4.242640495300293,29.068883895874023,28.284271240234375,29.832868576049805,30.0,31.62277603149414,31.906112670898438,32.75667953491211,34.0,34.885528564453125,35.34119415283203,35.84689712524414,35.84689712524414,36.24913787841797,36.67424011230469,36.67424011230469,37.121421813964844,37.121421813964844,38.470767974853516,39.824615478515625,40.31128692626953,39.96248245239258,40.49691390991211,39.66106414794922
1774426878.7166784,-75,1,0,0,48.02082824707031,47.16990661621094,46.87216567993164,45.80392837524414,45.45327377319336,46.097721099853516,46.097721099853516,46.75468063354492,47.423622131347656,48.10405349731445,48.83646011352539,48.166378021240234,48.91830062866211,48.27007293701172,46.22769546508789,45.80392837524414,45.486263275146484,45.27692413330078,44.777225494384766,43.382022857666016,42.72002029418945,41.773197174072266,41.1096076965332,8.0,3.1622776985168457,1.0,1.0,2.2360680103302,5.830951690673828,32.4499626159668,32.75667953491211,33.541019439697266,34.928497314453125,35.46829605102539,36.68787384033203,38.327537536621094,40.26164245605469,41.0,41.0,41.773197174072266,41.773197174072266,41.773197174072266,42.7551155090332,42.7551155090332,43.73785400390625,42.7551155090332,42.95346450805664,43.416587829589844,43.96589660644531,44.271888732910156,44.59820556640625,44.59820556640625
1774426878.7293947,-75,1,0,0,46.097721099853516,45.45327377319336,45.607017517089844,46.40043258666992,46.615447998046875,46.04345703125,45.486263275146484,46.3249397277832,46.647613525390625,48.02082824707031,50.2493782043457,51.107730865478516,52.15361785888672,51.865211486816406,50.21951675415039,48.010414123535156,44.821868896484375,43.931766510009766,43.13930892944336,43.27817153930664,43.600460052490234,41.59326934814453,41.78516387939453,7.280109882354736,2.0,1.4142135381698608,1.4142135381698608,1.0,4.4721360206604,30.01666259765625,30.805843353271484,33.241539001464844,33.30165100097656,34.058773040771484,35.0,35.80502700805664,37.44329071044922,38.587562561035156,39.824615478515625,40.70626449584961,41.59326934814453,42.04759216308594,41.146080017089844,41.59326934814453,41.18252182006836,41.67733383178711,42.19004440307617,43.5660400390625,44.10215377807617,43.8292121887207,44.204071044921875,45.607017517089844
1774426878.7978826,-75,1,0,0,49.04079818725586,48.10405349731445,47.75981521606445,47.434165954589844,47.12748718261719,46.57252502441406,46.87216567993164,47.51841735839844,48.50773239135742,50.635955810546875,51.788028717041016,50.21951675415039,49.72926712036133,49.04079818725586,48.383880615234375,47.75981521606445,47.16990661621094,47.01063537597656,45.617977142333984,45.27692413330078,45.221675872802734,45.80392837524414,44.68780517578125,8.485280990600586,2.8284270763397217,0.0,0.0,2.0,6.0,33.0151481628418,33.37664031982422,34.539833068847656,34.928497314453125,36.67424011230469,37.121421813964844,38.470767974853516,39.96248245239258,41.88078308105469,42.43819046020508,43.011627197265625,43.600460052490234,43.600460052490234,42.8018684387207,42.8018684387207,43.011627197265625,43.8292121887207,45.221675872802734,46.04345703125,46.04345703125,45.79301071166992,45.650848388671875,45.650848388671875
1774426878.8644345,-75,1,0,0,41.773197174072266,42.52058410644531,43.27817153930664,44.04542922973633,44.204071044921875,43.011627197265625,42.43819046020508,41.88078308105469,41.88078308105469,42.43819046020508,43.011627197265625,43.011627197265625,43.8292121887207,44.40720748901367,45.0,42.63801193237305,41.03656768798828,39.59798049926758,38.94868469238281,38.60051727294922,38.27531814575195,36.67424011230469,35.46829605102539,6.324555397033691,1.0,1.4142135381698608,1.4142135381698608,1.0,4.4721360206604,26.07680892944336,27.658634185791016,29.0,29.832868576049805,30.0,30.805843353271484,31.906112670898438,33.61547088623047,34.0,35.7770881652832,35.7770881652832,38.01315689086914,38.910152435302734,38.910152435302734,38.910152435302734,39.357337951660156,38.470767974853516,38.01315689086914,38.470767974853516,39.4461669921875,39.11521530151367,39.408119201660156,40.804412841796875
1774426878.8644345,-75,1,0,0,43.90899658203125,43.5660400390625,41.88078308105469,42.20189666748047,42.63801193237305,42.52058410644531,41.72529220581055,41.01219177246094,42.42640686035156,43.13930892944336,44.55333709716797,43.863426208496094,43.185646057128906,43.931766510009766,43.416587829589844,42.20189666748047,42.43819046020508,40.49691390991211,39.4461669921875,39.357337951660156,39.0,37.656341552734375,37.2155876159668,6.082762718200684,1.0,1.0,1.0,1.4142135381698608,5.0,30.01666259765625,30.4138126373291,30.886890411376953,30.870698928833008,31.38471031188965,31.95309066772461,32.893768310546875,33.52610778808594,34.20526123046875,33.95585250854492,34.928497314453125,35.902645111083984,37.10795211791992,38.07886505126953,38.832977294921875,38.832977294921875,38.832977294921875,39.051246643066406,39.560081481933594,39.84971618652344,39.84971618652344,40.16217041015625,40.49691390991211
1774426878.9344993,-76,1,0,0,48.10405349731445,47.381431579589844,46.69047164916992,46.097721099853516,47.01063537597656,47.801673889160156,47.20169448852539,47.20169448852539,48.25971221923828,49.09175109863281,48.25971221923828,47.801673889160156,47.6340217590332,48.27007293701172,48.27007293701172,47.423622131347656,45.96738052368164,45.343135833740234,44.821868896484375,43.600460052490234,42.19004440307617,40.24922180175781,39.560081481933594,6.7082037925720215,2.2360680103302,1.0,1.0,2.2360680103302,5.830951690673828,34.20526123046875,34.058773040771484,32.557640075683594,33.42155075073242,35.80502700805664,36.8917350769043,38.587562561035156,38.94868469238281,39.824615478515625,39.81205749511719,40.31128692626953,41.231056213378906,41.62931823730469,41.62931823730469,42.95346450805664,43.382022857666016,42.48529052734375,42.94182205200195,42.94182205200195,42.54409408569336,43.046485900878906,44.41846466064453,46.3249397277832
1774426878.9551198,-75,1,0,0,42.43819046020508,43.26661682128906,42.20189666748047,41.400482177734375,39.69886779785156,40.360870361328125,40.804412841796875,42.72002029418945,43.8292121887207,44.04542922973633,43.931766510009766,43.185646057128906,43.863426208496094,43.84062194824219,43.27817153930664,41.231056213378906,41.231056213378906,38.94868469238281,39.69886779785156,40.607879638671875,38.832977294921875,42.04759216308594,41.04875183105469,7.071067810058594,1.4142135381698608,2.0,1.4142135381698608,1.0,5.830951690673828,33.541019439697266,33.61547088623047,31.064449310302734,32.24903106689453,32.202484130859375,32.69556427001953,31.95309066772461,33.52610778808594,35.1710090637207,36.878177642822266,37.85498809814453,37.85498809814453,38.60051727294922,37.336307525634766,37.336307525634766,39.924930572509766,41.43669891357422,40.52159881591797,41.231056213378906,39.293766021728516,39.560081481933594,41.43669891357422,43.46262741088867
1774426879.0102892,-75,1,0,0,45.607017517089844,44.643028259277344,43.96589660644531,42.72002029418945,43.863426208496094,45.17742919921875,46.52956008911133,45.17742919921875,45.17742919921875,46.06517028808594,46.957427978515625,46.51881408691406,46.51881408691406,46.097721099853516,45.31004333496094,43.96589660644531,42.20189666748047,41.9761848449707,41.773197174072266,40.31128692626953,39.11521530151367,39.84971618652344,39.0,6.7082037925720215,1.4142135381698608,1.4142135381698608,1.0,1.4142135381698608,4.123105525970459,30.265491485595703,31.14482307434082,32.015621185302734,33.734256744384766,35.35533905029297,35.22782897949219,36.12478256225586,36.013885498046875,37.0,37.0,38.01315689086914,39.051246643066406,40.01249694824219,40.04996871948242,40.04996871948242,41.01219177246094,40.01249694824219,41.0,42.01190185546875,42.04759216308594,42.04759216308594,42.10700607299805,43.185646057128906
1774426879.077366,-75,1,0,0,43.46262741088867,43.863426208496094,42.94182205200195,42.19004440307617,43.8292121887207,44.40720748901367,44.40720748901367,44.40720748901367,44.40720748901367,44.40720748901367,45.221675872802734,45.486263275146484,44.94440841674805,45.27692413330078,44.29446792602539,44.283180236816406,42.54409408569336,41.78516387939453,41.43669891357422,40.804412841796875,39.051246643066406,39.81205749511719,39.560081481933594,6.324555397033691,1.0,1.4142135381698608,1.4142135381698608,1.4142135381698608,5.385164737701416,32.572994232177734,32.015621185302734,31.78049659729004,31.95309066772461,33.52610778808594,34.20526123046875,34.71310806274414,35.510562896728516,36.34556198120117,37.2155876159668,38.20994567871094,38.327537536621094,39.31920623779297,39.31920623779297,40.4474983215332,41.30375289916992,40.31128692626953,39.31920623779297,39.623226165771484,38.63935852050781,39.623226165771484,41.773197174072266,42.95346450805664
1774426879.0985873,-75,1,0,0,41.88078308105469,40.804412841796875,40.0,39.824615478515625,40.360870361328125,41.01219177246094,41.01219177246094,42.42640686035156,43.863426208496094,44.59820556640625,44.59820556640625,44.55333709716797,44.55333709716797,43.84062194824219,43.185646057128906,41.231056213378906,40.804412841796875,40.49691390991211,39.96248245239258,38.470767974853516,38.4837646484375,37.336307525634766,38.01315689086914,7.071067810058594,3.1622776985168457,1.0,1.0,2.0,5.385164737701416,29.96664810180664,30.463092803955078,30.4138126373291,31.78049659729004,32.31098937988281,33.83784866333008,34.48188018798828,35.1710090637207,36.13862228393555,35.902645111083984,35.902645111083984,35.902645111083984,37.10795211791992,37.10795211791992,39.051246643066406,39.81205749511719,39.623226165771484,40.024993896484375,40.52159881591797,39.84971618652344,40.16217041015625,40.16217041015625,40.49691390991211
1774426879.1482198,-75,1,0,0,42.154476165771484,40.31128692626953,40.71854782104492,41.59326934814453,43.046485900878906,42.72002029418945,42.43819046020508,42.20189666748047,42.20189666748047,42.20189666748047,43.011627197265625,43.8292121887207,44.10215377807617,44.41846466064453,42.54409408569336,41.59326934814453,40.71854782104492,40.31128692626953,39.924930572509766,40.16217041015625,39.293766021728516,38.20994567871094,38.01315689086914,6.082762718200684,1.4142135381698608,1.4142135381698608,1.0,1.0,4.123105525970459,27.85677719116211,27.892650604248047,30.08321762084961,29.614185333251953,30.4138126373291,30.265491485595703,32.140316009521484,34.058773040771484,36.013885498046875,36.013885498046875,36.013885498046875,36.0,37.013511657714844,37.05401611328125,37.013511657714844,38.01315689086914,38.01315689086914,40.01249694824219,40.04996871948242,40.112342834472656,40.199501037597656,40.31128692626953,40.607879638671875
1774426879.2139378,-75,1,0,0,48.84669876098633,47.16990661621094,46.48655700683594,45.607017517089844,45.89117431640625,46.52956008911133,46.52956008911133,45.39823913574219,46.27094268798828,46.389652252197266,48.50773239135742,48.66210174560547,48.83646011352539,50.21951675415039,48.764739990234375,46.48655700683594,44.0113639831543,43.46262741088867,43.46262741088867,44.283180236816406,43.416587829589844,43.011627197265625,41.1096076965332,7.8102498054504395,2.2360680103302,1.0,1.0,1.4142135381698608,5.099019527435303,31.78049659729004,32.572994232177734,34.01470184326172,34.0,34.13209533691406,34.4093017578125,35.80502700805664,38.60051727294922,40.0,41.231056213378906,41.231056213378906,41.231056213378906,41.231056213378906,41.400482177734375,41.400482177734375,42.8018684387207,42.20189666748047,43.011627197265625,43.011627197265625,43.8292121887207,44.40720748901367,45.221675872802734,46.04345703125
1774426879.225169,-75,1,0,0,45.17742919921875,45.17742919921875,44.777225494384766,45.79301071166992,47.434165954589844,46.22769546508789,45.343135833740234,45.343135833740234,46.010868072509766,46.010868072509766,46.69047164916992,47.50789260864258,48.41487503051758,48.60041046142578,48.25971221923828,46.3249397277832,44.41846466064453,43.416587829589844,43.8292121887207,43.08131790161133,42.05948257446289,40.26164245605469,39.623226165771484,6.082762718200684,1.0,1.4142135381698608,1.4142135381698608,1.4142135381698608,5.0,30.805843353271484,31.38471031188965,33.61547088623047,34.1760139465332,33.83784866333008,33.52610778808594,35.1710090637207,37.656341552734375,39.458839416503906,39.31920623779297,40.31128692626953,41.30375289916992,42.296573638916016,41.30375289916992,40.31128692626953,40.607879638671875,40.607879638671875,41.59326934814453,43.931766510009766,42.95346450805664,43.17406463623047,43.416587829589844,44.643028259277344
1774426879.2877426,-75,1,0,0,44.821868896484375,45.607017517089844,45.45327377319336,45.45327377319336,46.75468063354492,45.96738052368164,43.84062194824219,43.13930892944336,45.27692413330078,45.96738052368164,46.66904830932617,45.96738052368164,46.69047164916992,47.423622131347656,46.75468063354492,44.821868896484375,42.20189666748047,42.43819046020508,42.19004440307617,41.59326934814453,40.31128692626953,43.011627197265625,42.19004440307617,8.062257766723633,3.1622776985168457,0.0,0.0,2.2360680103302,6.4031243324279785,33.83784866333008,35.0,34.13209533691406,34.98571014404297,34.48188018798828,34.438350677490234,34.928497314453125,37.6961555480957,38.27531814575195,38.897300720214844,39.84971618652344,39.560081481933594,40.52159881591797,40.52159881591797,39.560081481933594,39.84971618652344,41.1096076965332,42.379241943359375,43.65776062011719,42.72002029418945,42.154476165771484,42.54409408569336,42.95346450805664
1774426879.363184,-75,1,0,0,50.447994232177734,48.91830062866211,47.423622131347656,45.96738052368164,45.343135833740234,46.22769546508789,46.40043258666992,46.40043258666992,47.801673889160156,49.40647888183594,50.0,49.81967544555664,50.447994232177734,50.32891845703125,49.57822036743164,47.381431579589844,46.010868072509766,44.68780517578125,44.204071044921875,43.26661682128906,42.54409408569336,44.777225494384766,44.283180236816406,7.6157732009887695,2.2360680103302,1.0,1.0,2.2360680103302,6.4031243324279785,34.828147888183594,34.71310806274414,32.80244064331055,33.83784866333008,34.98571014404297,36.2353401184082,37.121421813964844,37.57658767700195,38.4837646484375,39.0,39.924930572509766,41.78516387939453,43.08131790161133,43.65776062011719,42.379241943359375,41.43669891357422,40.49691390991211,40.853397369384766,42.54409408569336,43.863426208496094,45.617977142333984,46.957427978515625,47.88528060913086
1774426879.363184,-75,1,0,0,41.30375289916992,40.4474983215332,40.607879638671875,41.9761848449707,42.20189666748047,42.72002029418945,42.05948257446289,42.05948257446289,42.379241943359375,42.379241943359375,43.32435989379883,43.32435989379883,43.96589660644531,43.416587829589844,42.20189666748047,41.773197174072266,40.31128692626953,40.112342834472656,40.01249694824219,39.051246643066406,39.20458984375,39.11521530151367,38.327537536621094,6.324555397033691,1.4142135381698608,1.4142135381698608,1.4142135381698608,1.0,4.123105525970459,28.460498809814453,28.861740112304688,30.265491485595703,30.066593170166016,31.0,32.06243896484375,34.13209533691406,35.12833786010742,35.22782897949219,36.34556198120117,37.48332977294922,38.470767974853516,39.623226165771484,39.623226165771484,39.623226165771484,38.63935852050781,38.63935852050781,39.458839416503906,40.31128692626953,40.199501037597656,40.112342834472656,40.112342834472656,40.112342834472656
1774426879.436033,-75,1,0,0,44.283180236816406,43.28972244262695,42.19004440307617,41.1096076965332,41.01219177246094,42.01190185546875,43.046485900878906,45.09988784790039,45.17742919921875,45.09988784790039,45.0444221496582,45.0444221496582,45.0111083984375,45.0,44.04542922973633,43.104522705078125,42.19004440307617,41.43669891357422,41.773197174072266,40.52159881591797,39.217342376708984,39.217342376708984,39.0,7.6157732009887695,2.8284270763397217,0.0,0.0,2.0,6.0,32.0,31.016124725341797,31.575305938720703,32.015621185302734,32.280025482177734,32.893768310546875,33.61547088623047,34.438350677490234,36.2353401184082,36.2353401184082,37.58989334106445,38.94868469238281,40.31128692626953,38.94868469238281,39.4461669921875,40.31128692626953,40.70626449584961,40.70626449584961,42.04759216308594,42.54409408569336,43.46262741088867,42.72002029418945,43.011627197265625
1774426879.502092,-75,1,0,0,43.863426208496094,42.52058410644531,42.01190185546875,42.20189666748047,42.43819046020508,42.72002029418945,41.88078308105469,42.72002029418945,42.54409408569336,42.05948257446289,42.94182205200195,44.777225494384766,44.41846466064453,44.10215377807617,43.8292121887207,43.600460052490234,41.86884307861328,41.03656768798828,41.01219177246094,40.360870361328125,39.20458984375,38.587562561035156,37.121421813964844,6.324555397033691,2.0,1.0,1.0,1.4142135381698608,5.0,29.154760360717773,29.4108829498291,30.4138126373291,31.14482307434082,32.015621185302734,33.0151481628418,33.2866325378418,34.66987228393555,35.22782897949219,36.055511474609375,36.359317779541016,37.2155876159668,38.94868469238281,40.31128692626953,40.31128692626953,40.31128692626953,39.4461669921875,39.4461669921875,39.66106414794922,40.224369049072266,40.224369049072266,40.804412841796875,42.20189666748047
1774426879.512358,-75,1,0,0,47.01063537597656,46.40043258666992,45.80392837524414,46.87216567993164,48.02082824707031,47.01063537597656,46.52956008911133,46.52956008911133,46.52956008911133,47.41307830810547,49.24428939819336,49.24428939819336,49.73931884765625,48.87739944458008,47.70744323730469,46.615447998046875,44.68780517578125,43.863426208496094,44.55333709716797,43.931766510009766,43.600460052490234,42.94182205200195,43.46262741088867,8.246211051940918,3.0,1.0,1.0,1.4142135381698608,5.0,29.681644439697266,32.4499626159668,34.4093017578125,34.828147888183594,35.38361358642578,36.06937789916992,36.12478256225586,37.53664779663086,39.051246643066406,39.824615478515625,40.607879638671875,41.400482177734375,42.8018684387207,43.600460052490234,43.011627197265625,43.011627197265625,42.20189666748047,42.8018684387207,42.63801193237305,42.63801193237305,43.931766510009766,44.68780517578125,46.010868072509766
1774426879.5787323,-75,1,0,0,45.694637298583984,45.31004333496094,45.54119110107422,44.92215347290039,46.57252502441406,45.89117431640625,44.72135925292969,44.72135925292969,45.7055778503418,46.69047164916992,48.66210174560547,49.81967544555664,50.0099983215332,49.24428939819336,47.53945541381836,45.221675872802734,44.384681701660156,43.863426208496094,44.283180236816406,44.777225494384766,44.10215377807617,44.55333709716797,43.185646057128906,8.062257766723633,2.2360680103302,1.0,1.0,1.4142135381698608,5.830951690673828,33.61547088623047,34.438350677490234,34.01470184326172,34.885528564453125,34.98571014404297,35.510562896728516,36.619667053222656,39.20458984375,40.45985794067383,40.45985794067383,40.360870361328125,40.360870361328125,40.360870361328125,41.773197174072266,42.44997024536133,43.863426208496094,43.931766510009766,44.821868896484375,45.0,44.40720748901367,43.8292121887207,44.10215377807617,44.94440841674805
1774426879.6541789,-75,1,0,0,42.54409408569336,41.34005355834961,41.04875183105469,40.0,41.231056213378906,41.1096076965332,41.1096076965332,41.773197174072266,41.72529220581055,43.13930892944336,43.84062194824219,43.863426208496094,43.931766510009766,43.931766510009766,43.27817153930664,41.400482177734375,40.49691390991211,39.4461669921875,39.357337951660156,38.4837646484375,38.27531814575195,37.85498809814453,37.336307525634766,6.082762718200684,1.0,1.0,1.0,1.4142135381698608,5.656854152679443,29.681644439697266,30.01666259765625,29.529645919799805,30.463092803955078,31.95309066772461,32.893768310546875,33.52610778808594,34.20526123046875,34.20526123046875,34.928497314453125,35.902645111083984,36.878177642822266,37.656341552734375,38.470767974853516,37.48332977294922,37.656341552734375,36.878177642822266,38.07886505126953,39.293766021728516,39.560081481933594,39.84971618652344,39.84971618652344,40.804412841796875
1774426879.6541789,-75,1,0,0,38.27531814575195,37.44329071044922,36.8917350769043,37.2155876159668,36.400550842285156,36.878177642822266,37.48332977294922,38.470767974853516,39.051246643066406,39.84971618652344,40.16217041015625,39.217342376708984,39.39543151855469,39.824615478515625,37.735923767089844,37.44329071044922,38.01315689086914,35.84689712524414,34.885528564453125,33.12099075317383,32.75667953491211,38.62641525268555,37.947330474853516,7.071067810058594,2.0,1.4142135381698608,1.4142135381698608,1.0,5.385164737701416,29.529645919799805,29.681644439697266,29.546573638916016,29.529645919799805,30.528675079345703,30.805843353271484,31.240999221801758,31.827661514282227,32.649654388427734,33.60059356689453,34.4093017578125,34.828147888183594,35.38361358642578,35.0,35.22782897949219,35.0,35.38361358642578,35.35533905029297,35.35533905029297,36.769554138183594,36.769554138183594,36.769554138183594,37.48332977294922
1774426879.723389,-75,1,0,0,48.60041046142578,46.615447998046875,46.3249397277832,46.647613525390625,47.01063537597656,46.51881408691406,47.01063537597656,47.92702865600586,47.92702865600586,48.754486083984375,48.754486083984375,47.85394287109375,47.85394287109375,48.764739990234375,47.50789260864258,46.3249397277832,45.486263275146484,45.221675872802734,44.204071044921875,43.931766510009766,43.84062194824219,42.72002029418945,42.94182205200195,8.062257766723633,3.1622776985168457,0.0,0.0,2.2360680103302,6.7082037925720215,34.98571014404297,35.0,34.71310806274414,36.06937789916992,36.06937789916992,36.79673767089844,37.64305877685547,38.60051727294922,39.66106414794922,39.66106414794922,40.49691390991211,41.34005355834961,41.34005355834961,42.72002029418945,43.26661682128906,43.011627197265625,43.011627197265625,43.600460052490234,44.204071044921875,44.04542922973633,43.27817153930664,43.863426208496094,46.010868072509766
1774426879.7895663,-75,1,0,0,42.42640686035156,40.31128692626953,39.11521530151367,40.01249694824219,42.0,42.04759216308594,43.104522705078125,42.10700607299805,42.19004440307617,42.19004440307617,43.104522705078125,43.104522705078125,44.04542922973633,44.0113639831543,43.011627197265625,42.10700607299805,41.30375289916992,40.4474983215332,39.81205749511719,38.327537536621094,38.27531814575195,38.07886505126953,38.07886505126953,5.830951690673828,1.4142135381698608,1.4142135381698608,1.0,1.4142135381698608,5.385164737701416,31.78049659729004,30.4138126373291,29.068883895874023,29.27456283569336,31.400636672973633,32.75667953491211,32.98484420776367,33.241539001464844,33.52610778808594,34.1760139465332,35.46829605102539,38.07886505126953,38.07886505126953,38.4837646484375,39.0,39.924930572509766,39.0,37.6961555480957,38.27531814575195,38.60051727294922,39.560081481933594,39.560081481933594,40.26164245605469
1774426879.80059,-75,1,0,0,42.57933807373047,41.773197174072266,41.9761848449707,41.231056213378906,41.48493576049805,42.72002029418945,43.011627197265625,44.271888732910156,43.65776062011719,43.65776062011719,43.65776062011719,44.59820556640625,43.32435989379883,42.72002029418945,42.44997024536133,41.0,40.607879638671875,40.31128692626953,40.112342834472656,39.0128173828125,38.05259704589844,38.11823654174805,38.470767974853516,6.082762718200684,2.0,1.4142135381698608,1.0,2.2360680103302,5.830951690673828,32.202484130859375,31.95309066772461,30.066593170166016,31.0,31.064449310302734,32.140316009521484,33.13608169555664,34.2344856262207,35.35533905029297,35.510562896728516,35.902645111083984,37.10795211791992,38.07886505126953,37.85498809814453,37.85498809814453,37.656341552734375,37.48332977294922,37.48332977294922,38.470767974853516,39.31920623779297,39.20458984375,40.199501037597656,42.04759216308594
1774426879.8677294,-75,1,0,0,44.204071044921875,43.416587829589844,42.52058410644531,41.773197174072266,42.42640686035156,42.44997024536133,42.44997024536133,42.44997024536133,43.863426208496094,44.55333709716797,44.55333709716797,44.55333709716797,44.59820556640625,44.68780517578125,43.416587829589844,41.617305755615234,40.8166618347168,41.18252182006836,41.146080017089844,40.31128692626953,40.49691390991211,40.31128692626953,39.051246643066406,7.0,3.1622776985168457,1.0,1.4142135381698608,2.2360680103302,5.0,24.20743751525879,26.62705421447754,29.4108829498291,33.30165100097656,35.38361358642578,36.400550842285156,37.64305877685547,35.46829605102539,31.62277603149414,30.4138126373291,30.870698928833008,32.31098937988281,34.438350677490234,36.2353401184082,38.01315689086914,39.39543151855469,36.400550842285156,36.769554138183594,39.357337951660156,41.04875183105469,42.19004440307617,42.54409408569336,43.8292121887207
1774426879.941153,-75,1,0,0,49.04079818725586,48.166378021240234,46.69047164916992,45.96738052368164,46.010868072509766,46.097721099853516,46.097721099853516,46.75468063354492,46.86149978637695,46.86149978637695,48.27007293701172,48.91830062866211,48.91830062866211,48.83646011352539,47.381431579589844,45.96738052368164,44.68780517578125,44.821868896484375,44.204071044921875,44.10215377807617,43.416587829589844,41.78516387939453,41.231056213378906,8.062257766723633,3.1622776985168457,1.0,1.0,2.2360680103302,6.4031243324279785,34.71310806274414,34.20526123046875,34.4093017578125,34.66987228393555,35.84689712524414,37.121421813964844,37.57658767700195,39.0,39.560081481933594,40.49691390991211,40.49691390991211,42.379241943359375,42.379241943359375,43.32435989379883,44.271888732910156,44.59820556640625,43.65776062011719,44.0113639831543,44.777225494384766,45.18849563598633,45.18849563598633,46.06517028808594,46.52956008911133
1774426879.941153,-75,1,0,0,42.72002029418945,41.62931823730469,40.24922180175781,40.70626449584961,40.31128692626953,41.67733383178711,42.19004440307617,42.19004440307617,42.72002029418945,42.72002029418945,42.72002029418945,42.72002029418945,43.5660400390625,43.90899658203125,42.94182205200195,42.04759216308594,40.853397369384766,40.49691390991211,39.84971618652344,39.293766021728516,38.470767974853516,37.05401611328125,37.48332977294922,6.082762718200684,2.0,1.0,1.0,1.4142135381698608,5.0,28.17800521850586,28.23118782043457,29.4108829498291,31.048349380493164,31.78049659729004,32.557640075683594,33.37664031982422,34.2344856262207,34.13209533691406,34.13209533691406,36.055511474609375,37.05401611328125,37.05401611328125,37.013511657714844,37.013511657714844,38.05259704589844,38.11823654174805,39.20458984375,39.20458984375,40.31128692626953,40.31128692626953,41.43669891357422,42.57933807373047
1774426880.0114315,-75,1,0,0,43.73785400390625,42.20189666748047,41.231056213378906,40.52159881591797,42.05948257446289,42.72002029418945,42.154476165771484,42.54409408569336,43.46262741088867,43.46262741088867,44.384681701660156,45.880279541015625,45.54119110107422,44.92215347290039,43.680660247802734,41.9761848449707,40.79215621948242,40.607879638671875,40.4474983215332,40.112342834472656,40.0,41.04875183105469,42.01190185546875,8.062257766723633,3.1622776985168457,1.0,1.0,2.0,6.324555397033691,34.01470184326172,32.31098937988281,30.265491485595703,31.064449310302734,32.015621185302734,33.0,35.05709457397461,36.22154235839844,36.34556198120117,36.49657440185547,36.49657440185547,37.48332977294922,38.327537536621094,38.327537536621094,38.470767974853516,39.458839416503906,39.458839416503906,40.31128692626953,40.31128692626953,41.30375289916992,42.19004440307617,42.04759216308594,43.011627197265625
1774426880.076369,-75,1,0,0,43.65776062011719,43.46262741088867,42.04759216308594,42.05948257446289,43.046485900878906,43.5660400390625,44.10215377807617,44.10215377807617,44.10215377807617,44.10215377807617,43.5660400390625,43.5660400390625,43.90899658203125,44.29446792602539,43.8292121887207,42.54409408569336,41.78516387939453,42.05948257446289,41.761226654052734,40.024993896484375,39.458839416503906,39.31920623779297,39.051246643066406,6.082762718200684,2.0,1.4142135381698608,1.0,2.2360680103302,5.656854152679443,31.064449310302734,31.38471031188965,30.675724029541016,31.048349380493164,31.575305938720703,31.400636672973633,32.38827133178711,33.37664031982422,34.36568069458008,35.22782897949219,36.055511474609375,37.013511657714844,38.01315689086914,39.0128173828125,39.0128173828125,39.051246643066406,38.05259704589844,37.121421813964844,37.121421813964844,39.20458984375,39.31920623779297,40.4474983215332,41.773197174072266
1774426880.097462,-75,1,0,0,50.80354309082031,50.635955810546875,49.497474670410156,48.50773239135742,48.166378021240234,48.041648864746094,47.01063537597656,47.0,47.01063537597656,48.010414123535156,48.041648864746094,49.01020431518555,50.0099983215332,50.03998565673828,50.15974426269531,48.3735466003418,47.67599105834961,45.89117431640625,44.14748001098633,42.72002029418945,42.72002029418945,42.05948257446289,43.26661682128906,8.602325439453125,2.8284270763397217,0.0,0.0,2.2360680103302,6.082762718200684,32.557640075683594,32.015621185302734,34.20526123046875,34.48188018798828,36.055511474609375,36.400550842285156,37.161808013916016,38.910152435302734,39.824615478515625,40.31128692626953,41.67733383178711,43.046485900878906,43.046485900878906,43.046485900878906,42.54409408569336,43.8292121887207,44.72135925292969,44.283180236816406,44.283180236816406,44.777225494384766,45.31004333496094,46.81879806518555,46.48655700683594
1774426880.1538336,-75,1,0,0,41.01219177246094,40.31128692626953,40.360870361328125,41.1096076965332,42.01190185546875,42.20189666748047,41.04875183105469,40.49691390991211,41.88078308105469,42.43819046020508,43.26661682128906,43.8292121887207,44.40720748901367,44.40720748901367,43.416587829589844,41.1096076965332,39.59798049926758,38.20994567871094,38.28837966918945,38.60051727294922,38.27531814575195,37.013511657714844,36.619667053222656,5.830951690673828,1.0,1.4142135381698608,1.4142135381698608,1.0,4.123105525970459,27.73084831237793,28.301942825317383,29.068883895874023,29.832868576049805,30.0,30.805843353271484,31.62277603149414,33.61547088623047,34.885528564453125,35.34119415283203,36.24913787841797,37.161808013916016,37.57658767700195,38.01315689086914,36.67424011230469,35.7770881652832,34.885528564453125,36.715118408203125,38.94868469238281,39.4461669921875,38.587562561035156,38.832977294921875,39.408119201660156
1774426880.2225802,-75,1,0,0,46.097721099853516,45.31004333496094,45.31004333496094,45.880279541015625,46.48655700683594,45.880279541015625,45.607017517089844,46.3249397277832,46.097721099853516,46.097721099853516,47.29693603515625,47.53945541381836,48.08325958251953,49.04079818725586,48.383880615234375,46.81879806518555,45.31004333496094,44.777225494384766,44.283180236816406,43.90899658203125,43.26661682128906,41.86884307861328,40.31128692626953,6.4031243324279785,1.4142135381698608,1.4142135381698608,1.4142135381698608,1.0,5.099019527435303,29.546573638916016,31.30495262145996,33.2866325378418,33.83784866333008,34.4093017578125,36.400550842285156,37.64305877685547,38.94868469238281,40.31128692626953,40.31128692626953,40.360870361328125,40.360870361328125,40.360870361328125,41.03656768798828,40.31128692626953,40.31128692626953,40.31128692626953,41.72529220581055,43.13930892944336,43.13930892944336,43.185646057128906,44.04542922973633,44.204071044921875
1774426880.2363846,-75,1,0,0,42.44997024536133,41.773197174072266,41.1096076965332,41.231056213378906,42.20189666748047,42.20189666748047,42.20189666748047,43.011627197265625,43.600460052490234,43.011627197265625,43.8292121887207,43.8292121887207,43.8292121887207,43.600460052490234,42.63801193237305,42.44997024536133,41.72529220581055,41.1096076965332,40.45985794067383,39.20458984375,38.832977294921875,37.121421813964844,36.769554138183594,6.7082037925720215,2.2360680103302,1.0,1.0,2.0,5.830951690673828,30.805843353271484,30.610456466674805,30.4138126373291,31.240999221801758,32.202484130859375,33.83784866333008,34.13209533691406,35.35533905029297,35.7770881652832,34.438350677490234,34.438350677490234,35.7770881652832,37.57658767700195,38.910152435302734,38.910152435302734,39.357337951660156,38.94868469238281,38.587562561035156,38.27531814575195,39.11521530151367,39.11521530151367,39.96248245239258,40.49691390991211
1774426880.3007839,-75,1,0,0,41.01219177246094,41.01219177246094,40.31128692626953,40.360870361328125,40.45985794067383,41.231056213378906,39.20458984375,40.0,41.400482177734375,41.617305755615234,41.617305755615234,42.8018684387207,42.63801193237305,42.52058410644531,41.773197174072266,41.72529220581055,39.623226165771484,39.051246643066406,37.80211639404297,37.44329071044922,37.58989334106445,34.78505325317383,32.98484420776367,5.099019527435303,1.0,1.4142135381698608,1.4142135381698608,1.0,4.4721360206604,27.018512725830078,27.58622932434082,29.068883895874023,29.832868576049805,30.0,30.0,31.064449310302734,33.12099075317383,34.0,34.438350677490234,35.34119415283203,35.34119415283203,36.67424011230469,36.24913787841797,36.24913787841797,37.57658767700195,37.57658767700195,38.910152435302734,40.24922180175781,39.824615478515625,39.96248245239258,38.27531814575195,38.832977294921875
1774426880.3674984,-75,1,0,0,47.434165954589844,45.221675872802734,45.221675872802734,45.80392837524414,45.45327377319336,46.010868072509766,45.96738052368164,47.381431579589844,49.57822036743164,49.57822036743164,50.2493782043457,50.93132781982422,50.93132781982422,51.088157653808594,49.81967544555664,48.010414123535156,44.65422821044922,44.65422821044922,45.486263275146484,45.79301071166992,45.17742919921875,42.379241943359375,41.231056213378906,8.246211051940918,3.1622776985168457,0.0,0.0,2.8284270763397217,6.4031243324279785,32.649654388427734,33.61547088623047,34.438350677490234,34.438350677490234,34.438350677490234,35.84689712524414,37.0,39.293766021728516,40.607879638671875,41.30375289916992,40.112342834472656,39.20458984375,40.4474983215332,42.57933807373047,42.7551155090332,43.17406463623047,43.416587829589844,43.96589660644531,45.54119110107422,45.221675872802734,45.221675872802734,44.271888732910156,42.72002029418945
1774426880.3881586,-75,1,0,0,41.59326934814453,41.146080017089844,40.31128692626953,40.853397369384766,42.379241943359375,42.72002029418945,42.44997024536133,42.44997024536133,43.416587829589844,44.14748001098633,45.35416030883789,45.607017517089844,45.880279541015625,46.173583984375,44.271888732910156,42.154476165771484,40.71854782104492,40.24922180175781,40.70626449584961,39.4461669921875,38.832977294921875,38.587562561035156,38.60051727294922,7.211102485656738,2.2360680103302,1.0,1.0,2.0,6.082762718200684,29.614185333251953,30.805843353271484,31.764760971069336,31.064449310302734,31.400636672973633,32.649654388427734,33.970577239990234,35.38361358642578,35.38361358642578,36.06937789916992,36.06937789916992,36.06937789916992,36.79673767089844,38.20994567871094,37.48332977294922,38.18376541137695,37.48332977294922,38.20994567871094,38.94868469238281,37.53664779663086,37.53664779663086,39.051246643066406,39.824615478515625
1774426880.444866,-75,1,0,0,47.423622131347656,46.51881408691406,46.957427978515625,47.41307830810547,48.02082824707031,47.70744323730469,46.87216567993164,47.434165954589844,48.60041046142578,49.40647888183594,50.80354309082031,50.21951675415039,50.477718353271484,50.774009704589844,50.2493782043457,48.764739990234375,46.51881408691406,44.777225494384766,45.31004333496094,45.221675872802734,44.384681701660156,42.57933807373047,41.19466018676758,8.062257766723633,3.0,0.0,0.0,2.2360680103302,6.7082037925720215,34.928497314453125,35.84689712524414,37.0,36.400550842285156,35.902645111083984,36.49657440185547,37.2155876159668,39.11521530151367,41.1096076965332,41.1096076965332,42.04759216308594,44.0113639831543,45.0111083984375,44.04542922973633,43.046485900878906,43.046485900878906,44.10215377807617,46.097721099853516,46.27094268798828,46.389652252197266,45.54119110107422,44.55333709716797,45.89117431640625
1774426880.5091827,-75,1,0,0,43.011627197265625,42.0,41.0,42.04759216308594,43.185646057128906,44.40720748901367,42.57933807373047,42.42640686035156,43.416587829589844,44.40720748901367,46.389652252197266,46.27094268798828,46.173583984375,47.095645904541016,46.04345703125,44.0,43.046485900878906,42.19004440307617,41.30375289916992,40.79215621948242,40.52159881591797,38.4837646484375,38.587562561035156,6.7082037925720215,2.2360680103302,1.0,0.0,2.2360680103302,6.324555397033691,31.048349380493164,32.557640075683594,32.0,32.06243896484375,32.24903106689453,32.557640075683594,33.95585250854492,37.10795211791992,37.36308288574219,37.64305877685547,37.64305877685547,38.60051727294922,39.560081481933594,39.84971618652344,40.16217041015625,39.84971618652344,39.84971618652344,40.804412841796875,41.761226654052734,41.48493576049805,40.52159881591797,40.26164245605469,41.0
1774426880.5220037,-75,1,0,0,48.30113983154297,46.14108657836914,45.79301071166992,44.65422821044922,45.607017517089844,46.22769546508789,45.45327377319336,46.86149978637695,46.75468063354492,48.166378021240234,47.50789260864258,46.86149978637695,47.01063537597656,48.60041046142578,48.82622146606445,48.02082824707031,45.650848388671875,44.72135925292969,44.283180236816406,42.72002029418945,42.05948257446289,41.59326934814453,42.296573638916016,7.071067810058594,2.2360680103302,1.0,1.0,1.4142135381698608,5.656854152679443,31.906112670898438,31.38471031188965,33.12099075317383,34.01470184326172,34.1760139465332,36.68787384033203,37.36308288574219,38.07886505126953,38.832977294921875,39.623226165771484,40.4474983215332,40.4474983215332,41.43669891357422,42.42640686035156,42.42640686035156,42.42640686035156,42.57933807373047,43.73785400390625,42.95346450805664,42.20189666748047,43.416587829589844,44.384681701660156,44.643028259277344
1774426880.577371,-74,1,0,0,42.63801193237305,40.360870361328125,39.623226165771484,39.69886779785156,39.623226165771484,41.01219177246094,40.31128692626953,41.1096076965332,41.86884307861328,43.27817153930664,43.931766510009766,43.185646057128906,44.55333709716797,43.84062194824219,43.13930892944336,43.185646057128906,41.231056213378906,39.408119201660156,39.11521530151367,38.470767974853516,38.4837646484375,37.36308288574219,37.10795211791992,6.082762718200684,1.0,1.4142135381698608,1.4142135381698608,1.4142135381698608,5.0,29.698484420776367,29.068883895874023,30.232433319091797,30.528675079345703,30.4138126373291,31.78049659729004,33.241539001464844,34.1760139465332,34.48188018798828,35.1710090637207,35.1710090637207,36.400550842285156,37.64305877685547,37.64305877685547,36.68787384033203,37.0,37.947330474853516,39.217342376708984,40.49691390991211,40.853397369384766,40.31128692626953,39.81205749511719,40.70626449584961
1774426880.5880644,-75,1,0,0,46.86149978637695,45.607017517089844,45.0,45.221675872802734,45.486263275146484,45.27692413330078,45.17742919921875,46.06517028808594,46.957427978515625,47.85394287109375,48.30113983154297,47.88528060913086,47.88528060913086,48.02082824707031,47.70744323730469,46.615447998046875,44.204071044921875,44.04542922973633,43.185646057128906,43.13930892944336,41.86884307861328,40.31128692626953,39.39543151855469,6.324555397033691,2.0,1.4142135381698608,1.4142135381698608,1.0,5.385164737701416,30.528675079345703,30.805843353271484,33.241539001464844,32.557640075683594,33.30165100097656,34.058773040771484,35.608985900878906,38.01315689086914,39.11521530151367,39.96248245239258,40.8166618347168,41.34005355834961,42.72002029418945,42.72002029418945,42.72002029418945,41.88078308105469,41.88078308105469,41.88078308105469,41.88078308105469,41.617305755615234,41.400482177734375,43.416587829589844,44.68780517578125
1774426880.6531494,-75,1,0,0,42.72002029418945,41.67733383178711,42.05948257446289,42.04759216308594,42.54409408569336,41.78516387939453,41.43669891357422,42.379241943359375,44.271888732910156,46.48655700683594,46.81879806518555,45.880279541015625,45.880279541015625,45.31004333496094,43.863426208496094,42.48529052734375,42.05948257446289,41.67733383178711,41.34005355834961,40.804412841796875,39.69886779785156,38.20994567871094,37.013511657714844,6.4031243324279785,2.2360680103302,1.0,1.0,2.0,5.385164737701416,32.24903106689453,33.83784866333008,31.62277603149414,32.80244064331055,33.30165100097656,33.241539001464844,33.241539001464844,34.71310806274414,35.46829605102539,36.2353401184082,36.2353401184082,37.80211639404297,38.41874694824219,38.41874694824219,39.051246643066406,39.051246643066406,39.69886779785156,39.69886779785156,41.03656768798828,40.31128692626953,40.31128692626953,41.03656768798828,41.1096076965332
1774426880.718314,-75,1,0,0,42.05948257446289,41.146080017089844,40.31128692626953,41.78516387939453,43.32435989379883,43.96589660644531,43.96589660644531,42.72002029418945,42.44997024536133,43.17406463623047,43.416587829589844,43.416587829589844,44.92215347290039,43.96589660644531,43.65776062011719,42.154476165771484,41.146080017089844,41.59326934814453,41.67733383178711,39.66106414794922,38.60051727294922,37.44329071044922,34.828147888183594,6.4031243324279785,2.2360680103302,1.0,1.0,2.0,5.099019527435303,26.570659637451172,27.85677719116211,29.4108829498291,30.610456466674805,30.479501724243164,31.14482307434082,31.827661514282227,32.526912689208984,33.30165100097656,34.71310806274414,36.2353401184082,37.013511657714844,37.013511657714844,37.80211639404297,37.80211639404297,37.013511657714844,37.64305877685547,38.28837966918945,37.48332977294922,36.769554138183594,38.20994567871094,39.69886779785156,41.86884307861328
1774426880.7292645,-75,1,0,0,41.18252182006836,41.67733383178711,41.88078308105469,41.617305755615234,42.20189666748047,41.400482177734375,39.051246643066406,39.69886779785156,41.86884307861328,43.27817153930664,44.04542922973633,44.04542922973633,44.204071044921875,44.40720748901367,42.43819046020508,40.49691390991211,39.4461669921875,38.94868469238281,38.910152435302734,38.62641525268555,38.60051727294922,39.293766021728516,38.470767974853516,6.0,2.2360680103302,1.4142135381698608,1.4142135381698608,1.4142135381698608,4.242640495300293,27.80287742614746,28.844409942626953,29.546573638916016,30.463092803955078,31.016124725341797,32.572994232177734,33.241539001464844,33.95585250854492,34.71310806274414,35.510562896728516,36.34556198120117,37.336307525634766,38.470767974853516,38.470767974853516,37.48332977294922,37.48332977294922,38.470767974853516,39.458839416503906,40.607879638671875,39.81205749511719,39.051246643066406,39.560081481933594,40.16217041015625
1774426880.7856164,-75,1,0,0,41.0,41.01219177246094,41.04875183105469,42.10700607299805,44.283180236816406,43.416587829589844,42.57933807373047,42.57933807373047,43.73785400390625,45.7055778503418,46.69047164916992,46.52956008911133,46.389652252197266,46.27094268798828,44.18144226074219,43.046485900878906,41.0,41.01219177246094,40.04996871948242,40.31128692626953,40.024993896484375,38.01315689086914,38.27531814575195,6.7082037925720215,2.2360680103302,1.0,1.0,2.2360680103302,6.082762718200684,29.017236709594727,30.066593170166016,31.064449310302734,32.24903106689453,32.38827133178711,33.734256744384766,33.95585250854492,35.44009017944336,36.68787384033203,36.055511474609375,36.400550842285156,38.62641525268555,39.217342376708984,40.16217041015625,39.217342376708984,40.16217041015625,40.16217041015625,40.16217041015625,40.804412841796875,40.52159881591797,39.293766021728516,40.26164245605469,41.9761848449707
1774426880.8585436,-75,1,0,0,44.59820556640625,43.863426208496094,41.72529220581055,41.773197174072266,42.63801193237305,42.63801193237305,42.01190185546875,42.8018684387207,44.204071044921875,45.0,45.0,45.0,45.607017517089844,44.204071044921875,44.04542922973633,43.13930892944336,42.52058410644531,41.231056213378906,40.607879638671875,40.224369049072266,39.11521530151367,38.07886505126953,37.64305877685547,7.071067810058594,3.0,1.0,1.0,1.4142135381698608,5.0,29.0,30.479501724243164,31.240999221801758,31.62277603149414,32.75667953491211,33.12099075317383,34.0,36.2353401184082,35.7770881652832,37.57658767700195,37.161808013916016,37.6961555480957,39.0,38.07886505126953,37.6961555480957,39.0,39.0,40.31128692626953,40.71854782104492,39.81205749511719,40.24922180175781,41.18252182006836,41.67733383178711
1774426880.8585436,-75,1,0,0,43.863426208496094,41.78516387939453,41.43669891357422,40.804412841796875,42.44997024536133,43.17406463623047,43.17406463623047,43.931766510009766,44.55333709716797,45.54119110107422,44.72135925292969,45.12205505371094,45.12205505371094,46.097721099853516,45.35416030883789,43.96589660644531,42.379241943359375,41.231056213378906,40.71854782104492,40.70626449584961,39.4461669921875,38.897300720214844,36.878177642822266,6.4031243324279785,2.2360680103302,1.0,1.0,2.0,5.385164737701416,30.01666259765625,30.232433319091797,31.906112670898438,32.202484130859375,32.649654388427734,32.649654388427734,33.30165100097656,34.71310806274414,36.06937789916992,37.48332977294922,37.53664779663086,37.53664779663086,37.53664779663086,36.79673767089844,36.878177642822266,38.94868469238281,38.897300720214844,40.360870361328125,40.45985794067383,40.45985794067383,39.69886779785156,39.824615478515625,39.824615478515625
1774426880.933824,-75,1,0,0,40.31128692626953,38.470767974853516,37.58989334106445,36.359317779541016,35.22782897949219,35.608985900878906,35.608985900878906,37.013511657714844,37.013511657714844,37.80211639404297,38.832977294921875,39.66106414794922,39.408119201660156,40.607879638671875,39.20458984375,37.80211639404297,34.66987228393555,35.84689712524414,34.885528564453125,34.01470184326172,33.241539001464844,36.055511474609375,36.49657440185547,6.082762718200684,1.0,1.4142135381698608,1.0,1.0,4.242640495300293,25.0,24.698177337646484,26.476404190063477,26.172504425048828,28.017850875854492,28.0,29.017236709594727,30.066593170166016,30.066593170166016,30.066593170166016,31.016124725341797,31.064449310302734,32.015621185302734,34.0,34.01470184326172,33.0,32.015621185302734,32.015621185302734,34.0,36.013885498046875,37.05401611328125,37.2155876159668,37.336307525634766
1774426880.9894302,-75,1,0,0,43.8292121887207,42.04759216308594,41.231056213378906,41.78516387939453,42.379241943359375,43.011627197265625,42.44997024536133,43.17406463623047,44.14748001098633,45.35416030883789,46.3249397277832,46.57252502441406,45.880279541015625,45.221675872802734,44.59820556640625,44.0113639831543,42.95346450805664,42.48529052734375,41.59326934814453,40.8166618347168,39.66106414794922,40.49691390991211,41.400482177734375,7.8102498054504395,2.8284270763397217,0.0,0.0,2.2360680103302,6.324555397033691,30.870698928833008,31.30495262145996,31.400636672973633,32.80244064331055,34.058773040771484,35.38361358642578,36.06937789916992,36.12478256225586,37.013511657714844,37.013511657714844,37.013511657714844,38.41874694824219,39.051246643066406,39.051246643066406,39.051246643066406,40.45985794067383,40.45985794067383,40.31128692626953,40.31128692626953,39.623226165771484,40.360870361328125,40.45985794067383,42.01190185546875
1774426880.9998195,-75,1,0,0,45.80392837524414,44.65422821044922,43.5660400390625,43.90899658203125,44.29446792602539,45.18849563598633,45.694637298583984,45.31004333496094,46.615447998046875,46.615447998046875,47.01063537597656,46.957427978515625,47.41307830810547,47.41307830810547,46.52956008911133,45.27692413330078,44.10215377807617,43.26661682128906,42.8018684387207,42.52058410644531,41.72529220581055,41.34005355834961,39.357337951660156,6.324555397033691,1.0,1.4142135381698608,1.4142135381698608,1.0,5.385164737701416,32.75667953491211,32.202484130859375,32.649654388427734,33.241539001464844,33.941123962402344,34.65544509887695,35.38361358642578,36.2353401184082,37.202152252197266,38.27531814575195,39.11521530151367,40.49691390991211,41.04875183105469,41.04875183105469,41.04875183105469,40.224369049072266,40.804412841796875,42.20189666748047,43.416587829589844,43.27817153930664,43.863426208496094,43.863426208496094,44.55333709716797
1774426881.0659113,-75,1,0,0,41.146080017089844,40.71854782104492,40.71854782104492,39.39543151855469,39.924930572509766,41.43669891357422,42.05948257446289,42.05948257446289,42.44997024536133,42.44997024536133,43.680660247802734,42.72002029418945,42.379241943359375,43.08131790161133,41.231056213378906,41.146080017089844,39.357337951660156,38.470767974853516,39.4461669921875,38.01315689086914,38.28837966918945,36.769554138183594,35.46829605102539,5.830951690673828,1.0,1.4142135381698608,1.4142135381698608,1.4142135381698608,4.123105525970459,28.160255432128906,28.23118782043457,28.844409942626953,30.0,31.240999221801758,31.240999221801758,32.557640075683594,33.941123962402344,34.71310806274414,34.828147888183594,36.400550842285156,37.013511657714844,37.013511657714844,37.64305877685547,37.53664779663086,38.20994567871094,37.53664779663086,38.94868469238281,38.20994567871094,38.18376541137695,38.20994567871094,38.28837966918945,39.824615478515625
1774426881.0875258,-75,1,0,0,43.046485900878906,43.185646057128906,41.19466018676758,40.31128692626953,41.59326934814453,42.7551155090332,42.95346450805664,43.17406463623047,43.416587829589844,43.416587829589844,43.416587829589844,43.17406463623047,43.73785400390625,44.55333709716797,43.416587829589844,42.19004440307617,42.10700607299805,41.01219177246094,41.01219177246094,40.112342834472656,38.327537536621094,38.910152435302734,38.587562561035156,7.211102485656738,2.8284270763397217,0.0,1.0,2.0,7.0,33.0,32.06243896484375,31.0,31.016124725341797,32.140316009521484,32.24903106689453,33.37664031982422,33.541019439697266,34.71310806274414,34.928497314453125,36.13862228393555,36.878177642822266,37.85498809814453,38.327537536621094,38.327537536621094,39.293766021728516,39.051246643066406,40.024993896484375,41.0,39.81205749511719,40.607879638671875,39.458839416503906,40.31128692626953
1774426881.1407714,-75,1,0,0,42.44997024536133,42.42640686035156,41.72529220581055,41.773197174072266,42.63801193237305,43.600460052490234,43.011627197265625,43.011627197265625,43.011627197265625,43.600460052490234,44.40720748901367,45.0,44.821868896484375,44.821868896484375,43.27817153930664,42.44997024536133,41.01219177246094,39.623226165771484,39.69886779785156,40.0,38.832977294921875,38.60051727294922,37.656341552734375,7.071067810058594,3.1622776985168457,0.0,0.0,2.8284270763397217,5.656854152679443,31.240999221801758,30.805843353271484,30.4138126373291,31.240999221801758,32.202484130859375,32.4499626159668,33.2866325378418,33.61547088623047,34.885528564453125,35.7770881652832,38.01315689086914,38.01315689086914,39.357337951660156,38.470767974853516,38.94868469238281,39.824615478515625,39.357337951660156,40.24922180175781,40.24922180175781,40.31128692626953,39.96248245239258,39.66106414794922,40.224369049072266
1774426881.2075455,-75,1,0,0,41.04875183105469,41.19466018676758,41.19466018676758,40.112342834472656,37.121421813964844,37.2155876159668,37.48332977294922,37.85498809814453,38.832977294921875,39.623226165771484,39.31920623779297,39.31920623779297,42.57933807373047,44.55333709716797,44.72135925292969,43.73785400390625,40.31128692626953,37.05401611328125,36.0,36.12478256225586,36.34556198120117,39.623226165771484,38.20994567871094,7.8102498054504395,2.8284270763397217,0.0,0.0,2.2360680103302,6.324555397033691,29.120439529418945,28.23118782043457,28.284271240234375,28.635643005371094,29.120439529418945,30.364452362060547,32.572994232177734,35.11410140991211,36.055511474609375,37.336307525634766,37.336307525634766,34.539833068847656,33.61547088623047,34.539833068847656,34.928497314453125,35.46829605102539,35.46829605102539,36.769554138183594,37.6961555480957,37.336307525634766,38.07886505126953,39.458839416503906,39.458839416503906
1774426881.2315013,-75,1,0,0,40.360870361328125,38.897300720214844,38.18376541137695,37.48332977294922,37.53664779663086,38.28837966918945,37.80211639404297,38.60051727294922,39.408119201660156,40.0,40.804412841796875,40.804412841796875,40.607879638671875,39.824615478515625,38.28837966918945,37.48332977294922,37.48332977294922,36.79673767089844,36.12478256225586,35.608985900878906,34.66987228393555,36.22154235839844,35.05709457397461,6.082762718200684,1.4142135381698608,1.4142135381698608,1.4142135381698608,1.4142135381698608,4.4721360206604,29.154760360717773,28.635643005371094,28.301942825317383,28.65309715270996,29.96664810180664,29.546573638916016,31.38471031188965,32.893768310546875,32.572994232177734,33.52610778808594,34.20526123046875,34.48188018798828,35.44009017944336,36.68787384033203,37.947330474853516,37.336307525634766,36.400550842285156,36.400550842285156,36.769554138183594,36.24913787841797,38.01315689086914,38.470767974853516,38.07886505126953
1774426881.277355,-75,1,0,0,37.947330474853516,38.27531814575195,37.336307525634766,37.6961555480957,38.4837646484375,38.910152435302734,37.58989334106445,36.715118408203125,37.58989334106445,37.58989334106445,37.58989334106445,38.01315689086914,38.910152435302734,39.39543151855469,39.0,37.947330474853516,35.44009017944336,35.1710090637207,34.928497314453125,34.525352478027344,34.13209533691406,33.541019439697266,32.015621185302734,6.082762718200684,2.0,1.0,0.0,2.2360680103302,5.385164737701416,26.925823211669922,27.20294189453125,28.160255432128906,27.658634185791016,28.44292449951172,29.27456283569336,30.149627685546875,31.064449310302734,32.06243896484375,34.01470184326172,34.0,34.0,34.01470184326172,33.0151481628418,33.0,34.0,35.0,35.0,36.013885498046875,36.055511474609375,36.055511474609375,36.22154235839844,37.336307525634766
1774426881.3435411,-75,1,0,0,48.3735466003418,46.647613525390625,44.65422821044922,43.8292121887207,45.0,46.86149978637695,47.423622131347656,48.10405349731445,48.79549026489258,48.79549026489258,49.51767349243164,48.83646011352539,48.166378021240234,48.166378021240234,47.6340217590332,46.615447998046875,45.486263275146484,44.41846466064453,44.777225494384766,43.382022857666016,43.08131790161133,44.18144226074219,43.0,8.062257766723633,3.1622776985168457,1.0,1.0,2.0,6.324555397033691,35.84689712524414,34.928497314453125,34.438350677490234,33.241539001464844,34.78505325317383,36.13862228393555,37.85498809814453,38.832977294921875,39.81205749511719,38.63935852050781,39.623226165771484,41.43669891357422,42.42640686035156,43.416587829589844,43.416587829589844,43.28972244262695,43.416587829589844,43.73785400390625,43.931766510009766,44.384681701660156,45.607017517089844,44.92215347290039,46.173583984375
1774426881.3647132,-75,1,0,0,49.0,47.01063537597656,47.16990661621094,47.51841735839844,46.87216567993164,46.3249397277832,45.35416030883789,45.35416030883789,47.53945541381836,48.50773239135742,48.50773239135742,49.24428939819336,49.24428939819336,49.030601501464844,47.51841735839844,47.26520919799805,46.04345703125,44.0,44.0113639831543,43.104522705078125,42.57933807373047,40.024993896484375,38.897300720214844,6.7082037925720215,2.2360680103302,1.4142135381698608,1.4142135381698608,1.0,5.099019527435303,31.78049659729004,32.557640075683594,33.0151481628418,34.0,35.05709457397461,35.22782897949219,35.510562896728516,36.67424011230469,37.85498809814453,40.26164245605469,40.26164245605469,41.231056213378906,42.20189666748047,41.48493576049805,41.48493576049805,41.761226654052734,43.011627197265625,43.680660247802734,45.35416030883789,44.9110221862793,44.72135925292969,44.72135925292969,45.54119110107422
1774426881.4179578,-75,1,0,0,41.400482177734375,40.804412841796875,40.224369049072266,40.49691390991211,40.8166618347168,40.70626449584961,40.24922180175781,40.24922180175781,41.59326934814453,42.94182205200195,43.8292121887207,43.416587829589844,42.54409408569336,43.046485900878906,42.19004440307617,41.04875183105469,40.0,39.824615478515625,39.69886779785156,38.897300720214844,38.41874694824219,39.4461669921875,39.357337951660156,6.7082037925720215,2.0,1.4142135381698608,1.4142135381698608,1.0,4.4721360206604,27.784887313842773,28.017850875854492,29.20616340637207,29.73213768005371,30.4138126373291,31.14482307434082,31.240999221801758,32.80244064331055,33.0151481628418,33.83784866333008,34.66987228393555,35.510562896728516,36.055511474609375,37.44329071044922,38.27531814575195,38.27531814575195,38.27531814575195,38.27531814575195,38.01315689086914,37.80211639404297,38.41874694824219,39.69886779785156,39.623226165771484
1774426881.4829628,-75,1,0,0,40.853397369384766,40.49691390991211,40.16217041015625,39.84971618652344,40.26164245605469,40.79215621948242,40.4474983215332,40.31128692626953,41.30375289916992,42.42640686035156,43.5660400390625,43.73785400390625,44.14748001098633,44.643028259277344,43.011627197265625,42.379241943359375,40.49691390991211,39.0,38.4837646484375,38.94868469238281,38.27531814575195,37.202152252197266,36.878177642822266,5.656854152679443,1.4142135381698608,1.4142135381698608,1.4142135381698608,1.4142135381698608,5.099019527435303,31.0,30.265491485595703,29.068883895874023,30.01666259765625,29.681644439697266,30.232433319091797,32.202484130859375,34.058773040771484,34.71310806274414,36.06937789916992,36.06937789916992,37.48332977294922,37.48332977294922,36.06937789916992,35.38361358642578,35.38361358642578,36.79673767089844,38.28837966918945,39.051246643066406,39.051246643066406,37.80211639404297,38.01315689086914,38.832977294921875
1774426881.4939167,-75,1,0,0,41.72529220581055,42.44997024536133,41.86884307861328,42.01190185546875,42.20189666748047,42.72002029418945,41.67733383178711,43.046485900878906,43.5660400390625,43.046485900878906,44.41846466064453,44.10215377807617,44.10215377807617,44.65422821044922,44.40720748901367,42.8018684387207,41.86884307861328,41.03656768798828,41.01219177246094,40.360870361328125,39.051246643066406,38.832977294921875,38.94868469238281,6.7082037925720215,2.2360680103302,1.0,1.0,2.0,5.385164737701416,28.301942825317383,28.844409942626953,29.0,29.832868576049805,31.62277603149414,32.4499626159668,32.75667953491211,34.48188018798828,35.35533905029297,34.885528564453125,36.67424011230469,38.01315689086914,38.470767974853516,37.58989334106445,38.470767974853516,38.470767974853516,38.470767974853516,38.07886505126953,38.587562561035156,38.587562561035156,39.4461669921875,39.66106414794922,40.224369049072266
1774426881.5560272,-75,1,0,0,46.75468063354492,46.86149978637695,47.01063537597656,46.615447998046875,48.02082824707031,47.50789260864258,46.14108657836914,46.647613525390625,48.02082824707031,48.87739944458008,49.39635467529297,48.54894256591797,49.09175109863281,48.82622146606445,48.60041046142578,46.097721099853516,45.27692413330078,43.84062194824219,43.13930892944336,43.27817153930664,42.8018684387207,43.65776062011719,43.416587829589844,7.280109882354736,2.2360680103302,1.0,1.0,2.0,5.830951690673828,32.202484130859375,32.80244064331055,33.60059356689453,34.058773040771484,34.65544509887695,35.38361358642578,36.2353401184082,37.64305877685547,38.41874694824219,38.60051727294922,40.224369049072266,41.04875183105469,41.88078308105469,41.88078308105469,42.72002029418945,42.72002029418945,43.26661682128906,44.40720748901367,44.40720748901367,44.40720748901367,43.600460052490234,44.204071044921875,44.821868896484375
1774426881.6205318,-75,1,0,0,45.54119110107422,45.39823913574219,44.18144226074219,43.185646057128906,43.104522705078125,43.104522705078125,43.011627197265625,43.0,44.0113639831543,45.0,45.0,45.0111083984375,45.0444221496582,44.04542922973633,43.185646057128906,42.42640686035156,41.773197174072266,41.9761848449707,42.20189666748047,40.16217041015625,39.39543151855469,40.224369049072266,40.45985794067383,7.8102498054504395,2.8284270763397217,0.0,0.0,2.0,6.0,30.0,30.149627685546875,31.400636672973633,32.557640075683594,34.928497314453125,35.902645111083984,35.44009017944336,36.055511474609375,36.769554138183594,38.07886505126953,38.910152435302734,39.81205749511719,39.81205749511719,39.81205749511719,38.910152435302734,40.24922180175781,40.71854782104492,41.62931823730469,42.154476165771484,42.72002029418945,42.72002029418945,42.379241943359375,44.271888732910156
1774426881.6308749,-75,1,0,0,37.656341552734375,39.051246643066406,39.293766021728516,36.400550842285156,32.98484420776367,29.832868576049805,28.861740112304688,29.120439529418945,31.320919036865234,32.893768310546875,33.241539001464844,33.241539001464844,35.11410140991211,37.947330474853516,38.60051727294922,38.327537536621094,34.525352478027344,31.14482307434082,28.017850875854492,27.018512725830078,27.018512725830078,40.31128692626953,38.28837966918945,6.4031243324279785,1.4142135381698608,1.0,1.0,2.0,5.385164737701416,28.65309715270996,30.232433319091797,23.021728515625,24.083189010620117,24.083189010620117,25.079872131347656,26.07680892944336,28.160255432128906,31.400636672973633,32.557640075683594,31.78049659729004,29.120439529418945,26.248809814453125,25.63201141357422,25.298221588134766,27.20294189453125,28.160255432128906,30.08321762084961,31.575305938720703,31.400636672973633,32.06243896484375,35.0142822265625,37.0
1774426881.6959987,-75,1,0,0,42.95346450805664,43.382022857666016,41.59326934814453,41.18252182006836,42.19004440307617,42.72002029418945,42.72002029418945,42.43819046020508,43.600460052490234,45.45327377319336,46.86149978637695,46.86149978637695,45.607017517089844,43.600460052490234,43.8292121887207,43.5660400390625,44.29446792602539,43.863426208496094,43.08131790161133,41.43669891357422,39.560081481933594,42.57933807373047,42.44997024536133,8.5440034866333,3.605551242828369,0.0,0.0,3.0,7.071067810058594,37.0,35.05709457397461,32.280025482177734,32.015621185302734,33.734256744384766,34.525352478027344,34.2344856262207,34.13209533691406,34.13209533691406,36.12478256225586,38.05259704589844,40.01249694824219,40.0,39.0128173828125,39.0128173828125,40.01249694824219,40.04996871948242,40.112342834472656,40.31128692626953,40.4474983215332,40.607879638671875,41.9761848449707,44.384681701660156
1774426881.7065878,-75,1,0,0,48.05205535888672,46.57252502441406,45.880279541015625,46.173583984375,46.81879806518555,47.53945541381836,47.53945541381836,47.92702865600586,47.423622131347656,48.332183837890625,49.24428939819336,49.76947021484375,49.39635467529297,49.04079818725586,47.75981521606445,47.12748718261719,45.880279541015625,44.384681701660156,43.73785400390625,42.296573638916016,41.04875183105469,41.01219177246094,40.04996871948242,7.0,2.0,1.4142135381698608,1.0,1.4142135381698608,5.830951690673828,33.83784866333008,33.52610778808594,32.24903106689453,33.13608169555664,34.01470184326172,35.0,36.055511474609375,37.2155876159668,37.48332977294922,38.63935852050781,38.63935852050781,39.623226165771484,40.607879638671875,40.607879638671875,41.59326934814453,42.42640686035156,41.43669891357422,41.30375289916992,42.10700607299805,42.04759216308594,43.011627197265625,45.0111083984375,47.0
1774426881.7706242,-76,1,0,0,47.381431579589844,46.66904830932617,47.381431579589844,48.83646011352539,49.81967544555664,50.21951675415039,49.09175109863281,48.54894256591797,49.09175109863281,49.648765563964844,51.03919982910156,50.80354309082031,50.6063232421875,50.447994232177734,48.91830062866211,48.10405349731445,46.69047164916992,45.25483322143555,45.27692413330078,44.04542922973633,43.26661682128906,42.05948257446289,42.95346450805664,8.246211051940918,3.1622776985168457,0.0,0.0,2.2360680103302,5.830951690673828,31.62277603149414,33.30165100097656,34.65544509887695,36.12478256225586,37.64305877685547,37.202152252197266,37.44329071044922,39.4461669921875,40.70626449584961,42.04759216308594,42.95346450805664,42.94182205200195,43.046485900878906,43.046485900878906,42.54409408569336,43.90899658203125,43.046485900878906,43.90899658203125,44.777225494384766,45.27692413330078,45.79301071166992,46.87216567993164,47.434165954589844
1774426881.8469071,-75,1,0,0,45.54119110107422,44.0113639831543,44.777225494384766,45.617977142333984,46.52956008911133,46.647613525390625,44.41846466064453,43.5660400390625,44.10215377807617,46.3249397277832,47.16990661621094,48.02082824707031,47.50789260864258,47.88528060913086,46.957427978515625,44.777225494384766,42.154476165771484,41.43669891357422,41.761226654052734,42.95346450805664,42.296573638916016,42.7551155090332,42.296573638916016,7.0,2.2360680103302,1.4142135381698608,1.4142135381698608,1.4142135381698608,5.0,32.015621185302734,31.906112670898438,33.241539001464844,32.75667953491211,33.37664031982422,34.2344856262207,35.12833786010742,37.121421813964844,38.05259704589844,38.01315689086914,38.0,39.0,41.01219177246094,41.01219177246094,41.0,42.01190185546875,42.04759216308594,43.104522705078125,44.18144226074219,43.185646057128906,42.19004440307617,42.296573638916016,42.57933807373047
1774426881.8581066,-75,1,0,0,48.010414123535156,46.87216567993164,45.79301071166992,44.41846466064453,45.27692413330078,45.17742919921875,44.283180236816406,44.777225494384766,45.694637298583984,47.423622131347656,48.754486083984375,48.30113983154297,48.764739990234375,47.88528060913086,47.88528060913086,46.647613525390625,45.486263275146484,44.40720748901367,43.416587829589844,43.13930892944336,43.185646057128906,42.63801193237305,41.617305755615234,7.211102485656738,2.0,1.4142135381698608,1.4142135381698608,1.0,5.385164737701416,33.12099075317383,32.202484130859375,32.557640075683594,32.526912689208984,33.241539001464844,33.970577239990234,35.46829605102539,37.013511657714844,38.60051727294922,38.832977294921875,39.11521530151367,39.96248245239258,41.34005355834961,41.88078308105469,42.43819046020508,43.011627197265625,42.20189666748047,42.8018684387207,43.600460052490234,42.8018684387207,42.01190185546875,43.27817153930664,44.55333709716797
1774426881.925099,-75,1,0,0,43.416587829589844,41.1096076965332,41.01219177246094,41.01219177246094,41.04875183105469,41.1096076965332,40.112342834472656,40.112342834472656,42.19004440307617,43.28972244262695,45.39823913574219,45.27692413330078,45.09988784790039,45.0444221496582,43.011627197265625,42.04759216308594,40.199501037597656,39.31920623779297,39.458839416503906,38.832977294921875,39.293766021728516,38.07886505126953,38.27531814575195,6.7082037925720215,2.2360680103302,1.4142135381698608,1.0,1.0,4.0,28.284271240234375,29.017236709594727,31.400636672973633,31.78049659729004,32.015621185302734,31.320919036865234,31.62277603149414,33.241539001464844,34.539833068847656,34.928497314453125,36.24913787841797,37.161808013916016,38.07886505126953,38.07886505126953,39.39543151855469,39.39543151855469,39.0,39.0,39.924930572509766,39.560081481933594,39.217342376708984,38.897300720214844,39.560081481933594
1774426881.925099,-75,1,0,0,38.28837966918945,37.64305877685547,37.013511657714844,35.608985900878906,36.619667053222656,37.44329071044922,37.2155876159668,36.715118408203125,37.58989334106445,37.58989334106445,38.07886505126953,39.4461669921875,39.96248245239258,40.49691390991211,38.832977294921875,37.80211639404297,36.878177642822266,36.79673767089844,36.769554138183594,36.12478256225586,35.0,34.48188018798828,33.541019439697266,5.385164737701416,1.0,1.4142135381698608,1.4142135381698608,1.0,4.4721360206604,24.698177337646484,25.0,26.90724754333496,27.018512725830078,27.80287742614746,27.80287742614746,28.844409942626953,30.01666259765625,30.886890411376953,31.30495262145996,32.202484130859375,32.649654388427734,33.541019439697266,33.105892181396484,33.105892181396484,32.649654388427734,33.541019439697266,34.885528564453125,34.885528564453125,35.35533905029297,35.510562896728516,36.055511474609375,36.400550842285156
1774426881.9946651,-75,1,0,0,39.39543151855469,37.161808013916016,36.67424011230469,38.470767974853516,40.31128692626953,41.34005355834961,41.04875183105469,41.04875183105469,40.49691390991211,41.04875183105469,41.04875183105469,41.34005355834961,42.19004440307617,41.67733383178711,40.70626449584961,39.81205749511719,39.0,39.0,38.62641525268555,37.64305877685547,36.878177642822266,35.0,34.2344856262207,6.082762718200684,2.0,1.0,0.0,1.4142135381698608,5.0,28.301942825317383,29.529645919799805,30.870698928833008,31.016124725341797,30.364452362060547,31.320919036865234,31.048349380493164,31.78049659729004,32.557640075683594,34.36568069458008,35.22782897949219,35.22782897949219,35.35533905029297,35.35533905029297,34.36568069458008,34.36568069458008,35.22782897949219,35.35533905029297,36.67424011230469,37.85498809814453,37.10795211791992,36.878177642822266,38.07886505126953
1774426882.0718648,-75,1,0,0,32.015621185302734,30.805843353271484,31.575305938720703,31.400636672973633,32.140316009521484,33.060550689697266,32.015621185302734,31.0,32.0,33.0151481628418,33.060550689697266,33.13608169555664,34.2344856262207,34.36568069458008,33.734256744384766,32.75667953491211,31.78049659729004,29.832868576049805,29.120439529418945,28.792360305786133,28.635643005371094,35.84689712524414,37.0,6.324555397033691,1.4142135381698608,1.0,1.0,2.0,5.099019527435303,27.312999725341797,26.419689178466797,24.331050872802734,23.76972770690918,23.0867919921875,24.351591110229492,25.079872131347656,26.4007568359375,26.832815170288086,27.294687271118164,27.294687271118164,28.17800521850586,29.546573638916016,29.546573638916016,29.546573638916016,29.96664810180664,29.529645919799805,30.4138126373291,30.4138126373291,29.96664810180664,29.96664810180664,29.96664810180664,31.30495262145996
1774426882.0718648,-75,1,0,0,43.08131790161133,42.72002029418945,42.379241943359375,42.72002029418945,43.416587829589844,44.14748001098633,43.17406463623047,43.416587829589844,43.416587829589844,43.17406463623047,44.14748001098633,42.95346450805664,43.931766510009766,43.931766510009766,44.384681701660156,43.011627197265625,42.54409408569336,42.48529052734375,42.05948257446289,40.49691390991211,39.20458984375,38.28837966918945,37.48332977294922,7.211102485656738,2.2360680103302,1.0,1.0,1.4142135381698608,5.385164737701416,29.4108829498291,30.08321762084961,30.886890411376953,31.906112670898438,33.60059356689453,34.20526123046875,34.20526123046875,34.828147888183594,35.46829605102539,36.12478256225586,38.20994567871094,39.59798049926758,40.31128692626953,39.59798049926758,39.59798049926758,38.897300720214844,39.623226165771484,39.69886779785156,40.45985794067383,40.0,40.0,40.224369049072266,42.43819046020508
1774426882.1386993,-75,1,0,0,37.202152252197266,36.400550842285156,36.2353401184082,36.79673767089844,36.878177642822266,37.44329071044922,38.07886505126953,38.94868469238281,40.31128692626953,39.4461669921875,38.587562561035156,37.735923767089844,38.01315689086914,39.051246643066406,37.48332977294922,37.48332977294922,36.06937789916992,34.65544509887695,35.38361358642578,36.06937789916992,36.12478256225586,33.105892181396484,31.95309066772461,6.082762718200684,2.0,1.0,1.0,1.0,4.242640495300293,25.495098114013672,26.172504425048828,27.658634185791016,28.600698471069336,28.301942825317383,30.01666259765625,29.96664810180664,30.08321762084961,31.62277603149414,33.241539001464844,33.241539001464844,32.893768310546875,34.01470184326172,34.885528564453125,35.34119415283203,36.67424011230469,36.24913787841797,35.34119415283203,35.7770881652832,34.438350677490234,34.01470184326172,34.928497314453125,35.7770881652832
1774426882.2007232,-75,1,0,0,42.72002029418945,43.416587829589844,42.48529052734375,42.95346450805664,43.863426208496094,44.777225494384766,43.46262741088867,44.0113639831543,45.54119110107422,46.173583984375,46.48655700683594,44.94440841674805,44.271888732910156,45.221675872802734,43.96589660644531,42.05948257446289,40.853397369384766,42.48529052734375,41.67733383178711,40.224369049072266,39.20458984375,41.01219177246094,39.69886779785156,7.071067810058594,1.4142135381698608,1.0,1.0,2.0,5.0,29.068883895874023,30.4138126373291,30.528675079345703,30.886890411376953,31.30495262145996,31.30495262145996,32.202484130859375,34.01470184326172,36.24913787841797,36.67424011230469,38.470767974853516,38.910152435302734,39.0,40.31128692626953,40.31128692626953,39.39543151855469,39.357337951660156,40.31128692626953,40.8166618347168,39.96248245239258,39.11521530151367,40.804412841796875,42.01190185546875
1774426882.2112331,-75,1,0,0,34.66987228393555,35.510562896728516,35.510562896728516,32.75667953491211,30.886890411376953,29.068883895874023,28.17800521850586,28.65309715270996,30.886890411376953,32.202484130859375,32.202484130859375,33.61547088623047,35.84689712524414,37.57658767700195,37.121421813964844,36.715118408203125,33.83784866333008,30.610456466674805,27.58622932434082,26.248809814453125,26.4007568359375,38.05259704589844,37.336307525634766,7.071067810058594,2.0,0.0,1.0,2.2360680103302,5.830951690673828,30.463092803955078,30.675724029541016,20.808652877807617,22.803508758544922,23.430749893188477,24.83948516845703,26.248809814453125,26.90724754333496,27.58622932434082,29.0,29.0,26.90724754333496,24.20743751525879,23.600847244262695,23.600847244262695,25.612497329711914,28.42534065246582,29.832868576049805,29.73213768005371,29.698484420776367,30.4138126373291,32.649654388427734,33.42155075073242
1774426882.2769072,-75,1,0,0,45.880279541015625,45.54119110107422,44.271888732910156,44.271888732910156,45.880279541015625,46.3249397277832,45.7055778503418,45.7055778503418,44.72135925292969,44.9110221862793,46.097721099853516,46.3249397277832,46.57252502441406,46.840152740478516,46.173583984375,45.54119110107422,44.0113639831543,42.54409408569336,41.59326934814453,40.8166618347168,40.804412841796875,41.231056213378906,39.69886779785156,7.8102498054504395,2.8284270763397217,0.0,0.0,2.0,6.082762718200684,30.4138126373291,30.08321762084961,31.016124725341797,32.69556427001953,33.105892181396484,33.541019439697266,35.35533905029297,36.359317779541016,37.44329071044922,38.01315689086914,39.20458984375,39.20458984375,40.607879638671875,40.607879638671875,40.607879638671875,40.607879638671875,41.400482177734375,41.617305755615234,41.617305755615234,41.04875183105469,41.34005355834961,42.19004440307617,43.416587829589844
1774426882.3541512,-75,1,0,0,45.0111083984375,44.0,43.011627197265625,42.10700607299805,42.296573638916016,42.7551155090332,44.14748001098633,44.384681701660156,43.416587829589844,43.416587829589844,43.931766510009766,43.931766510009766,43.73785400390625,42.7551155090332,42.57933807373047,41.30375289916992,40.199501037597656,40.04996871948242,40.01249694824219,40.04996871948242,38.327537536621094,38.27531814575195,38.01315689086914,6.7082037925720215,1.4142135381698608,1.4142135381698608,1.4142135381698608,2.0,5.0,32.06243896484375,30.265491485595703,29.27456283569336,29.42787742614746,30.805843353271484,32.280025482177734,33.241539001464844,33.52610778808594,34.1760139465332,33.61547088623047,34.539833068847656,35.46829605102539,37.6961555480957,37.6961555480957,38.62641525268555,38.27531814575195,38.27531814575195,38.27531814575195,39.217342376708984,39.84971618652344,40.52159881591797,39.293766021728516,40.024993896484375
1774426882.3665845,-75,1,0,0,45.880279541015625,45.221675872802734,45.54119110107422,45.880279541015625,46.615447998046875,47.423622131347656,46.06517028808594,45.650848388671875,45.650848388671875,46.14108657836914,47.01063537597656,48.30113983154297,48.754486083984375,49.24428939819336,48.46648406982422,46.81879806518555,46.173583984375,44.92215347290039,44.384681701660156,43.931766510009766,42.296573638916016,41.773197174072266,40.52159881591797,8.246211051940918,3.0,1.0,0.0,2.2360680103302,6.324555397033691,30.5941162109375,31.14482307434082,32.75667953491211,34.525352478027344,34.2344856262207,35.12833786010742,36.013885498046875,37.0,39.051246643066406,40.199501037597656,40.199501037597656,40.199501037597656,40.199501037597656,39.20458984375,40.04996871948242,41.01219177246094,42.0,43.011627197265625,44.0113639831543,43.046485900878906,42.04759216308594,42.10700607299805,44.18144226074219
1774426882.4177449,-75,1,0,0,30.364452362060547,31.95309066772461,31.38471031188965,31.016124725341797,29.154760360717773,25.079872131347656,23.25940704345703,23.323806762695312,28.600698471069336,32.4499626159668,32.75667953491211,33.12099075317383,33.61547088623047,33.2866325378418,34.13209533691406,33.61547088623047,32.69556427001953,28.792360305786133,25.298221588134766,24.041629791259766,22.803508758544922,39.051246643066406,38.20994567871094,6.4031243324279785,1.4142135381698608,1.4142135381698608,1.4142135381698608,1.4142135381698608,5.656854152679443,32.557640075683594,33.42155075073242,16.0,17.0,18.0,19.02629852294922,19.10497283935547,20.2237491607666,22.203603744506836,25.317977905273438,24.73863410949707,22.472204208374023,19.313207626342773,17.464248657226562,18.788293838500977,20.615528106689453,24.331050872802734,25.179357528686523,26.07680892944336,26.07680892944336,26.0,27.073972702026367,28.160255432128906
1774426882.4925625,-74,1,0,0,35.510562896728516,33.37664031982422,32.38827133178711,33.734256744384766,33.95585250854492,34.20526123046875,33.241539001464844,32.280025482177734,32.280025482177734,33.241539001464844,34.20526123046875,34.48188018798828,35.11410140991211,35.84689712524414,34.928497314453125,33.541019439697266,32.4499626159668,31.240999221801758,32.526912689208984,32.649654388427734,31.62277603149414,28.844409942626953,26.925823211669922,5.830951690673828,2.2360680103302,0.0,0.0,2.0,5.0,25.079872131347656,25.01999282836914,19.72308349609375,22.472204208374023,24.413110733032227,24.698177337646484,26.4007568359375,29.73213768005371,30.675724029541016,31.016124725341797,27.513633728027344,25.317977905273438,27.0,30.4138126373291,29.832868576049805,25.495098114013672,27.658634185791016,31.400636672973633,33.060550689697266,33.37664031982422,33.241539001464844,30.0,29.27456283569336
1774426882.5045447,-75,1,0,0,43.8292121887207,42.04759216308594,39.81205749511719,38.470767974853516,39.66106414794922,39.824615478515625,38.94868469238281,40.360870361328125,41.1096076965332,41.231056213378906,41.86884307861328,42.63801193237305,42.8018684387207,42.43819046020508,41.34005355834961,40.31128692626953,37.121421813964844,36.67424011230469,36.67424011230469,35.34119415283203,36.400550842285156,41.617305755615234,41.67733383178711,8.062257766723633,2.2360680103302,0.0,0.0,2.2360680103302,5.830951690673828,31.62277603149414,31.400636672973633,29.529645919799805,29.96664810180664,31.38471031188965,32.572994232177734,33.241539001464844,33.95585250854492,35.693138122558594,34.2344856262207,36.12478256225586,38.11823654174805,37.336307525634766,35.902645111083984,36.400550842285156,37.36308288574219,37.10795211791992,39.051246643066406,38.832977294921875,40.024993896484375,41.0,41.231056213378906,40.804412841796875
1774426882.5643113,-75,1,0,0,43.26661682128906,42.19004440307617,41.67733383178711,39.824615478515625,39.81205749511719,41.231056213378906,40.853397369384766,42.72002029418945,44.0113639831543,44.384681701660156,43.863426208496094,42.95346450805664,42.54409408569336,43.46262741088867,41.62931823730469,41.146080017089844,38.587562561035156,38.832977294921875,37.80211639404297,37.53664779663086,36.769554138183594,38.41874694824219,37.48332977294922,6.4031243324279785,2.2360680103302,1.0,1.0,2.0,5.099019527435303,27.20294189453125,27.85677719116211,28.319604873657227,29.0,31.240999221801758,31.400636672973633,32.80244064331055,33.60059356689453,33.83784866333008,33.83784866333008,35.22782897949219,36.055511474609375,37.44329071044922,36.619667053222656,36.619667053222656,37.44329071044922,36.055511474609375,37.44329071044922,38.60051727294922,39.20458984375,39.051246643066406,40.360870361328125,40.31128692626953
1774426882.635259,-75,1,0,0,39.824615478515625,38.897300720214844,38.18376541137695,36.769554138183594,37.48332977294922,36.79673767089844,37.53664779663086,36.12478256225586,38.20994567871094,38.897300720214844,39.59798049926758,38.897300720214844,38.897300720214844,38.897300720214844,39.59798049926758,38.20994567871094,37.013511657714844,35.510562896728516,35.7770881652832,34.539833068847656,33.83784866333008,32.557640075683594,33.13608169555664,6.082762718200684,2.0,1.0,1.0,2.0,5.830951690673828,29.4108829498291,28.42534065246582,26.90724754333496,27.80287742614746,28.017850875854492,29.154760360717773,28.65309715270996,29.529645919799805,30.886890411376953,32.649654388427734,32.69556427001953,33.241539001464844,34.78505325317383,34.48188018798828,33.52610778808594,32.893768310546875,33.241539001464844,33.61547088623047,34.928497314453125,34.928497314453125,35.7770881652832,36.359317779541016,37.44329071044922
1774426882.6456938,-75,1,0,0,39.623226165771484,38.897300720214844,38.897300720214844,37.48332977294922,36.769554138183594,35.38361358642578,33.30165100097656,34.71310806274414,36.06937789916992,37.48332977294922,38.897300720214844,38.20994567871094,38.18376541137695,39.623226165771484,39.623226165771484,39.051246643066406,37.202152252197266,34.98571014404297,32.202484130859375,31.95309066772461,32.015621185302734,38.27531814575195,35.84689712524414,6.324555397033691,2.2360680103302,1.0,0.0,2.8284270763397217,5.830951690673828,30.4138126373291,30.463092803955078,26.870058059692383,26.90724754333496,27.658634185791016,27.658634185791016,29.068883895874023,29.20616340637207,31.62277603149414,32.202484130859375,33.0151481628418,32.4499626159668,31.764760971069336,30.870698928833008,30.870698928833008,31.78049659729004,31.30495262145996,32.24903106689453,33.61547088623047,34.66987228393555,35.80502700805664,38.01315689086914,38.832977294921875
1774426882.7045414,-75,1,0,0,39.051246643066406,36.878177642822266,34.65544509887695,34.71310806274414,36.400550842285156,38.01315689086914,38.27531814575195,37.735923767089844,38.07886505126953,38.94868469238281,40.31128692626953,40.31128692626953,39.96248245239258,39.66106414794922,38.01315689086914,37.013511657714844,36.2353401184082,36.2353401184082,36.12478256225586,35.38361358642578,33.241539001464844,33.42155075073242,33.2866325378418,5.830951690673828,1.4142135381698608,1.0,1.0,1.4142135381698608,4.242640495300293,27.80287742614746,26.4007568359375,26.4007568359375,26.4007568359375,27.85677719116211,28.460498809814453,29.832868576049805,31.575305938720703,31.256999969482422,30.265491485595703,30.265491485595703,32.24903106689453,33.37664031982422,33.541019439697266,33.734256744384766,32.98484420776367,31.320919036865234,32.893768310546875,33.83784866333008,35.735137939453125,37.0,36.400550842285156,35.84689712524414
1774426882.7720015,-75,1,0,0,41.43669891357422,39.81205749511719,37.85498809814453,37.10795211791992,36.400550842285156,37.10795211791992,36.13862228393555,36.13862228393555,35.735137939453125,36.400550842285156,37.6961555480957,39.560081481933594,41.43669891357422,42.05948257446289,39.560081481933594,38.07886505126953,35.510562896728516,36.12478256225586,35.0,34.01470184326172,34.13209533691406,34.13209533691406,33.541019439697266,6.082762718200684,1.0,1.0,1.4142135381698608,1.4142135381698608,5.099019527435303,29.0,28.017850875854492,27.073972702026367,27.073972702026367,27.166154861450195,28.284271240234375,29.42787742614746,30.5941162109375,31.78049659729004,31.78049659729004,32.280025482177734,32.572994232177734,33.241539001464844,34.539833068847656,34.1760139465332,34.78505325317383,33.241539001464844,33.734256744384766,34.525352478027344,35.510562896728516,37.2155876159668,38.11823654174805,38.11823654174805
1774426882.7830057,-75,1,0,0,32.649654388427734,32.24903106689453,31.906112670898438,31.064449310302734,31.400636672973633,31.240999221801758,31.890438079833984,31.890438079833984,32.649654388427734,33.42155075073242,33.60059356689453,32.4499626159668,33.2866325378418,32.75667953491211,33.2866325378418,32.75667953491211,31.38471031188965,30.4138126373291,30.870698928833008,30.675724029541016,29.832868576049805,33.2866325378418,32.202484130859375,5.830951690673828,1.4142135381698608,1.0,1.0,2.0,5.099019527435303,27.85677719116211,27.73084831237793,21.63330841064453,23.706539154052734,24.166091918945312,25.079872131347656,25.63201141357422,25.961509704589844,25.70992088317871,26.925823211669922,27.892650604248047,27.892650604248047,29.120439529418945,28.861740112304688,28.861740112304688,28.861740112304688,28.861740112304688,28.861740112304688,29.120439529418945,28.861740112304688,28.861740112304688,30.08321762084961,31.320919036865234
1774426882.8525937,-75,1,0,0,36.619667053222656,36.400550842285156,35.0,35.46829605102539,35.38361358642578,34.20526123046875,32.202484130859375,31.62277603149414,32.80244064331055,34.828147888183594,36.2353401184082,36.878177642822266,37.48332977294922,39.69886779785156,39.824615478515625,38.01315689086914,35.80502700805664,32.80244064331055,32.202484130859375,31.064449310302734,31.30495262145996,38.41874694824219,37.48332977294922,7.8102498054504395,2.8284270763397217,0.0,1.0,2.0,6.082762718200684,31.256999969482422,32.06243896484375,21.931713104248047,22.803508758544922,23.600847244262695,24.698177337646484,25.942243576049805,27.73084831237793,29.546573638916016,30.08321762084961,29.73213768005371,29.154760360717773,28.635643005371094,26.832815170288086,27.294687271118164,28.17800521850586,28.635643005371094,29.546573638916016,31.38471031188965,33.105892181396484,33.105892181396484,33.541019439697266,33.12099075317383
1774426882.9202344,-75,1,0,0,30.805843353271484,30.610456466674805,29.73213768005371,28.284271240234375,26.172504425048828,25.495098114013672,24.083189010620117,25.45584487915039,25.495098114013672,26.248809814453125,27.658634185791016,29.0,29.0,31.11269760131836,29.698484420776367,29.068883895874023,26.4007568359375,24.698177337646484,23.323806762695312,21.954498291015625,21.02379608154297,40.70626449584961,42.19004440307617,8.062257766723633,2.8284270763397217,1.0,0.0,2.0,6.082762718200684,30.066593170166016,29.27456283569336,20.124610900878906,20.615528106689453,21.189620971679688,20.880613327026367,21.840330123901367,24.041629791259766,25.0,25.961509704589844,26.925823211669922,25.70992088317871,24.515300750732422,23.53720474243164,23.53720474243164,24.515300750732422,24.73863410949707,25.495098114013672,25.70992088317871,25.63201141357422,27.312999725341797,28.635643005371094,29.546573638916016
1774426882.9307222,-75,1,0,0,47.29693603515625,45.35416030883789,45.880279541015625,48.08325958251953,49.648765563964844,49.39635467529297,47.92702865600586,47.92702865600586,49.658836364746094,50.56678771972656,50.56678771972656,50.15974426269531,50.695167541503906,51.26402282714844,50.28916549682617,48.50773239135742,46.87216567993164,45.7055778503418,45.39823913574219,45.17742919921875,44.0113639831543,42.19004440307617,41.59326934814453,8.062257766723633,3.0,1.0,0.0,2.8284270763397217,5.830951690673828,32.649654388427734,31.95309066772461,34.20526123046875,34.71310806274414,35.35533905029297,36.22154235839844,37.121421813964844,39.0128173828125,40.0,42.01190185546875,43.011627197265625,43.011627197265625,44.0113639831543,44.0113639831543,43.0,44.0,44.0,45.0,47.01063537597656,46.010868072509766,45.0111083984375,45.0111083984375,46.04345703125
1774426883.0010524,-75,1,0,0,46.22769546508789,45.607017517089844,44.40720748901367,44.94440841674805,46.14108657836914,46.52956008911133,46.06517028808594,46.52956008911133,46.06517028808594,46.957427978515625,47.85394287109375,48.30113983154297,48.30113983154297,48.3735466003418,47.50789260864258,46.04345703125,44.821868896484375,43.931766510009766,43.13930892944336,43.13930892944336,43.27817153930664,41.1096076965332,40.804412841796875,8.062257766723633,3.0,1.0,1.0,1.4142135381698608,5.830951690673828,32.24903106689453,33.0151481628418,33.241539001464844,33.970577239990234,34.828147888183594,35.608985900878906,37.013511657714844,37.80211639404297,38.60051727294922,38.832977294921875,39.66106414794922,41.34005355834961,41.34005355834961,42.19004440307617,41.67733383178711,42.54409408569336,43.5660400390625,43.26661682128906,42.8018684387207,43.416587829589844,43.416587829589844,44.04542922973633,45.45327377319336
1774426883.061898,-75,1,0,0,41.86884307861328,40.804412841796875,39.66106414794922,39.96248245239258,41.34005355834961,41.34005355834961,40.8166618347168,40.31128692626953,41.18252182006836,42.94182205200195,42.05948257446289,42.54409408569336,42.05948257446289,42.05948257446289,40.70626449584961,39.824615478515625,37.735923767089844,39.408119201660156,39.051246643066406,38.20994567871094,36.79673767089844,37.80211639404297,36.8917350769043,5.830951690673828,1.0,1.4142135381698608,1.4142135381698608,1.0,4.242640495300293,26.172504425048828,27.658634185791016,28.23118782043457,30.08321762084961,31.016124725341797,31.95309066772461,32.893768310546875,33.241539001464844,34.20526123046875,34.48188018798828,34.48188018798828,36.13862228393555,36.878177642822266,37.10795211791992,37.36308288574219,36.68787384033203,37.336307525634766,37.336307525634766,37.6961555480957,36.769554138183594,36.67424011230469,38.07886505126953,39.96248245239258
1774426883.0721462,-75,1,0,0,41.86884307861328,41.1096076965332,41.773197174072266,41.03656768798828,41.72529220581055,42.42640686035156,41.773197174072266,41.231056213378906,42.01190185546875,42.63801193237305,44.04542922973633,43.27817153930664,43.931766510009766,43.863426208496094,43.84062194824219,41.773197174072266,41.1096076965332,39.051246643066406,39.20458984375,38.832977294921875,38.07886505126953,39.0,37.947330474853516,6.082762718200684,2.0,1.4142135381698608,1.4142135381698608,1.4142135381698608,5.0,31.11269760131836,29.832868576049805,30.886890411376953,30.4138126373291,29.96664810180664,30.870698928833008,32.31098937988281,33.83784866333008,34.48188018798828,35.1710090637207,36.13862228393555,36.13862228393555,37.10795211791992,38.07886505126953,37.36308288574219,37.64305877685547,37.64305877685547,38.60051727294922,38.897300720214844,39.217342376708984,38.62641525268555,39.39543151855469,40.24922180175781
1774426883.1404114,-75,1,0,0,45.0,44.68780517578125,45.343135833740234,46.010868072509766,46.66904830932617,45.27692413330078,43.931766510009766,44.68780517578125,46.097721099853516,46.097721099853516,46.75468063354492,47.423622131347656,48.10405349731445,49.497474670410156,48.79549026489258,46.75468063354492,44.821868896484375,43.8292121887207,42.72002029418945,42.05948257446289,41.62931823730469,41.0,40.31128692626953,7.0,2.0,1.4142135381698608,1.4142135381698608,1.0,4.242640495300293,31.14482307434082,31.62277603149414,32.649654388427734,33.0151481628418,33.2866325378418,33.61547088623047,34.885528564453125,36.24913787841797,37.6961555480957,38.27531814575195,39.217342376708984,39.84971618652344,40.16217041015625,39.560081481933594,39.560081481933594,40.49691390991211,41.43669891357422,41.78516387939453,42.72002029418945,41.231056213378906,40.31128692626953,41.146080017089844,42.94182205200195
1774426883.151999,-75,1,0,0,46.097721099853516,45.17742919921875,44.283180236816406,44.40720748901367,44.72135925292969,44.9110221862793,44.9110221862793,45.12205505371094,46.097721099853516,47.29693603515625,47.29693603515625,47.85394287109375,47.67599105834961,47.381431579589844,46.27094268798828,46.097721099853516,45.0111083984375,44.0113639831543,43.046485900878906,42.296573638916016,42.7551155090332,41.0,40.804412841796875,7.280109882354736,2.0,1.4142135381698608,1.0,1.4142135381698608,6.324555397033691,34.20526123046875,33.241539001464844,33.13608169555664,34.01470184326172,35.0142822265625,35.12833786010742,35.35533905029297,36.49657440185547,37.10795211791992,37.64305877685547,39.560081481933594,41.48493576049805,41.48493576049805,40.52159881591797,41.231056213378906,41.0,41.0,41.0,41.773197174072266,43.5660400390625,43.5660400390625,44.55333709716797,44.40720748901367
1774426883.2291772,-76,1,0,0,44.40720748901367,43.600460052490234,43.416587829589844,44.68780517578125,45.27692413330078,45.27692413330078,43.185646057128906,43.931766510009766,43.931766510009766,44.68780517578125,46.75468063354492,46.75468063354492,47.423622131347656,47.381431579589844,46.69047164916992,44.68780517578125,43.416587829589844,42.20189666748047,42.43819046020508,41.67733383178711,41.146080017089844,41.146080017089844,41.78516387939453,7.280109882354736,1.0,1.4142135381698608,1.4142135381698608,1.0,4.242640495300293,29.698484420776367,31.14482307434082,31.764760971069336,32.202484130859375,32.202484130859375,32.69556427001953,34.1760139465332,35.735137939453125,37.36308288574219,37.36308288574219,38.327537536621094,40.52159881591797,41.48493576049805,40.26164245605469,40.26164245605469,39.560081481933594,39.560081481933594,41.761226654052734,43.011627197265625,43.65776062011719,43.46262741088867,42.54409408569336,42.95346450805664
1774426883.2982526,-74,1,0,0,41.18252182006836,38.587562561035156,36.8917350769043,36.055511474609375,37.64305877685547,39.69886779785156,39.623226165771484,40.31128692626953,41.03656768798828,40.31128692626953,40.31128692626953,41.03656768798828,40.360870361328125,40.360870361328125,39.824615478515625,39.20458984375,38.01315689086914,36.8917350769043,37.2155876159668,35.7770881652832,34.928497314453125,37.121421813964844,37.48332977294922,6.082762718200684,1.0,1.4142135381698608,1.0,2.2360680103302,4.4721360206604,31.95309066772461,26.172504425048828,26.07680892944336,27.018512725830078,29.0,30.149627685546875,28.44292449951172,30.08321762084961,32.015621185302734,35.12833786010742,39.0128173828125,40.01249694824219,38.20994567871094,37.121421813964844,37.121421813964844,38.05259704589844,39.11521530151367,39.051246643066406,38.05259704589844,36.12478256225586,35.22782897949219,36.22154235839844,37.121421813964844
1774426883.3088996,-75,1,0,0,41.67733383178711,41.146080017089844,40.31128692626953,40.853397369384766,41.1096076965332,42.05948257446289,41.761226654052734,42.72002029418945,43.680660247802734,44.643028259277344,44.643028259277344,43.96589660644531,43.32435989379883,43.65776062011719,42.72002029418945,41.62931823730469,40.24922180175781,38.94868469238281,39.4461669921875,38.832977294921875,39.20458984375,38.41874694824219,37.48332977294922,6.4031243324279785,2.2360680103302,1.0,1.0,1.4142135381698608,4.4721360206604,26.832815170288086,28.17800521850586,29.154760360717773,30.805843353271484,31.240999221801758,31.890438079833984,32.526912689208984,34.65544509887695,35.35533905029297,36.06937789916992,36.79673767089844,38.94868469238281,38.94868469238281,38.28837966918945,37.64305877685547,38.28837966918945,40.360870361328125,41.72529220581055,41.72529220581055,41.72529220581055,41.773197174072266,40.360870361328125,40.45985794067383
1774426883.375056,-75,1,0,0,44.68780517578125,43.931766510009766,43.863426208496094,45.25483322143555,45.96738052368164,44.59820556640625,43.27817153930664,42.63801193237305,43.416587829589844,44.821868896484375,46.86149978637695,48.166378021240234,48.10405349731445,48.08325958251953,46.69047164916992,44.59820556640625,41.86884307861328,40.607879638671875,40.804412841796875,40.8166618347168,41.146080017089844,41.146080017089844,40.31128692626953,6.324555397033691,1.0,1.4142135381698608,1.4142135381698608,1.0,4.4721360206604,29.832868576049805,30.4138126373291,31.62277603149414,32.75667953491211,33.541019439697266,34.438350677490234,34.928497314453125,36.769554138183594,37.947330474853516,38.897300720214844,38.897300720214844,40.16217041015625,40.16217041015625,40.16217041015625,40.16217041015625,41.1096076965332,42.379241943359375,44.0113639831543,44.384681701660156,42.54409408569336,41.146080017089844,40.70626449584961,41.18252182006836
1774426883.4433274,-75,1,0,0,46.81879806518555,45.221675872802734,44.643028259277344,46.097721099853516,47.85394287109375,47.67599105834961,46.69047164916992,47.67599105834961,47.51841735839844,48.25971221923828,48.25971221923828,47.26520919799805,47.381431579589844,47.51841735839844,46.87216567993164,46.3249397277832,44.92215347290039,44.271888732910156,44.0113639831543,42.95346450805664,41.18252182006836,40.49691390991211,39.20458984375,7.071067810058594,2.2360680103302,1.0,1.0,2.2360680103302,6.082762718200684,34.525352478027344,32.98484420776367,33.61547088623047,33.541019439697266,33.61547088623047,35.510562896728516,36.055511474609375,37.44329071044922,39.408119201660156,40.607879638671875,40.45985794067383,41.86884307861328,41.86884307861328,41.231056213378906,41.231056213378906,41.231056213378906,42.01190185546875,42.8018684387207,43.8292121887207,42.72002029418945,42.72002029418945,43.046485900878906,44.41846466064453
1774426883.4433274,-75,1,0,0,36.055511474609375,35.35533905029297,34.36568069458008,33.241539001464844,33.83784866333008,37.0,37.64305877685547,39.293766021728516,38.07886505126953,36.13862228393555,35.1710090637207,35.44009017944336,36.13862228393555,38.07886505126953,36.400550842285156,34.20526123046875,32.015621185302734,33.541019439697266,34.13209533691406,34.01470184326172,33.060550689697266,46.097721099853516,45.96738052368164,9.219544410705566,2.8284270763397217,0.0,0.0,2.2360680103302,5.385164737701416,29.96664810180664,30.886890411376953,27.073972702026367,25.317977905273438,25.70992088317871,25.298221588134766,27.85677719116211,27.85677719116211,27.85677719116211,26.570659637451172,28.792360305786133,28.460498809814453,30.675724029541016,32.893768310546875,33.52610778808594,34.1760139465332,32.31098937988281,31.016124725341797,30.675724029541016,31.048349380493164,30.5941162109375,31.400636672973633,31.14482307434082
1774426883.5149875,-75,1,0,0,44.41846466064453,43.26661682128906,42.43819046020508,42.20189666748047,42.8018684387207,42.63801193237305,43.185646057128906,43.185646057128906,43.863426208496094,43.863426208496094,45.27692413330078,44.59820556640625,44.59820556640625,43.931766510009766,42.01190185546875,40.804412841796875,40.49691390991211,40.31128692626953,40.70626449584961,39.81205749511719,39.924930572509766,39.0,38.897300720214844,7.071067810058594,3.0,1.0,1.0,2.2360680103302,5.830951690673828,30.4138126373291,30.479501724243164,30.886890411376953,31.78049659729004,31.95309066772461,32.572994232177734,33.52610778808594,35.44009017944336,35.44009017944336,35.44009017944336,37.10795211791992,38.832977294921875,40.79215621948242,39.81205749511719,40.024993896484375,40.26164245605469,39.560081481933594,39.84971618652344,40.16217041015625,40.16217041015625,40.49691390991211,40.49691390991211,41.78516387939453
1774426883.5924573,-75,1,0,0,47.434165954589844,46.81879806518555,47.16990661621094,47.92702865600586,48.754486083984375,48.30113983154297,47.88528060913086,47.50789260864258,47.50789260864258,50.11985778808594,50.537113189697266,50.990196228027344,51.4781494140625,50.695167541503906,49.04079818725586,46.48655700683594,44.92215347290039,44.384681701660156,44.9110221862793,44.40720748901367,43.104522705078125,40.112342834472656,39.623226165771484,7.071067810058594,3.0,1.0,0.0,2.8284270763397217,5.830951690673828,33.12099075317383,33.105892181396484,34.1760139465332,33.83784866333008,34.48188018798828,36.13862228393555,36.878177642822266,38.470767974853516,40.199501037597656,41.1096076965332,41.1096076965332,41.1096076965332,42.19004440307617,42.10700607299805,41.1096076965332,42.19004440307617,44.18144226074219,45.17742919921875,45.17742919921875,44.283180236816406,43.416587829589844,43.5660400390625,43.931766510009766
1774426883.6031246,-75,1,0,0,28.301942825317383,27.80287742614746,27.018512725830078,27.018512725830078,26.248809814453125,26.248809814453125,25.495098114013672,24.83948516845703,24.75883674621582,26.870058059692383,27.58622932434082,28.319604873657227,29.832868576049805,29.20616340637207,27.658634185791016,26.248809814453125,24.083189010620117,23.600847244262695,23.021728515625,24.1867733001709,24.59674835205078,35.11410140991211,35.84689712524414,6.324555397033691,2.0,1.0,1.0,2.2360680103302,5.099019527435303,29.0,28.07133674621582,20.124610900878906,20.124610900878906,20.615528106689453,21.540658950805664,23.0867919921875,22.56102752685547,23.53720474243164,24.73863410949707,24.73863410949707,23.76972770690918,23.53720474243164,25.317977905273438,24.331050872802734,25.317977905273438,24.515300750732422,25.70992088317871,26.925823211669922,26.925823211669922,25.298221588134766,25.63201141357422,25.079872131347656
1774426883.6695995,-75,1,0,0,45.79301071166992,45.486263275146484,45.0,46.22769546508789,46.75468063354492,47.381431579589844,47.381431579589844,46.66904830932617,46.66904830932617,46.69047164916992,47.381431579589844,47.381431579589844,47.381431579589844,48.166378021240234,48.41487503051758,46.615447998046875,44.10215377807617,43.046485900878906,43.416587829589844,42.48529052734375,42.154476165771484,42.10700607299805,41.04875183105469,8.062257766723633,3.1622776985168457,1.0,1.0,2.2360680103302,6.7082037925720215,34.13209533691406,34.48188018798828,33.83784866333008,34.48188018798828,35.34119415283203,35.84689712524414,36.400550842285156,37.336307525634766,37.947330474853516,38.897300720214844,39.84971618652344,40.804412841796875,41.1096076965332,40.804412841796875,41.761226654052734,42.72002029418945,43.680660247802734,45.221675872802734,44.59820556640625,44.0113639831543,44.0113639831543,45.31004333496094,45.694637298583984
1774426883.7375493,-75,1,0,0,48.02082824707031,46.04345703125,45.0,44.68780517578125,45.343135833740234,45.96738052368164,45.25483322143555,46.66904830932617,45.96738052368164,46.69047164916992,47.381431579589844,47.381431579589844,47.423622131347656,48.166378021240234,48.27007293701172,47.801673889160156,46.87216567993164,44.94440841674805,43.416587829589844,43.382022857666016,43.08131790161133,41.9761848449707,41.59326934814453,7.071067810058594,2.0,1.0,1.0,2.2360680103302,5.656854152679443,33.60059356689453,33.2866325378418,33.61547088623047,34.0,34.01470184326172,35.46829605102539,35.11410140991211,36.68787384033203,37.64305877685547,38.327537536621094,39.293766021728516,40.26164245605469,40.26164245605469,40.26164245605469,41.9761848449707,42.20189666748047,41.231056213378906,41.761226654052734,43.32435989379883,43.32435989379883,43.65776062011719,44.0113639831543,45.31004333496094
1774426883.7501442,-75,1,0,0,48.50773239135742,46.69047164916992,47.07440948486328,47.29693603515625,48.08325958251953,48.703182220458984,47.75981521606445,47.75981521606445,47.75981521606445,49.04079818725586,49.648765563964844,49.33558654785156,49.04079818725586,49.72926712036133,49.47726821899414,47.85394287109375,46.389652252197266,45.27692413330078,45.09988784790039,45.0,45.09988784790039,42.296573638916016,40.79215621948242,8.062257766723633,3.0,1.0,0.0,2.8284270763397217,6.7082037925720215,34.885528564453125,34.539833068847656,34.928497314453125,34.71310806274414,35.35533905029297,35.22782897949219,37.05401611328125,39.0,40.01249694824219,41.1096076965332,41.1096076965332,41.19466018676758,42.296573638916016,43.28972244262695,43.28972244262695,43.28972244262695,43.28972244262695,44.18144226074219,45.09988784790039,46.04345703125,46.010868072509766,45.0111083984375,47.0
1774426883.8206098,-75,1,0,0,40.804412841796875,40.224369049072266,39.11521530151367,38.94868469238281,39.39543151855469,39.924930572509766,39.0,39.924930572509766,39.924930572509766,40.853397369384766,42.154476165771484,42.154476165771484,41.62931823730469,41.62931823730469,40.24922180175781,38.94868469238281,36.8917350769043,37.44329071044922,37.202152252197266,37.013511657714844,36.12478256225586,39.924930572509766,38.60051727294922,7.071067810058594,3.0,1.0,1.0,1.4142135381698608,5.0,30.4138126373291,31.14482307434082,30.610456466674805,31.14482307434082,31.827661514282227,31.890438079833984,32.649654388427734,33.42155075073242,34.20526123046875,34.4093017578125,35.22782897949219,34.4093017578125,35.608985900878906,35.46829605102539,35.608985900878906,36.400550842285156,37.202152252197266,37.202152252197266,38.41874694824219,38.28837966918945,37.53664779663086,38.20994567871094,38.20994567871094
1774426883.895526,-75,1,0,0,44.59820556640625,43.863426208496094,43.13930892944336,43.13930892944336,43.931766510009766,42.63801193237305,42.8018684387207,43.011627197265625,44.40720748901367,45.0,46.40043258666992,45.607017517089844,45.45327377319336,46.010868072509766,44.55333709716797,43.13930892944336,41.773197174072266,41.1096076965332,40.45985794067383,40.804412841796875,39.96248245239258,40.0,40.8166618347168,8.062257766723633,3.1622776985168457,0.0,0.0,2.2360680103302,5.830951690673828,31.38471031188965,32.202484130859375,32.015621185302734,31.62277603149414,31.906112670898438,32.24903106689453,33.541019439697266,35.34119415283203,36.769554138183594,36.400550842285156,37.336307525634766,37.6961555480957,38.62641525268555,39.924930572509766,39.924930572509766,40.31128692626953,40.31128692626953,39.924930572509766,40.31128692626953,40.71854782104492,38.910152435302734,39.357337951660156,39.824615478515625
1774426883.9071188,-75,1,0,0,37.64305877685547,37.0,35.84689712524414,35.34119415283203,35.7770881652832,36.359317779541016,36.055511474609375,36.8917350769043,38.07886505126953,39.357337951660156,38.910152435302734,37.57658767700195,38.910152435302734,39.0,38.62641525268555,39.217342376708984,38.897300720214844,36.68787384033203,35.44009017944336,33.95585250854492,33.37664031982422,35.44009017944336,36.400550842285156,7.6157732009887695,3.605551242828369,0.0,0.0,2.0,6.082762718200684,32.280025482177734,30.5941162109375,27.513633728027344,27.892650604248047,28.44292449951172,29.27456283569336,29.154760360717773,30.149627685546875,31.14482307434082,32.06243896484375,32.015621185302734,33.13608169555664,33.37664031982422,31.400636672973633,31.256999969482422,33.13608169555664,34.058773040771484,35.0142822265625,35.0142822265625,35.05709457397461,36.055511474609375,36.22154235839844,38.470767974853516
1774426883.9682236,-75,1,0,0,44.271888732910156,43.65776062011719,44.0113639831543,42.54409408569336,43.382022857666016,43.416587829589844,43.90899658203125,43.90899658203125,45.27692413330078,44.41846466064453,45.27692413330078,44.29446792602539,43.8292121887207,44.283180236816406,42.95346450805664,42.154476165771484,41.43669891357422,40.804412841796875,40.52159881591797,40.79215621948242,40.31128692626953,40.04996871948242,39.051246643066406,8.062257766723633,3.1622776985168457,1.0,1.0,2.2360680103302,6.324555397033691,33.12099075317383,32.202484130859375,31.320919036865234,31.78049659729004,32.38827133178711,33.37664031982422,34.2344856262207,35.12833786010742,36.12478256225586,37.05401611328125,37.013511657714844,38.0,39.0,40.0,41.0,41.01219177246094,41.01219177246094,40.04996871948242,41.1096076965332,41.19466018676758,42.19004440307617,42.19004440307617,43.28972244262695
1774426884.0376036,-76,1,0,0,46.81879806518555,46.2385139465332,46.615447998046875,46.097721099853516,46.957427978515625,46.52956008911133,45.650848388671875,44.777225494384766,46.14108657836914,47.50789260864258,48.87739944458008,48.3735466003418,47.88528060913086,48.764739990234375,48.754486083984375,46.615447998046875,44.59820556640625,43.96589660644531,43.416587829589844,43.73785400390625,43.28972244262695,43.011627197265625,42.296573638916016,7.280109882354736,1.4142135381698608,1.4142135381698608,1.4142135381698608,1.0,4.4721360206604,30.463092803955078,31.62277603149414,32.98484420776367,33.734256744384766,34.525352478027344,35.35533905029297,36.22154235839844,38.11823654174805,39.051246643066406,40.01249694824219,40.0,41.01219177246094,42.01190185546875,42.01190185546875,42.01190185546875,42.0,42.01190185546875,43.011627197265625,44.04542922973633,44.04542922973633,43.104522705078125,43.28972244262695,44.40720748901367
1774426884.0479488,-75,1,0,0,45.45327377319336,45.343135833740234,43.863426208496094,43.84062194824219,45.343135833740234,45.45327377319336,44.821868896484375,45.607017517089844,45.607017517089844,47.01063537597656,47.6340217590332,47.50789260864258,46.75468063354492,47.423622131347656,45.96738052368164,43.84062194824219,42.52058410644531,42.63801193237305,42.20189666748047,42.19004440307617,41.59326934814453,39.357337951660156,37.6961555480957,6.324555397033691,1.0,1.4142135381698608,1.4142135381698608,1.4142135381698608,5.0,33.42155075073242,32.557640075683594,31.62277603149414,32.75667953491211,32.24903106689453,32.649654388427734,34.01470184326172,36.24913787841797,38.07886505126953,38.62641525268555,39.560081481933594,40.49691390991211,41.43669891357422,41.43669891357422,40.49691390991211,40.853397369384766,39.924930572509766,41.231056213378906,41.62931823730469,42.04759216308594,42.94182205200195,43.416587829589844,43.90899658203125
1774426884.1074107,-75,1,0,0,37.2155876159668,36.34556198120117,35.510562896728516,35.902645111083984,37.10795211791992,36.13862228393555,35.1710090637207,35.44009017944336,36.68787384033203,37.947330474853516,38.897300720214844,38.60051727294922,38.327537536621094,39.051246643066406,37.85498809814453,36.34556198120117,35.22782897949219,34.058773040771484,34.0,34.058773040771484,34.36568069458008,35.510562896728516,35.12833786010742,6.0,1.4142135381698608,1.4142135381698608,1.4142135381698608,1.0,5.0,29.4108829498291,30.01666259765625,28.017850875854492,28.160255432128906,27.459060668945312,27.658634185791016,28.861740112304688,29.832868576049805,31.78049659729004,33.241539001464844,33.83784866333008,34.1760139465332,34.1760139465332,33.241539001464844,31.95309066772461,32.572994232177734,33.241539001464844,33.95585250854492,34.71310806274414,34.71310806274414,34.71310806274414,34.525352478027344,35.35533905029297
1774426884.177803,-75,1,0,0,47.434165954589844,46.87216567993164,46.647613525390625,45.617977142333984,46.2385139465332,45.880279541015625,45.880279541015625,45.54119110107422,46.48655700683594,46.48655700683594,47.434165954589844,47.434165954589844,47.75981521606445,47.16990661621094,47.01063537597656,45.17742919921875,44.41846466064453,43.5660400390625,44.10215377807617,43.600460052490234,42.63801193237305,40.360870361328125,39.59798049926758,7.8102498054504395,2.2360680103302,1.0,1.0,1.4142135381698608,5.830951690673828,32.649654388427734,33.12099075317383,34.20526123046875,33.970577239990234,34.65544509887695,34.71310806274414,36.2353401184082,37.64305877685547,38.41874694824219,39.051246643066406,40.607879638671875,40.804412841796875,41.617305755615234,41.617305755615234,42.20189666748047,42.01190185546875,42.01190185546875,42.63801193237305,43.931766510009766,44.59820556640625,45.27692413330078,45.96738052368164,46.66904830932617
1774426884.1884835,-75,1,0,0,49.25444030761719,48.166378021240234,47.095645904541016,47.04253387451172,47.01063537597656,48.041648864746094,47.095645904541016,48.166378021240234,48.166378021240234,49.09175109863281,50.08992004394531,50.03998565673828,49.01020431518555,49.0,48.010414123535156,48.041648864746094,47.16990661621094,46.389652252197266,46.87216567993164,45.607017517089844,44.271888732910156,44.384681701660156,43.8292121887207,8.602325439453125,3.605551242828369,0.0,0.0,2.0,7.0,34.058773040771484,34.01470184326172,34.525352478027344,35.902645111083984,36.13862228393555,36.400550842285156,37.0,37.6961555480957,38.4837646484375,39.81205749511719,40.71854782104492,40.71854782104492,42.04759216308594,42.95346450805664,44.283180236816406,44.777225494384766,44.777225494384766,44.777225494384766,44.384681701660156,44.94440841674805,45.880279541015625,45.54119110107422,46.173583984375
1774426884.2583058,-75,1,0,0,42.72002029418945,40.853397369384766,41.231056213378906,40.71854782104492,40.70626449584961,41.67733383178711,41.88078308105469,42.72002029418945,43.26661682128906,43.26661682128906,43.5660400390625,43.90899658203125,43.90899658203125,44.777225494384766,42.94182205200195,42.04759216308594,40.31128692626953,39.924930572509766,39.217342376708984,39.293766021728516,38.470767974853516,39.0128173828125,39.31920623779297,7.071067810058594,1.0,1.4142135381698608,1.0,1.4142135381698608,5.0,29.068883895874023,29.546573638916016,30.08321762084961,31.320919036865234,32.015621185302734,32.557640075683594,33.37664031982422,34.13209533691406,34.13209533691406,35.05709457397461,36.055511474609375,37.05401611328125,37.121421813964844,37.2155876159668,37.2155876159668,38.20994567871094,38.11823654174805,38.11823654174805,39.11521530151367,40.112342834472656,40.199501037597656,41.43669891357422,41.59326934814453
1774426884.3266728,-75,1,0,0,38.01315689086914,37.013511657714844,37.121421813964844,37.2155876159668,38.470767974853516,38.470767974853516,37.48332977294922,37.656341552734375,37.656341552734375,38.832977294921875,39.623226165771484,39.458839416503906,39.31920623779297,40.31128692626953,39.20458984375,39.11521530151367,37.013511657714844,36.013885498046875,36.055511474609375,35.35533905029297,35.902645111083984,34.20526123046875,33.83784866333008,6.324555397033691,2.0,1.0,1.0,2.2360680103302,5.099019527435303,27.459060668945312,27.166154861450195,28.017850875854492,28.160255432128906,28.44292449951172,28.635643005371094,29.832868576049805,30.805843353271484,32.015621185302734,32.280025482177734,32.572994232177734,32.572994232177734,33.83784866333008,34.1760139465332,34.1760139465332,34.1760139465332,34.1760139465332,35.44009017944336,36.13862228393555,37.10795211791992,37.10795211791992,36.878177642822266,37.85498809814453
1774426884.338347,-75,1,0,0,48.50773239135742,47.51841735839844,46.52956008911133,46.69047164916992,47.07440948486328,48.764739990234375,48.383880615234375,48.703182220458984,47.75981521606445,47.75981521606445,49.33558654785156,48.764739990234375,48.50773239135742,48.50773239135742,47.29693603515625,46.87216567993164,46.52956008911133,45.27692413330078,44.10215377807617,44.0113639831543,43.046485900878906,42.19004440307617,42.7551155090332,8.246211051940918,3.1622776985168457,1.0,1.0,2.0,7.071067810058594,33.95585250854492,34.36568069458008,34.0,35.05709457397461,36.22154235839844,38.327537536621094,39.623226165771484,39.81205749511719,40.79215621948242,41.773197174072266,41.0,41.9761848449707,43.17406463623047,43.17406463623047,43.416587829589844,44.384681701660156,44.14748001098633,43.931766510009766,43.73785400390625,44.40720748901367,45.17742919921875,46.097721099853516,46.04345703125
1774426884.4045699,-75,1,0,0,42.05948257446289,43.046485900878906,43.5660400390625,42.72002029418945,41.04875183105469,39.66106414794922,39.11521530151367,39.96248245239258,42.19004440307617,44.10215377807617,43.8292121887207,43.8292121887207,44.10215377807617,46.14108657836914,44.29446792602539,43.382022857666016,39.924930572509766,38.897300720214844,37.36308288574219,37.85498809814453,37.336307525634766,40.024993896484375,39.560081481933594,7.280109882354736,2.0,1.0,0.0,2.8284270763397217,5.0,28.17800521850586,28.792360305786133,29.681644439697266,30.01666259765625,30.886890411376953,30.4138126373291,31.78049659729004,32.69556427001953,35.11410140991211,36.68787384033203,36.400550842285156,34.20526123046875,32.75667953491211,33.734256744384766,34.20526123046875,35.44009017944336,36.400550842285156,38.60051727294922,40.16217041015625,39.560081481933594,37.6961555480957,38.62641525268555,40.49691390991211
1774426884.4700787,-75,1,0,0,48.66210174560547,46.87216567993164,46.097721099853516,45.35416030883789,44.643028259277344,46.173583984375,46.81879806518555,47.16990661621094,46.2385139465332,45.880279541015625,47.75981521606445,48.383880615234375,47.434165954589844,47.801673889160156,47.29693603515625,46.87216567993164,46.389652252197266,45.17742919921875,44.10215377807617,43.011627197265625,43.104522705078125,43.73785400390625,44.384681701660156,8.5440034866333,3.1622776985168457,0.0,1.0,2.0,6.324555397033691,35.11410140991211,34.48188018798828,34.36568069458008,34.13209533691406,35.0142822265625,36.013885498046875,37.121421813964844,39.20458984375,39.31920623779297,39.458839416503906,40.4474983215332,42.42640686035156,42.296573638916016,43.185646057128906,43.185646057128906,44.283180236816406,44.40720748901367,44.40720748901367,43.28972244262695,44.18144226074219,44.04542922973633,45.0111083984375,47.01063537597656
1774426884.4807107,-75,1,0,0,49.25444030761719,48.3735466003418,46.389652252197266,44.55333709716797,44.72135925292969,45.12205505371094,45.35416030883789,46.840152740478516,48.08325958251953,48.764739990234375,48.764739990234375,49.47726821899414,50.21951675415039,50.0099983215332,49.030601501464844,48.50773239135742,47.16990661621094,45.0444221496582,43.0,42.10700607299805,41.43669891357422,41.43669891357422,42.154476165771484,6.7082037925720215,2.2360680103302,1.4142135381698608,1.4142135381698608,1.4142135381698608,5.0,31.016124725341797,31.064449310302734,32.06243896484375,34.2344856262207,35.35533905029297,36.49657440185547,36.878177642822266,37.36308288574219,37.64305877685547,38.27531814575195,38.62641525268555,39.924930572509766,40.853397369384766,41.78516387939453,42.72002029418945,43.96589660644531,44.643028259277344,44.384681701660156,43.416587829589844,43.17406463623047,42.95346450805664,43.73785400390625,44.55333709716797
1774426884.5481741,-75,1,0,0,48.166378021240234,47.50789260864258,47.01063537597656,45.80392837524414,46.3249397277832,47.50789260864258,47.01063537597656,47.88528060913086,47.88528060913086,47.88528060913086,47.88528060913086,47.50789260864258,47.16990661621094,48.25971221923828,46.615447998046875,46.22769546508789,43.931766510009766,43.931766510009766,43.863426208496094,42.44997024536133,41.231056213378906,41.43669891357422,41.48493576049805,7.280109882354736,2.2360680103302,1.0,1.0,2.2360680103302,5.656854152679443,31.890438079833984,32.649654388427734,33.241539001464844,33.241539001464844,34.058773040771484,35.0,36.619667053222656,38.27531814575195,38.587562561035156,39.4461669921875,39.824615478515625,40.70626449584961,42.05948257446289,43.416587829589844,43.416587829589844,43.046485900878906,43.5660400390625,43.26661682128906,43.011627197265625,43.011627197265625,44.40720748901367,44.65422821044922,44.40720748901367
1774426884.5701244,-75,1,0,0,44.0113639831543,43.046485900878906,42.04759216308594,41.1096076965332,41.30375289916992,41.43669891357422,41.773197174072266,42.95346450805664,43.931766510009766,43.73785400390625,43.5660400390625,43.416587829589844,43.5660400390625,43.416587829589844,43.185646057128906,42.10700607299805,42.01190185546875,41.0,41.04875183105469,40.199501037597656,38.63935852050781,38.27531814575195,36.67424011230469,5.830951690673828,1.4142135381698608,1.4142135381698608,1.4142135381698608,1.4142135381698608,5.385164737701416,31.048349380493164,30.4138126373291,30.01666259765625,31.14482307434082,31.256999969482422,31.575305938720703,31.78049659729004,32.98484420776367,34.48188018798828,35.735137939453125,37.0,38.27531814575195,39.560081481933594,39.560081481933594,39.217342376708984,39.217342376708984,39.217342376708984,39.217342376708984,38.897300720214844,39.560081481933594,40.26164245605469,41.0,42.7551155090332
1774426884.616678,-75,1,0,0,34.928497314453125,34.539833068847656,33.241539001464844,33.52610778808594,33.95585250854492,34.71310806274414,33.734256744384766,34.71310806274414,34.71310806274414,35.902645111083984,36.878177642822266,35.902645111083984,35.902645111083984,36.13862228393555,34.48188018798828,32.893768310546875,32.31098937988281,31.78049659729004,32.202484130859375,31.764760971069336,31.064449310302734,30.610456466674805,30.4138126373291,5.0,2.0,1.0,1.0,1.4142135381698608,3.1622776985168457,22.203603744506836,23.53720474243164,24.698177337646484,25.079872131347656,25.942243576049805,26.419689178466797,26.925823211669922,27.459060668945312,28.844409942626953,29.4108829498291,30.0,30.0,30.610456466674805,31.400636672973633,31.400636672973633,32.015621185302734,32.80244064331055,32.202484130859375,32.4499626159668,32.4499626159668,33.2866325378418,32.75667953491211,34.13209533691406
1774426884.6856256,-75,1,0,0,41.78516387939453,41.231056213378906,41.62931823730469,42.48529052734375,42.94182205200195,42.54409408569336,40.8166618347168,41.34005355834961,42.19004440307617,43.26661682128906,43.8292121887207,44.10215377807617,44.41846466064453,44.777225494384766,43.416587829589844,42.48529052734375,40.71854782104492,39.39543151855469,39.560081481933594,39.293766021728516,38.63935852050781,35.35533905029297,34.13209533691406,6.0,1.4142135381698608,1.4142135381698608,1.4142135381698608,1.0,4.4721360206604,29.154760360717773,29.73213768005371,30.805843353271484,31.400636672973633,31.256999969482422,32.06243896484375,33.0151481628418,35.0,37.013511657714844,37.05401611328125,38.05259704589844,38.05259704589844,39.051246643066406,38.01315689086914,38.0,39.0,39.0,40.0,41.01219177246094,41.04875183105469,41.1096076965332,40.31128692626953,41.43669891357422
1774426884.6959133,-75,1,0,0,42.52058410644531,41.773197174072266,40.31128692626953,40.31128692626953,41.03656768798828,42.52058410644531,43.27817153930664,43.27817153930664,43.931766510009766,44.68780517578125,43.931766510009766,43.931766510009766,43.185646057128906,42.44997024536133,42.42640686035156,42.44997024536133,41.86884307861328,41.400482177734375,41.617305755615234,39.96248245239258,38.01315689086914,35.7770881652832,34.539833068847656,5.385164737701416,1.4142135381698608,1.0,1.0,2.0,5.830951690673828,29.681644439697266,29.20616340637207,29.20616340637207,30.232433319091797,31.064449310302734,31.38471031188965,32.24903106689453,33.12099075317383,34.0,34.438350677490234,35.34119415283203,37.161808013916016,38.07886505126953,38.62641525268555,39.560081481933594,38.62641525268555,38.62641525268555,38.07886505126953,37.57658767700195,38.01315689086914,38.94868469238281,39.96248245239258,39.96248245239258
1774426884.757203,-75,1,0,0,42.20189666748047,41.773197174072266,40.79215621948242,40.607879638671875,40.4474983215332,41.1096076965332,41.04875183105469,41.01219177246094,42.0,43.0,43.046485900878906,44.10215377807617,44.18144226074219,44.283180236816406,42.42640686035156,40.79215621948242,40.024993896484375,40.26164245605469,39.560081481933594,38.27531814575195,38.4837646484375,38.62641525268555,36.67424011230469,5.830951690673828,1.4142135381698608,1.4142135381698608,1.4142135381698608,1.4142135381698608,5.0,30.066593170166016,29.27456283569336,28.792360305786133,29.154760360717773,29.546573638916016,30.870698928833008,32.202484130859375,34.0,34.66987228393555,35.22782897949219,35.80502700805664,36.400550842285156,36.400550842285156,36.400550842285156,36.619667053222656,36.8917350769043,37.735923767089844,38.27531814575195,39.11521530151367,38.587562561035156,38.470767974853516,39.357337951660156,40.71854782104492
1774426884.7778955,-75,1,0,0,41.1096076965332,41.231056213378906,40.607879638671875,41.400482177734375,41.400482177734375,41.617305755615234,40.49691390991211,41.34005355834961,42.72002029418945,43.26661682128906,44.10215377807617,43.26661682128906,43.8292121887207,43.600460052490234,43.416587829589844,41.1096076965332,41.03656768798828,40.31128692626953,38.94868469238281,38.41874694824219,38.01315689086914,37.735923767089844,37.121421813964844,6.324555397033691,1.0,1.4142135381698608,1.4142135381698608,1.0,4.123105525970459,27.73084831237793,29.154760360717773,30.479501724243164,31.827661514282227,31.827661514282227,32.557640075683594,33.30165100097656,34.20526123046875,35.22782897949219,35.510562896728516,37.2155876159668,37.735923767089844,39.11521530151367,39.11521530151367,38.27531814575195,38.27531814575195,39.11521530151367,39.96248245239258,40.49691390991211,40.224369049072266,39.20458984375,39.824615478515625,40.45985794067383
1774426884.8324554,-75,1,0,0,47.01063537597656,46.51881408691406,46.06517028808594,45.650848388671875,45.79301071166992,46.87216567993164,46.615447998046875,47.20169448852539,48.010414123535156,48.25971221923828,49.09175109863281,49.09175109863281,48.54894256591797,49.39635467529297,47.88528060913086,47.423622131347656,46.2385139465332,45.54119110107422,45.221675872802734,43.416587829589844,41.59326934814453,42.296573638916016,42.01190185546875,7.0,2.0,1.4142135381698608,1.0,2.2360680103302,6.4031243324279785,33.83784866333008,33.2866325378418,33.61547088623047,35.11410140991211,35.735137939453125,36.13862228393555,36.67424011230469,37.48332977294922,38.20994567871094,39.11521530151367,40.112342834472656,41.1096076965332,41.19466018676758,41.30375289916992,42.296573638916016,43.28972244262695,43.28972244262695,42.296573638916016,42.296573638916016,43.416587829589844,45.7055778503418,45.7055778503418,46.69047164916992
1774426884.9000351,-75,1,0,0,38.20994567871094,36.12478256225586,35.46829605102539,36.2353401184082,36.400550842285156,36.619667053222656,34.66987228393555,34.98571014404297,36.715118408203125,38.07886505126953,37.735923767089844,38.27531814575195,38.832977294921875,39.408119201660156,39.20458984375,37.013511657714844,36.12478256225586,34.65544509887695,34.65544509887695,34.828147888183594,35.0,31.906112670898438,31.30495262145996,4.4721360206604,1.0,1.4142135381698608,1.4142135381698608,1.0,4.4721360206604,26.62705421447754,27.018512725830078,27.018512725830078,27.20294189453125,26.62705421447754,26.925823211669922,27.784887313842773,29.068883895874023,30.870698928833008,31.016124725341797,32.31098937988281,33.61547088623047,34.01470184326172,33.105892181396484,33.105892181396484,32.202484130859375,33.105892181396484,34.438350677490234,35.7770881652832,34.885528564453125,33.61547088623047,34.13209533691406,35.22782897949219
1774426884.9109547,-75,1,0,0,44.04542922973633,42.8018684387207,42.20189666748047,42.43819046020508,43.5660400390625,44.29446792602539,44.283180236816406,44.283180236816406,44.72135925292969,44.72135925292969,45.617977142333984,44.72135925292969,44.777225494384766,44.94440841674805,44.65422821044922,43.600460052490234,42.20189666748047,41.400482177734375,40.45985794067383,40.31128692626953,39.623226165771484,38.587562561035156,38.470767974853516,7.6157732009887695,2.2360680103302,0.0,0.0,2.2360680103302,6.4031243324279785,30.610456466674805,31.890438079833984,31.827661514282227,33.241539001464844,33.970577239990234,34.058773040771484,33.60059356689453,36.055511474609375,37.735923767089844,38.587562561035156,39.4461669921875,39.4461669921875,39.66106414794922,38.832977294921875,39.11521530151367,40.49691390991211,41.04875183105469,42.72002029418945,42.72002029418945,42.43819046020508,42.20189666748047,41.86884307861328,42.52058410644531
1774426884.9823718,-75,1,0,0,43.90899658203125,42.19004440307617,41.617305755615234,42.01190185546875,43.27817153930664,43.185646057128906,41.72529220581055,41.72529220581055,42.44997024536133,43.13930892944336,45.96738052368164,46.010868072509766,46.097721099853516,46.22769546508789,45.0,43.011627197265625,41.88078308105469,40.8166618347168,40.31128692626953,40.24922180175781,39.924930572509766,38.62641525268555,37.36308288574219,7.280109882354736,3.1622776985168457,0.0,0.0,2.8284270763397217,6.4031243324279785,31.890438079833984,32.015621185302734,31.38471031188965,32.649654388427734,33.105892181396484,33.61547088623047,35.11410140991211,37.0,38.327537536621094,39.051246643066406,38.832977294921875,38.63935852050781,38.832977294921875,39.051246643066406,38.07886505126953,38.07886505126953,38.327537536621094,39.560081481933594,42.05948257446289,42.05948257446289,41.1096076965332,41.43669891357422,40.31128692626953
1774426885.0492263,-75,1,0,0,42.72002029418945,42.44997024536133,42.20189666748047,41.9761848449707,42.57933807373047,42.296573638916016,41.1096076965332,41.1096076965332,41.04875183105469,42.01190185546875,43.104522705078125,43.185646057128906,44.40720748901367,44.55333709716797,43.931766510009766,42.20189666748047,41.48493576049805,40.52159881591797,39.84971618652344,39.0,38.01315689086914,37.735923767089844,36.400550842285156,6.4031243324279785,1.4142135381698608,1.4142135381698608,1.4142135381698608,1.4142135381698608,4.0,27.073972702026367,28.44292449951172,28.635643005371094,29.529645919799805,30.01666259765625,30.528675079345703,31.62277603149414,34.20526123046875,34.828147888183594,35.46829605102539,36.2353401184082,36.2353401184082,37.013511657714844,37.80211639404297,37.80211639404297,37.80211639404297,37.80211639404297,38.60051727294922,38.832977294921875,39.11521530151367,39.11521530151367,39.11521530151367,40.8166618347168
1774426885.0598116,-75,1,0,0,43.13930892944336,43.185646057128906,42.52058410644531,42.63801193237305,43.416587829589844,43.600460052490234,43.011627197265625,43.8292121887207,44.65422821044922,44.65422821044922,45.221675872802734,44.40720748901367,45.607017517089844,45.607017517089844,44.821868896484375,43.27817153930664,41.773197174072266,41.03656768798828,41.03656768798828,41.231056213378906,40.224369049072266,40.8166618347168,38.94868469238281,8.062257766723633,2.2360680103302,0.0,0.0,2.2360680103302,5.656854152679443,30.4138126373291,31.14482307434082,31.62277603149414,32.4499626159668,32.75667953491211,33.12099075317383,33.541019439697266,34.438350677490234,36.24913787841797,37.161808013916016,38.62641525268555,38.62641525268555,39.560081481933594,39.560081481933594,39.560081481933594,38.07886505126953,38.4837646484375,39.81205749511719,40.70626449584961,41.18252182006836,40.8166618347168,40.49691390991211,41.04875183105469
1774426885.129872,-75,1,0,0,47.70744323730469,46.04345703125,46.615447998046875,47.801673889160156,48.41487503051758,47.50789260864258,46.010868072509766,46.69047164916992,47.381431579589844,49.497474670410156,50.20956039428711,50.2493782043457,51.7397346496582,52.63079071044922,51.22499465942383,49.20365905761719,46.615447998046875,45.486263275146484,45.79301071166992,45.17742919921875,46.097721099853516,44.777225494384766,43.65776062011719,8.5440034866333,3.1622776985168457,0.0,0.0,2.2360680103302,6.4031243324279785,35.35533905029297,36.2353401184082,35.7770881652832,36.769554138183594,37.336307525634766,37.0,37.36308288574219,40.024993896484375,42.7551155090332,42.7551155090332,42.7551155090332,42.95346450805664,43.931766510009766,44.14748001098633,43.17406463623047,43.17406463623047,44.384681701660156,44.384681701660156,45.880279541015625,46.173583984375,45.221675872802734,45.54119110107422,45.880279541015625
1774426885.1962707,-75,1,0,0,39.11521530151367,40.04996871948242,38.01315689086914,40.04996871948242,41.43669891357422,40.79215621948242,38.832977294921875,36.67424011230469,36.49657440185547,38.63935852050781,41.773197174072266,42.57933807373047,42.296573638916016,42.01190185546875,41.01219177246094,39.11521530151367,39.11521530151367,37.2155876159668,37.336307525634766,37.85498809814453,37.36308288574219,40.4474983215332,41.30375289916992,8.0,3.0,1.0,1.0,2.2360680103302,6.4031243324279785,36.79673767089844,35.608985900878906,28.0,28.07133674621582,27.294687271118164,28.44292449951172,30.5941162109375,33.734256744384766,34.20526123046875,34.20526123046875,34.48188018798828,37.10795211791992,38.07886505126953,36.878177642822266,36.67424011230469,33.734256744384766,34.20526123046875,35.1710090637207,35.902645111083984,36.67424011230469,38.07886505126953,38.327537536621094,39.293766021728516
1774426885.2081122,-75,1,0,0,43.26661682128906,43.011627197265625,43.600460052490234,44.204071044921875,44.68780517578125,44.59820556640625,43.13930892944336,43.84062194824219,43.84062194824219,45.25483322143555,45.96738052368164,45.27692413330078,45.27692413330078,45.27692413330078,43.931766510009766,42.63801193237305,42.01190185546875,41.617305755615234,40.49691390991211,39.824615478515625,39.39543151855469,36.400550842285156,36.67424011230469,7.071067810058594,3.1622776985168457,0.0,0.0,2.8284270763397217,5.656854152679443,29.832868576049805,30.0,31.78049659729004,31.38471031188965,31.95309066772461,32.572994232177734,32.98484420776367,34.71310806274414,35.693138122558594,36.67424011230469,37.656341552734375,38.63935852050781,39.458839416503906,39.458839416503906,38.470767974853516,37.656341552734375,38.832977294921875,41.231056213378906,42.44997024536133,42.72002029418945,42.05948257446289,41.43669891357422,41.78516387939453
1774426885.2695506,-75,1,0,0,44.0,43.011627197265625,43.046485900878906,44.18144226074219,44.283180236816406,43.5660400390625,41.59326934814453,40.607879638671875,41.59326934814453,41.59326934814453,42.57933807373047,44.40720748901367,45.27692413330078,46.389652252197266,46.27094268798828,44.10215377807617,43.0,41.04875183105469,41.19466018676758,40.607879638671875,40.024993896484375,38.4837646484375,37.58989334106445,6.7082037925720215,2.2360680103302,1.0,1.0,2.2360680103302,5.099019527435303,29.154760360717773,29.017236709594727,32.0,32.06243896484375,32.24903106689453,32.557640075683594,33.95585250854492,36.400550842285156,37.64305877685547,37.64305877685547,38.897300720214844,38.897300720214844,37.947330474853516,37.947330474853516,37.336307525634766,37.947330474853516,38.897300720214844,40.804412841796875,41.761226654052734,41.48493576049805,39.293766021728516,39.051246643066406,41.0
1774426885.3361056,-75,1,0,0,44.65422821044922,44.40720748901367,43.416587829589844,41.1096076965332,41.03656768798828,42.42640686035156,42.42640686035156,42.42640686035156,43.84062194824219,45.25483322143555,46.66904830932617,45.96738052368164,45.25483322143555,44.55333709716797,43.185646057128906,42.63801193237305,42.43819046020508,42.72002029418945,41.67733383178711,40.70626449584961,40.31128692626953,38.62641525268555,38.327537536621094,7.071067810058594,3.1622776985168457,1.0,1.0,2.2360680103302,6.4031243324279785,32.526912689208984,31.14482307434082,30.528675079345703,30.886890411376953,32.202484130859375,32.69556427001953,33.241539001464844,34.1760139465332,35.11410140991211,34.78505325317383,35.735137939453125,37.64305877685547,38.327537536621094,39.293766021728516,39.293766021728516,40.52159881591797,40.804412841796875,41.43669891357422,41.78516387939453,41.78516387939453,41.78516387939453,42.54409408569336,42.95346450805664
1774426885.3465145,-75,1,0,0,42.44997024536133,41.761226654052734,42.05948257446289,43.65776062011719,44.777225494384766,44.72135925292969,42.94182205200195,42.05948257446289,42.54409408569336,43.416587829589844,45.17742919921875,43.8292121887207,44.283180236816406,45.694637298583984,45.54119110107422,43.96589660644531,42.44997024536133,41.231056213378906,40.79215621948242,40.31128692626953,40.04996871948242,41.04875183105469,40.01249694824219,8.0,3.0,0.0,0.0,2.2360680103302,5.830951690673828,31.38471031188965,31.764760971069336,32.572994232177734,32.98484420776367,33.734256744384766,33.541019439697266,34.2344856262207,35.05709457397461,36.0,38.01315689086914,39.0128173828125,40.01249694824219,40.01249694824219,40.0,40.0,39.0,40.0,40.01249694824219,41.04875183105469,42.10700607299805,42.10700607299805,41.1096076965332,42.04759216308594
1774426885.4115286,-75,1,0,0,33.941123962402344,35.38361358642578,35.38361358642578,36.12478256225586,36.2353401184082,34.828147888183594,33.60059356689453,33.60059356689453,35.0,35.608985900878906,35.608985900878906,35.608985900878906,36.12478256225586,36.878177642822266,38.94868469238281,38.18376541137695,37.53664779663086,34.828147888183594,33.0151481628418,31.38471031188965,32.202484130859375,32.649654388427734,32.80244064331055,6.4031243324279785,2.2360680103302,0.0,0.0,2.0,6.0,28.017850875854492,28.160255432128906,24.083189010620117,25.495098114013672,25.45584487915039,26.248809814453125,26.4007568359375,28.017850875854492,31.064449310302734,32.4499626159668,32.24903106689453,31.906112670898438,31.906112670898438,30.528675079345703,30.528675079345703,30.528675079345703,31.906112670898438,31.906112670898438,32.4499626159668,31.62277603149414,32.202484130859375,33.42155075073242,35.46829605102539
1774426885.481774,-75,1,0,0,45.221675872802734,44.643028259277344,43.680660247802734,44.384681701660156,45.12205505371094,45.12205505371094,44.72135925292969,44.283180236816406,45.17742919921875,46.173583984375,47.26520919799805,47.381431579589844,46.52956008911133,46.87216567993164,46.3249397277832,45.607017517089844,44.92215347290039,44.271888732910156,43.65776062011719,42.54409408569336,41.18252182006836,40.70626449584961,40.49691390991211,6.4031243324279785,1.4142135381698608,1.4142135381698608,1.4142135381698608,1.4142135381698608,5.099019527435303,31.016124725341797,31.400636672973633,31.30495262145996,32.24903106689453,33.61547088623047,34.13209533691406,34.66987228393555,35.80502700805664,37.013511657714844,36.878177642822266,37.53664779663086,38.94868469238281,40.360870361328125,41.03656768798828,41.03656768798828,41.1096076965332,42.01190185546875,42.20189666748047,42.20189666748047,42.43819046020508,42.72002029418945,42.72002029418945,44.41846466064453
1774426885.481774,-75,1,0,0,46.27094268798828,45.17742919921875,44.10215377807617,43.046485900878906,44.0113639831543,44.0113639831543,44.10215377807617,45.09988784790039,46.097721099853516,48.093658447265625,49.09175109863281,48.041648864746094,48.0,47.0,46.097721099853516,46.389652252197266,44.55333709716797,43.73785400390625,42.95346450805664,41.48493576049805,40.49691390991211,39.96248245239258,38.41874694824219,6.4031243324279785,1.4142135381698608,1.4142135381698608,1.4142135381698608,1.4142135381698608,5.099019527435303,32.140316009521484,32.015621185302734,32.140316009521484,33.37664031982422,34.71310806274414,35.1710090637207,35.735137939453125,36.400550842285156,37.6961555480957,39.39543151855469,40.71854782104492,42.04759216308594,42.95346450805664,42.95346450805664,42.95346450805664,42.54409408569336,42.54409408569336,42.54409408569336,43.08131790161133,43.08131790161133,43.65776062011719,45.221675872802734,45.221675872802734
1774426885.5496714,-75,1,0,0,48.10405349731445,47.53945541381836,46.097721099853516,44.283180236816406,44.29446792602539,45.79301071166992,45.79301071166992,47.16990661621094,47.50789260864258,47.50789260864258,47.50789260864258,47.50789260864258,47.01063537597656,47.41307830810547,46.957427978515625,46.615447998046875,45.54119110107422,43.96589660644531,43.680660247802734,43.17406463623047,42.57933807373047,42.19004440307617,41.773197174072266,8.246211051940918,3.605551242828369,1.0,1.0,2.0,5.385164737701416,31.38471031188965,32.893768310546875,34.01470184326172,35.11410140991211,36.400550842285156,37.10795211791992,37.85498809814453,37.656341552734375,37.656341552734375,38.470767974853516,39.31920623779297,40.31128692626953,41.19466018676758,42.19004440307617,43.28972244262695,44.283180236816406,43.28972244262695,42.42640686035156,43.5660400390625,43.5660400390625,44.55333709716797,44.9110221862793,45.12205505371094
1774426885.625819,-75,1,0,0,44.777225494384766,43.046485900878906,42.72002029418945,41.617305755615234,42.63801193237305,43.27817153930664,43.27817153930664,43.931766510009766,43.931766510009766,43.931766510009766,43.931766510009766,43.931766510009766,44.04542922973633,44.821868896484375,43.600460052490234,42.19004440307617,41.59326934814453,42.04759216308594,42.04759216308594,41.231056213378906,41.1096076965332,40.79215621948242,39.20458984375,8.0,3.1622776985168457,1.0,1.0,2.2360680103302,5.830951690673828,29.20616340637207,30.232433319091797,31.38471031188965,31.30495262145996,31.78049659729004,33.241539001464844,35.11410140991211,36.055511474609375,35.735137939453125,35.1710090637207,37.10795211791992,38.07886505126953,38.327537536621094,37.36308288574219,38.327537536621094,39.293766021728516,39.293766021728516,40.26164245605469,39.84971618652344,38.897300720214844,38.897300720214844,41.1096076965332,42.379241943359375
1774426885.625819,-75,1,0,0,46.22769546508789,46.097721099853516,44.59820556640625,44.55333709716797,45.27692413330078,45.343135833740234,46.097721099853516,47.50789260864258,47.50789260864258,47.50789260864258,47.50789260864258,47.50789260864258,46.75468063354492,47.381431579589844,47.381431579589844,46.75468063354492,45.607017517089844,44.40720748901367,43.011627197265625,41.88078308105469,41.18252182006836,40.79215621948242,39.11521530151367,7.071067810058594,1.0,1.0,1.4142135381698608,2.2360680103302,5.656854152679443,31.400636672973633,30.528675079345703,32.202484130859375,33.2866325378418,34.0,35.34119415283203,35.84689712524414,36.400550842285156,37.336307525634766,37.336307525634766,38.897300720214844,39.560081481933594,40.804412841796875,42.05948257446289,43.011627197265625,43.32435989379883,42.379241943359375,41.78516387939453,41.231056213378906,42.154476165771484,42.154476165771484,42.54409408569336,43.382022857666016
1774426885.7024126,-75,1,0,0,37.10795211791992,35.902645111083984,36.67424011230469,37.336307525634766,38.11823654174805,38.05259704589844,37.05401611328125,37.05401611328125,38.05259704589844,38.01315689086914,39.0128173828125,38.05259704589844,38.11823654174805,39.20458984375,38.327537536621094,37.656341552734375,36.13862228393555,34.20526123046875,34.48188018798828,33.83784866333008,34.01470184326172,33.42155075073242,32.526912689208984,5.830951690673828,2.0,1.0,1.0,1.4142135381698608,4.123105525970459,25.495098114013672,25.961509704589844,26.68332862854004,26.925823211669922,27.20294189453125,27.85677719116211,28.635643005371094,30.4138126373291,30.886890411376953,32.24903106689453,32.24903106689453,32.24903106689453,33.12099075317383,32.649654388427734,33.12099075317383,33.61547088623047,34.48188018798828,35.7770881652832,36.67424011230469,35.7770881652832,34.438350677490234,34.539833068847656,35.46829605102539
1774426885.7260458,-75,1,0,0,45.221675872802734,43.8292121887207,42.72002029418945,43.046485900878906,43.416587829589844,42.94182205200195,42.04759216308594,42.54409408569336,43.46262741088867,44.777225494384766,45.694637298583984,45.18849563598633,45.18849563598633,45.17742919921875,44.777225494384766,43.046485900878906,42.19004440307617,41.88078308105469,40.804412841796875,40.45985794067383,40.31128692626953,39.051246643066406,37.202152252197266,7.211102485656738,2.2360680103302,0.0,0.0,2.2360680103302,6.7082037925720215,31.30495262145996,31.064449310302734,31.827661514282227,31.827661514282227,32.649654388427734,33.42155075073242,35.0,36.055511474609375,36.359317779541016,37.2155876159668,38.07886505126953,38.587562561035156,39.96248245239258,39.96248245239258,39.66106414794922,40.224369049072266,39.66106414794922,41.04875183105469,41.617305755615234,42.20189666748047,41.86884307861328,41.773197174072266,41.03656768798828
1774426885.7690125,-75,1,0,0,42.7551155090332,41.43669891357422,42.296573638916016,43.104522705078125,45.0111083984375,44.0113639831543,44.04542922973633,44.10215377807617,45.17742919921875,45.17742919921875,46.097721099853516,45.0444221496582,45.0444221496582,45.0111083984375,44.0113639831543,43.104522705078125,42.296573638916016,41.59326934814453,40.79215621948242,40.26164245605469,39.84971618652344,38.910152435302734,37.2155876159668,6.7082037925720215,2.2360680103302,1.0,1.0,2.2360680103302,6.082762718200684,29.017236709594727,31.016124725341797,31.400636672973633,32.75667953491211,33.241539001464844,33.83784866333008,34.1760139465332,35.46829605102539,35.84689712524414,36.24913787841797,36.67424011230469,37.57658767700195,38.4837646484375,38.910152435302734,38.910152435302734,40.24922180175781,40.24922180175781,40.71854782104492,41.231056213378906,40.49691390991211,40.49691390991211,40.49691390991211,42.379241943359375
1774426885.8431313,-75,1,0,0,34.48188018798828,34.98571014404297,36.359317779541016,35.80502700805664,36.878177642822266,37.48332977294922,36.79673767089844,36.06937789916992,37.48332977294922,37.48332977294922,37.53664779663086,37.64305877685547,39.20458984375,37.202152252197266,36.8917350769043,36.715118408203125,36.715118408203125,35.35533905029297,35.35533905029297,35.34119415283203,35.11410140991211,33.52610778808594,32.75667953491211,5.0,1.0,1.4142135381698608,1.4142135381698608,1.0,4.123105525970459,24.351591110229492,24.59674835205078,24.698177337646484,26.419689178466797,26.832815170288086,27.312999725341797,26.570659637451172,28.160255432128906,30.08321762084961,31.78049659729004,31.78049659729004,32.280025482177734,32.572994232177734,31.95309066772461,33.241539001464844,34.78505325317383,34.20526123046875,32.98484420776367,33.95585250854492,33.52610778808594,33.83784866333008,33.83784866333008,36.055511474609375
1774426885.854319,-75,1,0,0,47.16990661621094,46.04345703125,44.40720748901367,43.27817153930664,43.13930892944336,43.84062194824219,44.55333709716797,45.96738052368164,45.96738052368164,47.381431579589844,48.79549026489258,48.79549026489258,49.497474670410156,49.51767349243164,47.423622131347656,45.607017517089844,43.8292121887207,43.046485900878906,43.416587829589844,43.8292121887207,42.54409408569336,42.44997024536133,41.59326934814453,8.0,3.1622776985168457,1.0,1.0,2.2360680103302,5.830951690673828,33.0151481628418,33.0151481628418,33.0151481628418,34.13209533691406,34.885528564453125,35.34119415283203,35.46829605102539,37.336307525634766,37.947330474853516,37.947330474853516,38.897300720214844,39.84971618652344,41.1096076965332,42.379241943359375,42.05948257446289,42.72002029418945,41.761226654052734,42.379241943359375,43.46262741088867,43.46262741088867,44.384681701660156,44.384681701660156,44.384681701660156
1774426885.912768,-75,1,0,0,43.08131790161133,42.154476165771484,42.54409408569336,42.54409408569336,43.382022857666016,43.416587829589844,42.19004440307617,41.34005355834961,40.8166618347168,42.19004440307617,43.5660400390625,43.90899658203125,45.650848388671875,45.17742919921875,44.72135925292969,42.95346450805664,40.31128692626953,39.924930572509766,39.560081481933594,38.60051727294922,37.85498809814453,37.2155876159668,36.878177642822266,7.071067810058594,2.0,1.0,1.0,2.2360680103302,5.385164737701416,28.861740112304688,28.284271240234375,30.5941162109375,30.265491485595703,31.14482307434082,32.06243896484375,34.058773040771484,36.013885498046875,37.013511657714844,37.121421813964844,37.121421813964844,37.121421813964844,37.121421813964844,38.05259704589844,37.013511657714844,38.01315689086914,38.01315689086914,39.0128173828125,41.0,41.01219177246094,41.04875183105469,41.19466018676758,40.31128692626953
1774426885.9799972,-75,1,0,0,41.67733383178711,41.18252182006836,41.146080017089844,40.31128692626953,41.43669891357422,41.43669891357422,40.49691390991211,40.49691390991211,42.379241943359375,43.32435989379883,44.271888732910156,43.32435989379883,43.32435989379883,43.32435989379883,43.08131790161133,41.62931823730469,40.70626449584961,40.31128692626953,39.96248245239258,39.408119201660156,38.94868469238281,37.53664779663086,36.878177642822266,7.211102485656738,2.0,1.0,1.0,1.4142135381698608,5.830951690673828,31.78049659729004,31.30495262145996,30.805843353271484,31.240999221801758,31.827661514282227,31.827661514282227,32.557640075683594,34.71310806274414,36.12478256225586,36.12478256225586,36.400550842285156,36.619667053222656,38.01315689086914,37.44329071044922,38.01315689086914,37.80211639404297,39.051246643066406,39.623226165771484,39.623226165771484,38.897300720214844,39.59798049926758,39.59798049926758,41.03656768798828
1774426885.9925241,-75,1,0,0,44.04542922973633,43.104522705078125,42.296573638916016,43.416587829589844,42.95346450805664,43.17406463623047,42.44997024536133,43.416587829589844,43.680660247802734,44.643028259277344,46.57252502441406,45.607017517089844,45.607017517089844,46.3249397277832,46.097721099853516,43.5660400390625,42.296573638916016,41.19466018676758,40.04996871948242,39.0,39.20458984375,37.336307525634766,37.10795211791992,7.280109882354736,2.0,1.0,1.0,2.2360680103302,6.324555397033691,29.614185333251953,30.265491485595703,31.064449310302734,32.24903106689453,32.557640075683594,32.75667953491211,33.95585250854492,35.1710090637207,36.68787384033203,37.0,38.27531814575195,38.27531814575195,39.217342376708984,39.217342376708984,39.560081481933594,40.49691390991211,40.16217041015625,40.52159881591797,41.231056213378906,40.26164245605469,38.60051727294922,39.293766021728516,40.024993896484375
1774426886.068413,-75,1,0,0,46.87216567993164,46.52956008911133,46.389652252197266,46.097721099853516,48.010414123535156,47.04253387451172,46.097721099853516,47.095645904541016,48.166378021240234,49.162994384765625,49.162994384765625,49.09175109863281,50.0099983215332,51.0,50.0099983215332,48.166378021240234,45.27692413330078,44.55333709716797,43.73785400390625,44.14748001098633,43.96589660644531,43.382022857666016,42.19004440307617,8.062257766723633,2.2360680103302,1.0,1.0,2.2360680103302,6.0,33.37664031982422,33.95585250854492,35.735137939453125,35.11410140991211,35.84689712524414,36.67424011230469,38.470767974853516,39.824615478515625,40.31128692626953,40.8166618347168,41.34005355834961,41.34005355834961,41.88078308105469,42.72002029418945,42.72002029418945,43.046485900878906,43.90899658203125,43.416587829589844,43.8292121887207,43.8292121887207,44.72135925292969,45.18849563598633,45.694637298583984
1774426886.1441383,-75,1,0,0,27.459060668945312,27.073972702026367,27.0,29.0,30.01666259765625,30.01666259765625,30.0,29.017236709594727,29.154760360717773,30.265491485595703,31.256999969482422,28.07133674621582,27.166154861450195,26.305892944335938,27.459060668945312,27.294687271118164,30.066593170166016,29.154760360717773,29.42787742614746,27.892650604248047,25.961509704589844,37.6961555480957,36.769554138183594,7.6157732009887695,3.1622776985168457,0.0,1.0,2.2360680103302,7.0,33.0151481628418,33.060550689697266,21.21320343017578,21.931713104248047,22.627416610717773,22.627416610717773,22.627416610717773,22.627416610717773,21.931713104248047,22.671567916870117,25.495098114013672,26.90724754333496,27.20294189453125,26.07680892944336,25.806976318359375,24.083189010620117,25.495098114013672,26.90724754333496,25.612497329711914,25.0,24.698177337646484,24.59674835205078,27.312999725341797
1774426886.1441383,-75,1,0,0,41.0,40.01249694824219,40.01249694824219,40.04996871948242,41.19466018676758,40.4474983215332,40.607879638671875,40.607879638671875,40.607879638671875,41.773197174072266,42.7551155090332,42.7551155090332,43.5660400390625,43.28972244262695,43.104522705078125,42.04759216308594,40.0,39.051246643066406,39.11521530151367,38.327537536621094,37.656341552734375,37.57658767700195,37.121421813964844,6.4031243324279785,1.4142135381698608,1.0,1.0,1.0,4.0,28.017850875854492,29.154760360717773,29.017236709594727,30.149627685546875,29.42787742614746,30.5941162109375,31.78049659729004,34.20526123046875,35.735137939453125,36.055511474609375,36.055511474609375,37.0,38.60051727294922,38.897300720214844,38.897300720214844,39.84971618652344,38.897300720214844,38.897300720214844,38.327537536621094,39.293766021728516,38.07886505126953,38.832977294921875,38.63935852050781
1774426886.211954,-75,1,0,0,44.14748001098633,43.17406463623047,43.17406463623047,43.680660247802734,45.54119110107422,45.31004333496094,44.384681701660156,44.777225494384766,44.777225494384766,45.694637298583984,46.615447998046875,46.81879806518555,47.12748718261719,46.57252502441406,45.12205505371094,43.73785400390625,41.59326934814453,40.4474983215332,40.31128692626953,40.04996871948242,40.04996871948242,41.146080017089844,42.19004440307617,7.8102498054504395,2.2360680103302,1.0,1.0,1.0,5.099019527435303,31.256999969482422,32.06243896484375,31.78049659729004,31.400636672973633,31.256999969482422,32.06243896484375,34.0,36.055511474609375,38.20994567871094,39.31920623779297,40.31128692626953,40.31128692626953,40.199501037597656,40.112342834472656,39.20458984375,40.199501037597656,41.30375289916992,42.19004440307617,43.104522705078125,42.04759216308594,41.0,41.0,41.01219177246094
1774426886.2332218,-75,1,0,0,40.112342834472656,39.20458984375,39.31920623779297,39.458839416503906,40.024993896484375,41.231056213378906,41.0,41.0,41.0,41.0,41.0,40.79215621948242,40.79215621948242,41.59326934814453,40.4474983215332,40.199501037597656,39.051246643066406,39.0128173828125,38.01315689086914,37.121421813964844,36.34556198120117,34.98571014404297,35.0,5.656854152679443,1.4142135381698608,1.4142135381698608,1.4142135381698608,1.4142135381698608,5.385164737701416,29.614185333251953,29.154760360717773,29.27456283569336,29.068883895874023,31.0,31.016124725341797,31.14482307434082,32.24903106689453,32.38827133178711,33.541019439697266,34.71310806274414,35.693138122558594,36.49657440185547,36.49657440185547,36.67424011230469,37.656341552734375,36.67424011230469,36.49657440185547,36.34556198120117,36.22154235839844,37.336307525634766,38.20994567871094,39.11521530151367
1774426886.290599,-75,1,0,0,48.87739944458008,48.02082824707031,46.3249397277832,45.221675872802734,45.0,45.45327377319336,46.097721099853516,47.50789260864258,48.27007293701172,48.91830062866211,48.91830062866211,48.27007293701172,49.67897033691406,49.04079818725586,47.801673889160156,46.87216567993164,47.50789260864258,46.52956008911133,45.617977142333984,44.777225494384766,44.0113639831543,43.17406463623047,43.5660400390625,8.0,3.1622776985168457,1.0,1.0,2.2360680103302,5.830951690673828,31.62277603149414,31.906112670898438,34.0,34.928497314453125,36.055511474609375,37.36308288574219,37.10795211791992,38.07886505126953,39.051246643066406,39.81205749511719,40.79215621948242,41.773197174072266,42.7551155090332,42.95346450805664,42.7551155090332,42.7551155090332,42.57933807373047,42.7551155090332,42.95346450805664,43.416587829589844,43.680660247802734,45.221675872802734,45.880279541015625
1774426886.3582501,-75,1,0,0,41.62931823730469,41.62931823730469,42.54409408569336,43.08131790161133,42.379241943359375,42.05948257446289,41.1096076965332,42.05948257446289,42.72002029418945,43.416587829589844,44.643028259277344,44.92215347290039,44.92215347290039,43.96589660644531,43.65776062011719,42.154476165771484,40.24922180175781,39.357337951660156,39.4461669921875,39.66106414794922,38.60051727294922,38.18376541137695,37.64305877685547,6.7082037925720215,2.0,1.0,1.0,1.4142135381698608,5.385164737701416,31.62277603149414,31.38471031188965,31.764760971069336,31.064449310302734,31.400636672973633,32.015621185302734,32.649654388427734,34.71310806274414,36.12478256225586,36.79673767089844,37.48332977294922,38.18376541137695,38.897300720214844,39.59798049926758,40.31128692626953,40.31128692626953,39.59798049926758,39.623226165771484,39.69886779785156,39.051246643066406,39.824615478515625,40.607879638671875,42.01190185546875
1774426886.3695157,-75,1,0,0,41.761226654052734,40.804412841796875,41.43669891357422,42.154476165771484,42.04759216308594,42.94182205200195,41.18252182006836,41.18252182006836,41.67733383178711,42.19004440307617,43.046485900878906,43.416587829589844,43.416587829589844,43.8292121887207,43.863426208496094,42.154476165771484,41.1096076965332,39.84971618652344,39.293766021728516,38.832977294921875,38.327537536621094,38.01315689086914,36.34556198120117,6.082762718200684,1.4142135381698608,1.4142135381698608,1.4142135381698608,1.0,4.123105525970459,27.85677719116211,28.460498809814453,30.08321762084961,30.5941162109375,31.256999969482422,31.064449310302734,33.0151481628418,34.0,35.0,36.013885498046875,37.013511657714844,37.013511657714844,37.013511657714844,37.013511657714844,37.013511657714844,38.01315689086914,38.01315689086914,39.0,39.0128173828125,39.051246643066406,39.051246643066406,40.112342834472656,41.19466018676758
1774426886.4339554,-75,1,0,0,42.10700607299805,42.01190185546875,41.01219177246094,41.04875183105469,42.19004440307617,42.296573638916016,41.30375289916992,41.43669891357422,42.57933807373047,43.73785400390625,44.72135925292969,43.73785400390625,44.55333709716797,44.55333709716797,43.28972244262695,42.10700607299805,41.0,40.01249694824219,40.04996871948242,39.20458984375,39.458839416503906,36.878177642822266,37.336307525634766,6.7082037925720215,2.2360680103302,1.4142135381698608,1.4142135381698608,1.0,5.0,30.149627685546875,30.01666259765625,30.4138126373291,29.614185333251953,30.08321762084961,31.320919036865234,33.52610778808594,35.11410140991211,36.400550842285156,36.769554138183594,36.24913787841797,36.67424011230469,37.57658767700195,38.07886505126953,38.4837646484375,39.39543151855469,39.0,38.62641525268555,39.217342376708984,38.27531814575195,39.217342376708984,39.560081481933594,41.231056213378906
1774426886.5002928,-75,1,0,0,42.54409408569336,42.154476165771484,41.78516387939453,42.72002029418945,43.32435989379883,44.92215347290039,44.643028259277344,44.14748001098633,43.931766510009766,43.931766510009766,44.9110221862793,44.9110221862793,44.14748001098633,43.96589660644531,44.59820556640625,43.08131790161133,41.62931823730469,42.04759216308594,41.59326934814453,40.31128692626953,39.66106414794922,38.470767974853516,37.735923767089844,7.211102485656738,2.8284270763397217,1.0,0.0,2.2360680103302,6.324555397033691,31.95309066772461,31.38471031188965,32.24903106689453,32.75667953491211,33.2866325378418,33.83784866333008,35.0,35.46829605102539,36.12478256225586,36.79673767089844,36.769554138183594,38.18376541137695,38.897300720214844,39.59798049926758,40.31128692626953,40.31128692626953,39.623226165771484,41.03656768798828,41.03656768798828,41.1096076965332,40.45985794067383,40.607879638671875,41.400482177734375
1774426886.5262794,-75,1,0,0,47.29693603515625,46.87216567993164,46.69047164916992,47.381431579589844,49.09175109863281,49.04079818725586,47.01063537597656,48.0,49.01020431518555,50.0099983215332,51.009803771972656,50.03998565673828,50.08992004394531,50.15974426269531,49.25444030761719,49.36598205566406,46.52956008911133,44.9110221862793,44.384681701660156,45.54119110107422,45.694637298583984,44.777225494384766,43.8292121887207,8.062257766723633,2.2360680103302,1.0,1.0,2.2360680103302,6.0,31.256999969482422,32.557640075683594,34.78505325317383,35.11410140991211,35.84689712524414,36.67424011230469,37.121421813964844,38.470767974853516,38.94868469238281,39.96248245239258,40.8166618347168,41.34005355834961,41.88078308105469,41.88078308105469,41.88078308105469,44.10215377807617,44.94440841674805,45.27692413330078,46.14108657836914,45.27692413330078,43.90899658203125,44.72135925292969,46.097721099853516
1774426886.5719473,-75,1,0,0,49.648765563964844,49.24428939819336,46.647613525390625,44.10215377807617,45.221675872802734,46.40043258666992,47.801673889160156,48.41487503051758,49.04079818725586,49.04079818725586,49.81967544555664,50.0,49.40647888183594,49.648765563964844,48.02082824707031,46.52956008911133,46.51881408691406,46.097721099853516,46.2385139465332,45.221675872802734,43.416587829589844,42.95346450805664,42.19004440307617,8.0,3.1622776985168457,1.0,1.0,1.4142135381698608,5.656854152679443,32.557640075683594,33.30165100097656,34.0,36.24913787841797,37.6961555480957,38.27531814575195,37.947330474853516,37.64305877685547,38.60051727294922,38.327537536621094,39.051246643066406,41.773197174072266,42.95346450805664,42.95346450805664,43.931766510009766,44.14748001098633,44.14748001098633,43.931766510009766,43.17406463623047,43.416587829589844,44.643028259277344,44.92215347290039,46.48655700683594
1774426886.6426768,-75,1,0,0,41.67733383178711,41.59326934814453,41.146080017089844,40.71854782104492,41.231056213378906,40.853397369384766,40.853397369384766,41.43669891357422,41.1096076965332,42.05948257446289,43.32435989379883,43.32435989379883,42.72002029418945,42.154476165771484,41.62931823730469,41.146080017089844,39.824615478515625,38.94868469238281,38.587562561035156,38.01315689086914,37.64305877685547,37.53664779663086,38.18376541137695,6.4031243324279785,1.4142135381698608,1.4142135381698608,1.4142135381698608,1.0,4.123105525970459,28.635643005371094,29.529645919799805,30.0,30.479501724243164,30.479501724243164,31.14482307434082,31.827661514282227,32.649654388427734,34.20526123046875,35.0,35.0,36.400550842285156,37.013511657714844,37.80211639404297,38.41874694824219,38.41874694824219,37.013511657714844,37.013511657714844,38.28837966918945,38.20994567871094,39.59798049926758,38.897300720214844,40.360870361328125
1774426886.6542523,-75,1,0,0,45.31004333496094,44.94440841674805,43.65776062011719,43.680660247802734,44.14748001098633,43.73785400390625,42.42640686035156,43.28972244262695,44.40720748901367,45.39823913574219,46.389652252197266,45.54119110107422,45.7055778503418,46.097721099853516,45.607017517089844,44.271888732910156,42.72002029418945,42.154476165771484,40.31128692626953,38.910152435302734,38.07886505126953,37.44329071044922,37.64305877685547,7.211102485656738,2.2360680103302,1.0,1.0,2.0,5.099019527435303,29.120439529418945,29.4108829498291,30.870698928833008,30.4138126373291,31.38471031188965,31.62277603149414,33.60059356689453,34.828147888183594,36.2353401184082,36.878177642822266,36.878177642822266,37.53664779663086,38.28837966918945,37.53664779663086,37.53664779663086,38.28837966918945,39.051246643066406,40.607879638671875,41.400482177734375,40.804412841796875,40.804412841796875,40.224369049072266,41.88078308105469
1774426886.7205544,-75,1,0,0,43.046485900878906,42.72002029418945,42.43819046020508,43.011627197265625,44.821868896484375,44.68780517578125,43.13930892944336,43.84062194824219,44.55333709716797,45.25483322143555,45.96738052368164,46.010868072509766,46.097721099853516,46.22769546508789,46.40043258666992,45.221675872802734,43.011627197265625,42.43819046020508,41.34005355834961,40.70626449584961,40.31128692626953,39.81205749511719,39.20458984375,7.071067810058594,3.0,1.0,0.0,2.2360680103302,5.0,27.20294189453125,28.301942825317383,31.78049659729004,32.31098937988281,32.893768310546875,33.52610778808594,35.1710090637207,35.902645111083984,36.49657440185547,37.48332977294922,38.470767974853516,39.458839416503906,40.4474983215332,40.4474983215332,39.623226165771484,38.832977294921875,39.81205749511719,40.79215621948242,41.0,41.231056213378906,41.48493576049805,42.05948257446289,43.32435989379883
1774426886.792081,-75,1,0,0,42.296573638916016,42.10700607299805,42.10700607299805,42.04759216308594,41.01219177246094,41.01219177246094,41.04875183105469,42.10700607299805,43.104522705078125,44.04542922973633,44.0113639831543,44.0,43.0,43.011627197265625,42.10700607299805,41.30375289916992,41.59326934814453,40.79215621948242,40.26164245605469,38.897300720214844,38.07886505126953,37.57658767700195,37.58989334106445,5.830951690673828,1.4142135381698608,1.4142135381698608,1.4142135381698608,1.4142135381698608,6.082762718200684,33.13608169555664,33.0151481628418,31.14482307434082,30.265491485595703,30.5941162109375,32.015621185302734,32.572994232177734,33.241539001464844,33.105892181396484,33.541019439697266,35.34119415283203,36.24913787841797,38.07886505126953,38.07886505126953,37.6961555480957,37.6961555480957,37.6961555480957,38.07886505126953,38.07886505126953,37.6961555480957,38.27531814575195,38.897300720214844,39.560081481933594
1774426886.792081,-75,1,0,0,44.04542922973633,42.8018684387207,42.43819046020508,41.67733383178711,41.59326934814453,42.04759216308594,41.146080017089844,40.70626449584961,41.59326934814453,42.04759216308594,43.46262741088867,43.863426208496094,44.283180236816406,43.8292121887207,42.54409408569336,41.88078308105469,40.0,39.824615478515625,40.45985794067383,39.623226165771484,38.897300720214844,38.28837966918945,37.202152252197266,6.7082037925720215,2.0,1.0,1.0,1.4142135381698608,5.0,28.844409942626953,30.0,30.4138126373291,31.14482307434082,32.015621185302734,32.80244064331055,33.60059356689453,34.4093017578125,35.22782897949219,35.22782897949219,35.510562896728516,36.8917350769043,36.8917350769043,38.587562561035156,39.4461669921875,40.31128692626953,39.96248245239258,40.224369049072266,41.400482177734375,41.400482177734375,40.607879638671875,40.45985794067383,41.1096076965332
1774426886.8623202,-75,1,0,0,43.17406463623047,43.416587829589844,42.72002029418945,44.271888732910156,44.0113639831543,43.863426208496094,42.95346450805664,43.382022857666016,44.283180236816406,44.283180236816406,45.18849563598633,45.18849563598633,44.777225494384766,45.31004333496094,43.65776062011719,43.011627197265625,41.48493576049805,41.0,40.79215621948242,40.4474983215332,40.199501037597656,39.458839416503906,38.07886505126953,7.071067810058594,2.0,1.0,1.0,2.2360680103302,6.324555397033691,30.5941162109375,30.265491485595703,31.400636672973633,32.140316009521484,32.06243896484375,32.015621185302734,34.0,36.013885498046875,37.121421813964844,37.2155876159668,38.20994567871094,38.20994567871094,38.11823654174805,38.11823654174805,38.11823654174805,39.051246643066406,39.051246643066406,41.04875183105469,41.01219177246094,40.0,39.0,39.0128173828125,41.04875183105469
1774426886.9396873,-75,1,0,0,49.51767349243164,48.27007293701172,47.6340217590332,46.22769546508789,45.607017517089844,45.221675872802734,46.87216567993164,49.09175109863281,49.92995071411133,50.477718353271484,49.40647888183594,48.60041046142578,47.20169448852539,50.0,48.60041046142578,47.6340217590332,44.68780517578125,45.27692413330078,43.13930892944336,43.416587829589844,42.43819046020508,44.283180236816406,44.94440841674805,7.6157732009887695,2.2360680103302,1.0,1.0,2.0,5.830951690673828,32.015621185302734,31.827661514282227,33.60059356689453,34.13209533691406,36.715118408203125,36.2353401184082,38.470767974853516,38.01315689086914,37.57658767700195,37.57658767700195,38.910152435302734,39.81205749511719,40.24922180175781,41.59326934814453,42.48529052734375,42.95346450805664,42.48529052734375,43.382022857666016,44.283180236816406,43.8292121887207,43.416587829589844,44.41846466064453,45.221675872802734
1774426886.9396873,-75,1,0,0,46.0,45.0111083984375,44.04542922973633,44.18144226074219,43.416587829589844,43.73785400390625,44.9110221862793,44.9110221862793,46.097721099853516,47.07440948486328,47.85394287109375,47.67599105834961,46.69047164916992,46.52956008911133,46.27094268798828,45.0444221496582,44.0,44.04542922973633,44.18144226074219,42.57933807373047,40.79215621948242,41.231056213378906,40.24922180175781,6.7082037925720215,1.4142135381698608,1.4142135381698608,1.4142135381698608,1.4142135381698608,5.099019527435303,32.0,33.060550689697266,32.06243896484375,33.13608169555664,34.36568069458008,35.693138122558594,35.902645111083984,36.400550842285156,36.68787384033203,37.0,37.947330474853516,39.217342376708984,39.560081481933594,40.49691390991211,41.43669891357422,42.379241943359375,42.05948257446289,42.379241943359375,43.011627197265625,42.44997024536133,43.17406463623047,43.931766510009766,44.72135925292969
1774426887.0179691,-75,1,0,0,41.72529220581055,40.31128692626953,39.59798049926758,39.623226165771484,41.1096076965332,41.400482177734375,41.04875183105469,42.72002029418945,43.5660400390625,44.10215377807617,44.10215377807617,43.011627197265625,43.600460052490234,44.821868896484375,43.931766510009766,42.44997024536133,41.01219177246094,40.31128692626953,39.623226165771484,39.051246643066406,39.20458984375,38.897300720214844,38.07886505126953,7.280109882354736,2.2360680103302,0.0,0.0,2.8284270763397217,6.4031243324279785,31.906112670898438,31.764760971069336,31.240999221801758,32.202484130859375,32.4499626159668,33.12099075317383,33.105892181396484,33.61547088623047,34.539833068847656,36.055511474609375,37.336307525634766,37.6961555480957,38.07886505126953,38.4837646484375,38.4837646484375,39.39543151855469,39.0,40.31128692626953,40.31128692626953,40.24922180175781,39.824615478515625,40.8166618347168,40.8166618347168
1774426887.088037,-75,1,0,0,45.17742919921875,44.10215377807617,44.10215377807617,46.010868072509766,48.010414123535156,48.041648864746094,46.04345703125,46.04345703125,48.093658447265625,49.162994384765625,50.2493782043457,51.088157653808594,51.03919982910156,50.0099983215332,49.01020431518555,47.095645904541016,45.27692413330078,43.5660400390625,43.931766510009766,43.680660247802734,42.72002029418945,42.19004440307617,43.011627197265625,7.8102498054504395,2.2360680103302,1.0,1.4142135381698608,1.0,5.0,32.015621185302734,32.0,34.058773040771484,35.35533905029297,35.693138122558594,35.1710090637207,36.400550842285156,37.947330474853516,40.16217041015625,40.49691390991211,40.853397369384766,40.853397369384766,42.72002029418945,43.08131790161133,42.54409408569336,42.95346450805664,43.46262741088867,45.31004333496094,45.880279541015625,44.271888732910156,43.96589660644531,43.680660247802734,43.680660247802734
1774426887.088037,-75,1,0,0,42.54409408569336,40.853397369384766,40.16217041015625,40.804412841796875,41.231056213378906,41.773197174072266,40.607879638671875,41.43669891357422,42.42640686035156,44.283180236816406,44.40720748901367,44.72135925292969,44.9110221862793,45.12205505371094,44.643028259277344,42.72002029418945,41.43669891357422,40.49691390991211,40.853397369384766,39.81205749511719,38.94868469238281,36.878177642822266,36.12478256225586,5.830951690673828,2.0,1.0,1.0,1.4142135381698608,4.4721360206604,29.4108829498291,30.08321762084961,29.96664810180664,30.886890411376953,31.064449310302734,32.202484130859375,32.80244064331055,34.20526123046875,35.608985900878906,35.46829605102539,35.38361358642578,36.79673767089844,37.48332977294922,36.79673767089844,37.53664779663086,38.28837966918945,38.41874694824219,39.20458984375,40.607879638671875,39.20458984375,39.20458984375,40.224369049072266,41.04875183105469
1774426887.1589842,-75,1,0,0,48.08325958251953,46.48655700683594,45.54119110107422,46.81879806518555,47.16990661621094,46.615447998046875,46.51881408691406,46.51881408691406,47.85394287109375,48.332183837890625,49.24428939819336,48.84669876098633,48.46648406982422,48.46648406982422,48.383880615234375,46.840152740478516,46.3249397277832,46.097721099853516,45.7055778503418,45.17742919921875,45.0111083984375,44.10215377807617,43.011627197265625,8.062257766723633,3.1622776985168457,1.0,1.0,2.2360680103302,6.4031243324279785,33.60059356689453,33.61547088623047,33.95585250854492,34.71310806274414,36.34556198120117,37.2155876159668,38.11823654174805,39.051246643066406,39.0,38.01315689086914,39.051246643066406,40.01249694824219,41.04875183105469,42.04759216308594,43.104522705078125,44.04542922973633,44.04542922973633,44.04542922973633,44.0113639831543,43.011627197265625,43.046485900878906,44.10215377807617,45.09988784790039
1774426887.2249928,-75,1,0,0,43.32435989379883,42.72002029418945,41.78516387939453,41.231056213378906,41.59326934814453,42.05948257446289,42.05948257446289,43.416587829589844,43.416587829589844,43.046485900878906,43.416587829589844,43.416587829589844,42.94182205200195,43.382022857666016,41.62931823730469,40.853397369384766,40.16217041015625,39.84971618652344,39.560081481933594,39.051246643066406,38.470767974853516,37.05401611328125,37.48332977294922,6.082762718200684,2.0,1.4142135381698608,1.0,1.4142135381698608,5.830951690673828,31.30495262145996,30.463092803955078,30.675724029541016,30.08321762084961,30.5941162109375,31.400636672973633,33.241539001464844,34.13209533691406,35.05709457397461,35.0142822265625,36.0,37.0,37.013511657714844,38.01315689086914,38.01315689086914,39.0128173828125,38.01315689086914,37.013511657714844,37.013511657714844,37.05401611328125,38.11823654174805,39.31920623779297,41.43669891357422
1774426887.23907,-75,1,0,0,43.08131790161133,42.154476165771484,41.62931823730469,41.146080017089844,42.05948257446289,41.67733383178711,41.67733383178711,42.72002029418945,42.72002029418945,42.19004440307617,43.046485900878906,43.046485900878906,43.046485900878906,43.416587829589844,42.94182205200195,42.04759216308594,42.154476165771484,41.1096076965332,40.52159881591797,39.051246643066406,38.63935852050781,40.4474983215332,41.0,8.246211051940918,3.1622776985168457,1.0,1.0,2.0,6.324555397033691,32.572994232177734,32.015621185302734,30.364452362060547,30.805843353271484,31.575305938720703,33.541019439697266,34.36568069458008,35.22782897949219,36.12478256225586,36.055511474609375,37.013511657714844,37.0,38.01315689086914,38.05259704589844,38.05259704589844,39.051246643066406,39.11521530151367,39.11521530151367,39.11521530151367,39.20458984375,39.31920623779297,39.623226165771484,40.79215621948242
1774426887.3106892,-75,1,0,0,47.41307830810547,44.72135925292969,44.777225494384766,41.761226654052734,39.81205749511719,41.30375289916992,42.19004440307617,45.27692413330078,46.52956008911133,45.54119110107422,44.55333709716797,43.73785400390625,44.72135925292969,46.3249397277832,44.92215347290039,43.32435989379883,41.43669891357422,40.853397369384766,39.560081481933594,39.39543151855469,41.146080017089844,44.68780517578125,44.40720748901367,8.062257766723633,2.2360680103302,1.4142135381698608,1.0,1.4142135381698608,5.0,30.479501724243164,31.11269760131836,30.01666259765625,30.0,31.240999221801758,31.827661514282227,33.241539001464844,34.65544509887695,36.12478256225586,35.38361358642578,36.769554138183594,36.12478256225586,37.013511657714844,37.64305877685547,38.28837966918945,39.623226165771484,38.18376541137695,38.18376541137695,38.94868469238281,39.051246643066406,39.69886779785156,41.773197174072266,42.52058410644531
1774426887.3455858,-75,1,0,0,38.327537536621094,38.07886505126953,37.85498809814453,38.63935852050781,38.327537536621094,39.20458984375,38.11823654174805,39.051246643066406,40.04996871948242,40.04996871948242,40.04996871948242,40.112342834472656,40.199501037597656,40.31128692626953,39.458839416503906,38.63935852050781,37.10795211791992,36.400550842285156,36.68787384033203,35.46829605102539,34.928497314453125,33.12099075317383,31.62277603149414,5.830951690673828,2.2360680103302,1.0,1.0,2.2360680103302,5.0,26.019224166870117,27.166154861450195,26.925823211669922,27.513633728027344,27.312999725341797,28.17800521850586,29.529645919799805,30.886890411376953,31.906112670898438,31.906112670898438,32.4499626159668,33.0151481628418,33.83784866333008,34.4093017578125,35.0,35.22782897949219,34.66987228393555,35.84689712524414,36.2353401184082,35.35533905029297,35.35533905029297,34.885528564453125,36.67424011230469
1774426887.3817239,-75,1,0,0,40.71854782104492,40.31128692626953,39.560081481933594,39.84971618652344,40.024993896484375,40.79215621948242,41.0,41.0,41.0,41.9761848449707,42.95346450805664,42.95346450805664,42.95346450805664,43.17406463623047,42.44997024536133,41.1096076965332,39.924930572509766,39.39543151855469,38.910152435302734,38.94868469238281,38.27531814575195,38.18376541137695,37.64305877685547,7.211102485656738,2.0,1.0,1.0,1.4142135381698608,5.0,29.546573638916016,30.886890411376953,30.4138126373291,30.01666259765625,30.232433319091797,30.805843353271484,32.015621185302734,34.058773040771484,34.71310806274414,36.06937789916992,36.769554138183594,36.769554138183594,36.79673767089844,36.79673767089844,36.79673767089844,37.53664779663086,38.20994567871094,38.94868469238281,39.824615478515625,39.20458984375,39.20458984375,38.60051727294922,39.408119201660156
1774426887.4551413,-75,1,0,0,48.84669876098633,47.423622131347656,46.957427978515625,47.41307830810547,48.87739944458008,49.09175109863281,47.434165954589844,47.801673889160156,49.20365905761719,50.6063232421875,51.400390625,50.21951675415039,51.03919982910156,49.92995071411133,48.3735466003418,46.52956008911133,44.72135925292969,43.863426208496094,45.31004333496094,45.221675872802734,45.607017517089844,44.40720748901367,45.09988784790039,8.062257766723633,3.0,0.0,0.0,2.8284270763397217,6.4031243324279785,34.13209533691406,34.885528564453125,35.84689712524414,36.055511474609375,36.68787384033203,37.10795211791992,37.85498809814453,39.623226165771484,41.43669891357422,41.43669891357422,41.43669891357422,42.296573638916016,43.28972244262695,43.28972244262695,42.19004440307617,42.10700607299805,42.296573638916016,43.416587829589844,44.40720748901367,45.54119110107422,45.7055778503418,45.12205505371094,46.57252502441406
1774426887.467069,-75,1,0,0,47.50789260864258,47.423622131347656,46.69047164916992,46.69047164916992,46.66904830932617,46.69047164916992,46.010868072509766,46.097721099853516,47.50789260864258,48.27007293701172,49.57822036743164,50.2493782043457,50.20956039428711,50.20956039428711,48.10405349731445,46.75468063354492,44.04542922973633,44.204071044921875,44.65422821044922,43.90899658203125,43.382022857666016,43.96589660644531,41.773197174072266,7.071067810058594,2.2360680103302,1.4142135381698608,1.4142135381698608,1.4142135381698608,5.656854152679443,33.241539001464844,33.42155075073242,32.80244064331055,32.4499626159668,32.75667953491211,34.48188018798828,35.35533905029297,36.67424011230469,38.07886505126953,39.560081481933594,41.43669891357422,42.379241943359375,42.379241943359375,42.379241943359375,42.379241943359375,42.379241943359375,42.379241943359375,43.65776062011719,44.384681701660156,43.863426208496094,43.382022857666016,43.8292121887207,43.90899658203125
1774426887.5262907,-75,1,0,0,41.78516387939453,40.49691390991211,40.804412841796875,40.26164245605469,41.0,40.79215621948242,40.607879638671875,40.4474983215332,42.296573638916016,43.28972244262695,44.283180236816406,44.40720748901367,44.72135925292969,43.931766510009766,44.14748001098633,42.72002029418945,41.1096076965332,40.49691390991211,41.231056213378906,40.24922180175781,39.4461669921875,38.07886505126953,36.619667053222656,6.4031243324279785,2.2360680103302,1.0,1.0,1.0,5.099019527435303,29.154760360717773,30.4138126373291,31.38471031188965,31.30495262145996,31.38471031188965,31.064449310302734,32.202484130859375,34.20526123046875,35.608985900878906,36.2353401184082,36.878177642822266,38.28837966918945,39.051246643066406,39.051246643066406,38.41874694824219,38.41874694824219,38.41874694824219,39.20458984375,39.408119201660156,40.224369049072266,40.224369049072266,40.49691390991211,41.34005355834961
1774426887.5937421,-75,1,0,0,44.55333709716797,44.59820556640625,44.04542922973633,42.8018684387207,42.43819046020508,41.88078308105469,41.88078308105469,42.43819046020508,43.26661682128906,44.94440841674805,46.647613525390625,45.79301071166992,44.94440841674805,45.486263275146484,45.221675872802734,44.204071044921875,42.52058410644531,41.72529220581055,40.31128692626953,39.69886779785156,38.60051727294922,38.27531814575195,38.327537536621094,7.071067810058594,3.0,1.0,1.0,1.4142135381698608,5.656854152679443,32.015621185302734,31.890438079833984,31.14482307434082,31.14482307434082,32.015621185302734,33.0151481628418,33.83784866333008,35.510562896728516,36.8917350769043,37.44329071044922,37.735923767089844,38.587562561035156,39.4461669921875,38.470767974853516,38.01315689086914,38.470767974853516,39.824615478515625,40.8166618347168,41.88078308105469,41.04875183105469,41.617305755615234,42.20189666748047,41.400482177734375
1774426887.6285698,-75,1,0,0,43.17406463623047,42.72002029418945,42.05948257446289,42.379241943359375,43.46262741088867,43.382022857666016,42.48529052734375,42.05948257446289,42.05948257446289,42.94182205200195,43.8292121887207,44.283180236816406,44.283180236816406,46.097721099853516,45.694637298583984,44.0113639831543,41.1096076965332,39.560081481933594,39.293766021728516,39.623226165771484,40.199501037597656,40.112342834472656,39.623226165771484,8.062257766723633,3.0,1.0,1.0,2.2360680103302,5.385164737701416,28.792360305786133,30.08321762084961,32.38827133178711,32.24903106689453,32.140316009521484,33.060550689697266,34.01470184326172,35.0,35.05709457397461,36.12478256225586,37.2155876159668,38.11823654174805,39.11521530151367,39.051246643066406,38.05259704589844,38.05259704589844,39.0128173828125,40.01249694824219,42.0,42.01190185546875,41.1096076965332,41.1096076965332,41.19466018676758
1774426887.675493,-75,1,0,0,41.773197174072266,40.607879638671875,39.458839416503906,40.31128692626953,41.1096076965332,42.01190185546875,42.0,42.0,42.01190185546875,43.046485900878906,43.046485900878906,43.104522705078125,43.185646057128906,42.42640686035156,41.59326934814453,40.79215621948242,40.26164245605469,40.26164245605469,39.560081481933594,38.27531814575195,38.07886505126953,37.80211639404297,38.20994567871094,6.4031243324279785,1.4142135381698608,1.4142135381698608,1.4142135381698608,1.4142135381698608,5.099019527435303,29.017236709594727,29.154760360717773,29.154760360717773,30.5941162109375,31.048349380493164,31.320919036865234,32.893768310546875,33.241539001464844,34.01470184326172,34.438350677490234,35.7770881652832,36.67424011230469,37.57658767700195,36.67424011230469,36.67424011230469,36.67424011230469,35.7770881652832,36.67424011230469,37.57658767700195,38.07886505126953,38.62641525268555,39.217342376708984,39.84971618652344
1774426887.744115,-75,1,0,0,42.48529052734375,41.146080017089844,40.71854782104492,41.78516387939453,42.05948257446289,42.72002029418945,42.44997024536133,42.72002029418945,43.680660247802734,43.416587829589844,44.14748001098633,44.384681701660156,45.607017517089844,44.92215347290039,44.271888732910156,43.08131790161133,41.146080017089844,39.824615478515625,38.587562561035156,38.01315689086914,38.41874694824219,37.013511657714844,37.44329071044922,6.7082037925720215,2.0,1.0,1.0,1.4142135381698608,5.0,30.01666259765625,30.528675079345703,29.154760360717773,28.844409942626953,30.0,30.610456466674805,31.890438079833984,33.970577239990234,36.06937789916992,36.769554138183594,36.79673767089844,36.79673767089844,37.48332977294922,37.48332977294922,37.48332977294922,38.20994567871094,38.18376541137695,38.20994567871094,39.69886779785156,39.051246643066406,39.051246643066406,39.824615478515625,40.804412841796875
1774426887.7543697,-75,1,0,0,41.19466018676758,40.04996871948242,40.01249694824219,41.0,43.046485900878906,43.185646057128906,42.296573638916016,43.416587829589844,43.5660400390625,43.5660400390625,43.416587829589844,43.28972244262695,44.18144226074219,44.10215377807617,43.046485900878906,41.0,39.0128173828125,38.05259704589844,38.11823654174805,38.327537536621094,38.07886505126953,39.20458984375,39.623226165771484,7.071067810058594,2.2360680103302,1.0,1.0,2.0,5.099019527435303,28.160255432128906,29.73213768005371,31.256999969482422,31.575305938720703,31.048349380493164,31.62277603149414,32.893768310546875,33.241539001464844,34.928497314453125,36.24913787841797,36.24913787841797,37.57658767700195,38.07886505126953,39.0,38.07886505126953,38.07886505126953,39.39543151855469,40.31128692626953,39.924930572509766,39.217342376708984,37.947330474853516,37.64305877685547,38.60051727294922
1774426887.8175225,-75,1,0,0,45.486263275146484,44.65422821044922,44.40720748901367,45.0,46.22769546508789,46.75468063354492,45.27692413330078,44.55333709716797,45.25483322143555,46.66904830932617,48.08325958251953,48.10405349731445,48.27007293701172,48.41487503051758,48.010414123535156,46.04345703125,44.10215377807617,43.046485900878906,42.94182205200195,42.54409408569336,42.379241943359375,41.0,39.458839416503906,7.0,2.2360680103302,1.4142135381698608,1.4142135381698608,1.4142135381698608,5.0,30.479501724243164,31.62277603149414,32.75667953491211,34.0,34.438350677490234,34.01470184326172,35.46829605102539,36.68787384033203,38.07886505126953,40.024993896484375,40.79215621948242,41.0,42.44997024536133,42.44997024536133,42.44997024536133,42.44997024536133,42.44997024536133,43.416587829589844,44.384681701660156,43.680660247802734,43.32435989379883,43.08131790161133,44.384681701660156
1774426887.8879993,-75,1,0,0,42.379241943359375,40.804412841796875,40.26164245605469,39.81205749511719,41.59326934814453,42.42640686035156,42.42640686035156,42.296573638916016,42.296573638916016,43.185646057128906,44.283180236816406,44.283180236816406,45.39823913574219,45.54119110107422,43.5660400390625,42.95346450805664,41.231056213378906,39.84971618652344,40.16217041015625,39.39543151855469,38.470767974853516,39.11521530151367,40.0,7.071067810058594,2.2360680103302,1.0,1.0,1.4142135381698608,4.123105525970459,28.635643005371094,29.120439529418945,31.38471031188965,31.30495262145996,31.38471031188965,32.4499626159668,33.0151481628418,35.0,36.400550842285156,37.013511657714844,38.28837966918945,38.94868469238281,39.69886779785156,39.051246643066406,39.051246643066406,37.64305877685547,38.41874694824219,39.20458984375,40.0,40.224369049072266,40.49691390991211,40.49691390991211,41.67733383178711
1774426887.8985448,-75,1,0,0,33.970577239990234,35.38361358642578,36.12478256225586,33.42155075073242,30.610456466674805,30.4138126373291,31.14482307434082,32.649654388427734,34.058773040771484,33.941123962402344,32.557640075683594,32.557640075683594,32.557640075683594,35.35533905029297,36.769554138183594,35.38361358642578,33.42155075073242,31.906112670898438,29.529645919799805,28.23118782043457,27.513633728027344,42.95346450805664,41.67733383178711,6.4031243324279785,1.4142135381698608,1.4142135381698608,1.4142135381698608,1.4142135381698608,4.4721360206604,28.160255432128906,30.5941162109375,21.260292053222656,22.627416610717773,24.083189010620117,24.20743751525879,25.238859176635742,26.07680892944336,29.4108829498291,30.0,30.0,27.20294189453125,24.698177337646484,25.05992889404297,25.05992889404297,27.73084831237793,29.068883895874023,30.4138126373291,31.38471031188965,30.805843353271484,29.20616340637207,30.610456466674805,32.80244064331055
1774426887.9608603,-75,1,0,0,46.840152740478516,45.54119110107422,45.31004333496094,45.18849563598633,45.650848388671875,46.647613525390625,45.79301071166992,45.79301071166992,46.647613525390625,47.16990661621094,48.02082824707031,47.50789260864258,48.3735466003418,48.764739990234375,47.41307830810547,47.423622131347656,47.53945541381836,45.880279541015625,44.271888732910156,43.416587829589844,42.57933807373047,43.046485900878906,42.0,7.0,2.0,1.4142135381698608,1.0,1.4142135381698608,5.830951690673828,34.78505325317383,34.48188018798828,33.734256744384766,34.36568069458008,35.22782897949219,36.055511474609375,37.013511657714844,38.0,38.05259704589844,39.051246643066406,39.20458984375,40.199501037597656,41.1096076965332,42.10700607299805,41.1096076965332,42.04759216308594,41.04875183105469,41.01219177246094,41.0,41.01219177246094,42.04759216308594,44.10215377807617,46.173583984375
1774426888.0313063,-75,1,0,0,47.29693603515625,46.097721099853516,45.7055778503418,45.39823913574219,45.09988784790039,45.0111083984375,44.0,45.0,46.0,47.0,48.0,48.010414123535156,48.010414123535156,48.041648864746094,48.166378021240234,47.51841735839844,45.89117431640625,44.384681701660156,43.680660247802734,42.05948257446289,41.231056213378906,40.71854782104492,41.18252182006836,7.8102498054504395,2.2360680103302,1.0,1.0,1.0,6.0,34.01470184326172,34.13209533691406,34.20526123046875,33.83784866333008,33.241539001464844,34.01470184326172,35.34119415283203,37.57658767700195,38.470767974853516,38.94868469238281,39.4461669921875,40.8166618347168,41.67733383178711,42.19004440307617,42.19004440307617,43.046485900878906,43.046485900878906,43.416587829589844,43.8292121887207,43.8292121887207,44.29446792602539,44.72135925292969,45.617977142333984
1774426888.0313063,-75,1,0,0,45.17742919921875,43.382022857666016,42.54409408569336,43.08131790161133,42.379241943359375,42.05948257446289,41.761226654052734,43.011627197265625,43.96589660644531,44.92215347290039,45.221675872802734,44.59820556640625,43.65776062011719,43.65776062011719,42.154476165771484,42.04759216308594,41.18252182006836,41.34005355834961,41.04875183105469,40.0,39.051246643066406,36.878177642822266,36.619667053222656,6.7082037925720215,2.0,1.0,1.0,1.4142135381698608,5.385164737701416,30.675724029541016,32.31098937988281,31.30495262145996,32.24903106689453,32.4499626159668,33.0151481628418,33.60059356689453,35.0,35.80502700805664,36.2353401184082,36.79673767089844,37.48332977294922,38.897300720214844,38.897300720214844,38.897300720214844,38.897300720214844,39.623226165771484,40.360870361328125,41.231056213378906,41.231056213378906,41.231056213378906,42.01190185546875,42.01190185546875
1774426888.1026042,-75,1,0,0,44.40720748901367,43.26661682128906,42.19004440307617,41.18252182006836,42.05948257446289,42.94182205200195,43.416587829589844,42.94182205200195,43.382022857666016,43.863426208496094,45.18849563598633,44.72135925292969,44.72135925292969,44.72135925292969,45.17742919921875,43.90899658203125,42.43819046020508,41.400482177734375,40.45985794067383,40.31128692626953,39.69886779785156,39.051246643066406,39.66106414794922,7.211102485656738,2.2360680103302,1.0,1.0,2.0,6.082762718200684,31.95309066772461,31.78049659729004,30.805843353271484,32.015621185302734,32.557640075683594,33.241539001464844,33.941123962402344,34.65544509887695,35.38361358642578,36.2353401184082,36.400550842285156,37.80211639404297,38.41874694824219,39.824615478515625,40.607879638671875,39.824615478515625,39.20458984375,39.051246643066406,39.623226165771484,39.623226165771484,39.623226165771484,41.03656768798828,41.72529220581055
1774426888.1741188,-75,1,0,0,40.199501037597656,39.051246643066406,39.0,40.01249694824219,41.1096076965332,43.416587829589844,43.5660400390625,43.5660400390625,42.7551155090332,43.73785400390625,43.5660400390625,43.5660400390625,44.55333709716797,45.39823913574219,44.283180236816406,42.04759216308594,39.0,38.01315689086914,38.05259704589844,38.20994567871094,37.48332977294922,39.66106414794922,41.231056213378906,7.211102485656738,2.2360680103302,1.0,1.0,2.0,6.0,31.575305938720703,30.805843353271484,31.256999969482422,31.400636672973633,31.78049659729004,32.015621185302734,33.52610778808594,35.46829605102539,36.24913787841797,36.67424011230469,36.67424011230469,38.4837646484375,39.0,38.62641525268555,38.62641525268555,38.62641525268555,38.62641525268555,39.560081481933594,39.217342376708984,40.16217041015625,39.217342376708984,39.560081481933594,40.26164245605469
1774426888.1741188,-75,1,0,0,42.19004440307617,41.88078308105469,40.804412841796875,41.400482177734375,41.86884307861328,41.72529220581055,41.01219177246094,41.01219177246094,41.72529220581055,43.13930892944336,44.55333709716797,44.55333709716797,44.68780517578125,43.416587829589844,42.20189666748047,40.224369049072266,39.11521530151367,38.587562561035156,39.824615478515625,39.39543151855469,39.560081481933594,38.327537536621094,37.656341552734375,6.082762718200684,1.0,1.4142135381698608,1.4142135381698608,1.0,4.242640495300293,28.284271240234375,29.20616340637207,30.4138126373291,30.870698928833008,31.38471031188965,31.38471031188965,31.95309066772461,33.52610778808594,35.1710090637207,35.1710090637207,36.878177642822266,37.85498809814453,38.07886505126953,38.07886505126953,37.36308288574219,37.36308288574219,37.36308288574219,38.60051727294922,40.804412841796875,41.1096076965332,41.1096076965332,41.78516387939453,41.62931823730469
1774426888.2479813,-75,1,0,0,41.1096076965332,40.45985794067383,39.824615478515625,41.400482177734375,42.43819046020508,41.34005355834961,40.31128692626953,40.31128692626953,41.18252182006836,42.05948257446289,43.416587829589844,43.5660400390625,43.8292121887207,43.011627197265625,42.8018684387207,41.231056213378906,39.051246643066406,37.53664779663086,36.769554138183594,36.878177642822266,36.400550842285156,36.8917350769043,37.58989334106445,6.7082037925720215,2.0,1.4142135381698608,1.4142135381698608,1.0,4.4721360206604,29.4108829498291,29.20616340637207,28.319604873657227,28.42534065246582,29.20616340637207,30.805843353271484,31.906112670898438,32.75667953491211,34.48188018798828,34.0,34.885528564453125,35.7770881652832,36.67424011230469,37.57658767700195,37.121421813964844,36.715118408203125,36.715118408203125,37.2155876159668,37.2155876159668,37.2155876159668,37.735923767089844,38.832977294921875,40.0
1774426888.2479813,-75,1,0,0,43.27817153930664,43.185646057128906,43.13930892944336,43.13930892944336,43.931766510009766,44.04542922973633,42.01190185546875,41.400482177734375,42.20189666748047,43.011627197265625,44.204071044921875,44.821868896484375,44.68780517578125,43.931766510009766,42.52058410644531,41.01219177246094,38.94868469238281,38.41874694824219,38.60051727294922,39.11521530151367,39.357337951660156,38.897300720214844,39.051246643066406,6.082762718200684,2.0,1.4142135381698608,1.4142135381698608,1.4142135381698608,5.656854152679443,31.827661514282227,30.479501724243164,30.805843353271484,30.528675079345703,30.01666259765625,29.529645919799805,31.764760971069336,34.01470184326172,35.84689712524414,37.336307525634766,37.0,37.947330474853516,38.897300720214844,38.897300720214844,38.897300720214844,38.27531814575195,38.62641525268555,38.62641525268555,39.0,39.0,38.07886505126953,38.01315689086914,40.31128692626953
1774426888.3192773,-75,1,0,0,47.381431579589844,46.69047164916992,47.423622131347656,47.6340217590332,48.010414123535156,48.25971221923828,48.25971221923828,48.25971221923828,49.09175109863281,49.09175109863281,49.09175109863281,49.09175109863281,49.40647888183594,49.20365905761719,48.91830062866211,47.381431579589844,45.27692413330078,44.68780517578125,44.821868896484375,44.40720748901367,42.72002029418945,42.44997024536133,40.607879638671875,7.071067810058594,2.0,1.0,1.0,2.2360680103302,6.4031243324279785,32.557640075683594,34.058773040771484,33.241539001464844,33.970577239990234,34.828147888183594,35.0,36.055511474609375,37.735923767089844,40.31128692626953,40.70626449584961,40.70626449584961,41.146080017089844,41.59326934814453,42.48529052734375,43.382022857666016,43.382022857666016,42.54409408569336,43.046485900878906,43.5660400390625,44.41846466064453,45.27692413330078,45.27692413330078,45.486263275146484
1774426888.386715,-75,1,0,0,47.434165954589844,46.840152740478516,46.3249397277832,47.07440948486328,48.66210174560547,48.3735466003418,46.389652252197266,46.389652252197266,47.381431579589844,48.25971221923828,48.25971221923828,48.3735466003418,49.497474670410156,50.635955810546875,49.81967544555664,49.24428939819336,46.840152740478516,45.54119110107422,44.94440841674805,43.863426208496094,42.94182205200195,41.59326934814453,39.96248245239258,6.7082037925720215,2.2360680103302,1.0,1.0,2.0,6.0,33.241539001464844,33.541019439697266,34.48188018798828,35.11410140991211,34.928497314453125,34.438350677490234,35.35533905029297,38.07886505126953,39.66106414794922,41.04875183105469,42.43819046020508,43.26661682128906,44.10215377807617,43.8292121887207,43.8292121887207,43.011627197265625,42.43819046020508,44.10215377807617,44.94440841674805,44.41846466064453,44.777225494384766,45.650848388671875,46.06517028808594
1774426888.3974147,-75,1,0,0,43.8292121887207,41.88078308105469,40.8166618347168,40.70626449584961,42.95346450805664,43.46262741088867,43.46262741088867,42.54409408569336,43.46262741088867,44.0113639831543,44.384681701660156,44.777225494384766,44.283180236816406,44.283180236816406,43.8292121887207,42.54409408569336,41.04875183105469,40.804412841796875,39.824615478515625,38.94868469238281,38.18376541137695,38.41874694824219,39.11521530151367,7.211102485656738,1.4142135381698608,1.0,1.0,2.0,6.324555397033691,31.78049659729004,30.886890411376953,30.528675079345703,30.805843353271484,32.015621185302734,31.890438079833984,33.241539001464844,34.65544509887695,36.12478256225586,36.12478256225586,36.878177642822266,38.41874694824219,39.20458984375,38.41874694824219,39.824615478515625,39.051246643066406,38.20994567871094,39.59798049926758,39.59798049926758,39.59798049926758,40.31128692626953,41.01219177246094,41.72529220581055
1774426888.4596038,-75,1,0,0,41.231056213378906,41.231056213378906,40.52159881591797,42.05948257446289,42.379241943359375,41.78516387939453,40.31128692626953,40.71854782104492,42.04759216308594,42.95346450805664,43.863426208496094,43.863426208496094,43.46262741088867,43.65776062011719,42.379241943359375,41.761226654052734,40.024993896484375,38.63935852050781,38.327537536621094,38.20994567871094,39.0128173828125,38.63935852050781,38.327537536621094,6.7082037925720215,1.4142135381698608,1.4142135381698608,1.4142135381698608,1.0,4.123105525970459,27.513633728027344,28.861740112304688,30.805843353271484,30.265491485595703,31.14482307434082,31.064449310302734,32.0,34.01470184326172,35.05709457397461,36.12478256225586,36.22154235839844,37.336307525634766,38.20994567871094,37.121421813964844,37.121421813964844,37.2155876159668,37.2155876159668,38.20994567871094,40.112342834472656,40.01249694824219,39.0,40.01249694824219,41.04875183105469
1774426888.481938,-75,1,0,0,40.112342834472656,40.04996871948242,39.0,39.0128173828125,40.112342834472656,40.199501037597656,40.199501037597656,40.31128692626953,40.31128692626953,40.31128692626953,41.30375289916992,41.30375289916992,42.19004440307617,42.04759216308594,41.0,40.04996871948242,38.11823654174805,37.2155876159668,36.34556198120117,36.67424011230469,36.13862228393555,35.46829605102539,35.35533905029297,6.4031243324279785,2.2360680103302,1.0,1.0,1.0,5.0,29.068883895874023,30.4138126373291,29.0,29.068883895874023,29.154760360717773,29.27456283569336,31.400636672973633,33.734256744384766,34.20526123046875,34.48188018798828,34.78505325317383,35.44009017944336,36.400550842285156,36.400550842285156,36.400550842285156,36.68787384033203,36.68787384033203,38.60051727294922,39.293766021728516,38.07886505126953,36.878177642822266,37.656341552734375,38.63935852050781
1774426888.5291522,-75,1,0,0,41.01219177246094,38.18376541137695,36.769554138183594,36.79673767089844,37.48332977294922,38.28837966918945,39.051246643066406,39.824615478515625,40.45985794067383,41.1096076965332,41.1096076965332,39.623226165771484,40.31128692626953,40.45985794067383,39.408119201660156,38.27531814575195,36.715118408203125,35.35533905029297,34.885528564453125,34.539833068847656,33.52610778808594,37.947330474853516,38.01315689086914,7.211102485656738,2.2360680103302,1.4142135381698608,2.2360680103302,1.0,4.242640495300293,21.21320343017578,22.472204208374023,28.160255432128906,28.460498809814453,27.85677719116211,28.65309715270996,30.479501724243164,32.80244064331055,33.2866325378418,34.13209533691406,34.13209533691406,35.0,36.12478256225586,36.12478256225586,35.38361358642578,36.2353401184082,37.202152252197266,39.408119201660156,41.231056213378906,41.03656768798828,38.94868469238281,34.058773040771484,29.73213768005371
1774426888.6030767,-75,1,0,0,42.95346450805664,42.95346450805664,41.773197174072266,41.59326934814453,41.43669891357422,41.19466018676758,41.1096076965332,42.04759216308594,43.046485900878906,44.04542922973633,44.10215377807617,43.104522705078125,44.18144226074219,43.185646057128906,42.296573638916016,41.59326934814453,41.0,40.26164245605469,40.26164245605469,40.16217041015625,39.0,38.27531814575195,37.80211639404297,6.4031243324279785,1.4142135381698608,1.4142135381698608,1.4142135381698608,1.4142135381698608,6.082762718200684,33.0151481628418,32.140316009521484,30.364452362060547,30.08321762084961,30.870698928833008,31.30495262145996,31.764760971069336,33.12099075317383,34.48188018798828,34.98571014404297,36.359317779541016,36.359317779541016,36.359317779541016,36.359317779541016,37.2155876159668,36.359317779541016,36.359317779541016,36.8917350769043,38.07886505126953,38.470767974853516,38.910152435302734,39.81205749511719,40.71854782104492
1774426888.6030767,-75,1,0,0,42.95346450805664,42.7551155090332,41.59326934814453,41.43669891357422,42.296573638916016,42.19004440307617,42.04759216308594,42.01190185546875,42.01190185546875,43.011627197265625,44.0113639831543,44.04542922973633,44.04542922973633,44.10215377807617,44.283180236816406,43.5660400390625,42.7551155090332,41.9761848449707,42.20189666748047,40.804412841796875,40.853397369384766,38.470767974853516,38.27531814575195,7.8102498054504395,2.8284270763397217,0.0,1.0,2.0,6.0,30.01666259765625,30.149627685546875,31.320919036865234,31.95309066772461,32.31098937988281,33.105892181396484,33.541019439697266,34.48188018798828,34.98571014404297,35.510562896728516,36.8917350769043,37.735923767089844,37.735923767089844,37.735923767089844,37.735923767089844,38.587562561035156,39.96248245239258,39.4461669921875,40.31128692626953,40.70626449584961,40.71854782104492,41.231056213378906,42.154476165771484
1774426888.6803293,-75,1,0,0,47.381431579589844,45.96738052368164,44.59820556640625,44.68780517578125,44.821868896484375,45.80392837524414,45.221675872802734,44.65422821044922,46.04345703125,46.3249397277832,47.70744323730469,48.25971221923828,48.82622146606445,49.20365905761719,47.6340217590332,46.097721099853516,45.343135833740234,43.863426208496094,43.84062194824219,43.931766510009766,43.600460052490234,44.384681701660156,43.416587829589844,8.062257766723633,3.0,0.0,0.0,2.8284270763397217,6.4031243324279785,32.4499626159668,33.12099075317383,34.20526123046875,34.4093017578125,34.66987228393555,34.98571014404297,35.35533905029297,37.121421813964844,38.4837646484375,39.0,39.924930572509766,41.231056213378906,42.54409408569336,42.54409408569336,41.62931823730469,41.62931823730469,42.04759216308594,42.04759216308594,42.94182205200195,44.29446792602539,43.046485900878906,42.72002029418945,43.8292121887207
1774426888.7510803,-75,1,0,0,43.600460052490234,43.011627197265625,42.20189666748047,44.204071044921875,44.821868896484375,44.59820556640625,43.84062194824219,42.44997024536133,43.863426208496094,44.55333709716797,45.25483322143555,45.25483322143555,45.27692413330078,45.343135833740234,44.04542922973633,42.63801193237305,41.400482177734375,40.804412841796875,40.49691390991211,39.824615478515625,39.39543151855469,38.20994567871094,38.01315689086914,7.0,3.0,1.0,0.0,2.8284270763397217,6.4031243324279785,30.232433319091797,30.886890411376953,31.38471031188965,31.764760971069336,32.202484130859375,32.69556427001953,34.1760139465332,35.735137939453125,36.400550842285156,36.400550842285156,36.400550842285156,36.400550842285156,37.64305877685547,38.60051727294922,38.897300720214844,38.897300720214844,37.947330474853516,38.897300720214844,40.16217041015625,40.16217041015625,40.49691390991211,39.924930572509766,40.71854782104492
1774426888.7510803,-75,1,0,0,20.808652877807617,20.248456954956055,21.63330841064453,24.1867733001709,26.570659637451172,28.160255432128906,29.120439529418945,27.20294189453125,26.925823211669922,27.312999725341797,26.4007568359375,24.59674835205078,25.495098114013672,22.825424194335938,20.59126091003418,19.72308349609375,21.954498291015625,23.25940704345703,24.59674835205078,24.1867733001709,23.853721618652344,41.04875183105469,42.10700607299805,8.062257766723633,3.1622776985168457,1.0,1.0,2.0,6.7082037925720215,32.649654388427734,33.241539001464844,22.022714614868164,21.260292053222656,21.40093421936035,20.808652877807617,21.63330841064453,20.59126091003418,20.124610900878906,21.931713104248047,22.847318649291992,23.706539154052734,26.62705421447754,29.20616340637207,29.20616340637207,27.20294189453125,24.413110733032227,23.600847244262695,24.20743751525879,23.600847244262695,22.803508758544922,22.022714614868164,21.931713104248047
1774426888.8169534,-75,1,0,0,43.416587829589844,42.54409408569336,41.67733383178711,39.96248245239258,40.224369049072266,41.617305755615234,42.20189666748047,42.8018684387207,43.416587829589844,43.416587829589844,44.204071044921875,43.011627197265625,43.011627197265625,42.43819046020508,40.49691390991211,40.31128692626953,40.24922180175781,40.31128692626953,39.924930572509766,39.84971618652344,39.293766021728516,40.112342834472656,39.623226165771484,7.280109882354736,2.2360680103302,1.0,1.0,2.2360680103302,5.385164737701416,30.01666259765625,29.068883895874023,30.01666259765625,29.96664810180664,31.38471031188965,32.893768310546875,33.52610778808594,34.48188018798828,35.1710090637207,34.928497314453125,36.878177642822266,37.85498809814453,38.07886505126953,38.07886505126953,38.832977294921875,38.832977294921875,38.07886505126953,38.07886505126953,39.293766021728516,39.560081481933594,39.84971618652344,41.1096076965332,42.379241943359375
1774426888.8843946,-75,1,0,0,48.50773239135742,48.50773239135742,47.381431579589844,47.26520919799805,48.093658447265625,48.010414123535156,48.010414123535156,48.010414123535156,49.04079818725586,49.04079818725586,49.01020431518555,49.01020431518555,48.010414123535156,48.093658447265625,46.173583984375,45.54119110107422,45.89117431640625,45.12205505371094,44.384681701660156,43.011627197265625,42.72002029418945,41.231056213378906,40.71854782104492,8.062257766723633,2.8284270763397217,0.0,0.0,2.0,6.0,32.0,32.06243896484375,33.541019439697266,33.734256744384766,36.13862228393555,36.68787384033203,37.947330474853516,39.560081481933594,40.31128692626953,41.146080017089844,42.48529052734375,42.48529052734375,42.94182205200195,43.8292121887207,44.283180236816406,43.863426208496094,43.863426208496094,43.863426208496094,44.777225494384766,44.384681701660156,46.2385139465332,47.16990661621094,47.434165954589844
1774426888.8950157,-75,1,0,0,49.25444030761719,47.381431579589844,46.52956008911133,45.54119110107422,45.7055778503418,46.097721099853516,46.3249397277832,47.53945541381836,48.50773239135742,49.47726821899414,49.47726821899414,49.47726821899414,49.47726821899414,49.030601501464844,48.66210174560547,47.381431579589844,47.16990661621094,46.04345703125,45.0,44.10215377807617,42.42640686035156,42.42640686035156,41.773197174072266,8.246211051940918,3.1622776985168457,1.0,0.0,2.0,6.082762718200684,31.78049659729004,32.24903106689453,34.0,35.0142822265625,36.12478256225586,37.121421813964844,38.327537536621094,39.623226165771484,39.623226165771484,39.81205749511719,40.024993896484375,41.231056213378906,42.20189666748047,42.20189666748047,42.44997024536133,42.20189666748047,42.20189666748047,43.17406463623047,44.14748001098633,44.72135925292969,45.54119110107422,46.389652252197266,47.381431579589844
1774426888.9624348,-75,1,0,0,44.68780517578125,43.416587829589844,43.600460052490234,43.011627197265625,44.94440841674805,45.27692413330078,44.29446792602539,42.94182205200195,43.8292121887207,44.29446792602539,44.777225494384766,44.777225494384766,46.647613525390625,45.79301071166992,45.486263275146484,44.40720748901367,42.8018684387207,42.01190185546875,42.52058410644531,41.72529220581055,40.45985794067383,40.0,38.27531814575195,7.211102485656738,2.2360680103302,0.0,0.0,2.2360680103302,5.830951690673828,30.528675079345703,31.400636672973633,32.526912689208984,32.557640075683594,33.30165100097656,32.649654388427734,33.42155075073242,35.22782897949219,35.510562896728516,35.84689712524414,37.2155876159668,38.94868469238281,39.824615478515625,39.4461669921875,39.4461669921875,39.11521530151367,39.66106414794922,40.49691390991211,41.34005355834961,41.04875183105469,40.0,39.824615478515625,41.231056213378906
1774426889.0282934,-75,1,0,0,30.232433319091797,29.4108829498291,29.20616340637207,27.658634185791016,28.284271240234375,27.58622932434082,27.018512725830078,27.658634185791016,30.479501724243164,31.827661514282227,31.11269760131836,29.73213768005371,29.832868576049805,30.805843353271484,28.844409942626953,28.844409942626953,28.017850875854492,27.459060668945312,26.07680892944336,25.553865432739258,25.495098114013672,38.07886505126953,38.07886505126953,6.7082037925720215,2.2360680103302,1.0,0.0,2.2360680103302,5.385164737701416,28.44292449951172,29.27456283569336,20.615528106689453,21.40093421936035,21.63330841064453,21.63330841064453,22.472204208374023,21.470911026000977,20.615528106689453,20.615528106689453,21.931713104248047,21.470911026000977,22.360679626464844,23.25940704345703,24.166091918945312,26.925823211669922,27.312999725341797,28.23118782043457,27.73084831237793,25.495098114013672,25.495098114013672,26.0,27.312999725341797
1774426889.050758,-75,1,0,0,46.69047164916992,46.010868072509766,45.96738052368164,46.69047164916992,47.50789260864258,47.6340217590332,47.01063537597656,47.01063537597656,47.20169448852539,48.010414123535156,49.40647888183594,49.20365905761719,49.04079818725586,48.166378021240234,46.69047164916992,45.27692413330078,44.821868896484375,45.0,45.221675872802734,44.10215377807617,42.54409408569336,42.95346450805664,42.379241943359375,7.280109882354736,3.0,1.0,1.0,1.4142135381698608,5.0,30.610456466674805,32.649654388427734,34.65544509887695,35.46829605102539,36.400550842285156,36.8917350769043,37.735923767089844,38.587562561035156,38.94868469238281,38.470767974853516,40.24922180175781,41.59326934814453,42.48529052734375,42.04759216308594,42.54409408569336,42.04759216308594,41.146080017089844,42.05948257446289,42.54409408569336,42.19004440307617,43.046485900878906,44.41846466064453,45.79301071166992
1774426889.1054344,-75,1,0,0,44.92215347290039,43.680660247802734,43.416587829589844,45.35416030883789,46.87216567993164,46.52956008911133,45.39823913574219,46.389652252197266,47.26520919799805,47.381431579589844,48.50773239135742,47.67599105834961,47.67599105834961,47.85394287109375,46.3249397277832,44.92215347290039,43.32435989379883,42.72002029418945,43.08131790161133,42.95346450805664,42.54409408569336,41.773197174072266,41.01219177246094,7.8102498054504395,2.2360680103302,1.0,1.0,1.4142135381698608,5.385164737701416,30.805843353271484,31.62277603149414,33.83784866333008,33.61547088623047,33.541019439697266,34.0,35.35533905029297,37.2155876159668,39.11521530151367,40.224369049072266,40.804412841796875,41.400482177734375,41.617305755615234,40.804412841796875,40.0,40.607879638671875,42.20189666748047,42.43819046020508,43.5660400390625,43.5660400390625,43.046485900878906,43.416587829589844,44.29446792602539
1774426889.1799695,-75,1,0,0,44.9110221862793,44.14748001098633,44.14748001098633,44.384681701660156,43.680660247802734,43.011627197265625,43.32435989379883,42.379241943359375,42.379241943359375,42.72002029418945,43.65776062011719,45.54119110107422,45.221675872802734,45.880279541015625,45.35416030883789,43.931766510009766,42.7551155090332,41.43669891357422,41.19466018676758,40.01249694824219,40.04996871948242,39.293766021728516,40.804412841796875,7.6157732009887695,3.1622776985168457,0.0,1.0,2.0,6.082762718200684,30.364452362060547,28.861740112304688,30.5941162109375,32.24903106689453,34.058773040771484,35.0142822265625,35.0,36.055511474609375,36.12478256225586,36.22154235839844,37.2155876159668,38.20994567871094,39.20458984375,40.199501037597656,41.19466018676758,41.30375289916992,41.30375289916992,40.31128692626953,41.19466018676758,41.1096076965332,41.01219177246094,41.01219177246094,43.0
1774426889.1799695,-75,1,0,0,46.14108657836914,44.94440841674805,44.65422821044922,44.204071044921875,44.68780517578125,46.097721099853516,46.75468063354492,48.166378021240234,47.423622131347656,47.423622131347656,48.10405349731445,48.166378021240234,48.91830062866211,48.41487503051758,47.20169448852539,46.3249397277832,45.650848388671875,45.17742919921875,45.17742919921875,44.283180236816406,42.72002029418945,42.42640686035156,43.011627197265625,8.062257766723633,3.1622776985168457,1.0,1.0,2.2360680103302,5.830951690673828,32.75667953491211,33.12099075317383,34.0,35.34119415283203,36.769554138183594,37.336307525634766,37.947330474853516,38.327537536621094,38.327537536621094,39.051246643066406,41.0,42.20189666748047,41.9761848449707,41.9761848449707,42.95346450805664,43.17406463623047,43.17406463623047,43.416587829589844,43.680660247802734,43.680660247802734,44.271888732910156,45.54119110107422,46.81879806518555
1774426889.2590256,-75,1,0,0,48.332183837890625,47.01063537597656,46.2385139465332,46.81879806518555,47.12748718261719,47.53945541381836,46.57252502441406,46.57252502441406,47.07440948486328,47.85394287109375,49.030601501464844,49.24428939819336,49.47726821899414,49.04079818725586,48.383880615234375,46.81879806518555,46.615447998046875,45.617977142333984,44.72135925292969,43.416587829589844,42.43819046020508,41.72529220581055,42.01190185546875,7.8102498054504395,2.8284270763397217,1.0,1.0,2.0,6.082762718200684,32.893768310546875,33.61547088623047,34.48188018798828,35.510562896728516,36.619667053222656,36.400550842285156,36.400550842285156,37.013511657714844,37.53664779663086,39.59798049926758,38.897300720214844,40.31128692626953,41.72529220581055,41.72529220581055,43.13930892944336,43.13930892944336,43.185646057128906,41.86884307861328,42.63801193237305,44.04542922973633,44.821868896484375,44.821868896484375,45.0
1774426889.3139246,-75,1,0,0,38.470767974853516,38.832977294921875,37.10795211791992,36.13862228393555,35.44009017944336,34.78505325317383,33.83784866333008,34.1760139465332,35.46829605102539,36.769554138183594,39.0,39.924930572509766,40.853397369384766,41.43669891357422,40.16217041015625,37.64305877685547,35.902645111083984,33.734256744384766,32.557640075683594,32.140316009521484,32.015621185302734,33.241539001464844,32.649654388427734,5.385164737701416,1.4142135381698608,1.4142135381698608,1.4142135381698608,1.0,4.123105525970459,27.513633728027344,26.925823211669922,24.083189010620117,25.079872131347656,26.07680892944336,26.172504425048828,27.294687271118164,28.635643005371094,30.5941162109375,31.78049659729004,31.320919036865234,32.280025482177734,31.62277603149414,30.675724029541016,29.4108829498291,30.08321762084961,31.048349380493164,32.75667953491211,33.541019439697266,34.2344856262207,35.12833786010742,36.055511474609375,37.05401611328125
1774426889.3241103,-75,1,0,0,46.173583984375,44.92215347290039,44.643028259277344,44.384681701660156,45.12205505371094,44.72135925292969,44.55333709716797,44.40720748901367,44.40720748901367,45.39823913574219,47.51841735839844,48.50773239135742,47.51841735839844,47.85394287109375,46.3249397277832,44.643028259277344,43.32435989379883,42.72002029418945,42.54409408569336,41.59326934814453,40.49691390991211,39.11521530151367,38.60051727294922,6.4031243324279785,1.4142135381698608,1.4142135381698608,1.4142135381698608,1.4142135381698608,5.0,30.149627685546875,30.5941162109375,30.870698928833008,31.30495262145996,31.764760971069336,33.12099075317383,34.13209533691406,36.619667053222656,37.013511657714844,37.64305877685547,37.53664779663086,38.94868469238281,39.69886779785156,40.45985794067383,41.231056213378906,40.607879638671875,40.607879638671875,40.607879638671875,41.400482177734375,42.20189666748047,43.011627197265625,43.5660400390625,43.90899658203125
1774426889.4012733,-75,1,0,0,46.87216567993164,45.12205505371094,45.35416030883789,47.12748718261719,47.75981521606445,47.53945541381836,47.01063537597656,46.51881408691406,47.85394287109375,48.754486083984375,50.08992004394531,49.24428939819336,49.76947021484375,49.39635467529297,49.04079818725586,48.08325958251953,46.3249397277832,44.9110221862793,44.72135925292969,44.283180236816406,43.046485900878906,43.011627197265625,42.19004440307617,8.062257766723633,3.0,1.0,1.0,2.2360680103302,6.324555397033691,34.928497314453125,35.510562896728516,35.12833786010742,35.0142822265625,35.0,36.013885498046875,37.05401611328125,39.051246643066406,40.112342834472656,40.199501037597656,41.43669891357422,41.59326934814453,42.57933807373047,42.57933807373047,43.5660400390625,43.5660400390625,44.40720748901367,45.17742919921875,45.0444221496582,44.0113639831543,44.0,44.0,45.0
1774426889.411785,-75,1,0,0,42.20189666748047,41.231056213378906,40.52159881591797,41.1096076965332,42.72002029418945,43.46262741088867,43.46262741088867,43.46262741088867,44.384681701660156,45.694637298583984,45.694637298583984,45.31004333496094,45.880279541015625,46.48655700683594,44.643028259277344,42.20189666748047,40.79215621948242,40.4474983215332,40.199501037597656,40.01249694824219,40.01249694824219,39.560081481933594,37.947330474853516,7.280109882354736,2.0,1.0,0.0,2.2360680103302,5.830951690673828,30.08321762084961,30.08321762084961,31.78049659729004,32.38827133178711,32.24903106689453,32.140316009521484,33.060550689697266,35.0,37.05401611328125,37.121421813964844,36.22154235839844,37.2155876159668,39.20458984375,39.11521530151367,39.051246643066406,39.051246643066406,39.051246643066406,40.01249694824219,41.01219177246094,42.0,42.0,42.0,41.01219177246094
1774426889.4788947,-75,1,0,0,40.804412841796875,39.560081481933594,40.26164245605469,40.79215621948242,40.4474983215332,40.199501037597656,40.112342834472656,40.112342834472656,41.19466018676758,43.185646057128906,44.18144226074219,44.283180236816406,44.283180236816406,44.40720748901367,42.57933807373047,41.231056213378906,39.560081481933594,38.27531814575195,38.62641525268555,39.39543151855469,39.357337951660156,38.20994567871094,37.64305877685547,7.211102485656738,2.0,1.0,1.0,1.4142135381698608,5.099019527435303,28.635643005371094,28.861740112304688,29.832868576049805,29.4108829498291,31.016124725341797,31.78049659729004,33.105892181396484,34.438350677490234,34.885528564453125,35.84689712524414,36.359317779541016,36.8917350769043,37.735923767089844,37.735923767089844,37.44329071044922,38.27531814575195,37.44329071044922,37.735923767089844,38.07886505126953,38.94868469238281,38.94868469238281,39.824615478515625,40.70626449584961
1774426889.5463936,-75,1,0,0,42.72002029418945,43.32435989379883,43.08131790161133,43.08131790161133,43.46262741088867,43.382022857666016,42.04759216308594,42.04759216308594,43.382022857666016,43.382022857666016,44.72135925292969,44.283180236816406,43.863426208496094,43.863426208496094,43.863426208496094,42.154476165771484,42.05948257446289,41.231056213378906,40.607879638671875,39.20458984375,38.05259704589844,38.20994567871094,37.05401611328125,7.0,3.1622776985168457,1.0,1.0,2.2360680103302,6.324555397033691,32.24903106689453,32.202484130859375,30.5941162109375,31.400636672973633,31.256999969482422,32.140316009521484,33.060550689697266,34.01470184326172,34.01470184326172,35.12833786010742,37.2155876159668,39.20458984375,38.20994567871094,38.20994567871094,39.20458984375,39.11521530151367,39.051246643066406,39.051246643066406,39.0128173828125,39.0128173828125,39.051246643066406,40.199501037597656,41.19466018676758
1774426889.5568156,-75,1,0,0,43.13930892944336,41.86884307861328,42.01190185546875,41.400482177734375,41.617305755615234,42.43819046020508,43.26661682128906,43.26661682128906,44.41846466064453,44.777225494384766,45.27692413330078,44.41846466064453,43.5660400390625,44.10215377807617,44.65422821044922,42.8018684387207,41.86884307861328,41.03656768798828,40.31128692626953,39.623226165771484,39.824615478515625,38.60051727294922,38.587562561035156,7.6157732009887695,3.0,1.0,1.0,2.2360680103302,5.656854152679443,31.240999221801758,31.14482307434082,30.479501724243164,32.202484130859375,33.2866325378418,34.13209533691406,34.48188018798828,34.48188018798828,35.35533905029297,34.885528564453125,36.67424011230469,37.57658767700195,38.4837646484375,39.39543151855469,40.31128692626953,40.31128692626953,39.39543151855469,40.24922180175781,40.70626449584961,40.31128692626953,40.31128692626953,41.34005355834961,41.88078308105469
1774426889.623138,-75,1,0,0,35.46829605102539,34.1760139465332,33.52610778808594,31.048349380493164,30.805843353271484,30.4138126373291,31.256999969482422,33.37664031982422,35.22782897949219,35.22782897949219,35.35533905029297,36.49657440185547,35.693138122558594,36.13862228393555,34.20526123046875,33.83784866333008,31.95309066772461,29.546573638916016,29.068883895874023,29.529645919799805,30.232433319091797,35.34119415283203,35.84689712524414,6.324555397033691,2.0,1.0,1.0,1.4142135381698608,4.242640495300293,25.612497329711914,25.495098114013672,23.76972770690918,24.166091918945312,25.05992889404297,26.419689178466797,26.925823211669922,28.017850875854492,29.20616340637207,29.20616340637207,29.20616340637207,28.600698471069336,28.017850875854492,28.600698471069336,28.600698471069336,30.805843353271484,30.232433319091797,30.805843353271484,31.62277603149414,31.906112670898438,32.75667953491211,33.61547088623047,34.48188018798828
1774426889.6992064,-75,1,0,0,47.16990661621094,46.04345703125,46.010868072509766,46.010868072509766,46.010868072509766,47.04253387451172,47.095645904541016,47.16990661621094,46.27094268798828,46.27094268798828,47.26520919799805,48.25971221923828,47.095645904541016,47.04253387451172,47.01063537597656,46.010868072509766,46.097721099853516,46.27094268798828,45.39823913574219,43.931766510009766,43.680660247802734,42.05948257446289,42.43819046020508,7.8102498054504395,2.8284270763397217,0.0,0.0,2.0,6.0,32.0,32.140316009521484,33.37664031982422,34.525352478027344,35.693138122558594,36.878177642822266,37.36308288574219,37.947330474853516,38.27531814575195,38.62641525268555,39.924930572509766,40.853397369384766,41.78516387939453,43.08131790161133,44.384681701660156,45.31004333496094,44.0113639831543,43.65776062011719,43.32435989379883,43.011627197265625,44.92215347290039,45.607017517089844,47.29693603515625
1774426889.6992064,-75,1,0,0,43.96589660644531,42.379241943359375,40.853397369384766,40.31128692626953,40.71854782104492,41.59326934814453,42.94182205200195,43.416587829589844,43.416587829589844,44.41846466064453,44.41846466064453,45.27692413330078,44.777225494384766,43.8292121887207,42.95346450805664,41.231056213378906,40.49691390991211,40.16217041015625,40.52159881591797,40.024993896484375,39.458839416503906,38.0,38.11823654174805,7.071067810058594,3.1622776985168457,1.0,1.0,2.0,5.099019527435303,28.460498809814453,28.861740112304688,30.5941162109375,31.256999969482422,32.140316009521484,33.060550689697266,33.0151481628418,34.0,34.01470184326172,35.0142822265625,35.05709457397461,37.121421813964844,37.121421813964844,38.11823654174805,38.20994567871094,38.11823654174805,37.121421813964844,38.05259704589844,39.0128173828125,40.01249694824219,41.04875183105469,41.1096076965332,42.19004440307617
1774426889.7653787,-75,1,0,0,43.416587829589844,43.27817153930664,41.773197174072266,41.03656768798828,41.01219177246094,41.1096076965332,41.1096076965332,41.86884307861328,43.27817153930664,44.04542922973633,44.68780517578125,43.931766510009766,43.931766510009766,43.185646057128906,41.01219177246094,40.360870361328125,40.0,41.04875183105469,41.34005355834961,40.31128692626953,39.81205749511719,38.910152435302734,38.62641525268555,7.280109882354736,3.0,1.0,1.0,1.4142135381698608,5.0,29.681644439697266,28.600698471069336,29.73213768005371,30.610456466674805,31.62277603149414,33.2866325378418,34.98571014404297,35.35533905029297,34.885528564453125,34.438350677490234,34.928497314453125,36.24913787841797,38.4837646484375,39.39543151855469,40.31128692626953,40.71854782104492,39.39543151855469,38.4837646484375,38.470767974853516,38.470767974853516,39.824615478515625,40.31128692626953,41.67733383178711
1774426889.7866158,-75,1,0,0,39.293766021728516,37.64305877685547,37.0,37.336307525634766,37.6961555480957,38.4837646484375,38.910152435302734,39.357337951660156,41.59326934814453,42.48529052734375,42.95346450805664,42.54409408569336,42.54409408569336,42.154476165771484,39.924930572509766,38.27531814575195,36.68787384033203,36.13862228393555,36.878177642822266,36.49657440185547,36.22154235839844,39.293766021728516,38.897300720214844,6.7082037925720215,1.4142135381698608,1.0,1.0,1.0,4.0,27.073972702026367,28.0,28.635643005371094,28.44292449951172,28.284271240234375,29.068883895874023,29.017236709594727,30.0,32.06243896484375,32.06243896484375,33.060550689697266,34.058773040771484,35.05709457397461,35.05709457397461,35.05709457397461,36.055511474609375,36.013885498046875,36.013885498046875,37.0,37.0,36.013885498046875,36.12478256225586,37.336307525634766
1774426889.8398767,-74,1,0,0,40.607879638671875,39.408119201660156,39.11521530151367,39.11521530151367,39.96248245239258,40.31128692626953,40.31128692626953,39.824615478515625,40.31128692626953,40.8166618347168,42.19004440307617,42.72002029418945,42.43819046020508,42.20189666748047,40.45985794067383,38.94868469238281,38.20994567871094,37.48332977294922,38.18376541137695,36.878177642822266,35.80502700805664,37.85498809814453,37.2155876159668,6.0,2.2360680103302,1.4142135381698608,1.4142135381698608,1.0,3.1622776985168457,21.095022201538086,22.627416610717773,27.459060668945312,29.4108829498291,32.202484130859375,34.71310806274414,35.35533905029297,41.1096076965332,44.04542922973633,47.434165954589844,44.94440841674805,42.01190185546875,38.28837966918945,40.224369049072266,43.011627197265625,43.931766510009766,45.27692413330078,50.20956039428711,48.08325958251953,47.381431579589844,43.13930892944336,38.94868469238281,38.20994567871094
1774426889.9203076,-75,1,0,0,44.204071044921875,41.86884307861328,40.360870361328125,40.31128692626953,41.773197174072266,42.63801193237305,42.01190185546875,42.01190185546875,42.01190185546875,42.20189666748047,42.8018684387207,42.63801193237305,43.27817153930664,43.931766510009766,43.185646057128906,41.72529220581055,41.1096076965332,39.20458984375,39.408119201660156,39.11521530151367,37.58989334106445,37.64305877685547,36.878177642822266,6.082762718200684,1.0,1.0,1.0,2.2360680103302,5.656854152679443,31.14482307434082,30.479501724243164,29.73213768005371,30.0,30.232433319091797,31.906112670898438,32.24903106689453,34.0,34.438350677490234,35.34119415283203,35.84689712524414,36.769554138183594,37.6961555480957,37.6961555480957,37.6961555480957,38.62641525268555,37.6961555480957,38.4837646484375,38.910152435302734,38.910152435302734,40.24922180175781,41.59326934814453,42.05948257446289
1774426889.9309666,-75,1,0,0,43.416587829589844,41.59326934814453,41.146080017089844,40.71854782104492,40.853397369384766,42.05948257446289,42.72002029418945,44.643028259277344,44.92215347290039,45.880279541015625,46.173583984375,45.221675872802734,44.59820556640625,44.384681701660156,42.54409408569336,42.04759216308594,40.24922180175781,39.357337951660156,39.824615478515625,39.66106414794922,38.41874694824219,38.832977294921875,39.4461669921875,8.062257766723633,3.1622776985168457,0.0,0.0,2.2360680103302,6.324555397033691,30.364452362060547,29.546573638916016,30.528675079345703,31.62277603149414,33.60059356689453,33.42155075073242,35.38361358642578,35.35533905029297,35.38361358642578,35.46829605102539,35.46829605102539,37.53664779663086,37.53664779663086,38.20994567871094,38.20994567871094,38.897300720214844,39.623226165771484,41.03656768798828,41.01219177246094,40.31128692626953,40.360870361328125,41.231056213378906,42.01190185546875
1774426889.9865825,-75,1,0,0,44.283180236816406,43.382022857666016,42.94182205200195,43.416587829589844,43.5660400390625,43.26661682128906,42.43819046020508,42.43819046020508,43.26661682128906,44.65422821044922,45.486263275146484,45.486263275146484,44.94440841674805,44.41846466064453,43.90899658203125,42.94182205200195,41.146080017089844,40.31128692626953,41.78516387939453,41.1096076965332,41.231056213378906,38.327537536621094,37.05401611328125,7.0,2.0,1.0,1.0,2.8284270763397217,6.7082037925720215,31.30495262145996,31.016124725341797,31.62277603149414,32.015621185302734,30.805843353271484,31.78049659729004,32.557640075683594,34.525352478027344,35.35533905029297,37.2155876159668,37.05401611328125,37.013511657714844,38.05259704589844,39.11521530151367,39.11521530151367,39.20458984375,39.20458984375,39.31920623779297,39.31920623779297,39.458839416503906,39.623226165771484,39.81205749511719,40.26164245605469
1774426890.060357,-75,1,0,0,44.72135925292969,44.283180236816406,43.46262741088867,43.32435989379883,43.96589660644531,43.680660247802734,43.416587829589844,43.416587829589844,44.14748001098633,44.14748001098633,44.14748001098633,44.384681701660156,45.35416030883789,45.35416030883789,44.643028259277344,43.011627197265625,40.853397369384766,40.71854782104492,40.24922180175781,39.824615478515625,39.11521530151367,39.623226165771484,38.41874694824219,7.071067810058594,2.2360680103302,1.0,1.0,2.0,5.385164737701416,29.681644439697266,30.232433319091797,31.38471031188965,31.62277603149414,31.400636672973633,31.890438079833984,33.30165100097656,34.65544509887695,36.06937789916992,36.769554138183594,37.48332977294922,36.79673767089844,37.53664779663086,37.53664779663086,37.53664779663086,38.20994567871094,37.48332977294922,38.20994567871094,38.28837966918945,39.051246643066406,39.69886779785156,40.607879638671875,41.400482177734375
1774426890.1376104,-75,1,0,0,38.470767974853516,39.11521530151367,39.11521530151367,38.587562561035156,39.4461669921875,39.96248245239258,39.11521530151367,38.832977294921875,39.408119201660156,39.408119201660156,39.408119201660156,39.408119201660156,40.0,39.20458984375,40.607879638671875,40.804412841796875,40.49691390991211,38.470767974853516,37.161808013916016,36.055511474609375,35.1710090637207,33.37664031982422,34.13209533691406,7.071067810058594,3.1622776985168457,0.0,1.0,2.2360680103302,6.324555397033691,29.120439529418945,28.44292449951172,27.166154861450195,28.07133674621582,29.068883895874023,30.01666259765625,30.0,31.0,32.0,34.0,35.0,35.05709457397461,35.12833786010742,34.2344856262207,34.2344856262207,33.13608169555664,33.060550689697266,33.0151481628418,34.01470184326172,34.13209533691406,34.36568069458008,36.878177642822266,39.051246643066406
1774426890.147973,-75,1,0,0,45.221675872802734,44.59820556640625,43.65776062011719,44.0113639831543,43.863426208496094,42.95346450805664,41.59326934814453,42.05948257446289,42.54409408569336,43.416587829589844,45.17742919921875,45.617977142333984,46.097721099853516,45.694637298583984,45.31004333496094,43.65776062011719,41.761226654052734,40.26164245605469,40.024993896484375,39.623226165771484,40.199501037597656,39.11521530151367,38.0,7.0,3.0,0.0,1.0,2.8284270763397217,6.4031243324279785,30.232433319091797,29.529645919799805,32.572994232177734,32.280025482177734,32.75667953491211,32.75667953491211,34.36568069458008,36.22154235839844,38.20994567871094,38.20994567871094,39.11521530151367,38.05259704589844,39.051246643066406,39.051246643066406,40.04996871948242,41.04875183105469,41.04875183105469,42.10700607299805,42.19004440307617,42.296573638916016,41.43669891357422,40.4474983215332,41.59326934814453
1774426890.2181993,-75,1,0,0,45.17742919921875,45.17742919921875,45.0444221496582,46.0,46.04345703125,45.17742919921875,44.18144226074219,45.17742919921875,47.16990661621094,48.25971221923828,49.36598205566406,48.25971221923828,48.093658447265625,48.010414123535156,47.01063537597656,45.0111083984375,43.104522705078125,42.296573638916016,42.57933807373047,42.20189666748047,43.011627197265625,42.94182205200195,41.67733383178711,7.211102485656738,2.2360680103302,1.0,1.4142135381698608,1.0,5.0,30.01666259765625,32.06243896484375,34.2344856262207,34.525352478027344,34.928497314453125,35.1710090637207,35.44009017944336,37.0,39.560081481933594,39.924930572509766,41.231056213378906,41.62931823730469,42.154476165771484,41.231056213378906,41.62931823730469,41.62931823730469,42.54409408569336,43.08131790161133,43.65776062011719,43.65776062011719,43.32435989379883,44.271888732910156,44.92215347290039
1774426890.278397,-75,1,0,0,42.379241943359375,41.1096076965332,39.84971618652344,39.560081481933594,39.051246643066406,39.81205749511719,39.458839416503906,40.31128692626953,41.43669891357422,41.43669891357422,40.4474983215332,40.4474983215332,40.79215621948242,41.0,40.26164245605469,39.84971618652344,39.217342376708984,38.27531814575195,36.400550842285156,36.67424011230469,37.735923767089844,38.60051727294922,39.96248245239258,6.7082037925720215,1.0,1.4142135381698608,1.4142135381698608,1.0,4.4721360206604,30.4138126373291,30.232433319091797,28.65309715270996,29.154760360717773,31.064449310302734,31.62277603149414,32.80244064331055,33.42155075073242,33.30165100097656,33.970577239990234,33.970577239990234,36.12478256225586,38.20994567871094,38.20994567871094,38.20994567871094,37.53664779663086,37.53664779663086,36.79673767089844,37.53664779663086,37.64305877685547,38.60051727294922,38.832977294921875,40.49691390991211
1774426890.2889652,-75,1,0,0,41.86884307861328,40.360870361328125,39.59798049926758,37.53664779663086,37.80211639404297,39.408119201660156,39.408119201660156,40.0,40.804412841796875,41.617305755615234,41.617305755615234,41.617305755615234,40.804412841796875,40.0,39.051246643066406,38.20994567871094,38.20994567871094,36.878177642822266,37.013511657714844,37.202152252197266,35.510562896728516,38.11823654174805,37.0,7.071067810058594,2.2360680103302,1.0,1.0,2.2360680103302,5.830951690673828,31.38471031188965,31.30495262145996,29.068883895874023,29.4108829498291,30.232433319091797,31.38471031188965,31.764760971069336,31.764760971069336,32.202484130859375,33.105892181396484,32.69556427001953,34.01470184326172,35.34119415283203,36.24913787841797,36.24913787841797,37.161808013916016,37.161808013916016,38.01315689086914,37.58989334106445,37.58989334106445,37.2155876159668,38.07886505126953,38.94868469238281
1774426890.3552482,-75,1,0,0,48.50773239135742,47.67599105834961,46.69047164916992,46.87216567993164,47.53945541381836,48.08325958251953,47.75981521606445,47.75981521606445,47.75981521606445,48.383880615234375,49.04079818725586,48.764739990234375,48.50773239135742,49.24428939819336,47.85394287109375,47.51841735839844,47.381431579589844,47.26520919799805,46.097721099853516,45.0,44.18144226074219,44.0113639831543,44.283180236816406,8.246211051940918,3.1622776985168457,1.0,1.0,2.2360680103302,6.7082037925720215,35.7770881652832,33.61547088623047,31.064449310302734,33.0151481628418,34.0,35.05709457397461,36.12478256225586,37.336307525634766,38.832977294921875,40.024993896484375,41.0,41.9761848449707,42.7551155090332,42.7551155090332,42.7551155090332,42.7551155090332,42.95346450805664,43.17406463623047,42.7551155090332,43.416587829589844,44.283180236816406,45.17742919921875,47.095645904541016
1774426890.4218862,-75,1,0,0,44.0113639831543,43.65776062011719,44.271888732910156,43.96589660644531,43.680660247802734,42.95346450805664,43.73785400390625,43.73785400390625,44.72135925292969,44.72135925292969,45.7055778503418,44.9110221862793,45.12205505371094,44.384681701660156,43.680660247802734,43.011627197265625,42.379241943359375,41.78516387939453,41.231056213378906,40.70626449584961,39.96248245239258,39.824615478515625,39.623226165771484,7.8102498054504395,2.8284270763397217,0.0,0.0,2.0,5.099019527435303,27.892650604248047,28.460498809814453,30.870698928833008,31.764760971069336,33.61547088623047,34.13209533691406,34.66987228393555,35.608985900878906,36.878177642822266,37.53664779663086,38.20994567871094,38.20994567871094,38.94868469238281,38.28837966918945,37.64305877685547,39.051246643066406,39.051246643066406,40.45985794067383,41.231056213378906,42.01190185546875,41.617305755615234,42.43819046020508,42.19004440307617
1774426890.4442906,-75,1,0,0,38.07886505126953,36.359317779541016,36.055511474609375,34.4093017578125,35.608985900878906,36.2353401184082,36.2353401184082,37.64305877685547,37.64305877685547,38.28837966918945,38.28837966918945,38.28837966918945,38.41874694824219,38.60051727294922,38.01315689086914,36.359317779541016,35.35533905029297,35.34119415283203,35.84689712524414,35.11410140991211,34.48188018798828,35.0142822265625,35.12833786010742,7.071067810058594,2.2360680103302,1.0,1.0,2.0,4.4721360206604,24.1867733001709,24.59674835205078,25.553865432739258,25.942243576049805,26.832815170288086,28.635643005371094,29.154760360717773,30.08321762084961,29.73213768005371,30.675724029541016,31.320919036865234,32.280025482177734,33.241539001464844,32.98484420776367,32.98484420776367,32.98484420776367,32.98484420776367,34.20526123046875,34.48188018798828,35.735137939453125,36.400550842285156,36.400550842285156,36.769554138183594
1774426890.504055,-75,1,0,0,22.203603744506836,22.472204208374023,21.63330841064453,22.203603744506836,22.671567916870117,21.931713104248047,21.931713104248047,21.260292053222656,20.808652877807617,21.954498291015625,23.25940704345703,22.847318649291992,22.847318649291992,23.25940704345703,22.847318649291992,22.360679626464844,21.63330841064453,21.931713104248047,20.51828384399414,20.808652877807617,21.095022201538086,40.52159881591797,40.16217041015625,7.6157732009887695,3.605551242828369,1.0,0.0,2.2360680103302,6.324555397033691,34.20526123046875,33.83784866333008,17.464248657226562,17.464248657226562,17.464248657226562,17.464248657226562,18.788293838500977,20.124610900878906,21.02379608154297,21.540658950805664,23.0867919921875,22.803508758544922,23.53720474243164,22.360679626464844,21.3775577545166,20.615528106689453,20.248456954956055,21.540658950805664,23.25940704345703,23.706539154052734,21.095022201538086,20.0,22.022714614868164
1774426890.583169,-75,1,0,0,46.010868072509766,45.09988784790039,45.39823913574219,46.87216567993164,48.27007293701172,48.764739990234375,48.08325958251953,47.12748718261719,48.383880615234375,49.33558654785156,49.33558654785156,48.764739990234375,48.764739990234375,48.764739990234375,48.50773239135742,47.85394287109375,46.389652252197266,46.173583984375,46.04345703125,45.0,45.09988784790039,42.42640686035156,40.024993896484375,6.324555397033691,1.4142135381698608,1.4142135381698608,1.0,1.0,5.0,33.0,33.0151481628418,33.241539001464844,33.37664031982422,34.71310806274414,35.1710090637207,37.36308288574219,39.84971618652344,40.16217041015625,40.49691390991211,40.853397369384766,42.154476165771484,41.78516387939453,41.78516387939453,41.78516387939453,41.78516387939453,42.72002029418945,44.59820556640625,45.221675872802734,44.92215347290039,44.384681701660156,45.12205505371094,45.89117431640625
1774426890.6494348,-75,1,0,0,47.41307830810547,45.617977142333984,46.51881408691406,47.01063537597656,49.39635467529297,49.648765563964844,48.08325958251953,46.840152740478516,46.840152740478516,48.08325958251953,49.648765563964844,48.703182220458984,48.10405349731445,48.46648406982422,46.615447998046875,45.617977142333984,45.617977142333984,45.17742919921875,46.14108657836914,44.65422821044922,43.416587829589844,41.03656768798828,40.360870361328125,7.8102498054504395,2.8284270763397217,0.0,0.0,2.2360680103302,6.324555397033691,33.83784866333008,34.01470184326172,35.510562896728516,35.80502700805664,36.400550842285156,36.2353401184082,37.53664779663086,38.897300720214844,38.94868469238281,40.360870361328125,40.45985794067383,41.1096076965332,41.773197174072266,42.44997024536133,42.44997024536133,42.42640686035156,42.42640686035156,43.84062194824219,45.25483322143555,43.863426208496094,44.68780517578125,44.68780517578125,45.607017517089844
1774426890.6601062,-75,1,0,0,45.12205505371094,44.14748001098633,43.416587829589844,42.44997024536133,42.05948257446289,42.72002029418945,43.46262741088867,44.777225494384766,46.097721099853516,46.097721099853516,45.694637298583984,44.0113639831543,44.0113639831543,43.65776062011719,42.72002029418945,42.20189666748047,41.773197174072266,42.42640686035156,41.43669891357422,40.112342834472656,39.0,38.11823654174805,38.63935852050781,7.280109882354736,3.1622776985168457,1.0,1.0,2.2360680103302,5.830951690673828,30.232433319091797,31.38471031188965,31.95309066772461,33.241539001464844,33.95585250854492,34.525352478027344,34.36568069458008,36.12478256225586,36.055511474609375,37.013511657714844,37.013511657714844,38.01315689086914,39.0128173828125,40.01249694824219,41.01219177246094,42.01190185546875,41.0,41.01219177246094,40.0,40.01249694824219,41.04875183105469,42.10700607299805,44.283180236816406
1774426890.728527,-75,1,0,0,41.1096076965332,41.231056213378906,40.224369049072266,41.67733383178711,42.04759216308594,40.49691390991211,39.217342376708984,39.560081481933594,40.31128692626953,40.71854782104492,43.382022857666016,42.48529052734375,42.48529052734375,42.54409408569336,42.43819046020508,41.231056213378906,41.1096076965332,39.69886779785156,40.45985794067383,40.31128692626953,38.28837966918945,35.46829605102539,33.241539001464844,6.4031243324279785,2.0,1.0,1.0,1.0,5.0,31.016124725341797,30.066593170166016,28.017850875854492,29.068883895874023,29.0,29.0,29.73213768005371,31.14482307434082,32.557640075683594,34.71310806274414,36.79673767089844,38.18376541137695,38.897300720214844,36.06937789916992,34.71310806274414,35.608985900878906,37.013511657714844,38.28837966918945,38.20994567871094,38.897300720214844,39.69886779785156,39.051246643066406,41.1096076965332
1774426890.739558,-75,1,0,0,47.12748718261719,46.57252502441406,47.29693603515625,47.85394287109375,47.51841735839844,47.26520919799805,47.16990661621094,47.095645904541016,48.093658447265625,49.09175109863281,49.162994384765625,48.25971221923828,48.3735466003418,49.497474670410156,48.66210174560547,47.07440948486328,45.35416030883789,44.92215347290039,44.271888732910156,43.08131790161133,42.95346450805664,41.04875183105469,39.824615478515625,7.211102485656738,2.2360680103302,1.0,1.0,2.0,6.082762718200684,31.62277603149414,31.38471031188965,33.61547088623047,34.0,34.98571014404297,35.510562896728516,36.055511474609375,37.44329071044922,38.832977294921875,39.408119201660156,39.20458984375,39.824615478515625,40.607879638671875,40.0,39.20458984375,39.20458984375,41.400482177734375,42.20189666748047,43.26661682128906,43.5660400390625,43.046485900878906,43.90899658203125,44.777225494384766
1774426890.806745,-76,1,0,0,48.25971221923828,48.02082824707031,47.50789260864258,47.41307830810547,47.423622131347656,45.694637298583984,45.694637298583984,45.694637298583984,47.16990661621094,49.97999572753906,50.9215087890625,51.26402282714844,49.39635467529297,49.76947021484375,49.658836364746094,47.88528060913086,46.3249397277832,45.221675872802734,43.600460052490234,41.86884307861328,41.01219177246094,41.231056213378906,41.617305755615234,7.8102498054504395,2.8284270763397217,1.0,1.0,2.0,6.082762718200684,31.016124725341797,31.78049659729004,34.13209533691406,34.4093017578125,34.828147888183594,36.12478256225586,36.79673767089844,38.18376541137695,38.897300720214844,39.623226165771484,40.45985794067383,42.01190185546875,42.01190185546875,42.8018684387207,42.8018684387207,43.416587829589844,44.04542922973633,44.55333709716797,44.55333709716797,44.55333709716797,43.863426208496094,43.863426208496094,45.27692413330078
1774426890.8764107,-75,1,0,0,43.382022857666016,42.05948257446289,41.67733383178711,41.88078308105469,42.20189666748047,42.63801193237305,43.27817153930664,44.04542922973633,44.68780517578125,44.04542922973633,45.45327377319336,44.821868896484375,44.821868896484375,44.204071044921875,43.011627197265625,41.34005355834961,40.31128692626953,39.357337951660156,38.910152435302734,38.62641525268555,37.947330474853516,37.336307525634766,38.05259704589844,6.0,2.0,1.0,1.0,1.4142135381698608,5.656854152679443,29.681644439697266,30.4138126373291,29.96664810180664,31.016124725341797,31.320919036865234,32.015621185302734,32.98484420776367,33.734256744384766,33.541019439697266,34.36568069458008,36.34556198120117,37.336307525634766,37.336307525634766,38.470767974853516,39.458839416503906,39.623226165771484,39.623226165771484,38.63935852050781,37.85498809814453,37.85498809814453,37.85498809814453,39.293766021728516,42.05948257446289
1774426890.886859,-75,1,0,0,41.43669891357422,40.49691390991211,39.924930572509766,40.71854782104492,41.59326934814453,41.59326934814453,40.70626449584961,42.05948257446289,43.416587829589844,44.29446792602539,45.17742919921875,43.8292121887207,43.8292121887207,44.283180236816406,43.46262741088867,40.853397369384766,38.897300720214844,38.60051727294922,39.051246643066406,39.458839416503906,39.11521530151367,38.20994567871094,37.656341552734375,6.324555397033691,1.4142135381698608,1.4142135381698608,1.4142135381698608,1.0,4.4721360206604,27.73084831237793,28.792360305786133,30.364452362060547,30.805843353271484,30.5941162109375,31.256999969482422,32.140316009521484,33.060550689697266,35.05709457397461,36.055511474609375,37.013511657714844,37.0,39.0,39.0128173828125,38.01315689086914,37.0,37.013511657714844,38.01315689086914,38.05259704589844,38.05259704589844,38.11823654174805,39.31920623779297,40.4474983215332
1774426890.9542553,-74,1,0,0,45.39823913574219,44.283180236816406,43.185646057128906,42.10700607299805,41.01219177246094,41.04875183105469,41.19466018676758,42.296573638916016,44.283180236816406,45.27692413330078,45.27692413330078,45.17742919921875,44.04542922973633,44.0113639831543,43.0,42.01190185546875,41.04875183105469,40.112342834472656,39.31920623779297,38.832977294921875,38.327537536621094,37.2155876159668,37.44329071044922,6.4031243324279785,1.4142135381698608,1.4142135381698608,1.4142135381698608,1.4142135381698608,4.0,26.476404190063477,28.861740112304688,30.364452362060547,31.95309066772461,33.241539001464844,32.69556427001953,33.541019439697266,34.48188018798828,34.66987228393555,35.22782897949219,36.619667053222656,37.44329071044922,38.27531814575195,38.587562561035156,38.587562561035156,38.94868469238281,38.07886505126953,38.07886505126953,39.824615478515625,40.24922180175781,39.924930572509766,40.853397369384766,41.43669891357422
1774426890.9658864,-75,1,0,0,40.8166618347168,40.49691390991211,41.617305755615234,43.600460052490234,43.416587829589844,43.27817153930664,41.773197174072266,41.773197174072266,42.44997024536133,44.59820556640625,44.59820556640625,45.343135833740234,45.45327377319336,44.821868896484375,44.204071044921875,42.20189666748047,40.804412841796875,39.66106414794922,39.4461669921875,39.357337951660156,39.924930572509766,38.832977294921875,39.31920623779297,7.0,1.4142135381698608,1.4142135381698608,1.4142135381698608,0.0,3.605551242828369,26.925823211669922,28.635643005371094,31.016124725341797,31.62277603149414,31.320919036865234,32.280025482177734,32.98484420776367,34.71310806274414,36.67424011230469,36.49657440185547,37.2155876159668,37.2155876159668,37.336307525634766,37.48332977294922,37.48332977294922,37.48332977294922,37.48332977294922,38.63935852050781,39.81205749511719,39.051246643066406,39.293766021728516,38.897300720214844,40.49691390991211
1774426891.022933,-75,1,0,0,48.27007293701172,46.69047164916992,45.54119110107422,46.389652252197266,48.25971221923828,49.09175109863281,48.041648864746094,49.01020431518555,49.0,50.0099983215332,50.0,51.009803771972656,50.08992004394531,50.15974426269531,49.36598205566406,47.381431579589844,47.51841735839844,46.69047164916992,47.29693603515625,46.173583984375,44.777225494384766,42.72002029418945,41.62931823730469,8.062257766723633,2.8284270763397217,0.0,1.0,2.0,7.0,34.01470184326172,35.05709457397461,35.11410140991211,35.84689712524414,36.67424011230469,37.121421813964844,38.470767974853516,39.4461669921875,40.49691390991211,41.34005355834961,41.04875183105469,41.617305755615234,43.011627197265625,43.26661682128906,44.10215377807617,44.94440841674805,44.41846466064453,44.777225494384766,46.52956008911133,46.06517028808594,46.957427978515625,47.85394287109375,47.423622131347656
1774426891.098219,-75,1,0,0,41.1096076965332,40.49691390991211,40.49691390991211,41.231056213378906,42.48529052734375,41.67733383178711,40.49691390991211,41.04875183105469,41.88078308105469,43.26661682128906,43.26661682128906,43.5660400390625,43.90899658203125,43.416587829589844,42.48529052734375,41.62931823730469,39.560081481933594,38.897300720214844,38.60051727294922,39.051246643066406,38.470767974853516,37.48332977294922,36.12478256225586,6.0,1.4142135381698608,1.4142135381698608,1.4142135381698608,1.0,4.4721360206604,27.73084831237793,29.154760360717773,30.08321762084961,30.5941162109375,30.265491485595703,31.256999969482422,32.140316009521484,34.058773040771484,35.0142822265625,36.0,37.013511657714844,38.01315689086914,39.0128173828125,38.0,38.0,38.01315689086914,39.0128173828125,41.1096076965332,41.1096076965332,40.199501037597656,39.31920623779297,39.31920623779297,40.31128692626953
1774426891.1087666,-75,1,0,0,11.401754379272461,11.401754379272461,11.401754379272461,12.206555366516113,12.206555366516113,12.806248664855957,12.041594505310059,12.041594505310059,12.041594505310059,12.727922439575195,12.727922439575195,12.806248664855957,12.806248664855957,12.806248664855957,12.806248664855957,12.206555366516113,12.206555366516113,12.529964447021484,11.180339813232422,9.848857879638672,7.6157732009887695,37.57658767700195,37.58989334106445,5.830951690673828,1.4142135381698608,1.4142135381698608,1.4142135381698608,1.4142135381698608,4.123105525970459,27.073972702026367,28.017850875854492,9.433980941772461,8.9442720413208,9.219544410705566,9.219544410705566,9.219544410705566,9.05538558959961,9.05538558959961,10.198039054870605,11.180339813232422,11.401754379272461,10.440306663513184,11.180339813232422,11.180339813232422,12.041594505310059,11.045360565185547,11.180339813232422,11.045360565185547,11.0,10.0,10.049875259399414,11.180339813232422
1774426891.175096,-75,1,0,0,42.01190185546875,40.804412841796875,41.04875183105469,40.49691390991211,41.18252182006836,41.146080017089844,40.71854782104492,40.71854782104492,42.04759216308594,42.48529052734375,43.8292121887207,43.8292121887207,44.29446792602539,44.41846466064453,43.26661682128906,41.617305755615234,40.607879638671875,40.607879638671875,40.45985794067383,39.623226165771484,38.94868469238281,39.20458984375,39.11521530151367,6.7082037925720215,1.0,1.4142135381698608,1.4142135381698608,1.0,4.123105525970459,28.792360305786133,29.068883895874023,29.73213768005371,29.698484420776367,30.4138126373291,31.240999221801758,32.015621185302734,33.0151481628418,32.75667953491211,33.61547088623047,34.98571014404297,36.359317779541016,37.735923767089844,39.11521530151367,38.587562561035156,38.587562561035156,38.27531814575195,38.832977294921875,39.408119201660156,38.60051727294922,37.80211639404297,38.28837966918945,39.623226165771484
1774426891.2446585,-75,1,0,0,44.0113639831543,42.04759216308594,41.1096076965332,40.31128692626953,40.607879638671875,40.79215621948242,41.9761848449707,42.95346450805664,44.14748001098633,44.14748001098633,44.14748001098633,45.12205505371094,43.931766510009766,43.5660400390625,42.42640686035156,41.19466018676758,41.1096076965332,41.04875183105469,40.01249694824219,39.0128173828125,38.20994567871094,38.62641525268555,38.01315689086914,6.7082037925720215,1.4142135381698608,1.4142135381698608,1.4142135381698608,1.4142135381698608,5.099019527435303,32.0,31.064449310302734,30.149627685546875,30.265491485595703,31.575305938720703,32.75667953491211,34.20526123046875,34.48188018798828,35.11410140991211,34.539833068847656,34.539833068847656,35.46829605102539,36.055511474609375,37.947330474853516,39.217342376708984,38.897300720214844,38.60051727294922,38.327537536621094,39.293766021728516,39.051246643066406,39.051246643066406,40.79215621948242,41.773197174072266
1774426891.2446585,-75,1,0,0,42.95346450805664,41.9761848449707,41.231056213378906,42.44997024536133,43.011627197265625,42.72002029418945,42.154476165771484,43.46262741088867,43.863426208496094,44.777225494384766,45.31004333496094,44.94440841674805,45.54119110107422,46.173583984375,44.643028259277344,42.95346450805664,41.773197174072266,40.4474983215332,39.31920623779297,39.11521530151367,38.0,37.0,36.24913787841797,6.324555397033691,2.2360680103302,1.0,0.0,2.2360680103302,5.830951690673828,29.73213768005371,30.805843353271484,32.015621185302734,31.78049659729004,32.557640075683594,32.24903106689453,33.13608169555664,34.01470184326172,35.0142822265625,35.05709457397461,36.055511474609375,37.013511657714844,38.01315689086914,38.01315689086914,38.01315689086914,38.05259704589844,39.051246643066406,40.01249694824219,41.0,41.01219177246094,40.04996871948242,40.112342834472656,40.199501037597656
1774426891.3317275,-75,1,0,0,45.54119110107422,43.96589660644531,42.72002029418945,42.44997024536133,43.17406463623047,42.7551155090332,42.57933807373047,42.42640686035156,42.42640686035156,43.416587829589844,44.40720748901367,45.54119110107422,45.7055778503418,44.9110221862793,43.17406463623047,42.72002029418945,43.011627197265625,42.379241943359375,42.154476165771484,41.146080017089844,39.4461669921875,36.8917350769043,36.400550842285156,7.8102498054504395,2.8284270763397217,0.0,0.0,2.0,6.082762718200684,30.4138126373291,30.08321762084961,31.78049659729004,32.649654388427734,34.0,34.48188018798828,34.98571014404297,36.055511474609375,35.80502700805664,36.400550842285156,37.202152252197266,37.80211639404297,38.41874694824219,39.824615478515625,39.20458984375,39.408119201660156,40.804412841796875,40.224369049072266,41.04875183105469,41.88078308105469,42.19004440307617,42.54409408569336,43.8292121887207
1774426891.4012115,-74,1,0,0,44.41846466064453,42.54409408569336,42.05948257446289,41.146080017089844,41.62931823730469,42.54409408569336,42.54409408569336,42.54409408569336,43.08131790161133,43.32435989379883,44.59820556640625,43.65776062011719,43.08131790161133,43.863426208496094,42.48529052734375,41.67733383178711,40.224369049072266,40.0,40.0,39.051246643066406,38.897300720214844,38.897300720214844,39.408119201660156,7.6157732009887695,3.0,1.0,1.0,1.4142135381698608,5.385164737701416,31.320919036865234,30.675724029541016,29.681644439697266,30.0,31.240999221801758,31.827661514282227,33.241539001464844,34.65544509887695,35.35533905029297,36.06937789916992,36.79673767089844,36.79673767089844,37.53664779663086,38.28837966918945,39.051246643066406,39.69886779785156,38.94868469238281,39.623226165771484,40.31128692626953,40.31128692626953,40.31128692626953,41.03656768798828,41.773197174072266
1774426891.4123902,-75,1,0,0,40.24922180175781,37.121421813964844,37.58989334106445,35.84689712524414,37.2155876159668,38.27531814575195,38.01315689086914,39.051246643066406,38.20994567871094,38.94868469238281,40.45985794067383,41.400482177734375,41.617305755615234,40.49691390991211,38.587562561035156,36.715118408203125,34.48188018798828,34.48188018798828,35.7770881652832,36.769554138183594,36.68787384033203,37.121421813964844,37.013511657714844,7.0,2.0,0.0,0.0,2.2360680103302,5.385164737701416,26.68332862854004,27.658634185791016,28.23118782043457,28.23118782043457,27.85677719116211,29.4108829498291,31.048349380493164,31.400636672973633,31.14482307434082,31.064449310302734,30.0,31.016124725341797,33.0151481628418,35.05709457397461,35.12833786010742,36.22154235839844,35.22782897949219,35.35533905029297,34.525352478027344,34.71310806274414,35.902645111083984,37.10795211791992,36.400550842285156
1774426891.477473,-75,1,0,0,47.12748718261719,45.54119110107422,45.31004333496094,45.694637298583984,47.85394287109375,48.30113983154297,48.30113983154297,47.41307830810547,47.41307830810547,47.88528060913086,49.24428939819336,49.648765563964844,49.648765563964844,48.30113983154297,48.332183837890625,46.2385139465332,45.54119110107422,44.92215347290039,45.607017517089844,44.9110221862793,44.40720748901367,43.046485900878906,43.5660400390625,8.062257766723633,3.0,0.0,1.0,2.2360680103302,6.324555397033691,34.20526123046875,32.75667953491211,34.20526123046875,33.734256744384766,34.36568069458008,36.22154235839844,38.05259704589844,40.01249694824219,41.0,41.01219177246094,41.04875183105469,42.04759216308594,42.01190185546875,41.01219177246094,42.10700607299805,42.10700607299805,43.011627197265625,44.0113639831543,45.0444221496582,45.0444221496582,44.04542922973633,44.10215377807617,45.27692413330078
1774426891.5541863,-75,1,0,0,47.381431579589844,47.423622131347656,45.45327377319336,45.0,45.486263275146484,46.647613525390625,46.647613525390625,46.647613525390625,46.647613525390625,46.647613525390625,48.02082824707031,48.54894256591797,48.54894256591797,48.54894256591797,47.434165954589844,45.607017517089844,44.68780517578125,43.185646057128906,43.13930892944336,43.185646057128906,42.01190185546875,40.71854782104492,38.897300720214844,7.280109882354736,2.2360680103302,1.0,1.0,2.2360680103302,5.656854152679443,31.827661514282227,30.479501724243164,32.557640075683594,32.80244064331055,34.13209533691406,35.35533905029297,37.121421813964844,38.01315689086914,38.910152435302734,38.910152435302734,37.57658767700195,38.910152435302734,39.357337951660156,40.24922180175781,42.04759216308594,42.95346450805664,42.95346450805664,42.48529052734375,42.94182205200195,42.54409408569336,43.046485900878906,44.10215377807617,44.65422821044922
1774426891.5668972,-75,1,0,0,41.43669891357422,41.30375289916992,40.199501037597656,40.04996871948242,40.0,40.01249694824219,40.04996871948242,41.04875183105469,42.04759216308594,42.01190185546875,42.0,42.01190185546875,42.04759216308594,42.04759216308594,41.1096076965332,41.30375289916992,40.607879638671875,39.81205749511719,39.293766021728516,37.0,36.24913787841797,36.06937789916992,36.2353401184082,5.830951690673828,1.4142135381698608,1.4142135381698608,1.4142135381698608,1.4142135381698608,5.099019527435303,30.0,29.068883895874023,29.017236709594727,29.154760360717773,30.265491485595703,30.5941162109375,31.78049659729004,32.280025482177734,33.52610778808594,33.83784866333008,35.11410140991211,36.400550842285156,37.6961555480957,38.07886505126953,37.6961555480957,37.336307525634766,36.400550842285156,36.400550842285156,36.769554138183594,37.336307525634766,39.217342376708984,39.560081481933594,40.52159881591797
1774426891.628726,-75,1,0,0,41.617305755615234,41.04875183105469,40.49691390991211,40.8166618347168,41.59326934814453,42.04759216308594,41.231056213378906,40.853397369384766,42.154476165771484,43.46262741088867,44.777225494384766,44.283180236816406,44.72135925292969,43.416587829589844,42.54409408569336,40.8166618347168,39.96248245239258,40.224369049072266,40.0,39.69886779785156,39.59798049926758,37.64305877685547,37.44329071044922,5.830951690673828,2.0,1.4142135381698608,1.4142135381698608,1.0,5.099019527435303,30.463092803955078,29.529645919799805,29.20616340637207,29.73213768005371,29.698484420776367,31.14482307434082,32.649654388427734,33.42155075073242,33.60059356689453,33.0151481628418,34.66987228393555,36.055511474609375,36.619667053222656,37.44329071044922,37.44329071044922,38.01315689086914,37.44329071044922,38.01315689086914,38.60051727294922,38.41874694824219,37.64305877685547,37.53664779663086,38.20994567871094
1774426891.7060406,-75,1,0,0,41.0,41.01219177246094,40.04996871948242,40.199501037597656,41.43669891357422,41.773197174072266,40.024993896484375,40.024993896484375,40.024993896484375,42.20189666748047,42.95346450805664,42.95346450805664,43.73785400390625,44.55333709716797,44.40720748901367,43.185646057128906,42.04759216308594,40.01249694824219,40.0,39.11521530151367,38.470767974853516,35.693138122558594,34.48188018798828,5.385164737701416,1.4142135381698608,1.0,1.0,1.0,4.0,27.294687271118164,28.07133674621582,29.068883895874023,30.265491485595703,30.5941162109375,30.805843353271484,32.015621185302734,33.241539001464844,34.48188018798828,35.735137939453125,37.336307525634766,37.336307525634766,37.0,36.68787384033203,36.68787384033203,37.64305877685547,38.897300720214844,39.560081481933594,40.26164245605469,40.024993896484375,41.0,40.79215621948242,40.607879638671875
1774426891.7060406,-75,1,0,0,43.104522705078125,42.19004440307617,40.31128692626953,39.458839416503906,39.81205749511719,41.0,41.231056213378906,42.20189666748047,43.17406463623047,43.416587829589844,43.416587829589844,43.17406463623047,41.9761848449707,40.79215621948242,40.4474983215332,40.199501037597656,39.051246643066406,38.01315689086914,38.01315689086914,37.121421813964844,36.67424011230469,39.824615478515625,39.96248245239258,7.211102485656738,1.4142135381698608,1.4142135381698608,1.4142135381698608,1.4142135381698608,5.099019527435303,30.149627685546875,30.0,29.068883895874023,30.01666259765625,31.0,31.016124725341797,32.140316009521484,32.24903106689453,32.557640075683594,33.734256744384766,33.95585250854492,34.928497314453125,35.902645111083984,36.67424011230469,37.656341552734375,37.656341552734375,38.63935852050781,38.63935852050781,38.470767974853516,37.48332977294922,37.48332977294922,38.327537536621094,40.199501037597656
1774426891.7816734,-75,1,0,0,42.72002029418945,40.8166618347168,40.8166618347168,41.18252182006836,42.04759216308594,42.54409408569336,40.853397369384766,41.78516387939453,42.72002029418945,42.72002029418945,43.08131790161133,43.46262741088867,43.382022857666016,42.94182205200195,41.67733383178711,41.34005355834961,40.224369049072266,39.408119201660156,38.60051727294922,38.28837966918945,37.48332977294922,37.202152252197266,37.2155876159668,6.7082037925720215,1.0,1.4142135381698608,1.4142135381698608,1.0,4.123105525970459,28.23118782043457,28.17800521850586,29.681644439697266,29.4108829498291,30.610456466674805,31.890438079833984,33.241539001464844,34.65544509887695,34.71310806274414,35.608985900878906,36.400550842285156,37.202152252197266,37.202152252197266,36.400550842285156,37.013511657714844,38.28837966918945,38.28837966918945,38.94868469238281,39.623226165771484,39.59798049926758,38.94868469238281,39.623226165771484,40.360870361328125
1774426891.8043847,-75,1,0,0,45.17742919921875,44.72135925292969,44.283180236816406,44.777225494384766,46.2385139465332,45.880279541015625,45.221675872802734,45.880279541015625,45.221675872802734,45.54119110107422,45.54119110107422,44.94440841674805,45.31004333496094,45.31004333496094,45.694637298583984,44.283180236816406,42.94182205200195,42.54409408569336,42.19004440307617,41.400482177734375,41.1096076965332,42.54409408569336,41.617305755615234,7.8102498054504395,2.8284270763397217,1.0,0.0,2.0,6.0,32.0,33.13608169555664,31.38471031188965,32.4499626159668,33.0151481628418,33.60059356689453,34.20526123046875,36.12478256225586,38.20994567871094,37.48332977294922,38.18376541137695,38.897300720214844,38.897300720214844,39.59798049926758,39.59798049926758,39.59798049926758,39.59798049926758,41.72529220581055,41.72529220581055,41.773197174072266,41.1096076965332,42.01190185546875,42.8018684387207
1774426891.856885,-75,1,0,0,45.17742919921875,45.27692413330078,43.416587829589844,42.57933807373047,42.95346450805664,43.17406463623047,42.44997024536133,43.96589660644531,45.54119110107422,45.54119110107422,44.59820556640625,44.59820556640625,44.271888732910156,44.643028259277344,43.17406463623047,43.5660400390625,42.296573638916016,42.10700607299805,42.04759216308594,42.01190185546875,40.112342834472656,37.64305877685547,36.400550842285156,6.7082037925720215,2.8284270763397217,1.0,0.0,2.0,6.0,29.154760360717773,29.017236709594727,30.01666259765625,31.016124725341797,32.140316009521484,34.2344856262207,35.35533905029297,36.49657440185547,36.67424011230469,35.902645111083984,36.13862228393555,37.10795211791992,38.327537536621094,38.327537536621094,39.293766021728516,40.26164245605469,40.024993896484375,39.81205749511719,40.607879638671875,40.4474983215332,40.31128692626953,41.1096076965332,42.04759216308594
1774426891.9348547,-75,1,0,0,45.7055778503418,45.39823913574219,45.17742919921875,46.04345703125,47.01063537597656,46.0,44.0,44.04542922973633,45.09988784790039,46.173583984375,48.166378021240234,49.09175109863281,50.03998565673828,50.0099983215332,49.01020431518555,46.173583984375,44.55333709716797,43.73785400390625,43.931766510009766,43.680660247802734,43.32435989379883,43.382022857666016,43.5660400390625,7.8102498054504395,2.2360680103302,1.0,1.0,1.4142135381698608,5.099019527435303,31.14482307434082,32.38827133178711,32.98484420776367,32.893768310546875,33.61547088623047,34.01470184326172,35.34119415283203,37.57658767700195,38.910152435302734,39.824615478515625,40.31128692626953,41.18252182006836,41.18252182006836,39.824615478515625,39.4461669921875,39.4461669921875,41.18252182006836,43.8292121887207,45.617977142333984,45.18849563598633,42.54409408569336,42.154476165771484,43.65776062011719
1774426891.9451084,-75,1,0,0,44.72135925292969,43.416587829589844,41.67733383178711,41.34005355834961,41.617305755615234,42.20189666748047,43.416587829589844,43.416587829589844,44.204071044921875,43.416587829589844,43.416587829589844,43.600460052490234,43.8292121887207,44.10215377807617,43.90899658203125,42.94182205200195,43.382022857666016,41.62931823730469,41.231056213378906,39.217342376708984,38.327537536621094,37.336307525634766,38.01315689086914,7.071067810058594,3.1622776985168457,1.0,1.0,2.2360680103302,6.4031243324279785,30.479501724243164,30.232433319091797,29.96664810180664,31.38471031188965,32.572994232177734,33.52610778808594,34.20526123046875,36.13862228393555,36.878177642822266,37.656341552734375,38.63935852050781,38.832977294921875,38.832977294921875,39.623226165771484,39.458839416503906,39.623226165771484,38.832977294921875,39.051246643066406,39.051246643066406,39.293766021728516,40.26164245605469,40.52159881591797,42.72002029418945
1774426892.0109386,-75,1,0,0,47.16990661621094,45.486263275146484,45.0,44.68780517578125,45.27692413330078,45.96738052368164,45.96738052368164,45.96738052368164,46.69047164916992,46.69047164916992,48.10405349731445,46.66904830932617,46.66904830932617,46.69047164916992,46.75468063354492,46.22769546508789,45.221675872802734,44.10215377807617,44.41846466064453,43.416587829589844,42.95346450805664,41.43669891357422,41.1096076965332,8.0,3.1622776985168457,1.0,1.0,2.0,6.324555397033691,33.541019439697266,34.01470184326172,33.61547088623047,34.0,34.928497314453125,36.400550842285156,37.0,37.947330474853516,38.897300720214844,39.560081481933594,40.26164245605469,40.26164245605469,42.20189666748047,42.20189666748047,42.20189666748047,42.20189666748047,42.44997024536133,42.05948257446289,42.379241943359375,42.379241943359375,43.32435989379883,42.72002029418945,43.08131790161133
1774426892.0863464,-75,1,0,0,42.72002029418945,41.48493576049805,41.0,40.79215621948242,42.57933807373047,42.42640686035156,42.42640686035156,42.42640686035156,43.28972244262695,44.283180236816406,45.27692413330078,44.40720748901367,44.55333709716797,44.72135925292969,43.931766510009766,42.20189666748047,40.804412841796875,39.560081481933594,39.0,38.4837646484375,38.470767974853516,38.18376541137695,36.12478256225586,6.4031243324279785,1.4142135381698608,1.0,1.0,2.0,5.099019527435303,30.08321762084961,29.73213768005371,31.048349380493164,30.675724029541016,31.38471031188965,32.202484130859375,32.649654388427734,33.12099075317383,34.98571014404297,35.510562896728516,36.619667053222656,36.619667053222656,37.44329071044922,38.27531814575195,38.01315689086914,38.832977294921875,38.832977294921875,39.96248245239258,40.8166618347168,40.31128692626953,39.824615478515625,40.24922180175781,39.81205749511719
1774426892.0965924,-75,1,0,0,45.880279541015625,45.54119110107422,45.880279541015625,46.3249397277832,47.07440948486328,46.87216567993164,46.87216567993164,46.69047164916992,46.69047164916992,47.67599105834961,48.66210174560547,47.85394287109375,48.05205535888672,47.29693603515625,46.57252502441406,44.271888732910156,44.0113639831543,42.95346450805664,42.94182205200195,42.19004440307617,41.04875183105469,39.824615478515625,40.360870361328125,7.8102498054504395,2.2360680103302,1.0,1.0,1.0,5.099019527435303,33.060550689697266,32.24903106689453,32.280025482177734,32.893768310546875,34.01470184326172,35.7770881652832,36.715118408203125,38.07886505126953,39.4461669921875,39.11521530151367,39.66106414794922,40.224369049072266,41.04875183105469,41.04875183105469,41.617305755615234,42.20189666748047,42.43819046020508,44.10215377807617,45.79301071166992,45.27692413330078,44.777225494384766,44.29446792602539,44.29446792602539
1774426892.1633053,-75,1,0,0,49.19349670410156,48.332183837890625,47.53945541381836,46.48655700683594,47.12748718261719,47.801673889160156,46.57252502441406,46.57252502441406,47.29693603515625,49.24428939819336,51.195701599121094,51.195701599121094,50.447994232177734,50.695167541503906,50.0,49.04079818725586,46.615447998046875,44.72135925292969,44.29446792602539,42.72002029418945,40.804412841796875,41.231056213378906,40.49691390991211,7.211102485656738,1.4142135381698608,1.0,1.0,2.0,6.324555397033691,34.438350677490234,34.48188018798828,33.105892181396484,33.61547088623047,33.83784866333008,34.4093017578125,35.608985900878906,37.64305877685547,38.28837966918945,39.623226165771484,41.03656768798828,42.44997024536133,42.44997024536133,41.72529220581055,41.72529220581055,41.773197174072266,42.52058410644531,42.52058410644531,43.931766510009766,44.68780517578125,44.821868896484375,45.607017517089844,47.20169448852539
1774426892.236168,-75,1,0,0,37.013511657714844,35.0142822265625,34.058773040771484,34.058773040771484,36.055511474609375,38.05259704589844,37.013511657714844,37.013511657714844,37.2155876159668,36.34556198120117,37.656341552734375,37.85498809814453,38.832977294921875,37.85498809814453,36.878177642822266,35.35533905029297,35.0,34.13209533691406,35.35533905029297,34.928497314453125,35.44009017944336,34.525352478027344,34.20526123046875,6.082762718200684,2.0,0.0,1.0,2.2360680103302,5.099019527435303,25.079872131347656,26.019224166870117,26.172504425048828,27.294687271118164,27.459060668945312,27.892650604248047,29.120439529418945,30.08321762084961,31.048349380493164,30.675724029541016,30.08321762084961,32.202484130859375,33.541019439697266,34.48188018798828,34.48188018798828,34.885528564453125,34.539833068847656,32.572994232177734,33.241539001464844,33.241539001464844,33.95585250854492,34.71310806274414,35.510562896728516
1774426892.246597,-75,1,0,0,46.87216567993164,46.3249397277832,46.647613525390625,46.06517028808594,46.097721099853516,45.694637298583984,44.384681701660156,45.31004333496094,46.2385139465332,47.16990661621094,48.46648406982422,48.84669876098633,48.332183837890625,48.754486083984375,47.41307830810547,45.27692413330078,44.65422821044922,43.600460052490234,43.416587829589844,42.52058410644531,41.72529220581055,41.231056213378906,40.49691390991211,7.6157732009887695,3.0,1.0,1.0,1.4142135381698608,5.385164737701416,30.463092803955078,31.30495262145996,33.2866325378418,33.0151481628418,33.42155075073242,34.71310806274414,35.38361358642578,37.48332977294922,38.897300720214844,38.897300720214844,40.360870361328125,41.1096076965332,41.1096076965332,40.45985794067383,40.45985794067383,41.231056213378906,41.86884307861328,42.44997024536133,43.84062194824219,43.84062194824219,43.84062194824219,45.27692413330078,46.010868072509766
1774426892.3105264,-75,1,0,0,47.70744323730469,47.16990661621094,47.50789260864258,46.52956008911133,47.423622131347656,47.01063537597656,47.53945541381836,47.53945541381836,48.10405349731445,48.703182220458984,49.97999572753906,50.695167541503906,49.76947021484375,50.15974426269531,48.754486083984375,47.01063537597656,46.3249397277832,46.04345703125,45.221675872802734,44.204071044921875,42.52058410644531,42.72002029418945,42.48529052734375,7.6157732009887695,2.2360680103302,1.0,1.0,2.0,6.324555397033691,34.48188018798828,33.2866325378418,33.60059356689453,34.058773040771484,34.65544509887695,36.12478256225586,36.878177642822266,38.28837966918945,39.051246643066406,39.824615478515625,40.0,41.617305755615234,42.20189666748047,41.400482177734375,42.20189666748047,43.600460052490234,43.416587829589844,43.27817153930664,43.185646057128906,43.863426208496094,43.863426208496094,44.55333709716797,45.25483322143555
1774426892.3772807,-75,1,0,0,48.30113983154297,46.51881408691406,45.694637298583984,45.880279541015625,46.48655700683594,46.173583984375,44.92215347290039,45.880279541015625,47.801673889160156,48.764739990234375,50.0,49.33558654785156,49.648765563964844,49.648765563964844,49.04079818725586,47.53945541381836,45.617977142333984,44.29446792602539,44.41846466064453,43.8292121887207,42.01190185546875,40.360870361328125,40.0,6.4031243324279785,1.4142135381698608,1.0,1.0,2.0,5.385164737701416,32.202484130859375,33.12099075317383,34.0,34.13209533691406,34.4093017578125,35.608985900878906,36.878177642822266,38.20994567871094,40.31128692626953,40.31128692626953,41.03656768798828,42.44997024536133,43.13930892944336,43.13930892944336,43.13930892944336,42.42640686035156,41.72529220581055,41.773197174072266,43.185646057128906,43.185646057128906,43.863426208496094,43.931766510009766,45.45327377319336
1774426892.398253,-75,1,0,0,46.097721099853516,45.343135833740234,44.59820556640625,45.27692413330078,46.66904830932617,46.75468063354492,46.86149978637695,47.01063537597656,47.801673889160156,47.801673889160156,48.41487503051758,48.27007293701172,48.91830062866211,49.57822036743164,48.10405349731445,46.66904830932617,44.55333709716797,43.931766510009766,43.416587829589844,43.26661682128906,43.046485900878906,41.48493576049805,39.81205749511719,7.280109882354736,2.2360680103302,0.0,0.0,2.8284270763397217,6.4031243324279785,33.83784866333008,33.61547088623047,33.83784866333008,34.98571014404297,35.35533905029297,36.67424011230469,36.769554138183594,37.6961555480957,38.62641525268555,39.217342376708984,39.84971618652344,40.16217041015625,41.43669891357422,41.43669891357422,42.379241943359375,42.379241943359375,43.32435989379883,44.271888732910156,44.59820556640625,43.08131790161133,43.382022857666016,43.416587829589844,44.41846466064453
1774426892.4524298,-75,1,0,0,44.777225494384766,43.46262741088867,43.08131790161133,42.72002029418945,42.72002029418945,43.011627197265625,42.44997024536133,43.17406463623047,44.14748001098633,44.384681701660156,45.35416030883789,45.35416030883789,44.643028259277344,44.271888732910156,43.65776062011719,42.54409408569336,42.04759216308594,42.48529052734375,41.18252182006836,40.49691390991211,40.0,39.20458984375,39.69886779785156,7.8102498054504395,2.8284270763397217,0.0,0.0,2.2360680103302,6.324555397033691,29.832868576049805,30.675724029541016,31.064449310302734,31.62277603149414,32.80244064331055,33.42155075073242,34.058773040771484,35.38361358642578,36.769554138183594,38.20994567871094,38.94868469238281,39.69886779785156,41.1096076965332,41.1096076965332,40.360870361328125,40.31128692626953,40.31128692626953,41.01219177246094,41.03656768798828,42.52058410644531,42.63801193237305,42.63801193237305,43.416587829589844
1774426892.518412,-75,1,0,0,46.40043258666992,44.04542922973633,42.63801193237305,40.45985794067383,39.824615478515625,40.607879638671875,40.607879638671875,42.01190185546875,41.86884307861328,42.52058410644531,43.13930892944336,44.55333709716797,44.55333709716797,45.96738052368164,43.13930892944336,41.86884307861328,38.60051727294922,37.735923767089844,38.01315689086914,37.6961555480957,36.68787384033203,38.05259704589844,38.01315689086914,6.0,1.0,1.0,1.0,2.0,5.0,27.658634185791016,28.600698471069336,30.232433319091797,30.528675079345703,32.24903106689453,32.649654388427734,34.01470184326172,35.84689712524414,36.769554138183594,34.539833068847656,34.78505325317383,35.1710090637207,37.85498809814453,38.63935852050781,38.63935852050781,39.051246643066406,37.36308288574219,37.0,38.27531814575195,38.62641525268555,40.71854782104492,41.59326934814453,40.31128692626953
1774426892.5509012,-75,1,0,0,44.04542922973633,42.01190185546875,41.0,40.01249694824219,41.1096076965332,41.30375289916992,42.42640686035156,43.5660400390625,43.5660400390625,43.416587829589844,43.28972244262695,43.28972244262695,43.185646057128906,43.104522705078125,43.011627197265625,42.01190185546875,42.04759216308594,41.1096076965332,40.199501037597656,39.623226165771484,39.051246643066406,39.4461669921875,38.27531814575195,7.211102485656738,2.8284270763397217,0.0,0.0,2.0,6.082762718200684,32.140316009521484,32.557640075683594,31.14482307434082,32.38827133178711,32.75667953491211,32.98484420776367,33.241539001464844,34.48188018798828,34.78505325317383,36.055511474609375,36.055511474609375,37.0,37.0,37.0,37.947330474853516,37.947330474853516,39.217342376708984,39.217342376708984,39.560081481933594,39.560081481933594,40.52159881591797,41.231056213378906,41.0
1774426892.6047544,-75,1,0,0,44.204071044921875,43.600460052490234,43.011627197265625,43.26661682128906,43.90899658203125,43.8292121887207,43.382022857666016,42.95346450805664,44.283180236816406,45.617977142333984,46.06517028808594,46.52956008911133,46.14108657836914,45.79301071166992,44.10215377807617,43.8292121887207,43.011627197265625,42.20189666748047,40.607879638671875,40.360870361328125,39.623226165771484,39.11521530151367,39.824615478515625,8.062257766723633,3.1622776985168457,0.0,0.0,2.2360680103302,6.4031243324279785,31.62277603149414,31.240999221801758,31.890438079833984,32.526912689208984,33.241539001464844,33.970577239990234,34.058773040771484,35.0,35.22782897949219,36.359317779541016,37.735923767089844,38.27531814575195,38.27531814575195,39.66106414794922,39.66106414794922,40.49691390991211,40.49691390991211,40.49691390991211,41.617305755615234,41.400482177734375,41.231056213378906,41.773197174072266,41.72529220581055
1774426892.6730669,-75,1,0,0,31.906112670898438,30.01666259765625,29.529645919799805,30.01666259765625,32.24903106689453,33.12099075317383,33.12099075317383,32.75667953491211,31.38471031188965,32.24903106689453,32.649654388427734,32.649654388427734,31.30495262145996,30.886890411376953,29.681644439697266,28.600698471069336,28.284271240234375,29.832868576049805,30.610456466674805,29.4108829498291,28.301942825317383,33.2866325378418,32.202484130859375,5.656854152679443,2.2360680103302,1.0,1.0,1.0,5.0,28.017850875854492,27.018512725830078,25.05992889404297,24.698177337646484,25.238859176635742,26.07680892944336,26.62705421447754,27.20294189453125,25.806976318359375,25.612497329711914,26.90724754333496,30.4138126373291,31.240999221801758,31.240999221801758,31.890438079833984,31.827661514282227,30.4138126373291,31.14482307434082,30.479501724243164,30.479501724243164,29.068883895874023,30.479501724243164,31.240999221801758
1774426892.739264,-75,1,0,0,44.384681701660156,42.54409408569336,42.04759216308594,41.59326934814453,42.05948257446289,42.05948257446289,41.67733383178711,42.72002029418945,44.10215377807617,44.65422821044922,45.486263275146484,44.94440841674805,44.41846466064453,44.29446792602539,44.283180236816406,43.46262741088867,43.65776062011719,43.011627197265625,41.48493576049805,41.0,39.458839416503906,40.199501037597656,40.01249694824219,8.0,3.1622776985168457,1.0,1.0,2.0,5.385164737701416,29.96664810180664,30.463092803955078,30.675724029541016,31.048349380493164,32.98484420776367,34.71310806274414,35.510562896728516,35.35533905029297,35.12833786010742,36.12478256225586,37.05401611328125,39.051246643066406,40.04996871948242,40.04996871948242,40.01249694824219,40.04996871948242,41.1096076965332,41.1096076965332,41.30375289916992,40.4474983215332,39.81205749511719,40.79215621948242,42.95346450805664
1774426892.739264,-75,1,0,0,45.35416030883789,45.607017517089844,44.92215347290039,45.221675872802734,45.880279541015625,45.31004333496094,43.46262741088867,42.95346450805664,44.283180236816406,45.18849563598633,47.01063537597656,46.2385139465332,47.75981521606445,47.75981521606445,46.48655700683594,44.92215347290039,42.20189666748047,40.79215621948242,40.607879638671875,41.19466018676758,41.04875183105469,41.773197174072266,40.26164245605469,6.7082037925720215,1.4142135381698608,1.4142135381698608,1.4142135381698608,1.0,4.123105525970459,29.120439529418945,29.42787742614746,30.5941162109375,32.24903106689453,33.060550689697266,33.0151481628418,34.0,35.05709457397461,37.121421813964844,38.20994567871094,38.327537536621094,39.31920623779297,40.31128692626953,40.199501037597656,40.31128692626953,40.199501037597656,40.31128692626953,41.19466018676758,42.10700607299805,42.04759216308594,42.0,42.01190185546875,43.046485900878906
1774426892.8161824,-75,1,0,0,39.0,38.62641525268555,37.336307525634766,37.64305877685547,37.10795211791992,36.878177642822266,36.878177642822266,36.878177642822266,36.878177642822266,37.656341552734375,39.623226165771484,39.623226165771484,38.63935852050781,37.85498809814453,37.36308288574219,37.0,36.400550842285156,34.928497314453125,35.34119415283203,34.48188018798828,34.13209533691406,34.20526123046875,33.241539001464844,6.4031243324279785,2.0,1.0,1.0,1.4142135381698608,5.385164737701416,28.792360305786133,28.23118782043457,26.419689178466797,26.925823211669922,27.20294189453125,28.600698471069336,29.20616340637207,29.832868576049805,31.240999221801758,31.827661514282227,32.526912689208984,33.241539001464844,33.941123962402344,33.941123962402344,33.941123962402344,34.65544509887695,35.38361358642578,35.46829605102539,35.0,35.0,35.0,35.0,36.619667053222656
1774426892.8183439,-75,1,0,0,46.097721099853516,45.0444221496582,45.0,45.0444221496582,46.097721099853516,46.27094268798828,44.40720748901367,44.40720748901367,45.54119110107422,46.69047164916992,47.67599105834961,48.50773239135742,48.3735466003418,48.3735466003418,47.26520919799805,46.04345703125,44.0,43.046485900878906,43.185646057128906,43.416587829589844,43.17406463623047,40.49691390991211,38.910152435302734,7.211102485656738,2.2360680103302,1.0,1.0,1.0,5.0,31.016124725341797,32.015621185302734,33.241539001464844,33.541019439697266,33.95585250854492,35.1710090637207,35.44009017944336,37.64305877685547,39.217342376708984,39.924930572509766,40.31128692626953,41.62931823730469,42.154476165771484,42.154476165771484,42.154476165771484,41.78516387939453,41.78516387939453,42.154476165771484,44.0113639831543,43.65776062011719,44.271888732910156,44.643028259277344,45.35416030883789
1774426892.8854911,-75,1,0,0,41.231056213378906,40.52159881591797,41.1096076965332,39.560081481933594,39.39543151855469,40.24922180175781,39.824615478515625,41.18252182006836,42.05948257446289,42.94182205200195,42.94182205200195,43.382022857666016,43.382022857666016,42.95346450805664,41.62931823730469,40.853397369384766,39.560081481933594,39.84971618652344,38.60051727294922,39.051246643066406,38.470767974853516,39.458839416503906,39.293766021728516,7.280109882354736,2.2360680103302,1.0,0.0,2.0,5.0,28.0,29.017236709594727,29.27456283569336,30.066593170166016,31.016124725341797,32.015621185302734,32.0,32.0,33.0151481628418,34.13209533691406,35.12833786010742,36.22154235839844,35.22782897949219,35.22782897949219,37.2155876159668,38.20994567871094,39.20458984375,39.11521530151367,40.04996871948242,39.0128173828125,39.0,39.0,41.04875183105469
1774426892.9592144,-75,1,0,0,41.773197174072266,41.59326934814453,41.30375289916992,41.19466018676758,43.046485900878906,43.0,42.01190185546875,41.01219177246094,42.01190185546875,43.011627197265625,44.0113639831543,44.0113639831543,45.0111083984375,45.0,43.011627197265625,41.19466018676758,38.470767974853516,38.63935852050781,38.832977294921875,39.293766021728516,38.897300720214844,38.27531814575195,37.80211639404297,7.071067810058594,2.2360680103302,1.0,1.0,1.4142135381698608,5.099019527435303,30.5941162109375,31.320919036865234,31.320919036865234,31.016124725341797,30.870698928833008,30.4138126373291,32.24903106689453,35.35533905029297,36.359317779541016,36.8917350769043,36.619667053222656,37.44329071044922,37.44329071044922,36.8917350769043,36.8917350769043,38.27531814575195,39.11521530151367,41.34005355834961,41.67733383178711,42.05948257446289,41.59326934814453,41.146080017089844,41.62931823730469
1774426892.971777,-75,1,0,0,50.32891845703125,48.41487503051758,47.01063537597656,46.40043258666992,46.615447998046875,46.87216567993164,46.647613525390625,47.50789260864258,48.3735466003418,48.87739944458008,50.2493782043457,50.774009704589844,50.477718353271484,49.648765563964844,49.40647888183594,47.801673889160156,45.45327377319336,44.59820556640625,44.55333709716797,43.185646057128906,42.8018684387207,40.24922180175781,40.853397369384766,7.6157732009887695,3.1622776985168457,0.0,0.0,2.2360680103302,6.4031243324279785,32.015621185302734,33.30165100097656,35.35533905029297,36.12478256225586,36.400550842285156,36.619667053222656,38.27531814575195,39.11521530151367,40.31128692626953,40.70626449584961,42.04759216308594,42.04759216308594,42.95346450805664,43.382022857666016,42.48529052734375,41.59326934814453,42.05948257446289,43.416587829589844,44.777225494384766,44.41846466064453,44.65422821044922,46.40043258666992,47.6340217590332
1774426893.0303211,-75,1,0,0,42.04759216308594,40.70626449584961,41.18252182006836,41.67733383178711,41.88078308105469,43.011627197265625,42.8018684387207,43.416587829589844,43.416587829589844,43.416587829589844,43.600460052490234,43.600460052490234,43.011627197265625,43.26661682128906,43.5660400390625,42.54409408569336,42.05948257446289,42.04759216308594,41.62931823730469,40.853397369384766,38.897300720214844,39.293766021728516,38.470767974853516,7.0,3.1622776985168457,1.0,1.0,2.2360680103302,5.385164737701416,31.764760971069336,31.78049659729004,31.62277603149414,32.015621185302734,33.734256744384766,34.36568069458008,35.35533905029297,35.35533905029297,35.22782897949219,36.12478256225586,36.055511474609375,37.05401611328125,38.11823654174805,38.05259704589844,38.05259704589844,39.051246643066406,39.11521530151367,39.20458984375,39.458839416503906,39.623226165771484,40.607879638671875,40.607879638671875,41.0
1774426893.1027086,-75,1,0,0,43.26661682128906,43.26661682128906,42.72002029418945,42.19004440307617,42.05948257446289,42.04759216308594,40.31128692626953,41.62931823730469,42.95346450805664,43.863426208496094,45.18849563598633,45.17742919921875,43.90899658203125,42.72002029418945,41.88078308105469,41.617305755615234,40.804412841796875,40.607879638671875,40.45985794067383,39.59798049926758,38.28837966918945,36.400550842285156,35.84689712524414,5.385164737701416,1.0,1.4142135381698608,1.4142135381698608,1.4142135381698608,5.0,30.5941162109375,29.4108829498291,29.529645919799805,30.528675079345703,31.064449310302734,31.62277603149414,32.202484130859375,34.058773040771484,34.65544509887695,35.35533905029297,36.06937789916992,36.79673767089844,38.20994567871094,38.20994567871094,37.53664779663086,37.48332977294922,37.48332977294922,37.48332977294922,38.897300720214844,39.59798049926758,40.31128692626953,41.773197174072266,41.1096076965332
1774426893.1132972,-75,1,0,0,43.96589660644531,42.72002029418945,41.48493576049805,41.9761848449707,42.57933807373047,42.42640686035156,42.296573638916016,41.30375289916992,42.19004440307617,42.10700607299805,43.104522705078125,44.18144226074219,44.283180236816406,44.40720748901367,43.73785400390625,42.20189666748047,40.804412841796875,39.217342376708984,39.0,38.910152435302734,38.94868469238281,37.44329071044922,37.80211639404297,7.071067810058594,2.2360680103302,1.0,1.0,1.0,5.099019527435303,28.160255432128906,28.635643005371094,30.08321762084961,30.08321762084961,30.870698928833008,31.30495262145996,32.649654388427734,34.0,35.35533905029297,35.510562896728516,36.055511474609375,37.44329071044922,38.27531814575195,38.832977294921875,38.60051727294922,39.408119201660156,38.832977294921875,38.27531814575195,39.4461669921875,40.31128692626953,40.31128692626953,40.70626449584961,40.70626449584961
1774426893.1837187,-75,1,0,0,37.05401611328125,36.22154235839844,35.35533905029297,35.510562896728516,35.693138122558594,35.902645111083984,34.928497314453125,36.13862228393555,37.36308288574219,38.327537536621094,38.327537536621094,38.327537536621094,38.327537536621094,39.051246643066406,37.85498809814453,36.67424011230469,35.35533905029297,33.13608169555664,33.060550689697266,34.0,34.058773040771484,34.20526123046875,33.241539001464844,5.830951690673828,2.2360680103302,1.0,1.0,1.0,4.0,25.01999282836914,26.019224166870117,26.172504425048828,26.305892944335938,26.68332862854004,27.892650604248047,28.160255432128906,29.4108829498291,30.675724029541016,31.016124725341797,31.38471031188965,32.31098937988281,33.241539001464844,33.241539001464844,33.241539001464844,34.1760139465332,34.78505325317383,34.78505325317383,35.735137939453125,35.1710090637207,33.95585250854492,33.734256744384766,34.525352478027344
1774426893.2498608,-75,1,0,0,42.72002029418945,41.761226654052734,43.011627197265625,44.271888732910156,44.59820556640625,44.0113639831543,42.154476165771484,41.62931823730469,43.382022857666016,45.18849563598633,46.097721099853516,45.694637298583984,44.777225494384766,45.31004333496094,44.271888732910156,43.680660247802734,42.20189666748047,41.0,39.81205749511719,39.31920623779297,39.051246643066406,37.121421813964844,36.49657440185547,7.071067810058594,2.0,1.0,0.0,2.2360680103302,5.830951690673828,29.154760360717773,30.675724029541016,31.62277603149414,32.015621185302734,31.78049659729004,32.557640075683594,33.541019439697266,35.35533905029297,37.2155876159668,39.11521530151367,40.01249694824219,41.0,41.01219177246094,40.0,39.0128173828125,39.0128173828125,40.0,41.01219177246094,42.04759216308594,42.10700607299805,40.199501037597656,39.20458984375,40.199501037597656
1774426893.2498608,-75,1,0,0,36.013885498046875,37.013511657714844,37.013511657714844,37.0,36.12478256225586,36.49657440185547,35.902645111083984,36.878177642822266,37.85498809814453,37.85498809814453,37.48332977294922,37.2155876159668,38.11823654174805,38.01315689086914,38.05259704589844,37.05401611328125,37.05401611328125,35.05709457397461,34.2344856262207,33.734256744384766,33.241539001464844,32.015621185302734,31.016124725341797,5.385164737701416,1.0,1.4142135381698608,1.0,2.0,5.0,26.4007568359375,26.925823211669922,25.01999282836914,26.0,27.0,28.017850875854492,27.294687271118164,28.861740112304688,30.364452362060547,31.62277603149414,32.572994232177734,32.280025482177734,32.015621185302734,31.78049659729004,31.575305938720703,32.75667953491211,33.734256744384766,33.734256744384766,33.95585250854492,32.98484420776367,33.95585250854492,34.928497314453125,35.693138122558594
1774426893.318808,-75,1,0,0,46.097721099853516,45.0444221496582,45.0,46.010868072509766,46.173583984375,46.27094268798828,44.283180236816406,43.28972244262695,44.40720748901367,44.55333709716797,46.389652252197266,48.25971221923828,49.162994384765625,48.093658447265625,47.095645904541016,46.010868072509766,44.04542922973633,43.185646057128906,43.28972244262695,42.7551155090332,42.44997024536133,41.59326934814453,41.88078308105469,7.8102498054504395,2.2360680103302,1.0,1.0,1.0,4.123105525970459,28.017850875854492,29.068883895874023,31.016124725341797,32.140316009521484,34.2344856262207,35.510562896728516,35.693138122558594,36.878177642822266,38.327537536621094,38.897300720214844,39.560081481933594,39.560081481933594,40.49691390991211,40.49691390991211,39.217342376708984,40.16217041015625,41.1096076965332,40.804412841796875,41.761226654052734,42.72002029418945,42.72002029418945,42.20189666748047,44.14748001098633
1774426893.329152,-75,1,0,0,41.400482177734375,40.804412841796875,39.66106414794922,39.4461669921875,39.824615478515625,40.24922180175781,40.24922180175781,40.24922180175781,41.146080017089844,41.146080017089844,42.48529052734375,41.59326934814453,41.59326934814453,42.05948257446289,40.8166618347168,40.224369049072266,39.824615478515625,39.69886779785156,38.94868469238281,38.897300720214844,37.64305877685547,37.53664779663086,36.400550842285156,6.7082037925720215,2.0,1.0,1.0,1.4142135381698608,5.385164737701416,30.675724029541016,30.08321762084961,30.0,30.479501724243164,31.11269760131836,31.14482307434082,32.557640075683594,33.30165100097656,34.058773040771484,34.828147888183594,36.400550842285156,36.619667053222656,37.44329071044922,37.44329071044922,37.44329071044922,38.01315689086914,37.80211639404297,38.41874694824219,39.051246643066406,38.94868469238281,38.94868469238281,40.31128692626953,41.01219177246094
1774426893.3939242,-75,1,0,0,46.57252502441406,45.12205505371094,44.9110221862793,43.5660400390625,43.28972244262695,44.18144226074219,44.10215377807617,45.17742919921875,46.173583984375,47.16990661621094,48.25971221923828,47.26520919799805,47.381431579589844,47.51841735839844,46.52956008911133,44.72135925292969,44.14748001098633,43.680660247802734,43.011627197265625,42.154476165771484,42.05948257446289,41.400482177734375,42.52058410644531,7.071067810058594,1.4142135381698608,1.4142135381698608,1.4142135381698608,1.0,5.099019527435303,32.98484420776367,32.280025482177734,32.572994232177734,32.893768310546875,33.61547088623047,34.438350677490234,35.7770881652832,36.2353401184082,37.2155876159668,36.359317779541016,37.735923767089844,39.11521530151367,41.04875183105469,40.49691390991211,40.8166618347168,41.18252182006836,41.18252182006836,41.18252182006836,41.18252182006836,42.48529052734375,43.382022857666016,44.283180236816406,45.18849563598633
1774426893.4752436,-75,1,0,0,41.43669891357422,40.31128692626953,39.81205749511719,40.70626449584961,43.416587829589844,43.90899658203125,42.54409408569336,42.19004440307617,42.72002029418945,43.26661682128906,44.10215377807617,43.5660400390625,44.41846466064453,45.27692413330078,44.29446792602539,43.382022857666016,41.62931823730469,40.31128692626953,39.924930572509766,38.897300720214844,38.07886505126953,37.013511657714844,36.34556198120117,7.071067810058594,2.0,1.0,1.0,2.2360680103302,6.324555397033691,30.08321762084961,31.400636672973633,31.575305938720703,31.256999969482422,31.14482307434082,31.016124725341797,33.0,35.0,35.0142822265625,36.055511474609375,36.055511474609375,36.013885498046875,38.01315689086914,39.0,40.01249694824219,40.0,39.0,39.0,40.0,39.0128173828125,38.20994567871094,39.458839416503906,39.623226165771484
1774426893.4752436,-75,1,0,0,46.3249397277832,44.65422821044922,45.221675872802734,46.40043258666992,47.01063537597656,46.097721099853516,43.863426208496094,43.84062194824219,45.25483322143555,46.66904830932617,48.08325958251953,48.10405349731445,48.166378021240234,46.86149978637695,46.22769546508789,45.0,43.26661682128906,42.19004440307617,43.416587829589844,42.95346450805664,42.72002029418945,42.54409408569336,41.78516387939453,7.280109882354736,2.0,1.4142135381698608,1.4142135381698608,1.0,5.0,31.400636672973633,31.827661514282227,32.649654388427734,32.202484130859375,32.69556427001953,33.61547088623047,34.1760139465332,35.44009017944336,37.10795211791992,38.07886505126953,38.832977294921875,39.81205749511719,41.0,41.0,41.0,41.231056213378906,42.44997024536133,44.384681701660156,44.643028259277344,44.92215347290039,43.32435989379883,41.43669891357422,42.72002029418945
1774426893.5358899,-75,1,0,0,42.43819046020508,41.400482177734375,41.86884307861328,41.773197174072266,41.72529220581055,42.42640686035156,41.03656768798828,41.03656768798828,41.03656768798828,42.52058410644531,43.931766510009766,44.59820556640625,43.863426208496094,44.55333709716797,43.13930892944336,42.44997024536133,40.45985794067383,39.824615478515625,39.408119201660156,38.587562561035156,38.01315689086914,37.64305877685547,36.878177642822266,6.082762718200684,1.0,1.4142135381698608,1.4142135381698608,1.0,5.0,30.805843353271484,31.064449310302734,30.4138126373291,30.463092803955078,31.38471031188965,31.016124725341797,32.572994232177734,33.241539001464844,35.1710090637207,35.1710090637207,36.878177642822266,37.656341552734375,38.470767974853516,38.63935852050781,37.656341552734375,36.878177642822266,37.10795211791992,38.327537536621094,38.327537536621094,38.60051727294922,37.947330474853516,38.07886505126953,39.39543151855469
1774426893.6122155,-75,1,0,0,46.06517028808594,44.283180236816406,43.46262741088867,43.65776062011719,44.59820556640625,45.221675872802734,45.221675872802734,45.221675872802734,45.880279541015625,46.57252502441406,46.57252502441406,46.840152740478516,47.12748718261719,47.434165954589844,46.81879806518555,44.777225494384766,43.8292121887207,42.54409408569336,42.19004440307617,41.04875183105469,39.824615478515625,41.18252182006836,40.31128692626953,7.280109882354736,3.0,1.0,1.0,1.4142135381698608,5.0,31.38471031188965,31.064449310302734,30.870698928833008,31.764760971069336,32.75667953491211,33.2866325378418,34.4093017578125,35.0,36.2353401184082,36.878177642822266,37.53664779663086,38.94868469238281,39.69886779785156,38.94868469238281,40.31128692626953,41.01219177246094,41.01219177246094,41.03656768798828,41.773197174072266,40.45985794067383,40.607879638671875,40.804412841796875,42.43819046020508
1774426893.6225421,-75,1,0,0,38.01315689086914,36.055511474609375,36.12478256225586,36.22154235839844,36.67424011230469,37.85498809814453,37.10795211791992,37.36308288574219,37.36308288574219,38.60051727294922,39.293766021728516,39.051246643066406,38.832977294921875,37.656341552734375,37.48332977294922,36.22154235839844,35.05709457397461,35.0142822265625,35.0,34.058773040771484,34.2344856262207,32.280025482177734,31.78049659729004,5.0,2.2360680103302,1.0,1.4142135381698608,1.0,4.0,26.019224166870117,26.0,26.0,26.019224166870117,27.166154861450195,27.294687271118164,28.635643005371094,29.832868576049805,30.805843353271484,32.015621185302734,32.280025482177734,33.52610778808594,34.48188018798828,33.52610778808594,33.52610778808594,33.52610778808594,34.48188018798828,35.44009017944336,36.13862228393555,35.902645111083984,35.693138122558594,35.510562896728516,35.35533905029297
1774426893.6901925,-75,1,0,0,43.5660400390625,43.5660400390625,42.95346450805664,42.20189666748047,41.761226654052734,42.379241943359375,41.78516387939453,42.72002029418945,43.65776062011719,43.65776062011719,43.65776062011719,44.59820556640625,45.221675872802734,44.643028259277344,44.384681701660156,42.95346450805664,41.59326934814453,40.4474983215332,40.199501037597656,39.0128173828125,38.05259704589844,38.897300720214844,39.39543151855469,6.7082037925720215,1.4142135381698608,1.4142135381698608,1.0,1.4142135381698608,5.385164737701416,30.805843353271484,30.4138126373291,29.42787742614746,30.149627685546875,31.016124725341797,32.0,33.0151481628418,33.060550689697266,34.13209533691406,34.36568069458008,35.510562896728516,36.67424011230469,37.48332977294922,38.470767974853516,38.470767974853516,38.470767974853516,38.470767974853516,38.327537536621094,39.20458984375,39.051246643066406,40.04996871948242,41.04875183105469,42.01190185546875
1774426893.6901925,-75,1,0,0,46.52956008911133,44.40720748901367,43.185646057128906,43.046485900878906,43.0,45.0111083984375,46.097721099853516,46.173583984375,46.173583984375,46.173583984375,46.097721099853516,46.010868072509766,47.0,48.010414123535156,47.04253387451172,45.0444221496582,44.10215377807617,43.185646057128906,42.296573638916016,41.773197174072266,40.804412841796875,40.70626449584961,39.66106414794922,6.4031243324279785,1.4142135381698608,1.4142135381698608,1.4142135381698608,1.0,5.099019527435303,32.98484420776367,32.572994232177734,32.893768310546875,33.61547088623047,34.01470184326172,35.34119415283203,35.7770881652832,36.2353401184082,37.2155876159668,37.44329071044922,38.832977294921875,39.66106414794922,40.49691390991211,41.34005355834961,41.34005355834961,41.67733383178711,40.8166618347168,39.96248245239258,40.8166618347168,41.18252182006836,41.59326934814453,42.54409408569336,43.08131790161133
1774426893.759199,-75,1,0,0,47.381431579589844,46.66904830932617,46.66904830932617,45.96738052368164,46.69047164916992,46.86149978637695,46.615447998046875,46.87216567993164,47.434165954589844,48.60041046142578,48.41487503051758,48.41487503051758,49.04079818725586,50.32891845703125,49.51767349243164,48.08325958251953,45.27692413330078,44.59820556640625,43.931766510009766,43.600460052490234,42.72002029418945,42.43819046020508,41.67733383178711,8.062257766723633,3.1622776985168457,0.0,0.0,2.2360680103302,5.830951690673828,31.38471031188965,32.015621185302734,33.83784866333008,34.98571014404297,35.84689712524414,36.715118408203125,38.470767974853516,39.81205749511719,40.31128692626953,39.0,39.560081481933594,40.49691390991211,41.43669891357422,41.78516387939453,42.154476165771484,42.54409408569336,42.54409408569336,43.863426208496094,43.863426208496094,43.382022857666016,42.48529052734375,43.416587829589844,44.41846466064453
1774426893.8246028,-75,1,0,0,47.434165954589844,46.3249397277832,45.79301071166992,45.27692413330078,45.650848388671875,45.617977142333984,46.097721099853516,45.694637298583984,46.51881408691406,46.51881408691406,47.423622131347656,46.51881408691406,46.957427978515625,47.41307830810547,46.14108657836914,45.79301071166992,44.10215377807617,43.26661682128906,42.20189666748047,41.773197174072266,41.773197174072266,42.94182205200195,42.154476165771484,7.280109882354736,2.0,1.4142135381698608,1.4142135381698608,1.0,5.385164737701416,32.24903106689453,31.62277603149414,31.62277603149414,32.80244064331055,34.058773040771484,34.71310806274414,35.35533905029297,36.12478256225586,37.013511657714844,38.01315689086914,38.832977294921875,38.832977294921875,39.408119201660156,40.0,40.607879638671875,41.231056213378906,41.86884307861328,42.63801193237305,42.63801193237305,43.931766510009766,44.59820556640625,44.55333709716797,44.55333709716797
1774426893.8349695,-75,1,0,0,42.04759216308594,40.71854782104492,40.853397369384766,40.16217041015625,41.761226654052734,42.44997024536133,41.231056213378906,41.231056213378906,41.0,41.9761848449707,43.17406463623047,44.384681701660156,44.643028259277344,44.92215347290039,43.011627197265625,42.379241943359375,39.924930572509766,39.39543151855469,38.910152435302734,38.07886505126953,38.27531814575195,39.623226165771484,39.824615478515625,7.211102485656738,3.1622776985168457,1.0,1.0,1.4142135381698608,4.4721360206604,26.832815170288086,28.301942825317383,29.154760360717773,30.232433319091797,31.400636672973633,31.240999221801758,31.890438079833984,32.557640075683594,34.65544509887695,36.06937789916992,36.79673767089844,37.53664779663086,38.20994567871094,38.20994567871094,37.48332977294922,36.769554138183594,38.18376541137695,39.59798049926758,38.897300720214844,39.69886779785156,40.45985794067383,41.231056213378906,42.01190185546875
1774426893.903095,-75,1,0,0,43.0,42.01190185546875,42.04759216308594,42.19004440307617,42.57933807373047,42.7551155090332,41.773197174072266,41.9761848449707,42.95346450805664,45.12205505371094,45.12205505371094,44.9110221862793,44.72135925292969,44.40720748901367,43.185646057128906,42.04759216308594,41.0,40.01249694824219,39.11521530151367,39.31920623779297,38.832977294921875,38.07886505126953,38.01315689086914,7.211102485656738,2.2360680103302,1.0,1.0,2.2360680103302,5.0,28.017850875854492,28.07133674621582,30.01666259765625,31.016124725341797,31.14482307434082,32.24903106689453,33.541019439697266,34.71310806274414,34.928497314453125,36.13862228393555,36.13862228393555,36.400550842285156,37.36308288574219,37.36308288574219,37.64305877685547,38.60051727294922,38.327537536621094,39.051246643066406,38.832977294921875,38.832977294921875,38.832977294921875,38.63935852050781,39.623226165771484
1774426893.9701202,-75,1,0,0,41.19466018676758,41.04875183105469,41.04875183105469,41.01219177246094,41.01219177246094,42.0,42.0,42.04759216308594,43.104522705078125,44.18144226074219,44.10215377807617,44.04542922973633,44.0113639831543,44.0113639831543,43.046485900878906,42.10700607299805,41.19466018676758,40.4474983215332,39.623226165771484,38.07886505126953,38.27531814575195,37.0,36.24913787841797,5.385164737701416,1.4142135381698608,1.4142135381698608,1.4142135381698608,1.4142135381698608,5.385164737701416,30.4138126373291,30.149627685546875,29.27456283569336,30.4138126373291,30.5941162109375,31.048349380493164,31.320919036865234,32.893768310546875,33.241539001464844,33.61547088623047,35.34119415283203,37.161808013916016,37.161808013916016,37.161808013916016,37.6961555480957,37.336307525634766,36.769554138183594,36.769554138183594,37.6961555480957,38.62641525268555,40.49691390991211,41.1096076965332,41.1096076965332
1774426893.9802957,-75,1,0,0,45.18849563598633,43.863426208496094,43.08131790161133,44.0113639831543,44.0113639831543,44.59820556640625,43.96589660644531,43.416587829589844,43.416587829589844,43.416587829589844,44.643028259277344,45.880279541015625,47.12748718261719,47.12748718261719,46.173583984375,44.59820556640625,43.46262741088867,42.04759216308594,40.70626449584961,39.96248245239258,40.0,38.897300720214844,37.53664779663086,7.8102498054504395,2.8284270763397217,0.0,0.0,2.0,6.324555397033691,31.320919036865234,30.463092803955078,30.528675079345703,30.805843353271484,32.202484130859375,33.60059356689453,35.608985900878906,37.53664779663086,38.18376541137695,38.94868469238281,38.28837966918945,38.28837966918945,38.94868469238281,38.20994567871094,38.897300720214844,38.897300720214844,39.59798049926758,41.01219177246094,41.72529220581055,42.44997024536133,41.86884307861328,41.400482177734375,42.43819046020508
1774426894.0494866,-75,1,0,0,44.777225494384766,43.46262741088867,42.72002029418945,42.05948257446289,43.416587829589844,43.17406463623047,42.95346450805664,42.95346450805664,43.931766510009766,42.95346450805664,43.931766510009766,45.12205505371094,45.12205505371094,44.643028259277344,43.96589660644531,43.65776062011719,42.54409408569336,42.04759216308594,41.59326934814453,40.31128692626953,39.11521530151367,38.27531814575195,37.64305877685547,6.4031243324279785,2.2360680103302,1.0,1.0,2.0,6.0,31.400636672973633,31.575305938720703,31.016124725341797,31.38471031188965,32.649654388427734,32.75667953491211,34.13209533691406,34.13209533691406,36.055511474609375,36.619667053222656,37.013511657714844,38.28837966918945,38.41874694824219,37.80211639404297,37.80211639404297,39.20458984375,39.20458984375,39.408119201660156,38.832977294921875,38.832977294921875,39.408119201660156,40.224369049072266,41.617305755615234
1774426894.0718267,-75,1,0,0,45.54119110107422,46.173583984375,46.173583984375,46.57252502441406,46.69047164916992,47.381431579589844,47.381431579589844,46.389652252197266,47.51841735839844,47.51841735839844,46.69047164916992,47.07440948486328,47.29693603515625,44.92215347290039,45.54119110107422,45.880279541015625,47.53945541381836,45.694637298583984,45.18849563598633,45.17742919921875,44.10215377807617,39.20458984375,38.20994567871094,5.656854152679443,1.4142135381698608,1.4142135381698608,1.0,1.4142135381698608,6.7082037925720215,34.928497314453125,34.78505325317383,31.14482307434082,33.734256744384766,34.20526123046875,34.78505325317383,34.539833068847656,34.01470184326172,35.7770881652832,38.07886505126953,39.4461669921875,39.824615478515625,40.24922180175781,39.81205749511719,40.71854782104492,41.146080017089844,42.05948257446289,41.18252182006836,40.31128692626953,41.18252182006836,42.48529052734375,43.8292121887207,45.617977142333984
1774426894.1500275,-75,1,0,0,46.22769546508789,45.607017517089844,45.0,44.65422821044922,45.79301071166992,45.650848388671875,46.06517028808594,46.51881408691406,47.85394287109375,49.19349670410156,49.19349670410156,48.30113983154297,47.41307830810547,48.3735466003418,47.16990661621094,46.3249397277832,44.40720748901367,44.204071044921875,44.04542922973633,43.863426208496094,43.863426208496094,43.26661682128906,42.48529052734375,8.062257766723633,3.1622776985168457,0.0,0.0,2.2360680103302,6.7082037925720215,33.2866325378418,33.42155075073242,35.38361358642578,34.65544509887695,35.38361358642578,36.12478256225586,37.64305877685547,37.80211639404297,39.408119201660156,39.66106414794922,40.49691390991211,39.96248245239258,41.34005355834961,41.34005355834961,41.88078308105469,41.88078308105469,43.26661682128906,43.26661682128906,43.011627197265625,42.01190185546875,43.27817153930664,44.68780517578125,46.010868072509766
1774426894.2283845,-75,1,0,0,44.94440841674805,42.95346450805664,42.04759216308594,42.48529052734375,44.29446792602539,45.17742919921875,44.777225494384766,44.777225494384766,45.27692413330078,45.27692413330078,44.777225494384766,43.8292121887207,44.29446792602539,45.650848388671875,43.90899658203125,42.05948257446289,39.824615478515625,40.24922180175781,39.0,38.60051727294922,37.656341552734375,44.271888732910156,43.46262741088867,7.6157732009887695,2.2360680103302,1.0,1.0,2.2360680103302,6.082762718200684,32.140316009521484,33.0,33.13608169555664,32.06243896484375,32.015621185302734,33.0151481628418,35.0,36.055511474609375,37.05401611328125,37.013511657714844,38.0,39.0128173828125,39.11521530151367,40.31128692626953,40.31128692626953,40.31128692626953,39.20458984375,41.1096076965332,42.10700607299805,41.04875183105469,41.0,42.10700607299805,42.296573638916016
1774426894.2733727,-75,1,0,0,47.12748718261719,46.48655700683594,45.880279541015625,47.01063537597656,49.19349670410156,49.24428939819336,48.02082824707031,48.02082824707031,48.87739944458008,49.73931884765625,51.0,50.537113189697266,50.08992004394531,48.754486083984375,47.92702865600586,46.48655700683594,44.643028259277344,44.384681701660156,45.12205505371094,44.72135925292969,44.18144226074219,42.04759216308594,40.112342834472656,7.071067810058594,2.0,0.0,0.0,2.8284270763397217,6.4031243324279785,31.400636672973633,31.906112670898438,34.1760139465332,35.44009017944336,36.13862228393555,35.902645111083984,36.67424011230469,38.327537536621094,39.20458984375,40.112342834472656,41.04875183105469,42.10700607299805,43.104522705078125,42.10700607299805,41.1096076965332,42.04759216308594,42.04759216308594,43.185646057128906,45.39823913574219,44.55333709716797,43.5660400390625,43.73785400390625,44.72135925292969
1774426894.3081815,-75,1,0,0,41.86884307861328,41.1096076965332,40.31128692626953,40.31128692626953,41.1096076965332,41.231056213378906,41.400482177734375,41.400482177734375,42.8018684387207,43.600460052490234,43.600460052490234,42.8018684387207,43.416587829589844,43.416587829589844,42.52058410644531,41.72529220581055,41.03656768798828,39.69886779785156,38.41874694824219,38.01315689086914,37.735923767089844,36.67424011230469,38.07886505126953,6.7082037925720215,2.2360680103302,1.0,1.0,2.2360680103302,5.0,29.0,29.20616340637207,30.0,31.064449310302734,31.764760971069336,32.202484130859375,32.202484130859375,33.105892181396484,32.69556427001953,33.241539001464844,35.11410140991211,36.055511474609375,37.336307525634766,37.947330474853516,37.947330474853516,37.336307525634766,37.6961555480957,37.161808013916016,37.57658767700195,38.4837646484375,38.910152435302734,40.24922180175781,40.70626449584961
1774426894.3781989,-75,1,0,0,49.40647888183594,47.20169448852539,46.40043258666992,46.097721099853516,45.96738052368164,45.96738052368164,45.96738052368164,46.69047164916992,47.381431579589844,48.10405349731445,49.51767349243164,48.79549026489258,47.381431579589844,47.423622131347656,46.097721099853516,46.22769546508789,45.80392837524414,45.486263275146484,44.777225494384766,43.8292121887207,42.154476165771484,42.95346450805664,43.28972244262695,8.0,3.1622776985168457,1.0,1.0,2.2360680103302,6.4031243324279785,34.65544509887695,34.65544509887695,34.058773040771484,33.60059356689453,34.66987228393555,36.359317779541016,37.2155876159668,37.58989334106445,38.910152435302734,38.4837646484375,39.0,40.853397369384766,40.853397369384766,41.78516387939453,43.08131790161133,43.08131790161133,43.46262741088867,43.46262741088867,45.18849563598633,45.617977142333984,46.06517028808594,46.52956008911133,47.88528060913086
1774426894.390129,-75,1,0,0,45.880279541015625,43.65776062011719,42.154476165771484,43.382022857666016,43.26661682128906,42.01190185546875,43.27817153930664,44.59820556640625,46.010868072509766,47.50789260864258,49.67897033691406,48.41487503051758,48.25971221923828,50.11985778808594,48.332183837890625,44.94440841674805,43.65776062011719,43.46262741088867,41.62931823730469,41.231056213378906,40.16217041015625,39.31920623779297,38.11823654174805,6.082762718200684,1.4142135381698608,1.0,1.0,1.4142135381698608,5.385164737701416,33.241539001464844,34.20526123046875,33.12099075317383,32.202484130859375,32.69556427001953,34.1760139465332,34.78505325317383,36.400550842285156,36.49657440185547,36.22154235839844,37.121421813964844,38.20994567871094,38.470767974853516,38.63935852050781,38.470767974853516,38.470767974853516,38.63935852050781,41.231056213378906,41.761226654052734,42.20189666748047,41.773197174072266,41.43669891357422,42.57933807373047
1774426894.4573417,-75,1,0,0,43.46262741088867,42.04759216308594,41.59326934814453,41.18252182006836,42.19004440307617,41.88078308105469,41.88078308105469,43.011627197265625,42.8018684387207,42.8018684387207,43.8292121887207,44.10215377807617,43.5660400390625,43.046485900878906,42.05948257446289,41.146080017089844,40.853397369384766,40.16217041015625,40.804412841796875,39.051246643066406,37.48332977294922,37.656341552734375,36.34556198120117,6.082762718200684,1.4142135381698608,1.4142135381698608,1.0,2.2360680103302,6.4031243324279785,30.4138126373291,29.832868576049805,30.886890411376953,30.870698928833008,32.31098937988281,33.83784866333008,34.48188018798828,34.20526123046875,33.95585250854492,34.71310806274414,36.49657440185547,36.49657440185547,37.48332977294922,38.327537536621094,38.470767974853516,37.48332977294922,37.48332977294922,38.63935852050781,38.832977294921875,39.051246643066406,39.293766021728516,40.52159881591797,41.48493576049805
1774426894.5305543,-75,1,0,0,37.85498809814453,37.10795211791992,36.13862228393555,36.400550842285156,35.735137939453125,36.055511474609375,36.400550842285156,36.769554138183594,37.6961555480957,37.6961555480957,37.6961555480957,37.6961555480957,37.336307525634766,35.735137939453125,35.44009017944336,35.1710090637207,35.902645111083984,35.693138122558594,34.525352478027344,34.13209533691406,33.0,32.557640075683594,32.280025482177734,5.099019527435303,1.0,1.4142135381698608,1.4142135381698608,1.4142135381698608,4.4721360206604,25.298221588134766,25.495098114013672,25.317977905273438,26.172504425048828,27.073972702026367,28.0,29.017236709594727,29.017236709594727,29.068883895874023,29.154760360717773,30.265491485595703,31.256999969482422,32.24903106689453,32.38827133178711,33.37664031982422,33.37664031982422,33.241539001464844,33.13608169555664,33.060550689697266,34.01470184326172,33.0151481628418,33.0151481628418,35.0
1774426894.5415266,-75,1,0,0,41.773197174072266,41.72529220581055,41.72529220581055,41.86884307861328,41.400482177734375,42.43819046020508,41.88078308105469,41.88078308105469,42.43819046020508,42.43819046020508,43.011627197265625,43.011627197265625,44.40720748901367,45.0,43.416587829589844,41.773197174072266,39.59798049926758,38.20994567871094,38.28837966918945,37.80211639404297,36.8917350769043,38.327537536621094,37.05401611328125,6.082762718200684,1.0,1.0,1.0,2.0,5.0,29.0,29.20616340637207,29.0,29.068883895874023,30.0,32.4499626159668,32.75667953491211,33.61547088623047,34.48188018798828,35.7770881652832,36.24913787841797,36.67424011230469,37.121421813964844,37.58989334106445,37.121421813964844,38.470767974853516,38.470767974853516,37.58989334106445,37.2155876159668,37.2155876159668,37.735923767089844,38.27531814575195,39.408119201660156
1774426894.606085,-75,1,0,0,38.94868469238281,38.28837966918945,37.64305877685547,38.41874694824219,38.60051727294922,38.832977294921875,39.11521530151367,39.11521530151367,39.66106414794922,41.617305755615234,42.20189666748047,41.617305755615234,41.400482177734375,40.607879638671875,39.824615478515625,38.28837966918945,37.53664779663086,36.12478256225586,36.79673767089844,36.79673767089844,37.013511657714844,35.80502700805664,35.84689712524414,6.7082037925720215,3.1622776985168457,0.0,0.0,2.2360680103302,5.830951690673828,28.017850875854492,29.20616340637207,29.068883895874023,29.20616340637207,29.4108829498291,29.681644439697266,30.01666259765625,31.30495262145996,34.01470184326172,34.928497314453125,34.539833068847656,35.84689712524414,36.67424011230469,35.7770881652832,34.885528564453125,34.885528564453125,34.885528564453125,35.7770881652832,36.2353401184082,36.715118408203125,37.2155876159668,37.735923767089844,37.44329071044922
1774426894.6780105,-75,1,0,0,49.658836364746094,47.53945541381836,47.16990661621094,46.81879806518555,46.81879806518555,48.08325958251953,48.08325958251953,50.28916549682617,51.54609680175781,50.59644317626953,49.648765563964844,48.383880615234375,47.434165954589844,49.33558654785156,49.33558654785156,47.75981521606445,44.384681701660156,44.283180236816406,44.777225494384766,44.65422821044922,44.821868896484375,46.010868072509766,45.0,8.602325439453125,3.1622776985168457,0.0,0.0,2.0,5.385164737701416,30.364452362060547,30.870698928833008,33.541019439697266,34.98571014404297,36.055511474609375,36.400550842285156,38.41874694824219,40.45985794067383,40.45985794067383,39.623226165771484,39.59798049926758,39.59798049926758,41.03656768798828,43.27817153930664,44.04542922973633,46.097721099853516,45.27692413330078,45.27692413330078,44.55333709716797,43.185646057128906,44.204071044921875,45.486263275146484,46.647613525390625
1774426894.6884985,-75,1,0,0,43.416587829589844,41.9761848449707,40.79215621948242,40.607879638671875,41.30375289916992,42.10700607299805,42.01190185546875,43.011627197265625,43.011627197265625,44.0113639831543,44.04542922973633,43.104522705078125,43.185646057128906,43.185646057128906,42.42640686035156,41.59326934814453,40.607879638671875,40.024993896484375,39.560081481933594,38.62641525268555,37.57658767700195,37.161808013916016,36.2353401184082,5.830951690673828,1.4142135381698608,1.4142135381698608,1.4142135381698608,1.4142135381698608,5.099019527435303,29.42787742614746,28.160255432128906,27.892650604248047,28.460498809814453,28.792360305786133,30.870698928833008,32.649654388427734,34.48188018798828,34.13209533691406,34.66987228393555,35.22782897949219,36.619667053222656,36.619667053222656,37.44329071044922,39.11521530151367,39.4461669921875,38.587562561035156,38.07886505126953,38.07886505126953,38.07886505126953,39.357337951660156,40.71854782104492,41.231056213378906
1774426894.7503686,-75,1,0,0,47.16990661621094,46.04345703125,45.0,45.09988784790039,46.389652252197266,46.69047164916992,45.54119110107422,45.7055778503418,45.7055778503418,46.87216567993164,47.85394287109375,47.67599105834961,48.50773239135742,50.48762130737305,50.2493782043457,48.041648864746094,45.0,43.0,43.046485900878906,42.19004440307617,41.59326934814453,39.31920623779297,38.07886505126953,7.071067810058594,2.0,1.0,0.0,2.2360680103302,6.082762718200684,32.06243896484375,32.06243896484375,33.37664031982422,33.734256744384766,34.48188018798828,35.11410140991211,36.769554138183594,38.07886505126953,39.0,40.31128692626953,41.146080017089844,41.146080017089844,42.04759216308594,42.04759216308594,41.62931823730469,41.62931823730469,41.231056213378906,43.08131790161133,43.65776062011719,43.65776062011719,42.72002029418945,42.72002029418945,44.271888732910156
1774426894.8258379,-75,1,0,0,43.046485900878906,42.10700607299805,42.19004440307617,43.416587829589844,43.73785400390625,43.931766510009766,43.17406463623047,43.17406463623047,44.14748001098633,44.14748001098633,43.931766510009766,43.73785400390625,43.5660400390625,43.416587829589844,44.283180236816406,43.104522705078125,42.04759216308594,41.0,41.04875183105469,40.199501037597656,39.623226165771484,39.560081481933594,39.357337951660156,7.6157732009887695,2.2360680103302,1.0,1.0,2.2360680103302,5.099019527435303,28.160255432128906,29.017236709594727,31.0,32.06243896484375,32.140316009521484,32.38827133178711,32.557640075683594,34.71310806274414,35.902645111083984,36.13862228393555,36.400550842285156,37.0,37.947330474853516,37.947330474853516,37.947330474853516,38.60051727294922,39.293766021728516,40.26164245605469,41.0,41.0,39.81205749511719,40.607879638671875,41.43669891357422
1774426894.8364027,-75,1,0,0,42.10700607299805,40.199501037597656,40.31128692626953,40.4474983215332,41.773197174072266,41.231056213378906,40.52159881591797,40.52159881591797,41.761226654052734,42.72002029418945,43.96589660644531,44.643028259277344,43.680660247802734,43.416587829589844,42.20189666748047,41.773197174072266,39.458839416503906,38.327537536621094,38.20994567871094,38.01315689086914,39.051246643066406,39.0,38.470767974853516,7.6157732009887695,2.2360680103302,1.0,1.0,2.2360680103302,5.0,29.068883895874023,29.42787742614746,30.0,30.066593170166016,30.265491485595703,31.400636672973633,32.557640075683594,34.928497314453125,35.44009017944336,35.735137939453125,35.735137939453125,35.44009017944336,36.13862228393555,37.10795211791992,37.36308288574219,37.36308288574219,37.10795211791992,39.051246643066406,40.79215621948242,40.4474983215332,39.31920623779297,39.20458984375,39.11521530151367
1774426894.9057178,-75,1,0,0,41.617305755615234,40.49691390991211,39.96248245239258,40.31128692626953,41.18252182006836,40.24922180175781,40.71854782104492,40.853397369384766,41.78516387939453,43.08131790161133,44.384681701660156,44.777225494384766,44.72135925292969,44.29446792602539,43.046485900878906,41.34005355834961,39.66106414794922,38.832977294921875,38.60051727294922,38.28837966918945,38.18376541137695,36.06937789916992,36.12478256225586,6.4031243324279785,1.4142135381698608,1.4142135381698608,1.4142135381698608,1.0,5.099019527435303,29.73213768005371,30.870698928833008,30.479501724243164,31.11269760131836,31.11269760131836,31.14482307434082,31.240999221801758,33.0151481628418,34.13209533691406,34.98571014404297,34.98571014404297,34.98571014404297,36.359317779541016,36.055511474609375,37.202152252197266,37.202152252197266,38.01315689086914,37.44329071044922,38.60051727294922,39.20458984375,38.41874694824219,39.69886779785156,40.360870361328125
1774426894.9057178,-75,1,0,0,47.67599105834961,45.54119110107422,45.54119110107422,45.54119110107422,46.52956008911133,47.26520919799805,47.095645904541016,47.04253387451172,48.041648864746094,49.04079818725586,50.15974426269531,49.25444030761719,48.3735466003418,47.67599105834961,46.87216567993164,46.3249397277832,44.384681701660156,44.643028259277344,44.92215347290039,44.384681701660156,43.382022857666016,41.34005355834961,40.804412841796875,7.8102498054504395,2.8284270763397217,0.0,0.0,2.0,6.0,33.0,33.13608169555664,33.541019439697266,34.928497314453125,36.400550842285156,36.68787384033203,38.27531814575195,39.0,39.81205749511719,40.24922180175781,40.70626449584961,41.59326934814453,42.94182205200195,43.8292121887207,43.8292121887207,43.8292121887207,42.94182205200195,43.8292121887207,43.382022857666016,44.777225494384766,44.777225494384766,45.694637298583984,46.2385139465332
1774426894.9791899,-75,1,0,0,44.72135925292969,44.29446792602539,43.416587829589844,41.67733383178711,42.72002029418945,43.26661682128906,43.26661682128906,45.486263275146484,45.221675872802734,44.65422821044922,45.221675872802734,44.65422821044922,44.10215377807617,44.94440841674805,44.41846466064453,43.8292121887207,42.54409408569336,42.72002029418945,42.379241943359375,42.05948257446289,41.231056213378906,41.1096076965332,41.01219177246094,8.062257766723633,3.1622776985168457,1.0,1.0,2.2360680103302,5.830951690673828,31.064449310302734,32.24903106689453,31.78049659729004,31.95309066772461,33.52610778808594,34.20526123046875,34.71310806274414,35.510562896728516,36.34556198120117,36.22154235839844,37.2155876159668,38.327537536621094,39.31920623779297,39.31920623779297,39.31920623779297,40.31128692626953,40.31128692626953,40.4474983215332,39.458839416503906,39.623226165771484,40.024993896484375,41.231056213378906,42.20189666748047
1774426894.9905317,-75,1,0,0,44.271888732910156,42.72002029418945,42.154476165771484,42.54409408569336,43.382022857666016,43.416587829589844,42.19004440307617,41.88078308105469,43.26661682128906,44.10215377807617,43.5660400390625,44.41846466064453,45.27692413330078,46.14108657836914,44.29446792602539,43.382022857666016,41.62931823730469,40.31128692626953,40.853397369384766,41.1096076965332,40.024993896484375,38.05259704589844,37.05401611328125,7.0,2.0,1.0,0.0,2.2360680103302,6.324555397033691,29.42787742614746,30.149627685546875,32.140316009521484,32.06243896484375,32.06243896484375,32.0,33.0151481628418,33.0151481628418,34.13209533691406,35.22782897949219,37.336307525634766,38.327537536621094,39.31920623779297,39.31920623779297,38.327537536621094,38.327537536621094,38.11823654174805,39.051246643066406,40.01249694824219,41.0,41.01219177246094,41.04875183105469,41.1096076965332
1774426895.0543945,-75,1,0,0,42.72002029418945,42.44997024536133,41.9761848449707,42.7551155090332,43.416587829589844,44.18144226074219,43.185646057128906,43.185646057128906,43.185646057128906,44.18144226074219,44.18144226074219,44.283180236816406,45.39823913574219,45.7055778503418,43.931766510009766,42.44997024536133,41.761226654052734,40.16217041015625,39.560081481933594,39.0,38.470767974853516,37.64305877685547,37.48332977294922,7.071067810058594,2.2360680103302,1.0,1.0,2.0,5.099019527435303,28.635643005371094,30.364452362060547,31.320919036865234,31.016124725341797,32.69556427001953,33.105892181396484,33.541019439697266,34.0,35.84689712524414,35.84689712524414,37.2155876159668,37.735923767089844,38.587562561035156,38.07886505126953,37.2155876159668,37.2155876159668,37.2155876159668,38.94868469238281,39.824615478515625,38.94868469238281,38.94868469238281,38.94868469238281,40.24922180175781
1774426895.1245494,-75,1,0,0,48.05205535888672,46.3249397277832,45.607017517089844,47.12748718261719,47.434165954589844,47.16990661621094,46.2385139465332,47.01063537597656,48.332183837890625,48.332183837890625,50.15974426269531,49.76947021484375,49.39635467529297,49.97999572753906,48.08325958251953,46.57252502441406,44.14748001098633,43.73785400390625,43.416587829589844,44.18144226074219,43.011627197265625,41.30375289916992,40.024993896484375,7.280109882354736,2.0,1.0,0.0,2.2360680103302,5.385164737701416,30.364452362060547,31.575305938720703,33.37664031982422,34.13209533691406,35.05709457397461,36.013885498046875,37.013511657714844,39.051246643066406,40.112342834472656,40.199501037597656,40.199501037597656,41.30375289916992,42.19004440307617,42.296573638916016,42.42640686035156,42.42640686035156,42.42640686035156,43.28972244262695,43.104522705078125,44.04542922973633,44.0113639831543,44.0,45.0
1774426895.1250107,-75,1,0,0,33.241539001464844,34.058773040771484,33.0,31.0,29.017236709594727,27.018512725830078,25.01999282836914,24.0,27.018512725830078,29.154760360717773,30.149627685546875,32.06243896484375,33.13608169555664,34.13209533691406,33.060550689697266,33.0151481628418,31.016124725341797,27.166154861450195,23.53720474243164,22.803508758544922,22.803508758544922,37.121421813964844,35.34119415283203,6.324555397033691,2.0,1.0,1.0,2.2360680103302,5.830951690673828,30.805843353271484,31.38471031188965,19.313207626342773,20.248456954956055,21.189620971679688,22.472204208374023,24.166091918945312,24.166091918945312,26.4007568359375,27.73084831237793,26.925823211669922,25.0,22.022714614868164,19.84943389892578,20.51828384399414,22.203603744506836,25.553865432739258,26.419689178466797,26.832815170288086,25.495098114013672,26.925823211669922,28.160255432128906,30.08321762084961
1774426895.198971,-75,1,0,0,47.01063537597656,46.52956008911133,45.617977142333984,45.31004333496094,45.221675872802734,45.607017517089844,44.643028259277344,45.880279541015625,47.801673889160156,48.764739990234375,49.04079818725586,49.33558654785156,48.703182220458984,46.81879806518555,45.694637298583984,44.283180236816406,43.416587829589844,42.54409408569336,42.19004440307617,41.617305755615234,41.231056213378906,39.623226165771484,39.20458984375,6.7082037925720215,3.0,1.0,1.0,1.4142135381698608,5.830951690673828,30.870698928833008,31.764760971069336,32.75667953491211,33.0151481628418,34.058773040771484,33.970577239990234,36.06937789916992,37.48332977294922,38.18376541137695,38.897300720214844,40.360870361328125,41.773197174072266,42.44997024536133,41.72529220581055,41.03656768798828,41.773197174072266,42.52058410644531,42.44997024536133,43.13930892944336,41.773197174072266,42.52058410644531,43.27817153930664,44.04542922973633
1774426895.2204714,-75,1,0,0,42.7551155090332,41.59326934814453,41.30375289916992,42.04759216308594,45.0,45.0,44.0,43.011627197265625,43.104522705078125,44.18144226074219,45.09988784790039,46.010868072509766,46.0,46.010868072509766,45.0444221496582,43.185646057128906,41.30375289916992,40.607879638671875,40.79215621948242,40.52159881591797,39.217342376708984,37.161808013916016,35.84689712524414,6.7082037925720215,2.2360680103302,1.0,1.0,2.2360680103302,6.0,32.015621185302734,32.015621185302734,31.575305938720703,32.015621185302734,31.62277603149414,31.95309066772461,33.241539001464844,34.928497314453125,35.34119415283203,35.7770881652832,36.2353401184082,37.58989334106445,38.470767974853516,39.824615478515625,40.31128692626953,39.824615478515625,39.357337951660156,39.81205749511719,40.31128692626953,40.31128692626953,39.924930572509766,40.853397369384766,41.43669891357422
1774426895.2831633,-75,1,0,0,47.423622131347656,46.615447998046875,45.880279541015625,46.81879806518555,48.08325958251953,47.801673889160156,47.801673889160156,46.840152740478516,47.53945541381836,48.27007293701172,48.27007293701172,48.764739990234375,49.72926712036133,50.28916549682617,48.703182220458984,47.53945541381836,46.097721099853516,45.617977142333984,44.29446792602539,43.5660400390625,42.43819046020508,38.60051727294922,36.769554138183594,7.071067810058594,1.4142135381698608,1.0,1.0,2.0,6.082762718200684,31.62277603149414,33.241539001464844,34.0,35.84689712524414,36.055511474609375,36.400550842285156,37.013511657714844,39.051246643066406,39.824615478515625,40.45985794067383,41.773197174072266,42.44997024536133,43.13930892944336,43.13930892944336,42.44997024536133,43.13930892944336,43.13930892944336,43.931766510009766,44.04542922973633,42.63801193237305,43.416587829589844,44.40720748901367,45.80392837524414
1774426895.3495138,-75,1,0,0,41.146080017089844,39.357337951660156,40.31128692626953,39.96248245239258,41.04875183105469,41.400482177734375,41.231056213378906,40.45985794067383,39.824615478515625,39.824615478515625,41.231056213378906,40.607879638671875,41.400482177734375,42.43819046020508,42.72002029418945,41.34005355834961,39.4461669921875,38.470767974853516,38.01315689086914,38.62641525268555,38.327537536621094,41.01219177246094,41.19466018676758,7.071067810058594,2.2360680103302,1.4142135381698608,1.4142135381698608,1.0,4.4721360206604,28.635643005371094,28.792360305786133,30.463092803955078,30.675724029541016,30.364452362060547,31.048349380493164,32.75667953491211,33.541019439697266,34.2344856262207,35.12833786010742,36.22154235839844,37.336307525634766,37.336307525634766,37.48332977294922,38.470767974853516,38.327537536621094,38.20994567871094,38.327537536621094,38.470767974853516,38.63935852050781,37.85498809814453,39.051246643066406,39.293766021728516
1774426895.3601906,-75,1,0,0,43.5660400390625,42.43819046020508,40.804412841796875,40.0,39.824615478515625,41.1096076965332,42.44997024536133,43.13930892944336,43.13930892944336,43.13930892944336,43.13930892944336,43.13930892944336,43.185646057128906,43.931766510009766,42.63801193237305,40.804412841796875,40.49691390991211,39.96248245239258,40.31128692626953,39.357337951660156,38.07886505126953,38.63935852050781,38.20994567871094,7.0,3.1622776985168457,1.0,1.0,2.2360680103302,5.830951690673828,31.906112670898438,30.886890411376953,31.38471031188965,31.30495262145996,31.78049659729004,31.95309066772461,32.893768310546875,34.48188018798828,34.48188018798828,35.1710090637207,35.902645111083984,36.13862228393555,37.10795211791992,37.10795211791992,37.85498809814453,38.832977294921875,39.81205749511719,39.051246643066406,39.560081481933594,39.217342376708984,40.49691390991211,40.853397369384766,41.78516387939453
1774426895.4342115,-75,1,0,0,45.17742919921875,43.90899658203125,43.5660400390625,45.486263275146484,45.80392837524414,46.22769546508789,45.343135833740234,44.59820556640625,46.010868072509766,46.69047164916992,47.423622131347656,47.6340217590332,47.801673889160156,46.615447998046875,46.3249397277832,45.27692413330078,43.416587829589844,43.416587829589844,44.29446792602539,43.863426208496094,43.32435989379883,42.01190185546875,41.30375289916992,7.280109882354736,2.2360680103302,1.4142135381698608,1.4142135381698608,1.4142135381698608,5.0,30.805843353271484,32.75667953491211,32.649654388427734,34.01470184326172,33.241539001464844,34.48188018798828,35.1710090637207,36.878177642822266,38.63935852050781,39.623226165771484,40.607879638671875,41.59326934814453,43.73785400390625,43.73785400390625,41.773197174072266,40.79215621948242,41.0,41.9761848449707,43.931766510009766,44.14748001098633,43.680660247802734,43.011627197265625,43.32435989379883
1774426895.4478142,-76,1,0,0,47.16990661621094,46.173583984375,45.17742919921875,46.27094268798828,46.69047164916992,47.07440948486328,46.57252502441406,47.801673889160156,49.04079818725586,49.04079818725586,48.764739990234375,48.764739990234375,48.27007293701172,48.05205535888672,47.67599105834961,47.381431579589844,47.095645904541016,46.04345703125,46.0,44.04542922973633,43.28972244262695,43.08131790161133,42.48529052734375,8.062257766723633,2.8284270763397217,0.0,1.0,3.0,7.0,34.13209533691406,33.0151481628418,34.058773040771484,34.0,35.05709457397461,36.22154235839844,37.336307525634766,37.656341552734375,37.85498809814453,38.07886505126953,40.52159881591797,41.48493576049805,41.231056213378906,41.48493576049805,41.48493576049805,43.17406463623047,44.14748001098633,44.14748001098633,44.9110221862793,44.55333709716797,44.40720748901367,44.283180236816406,45.27692413330078
1774426895.5089693,-75,1,0,0,46.173583984375,46.48655700683594,47.16990661621094,46.615447998046875,47.01063537597656,45.617977142333984,44.29446792602539,45.27692413330078,47.16990661621094,47.16990661621094,48.87739944458008,49.24428939819336,49.19349670410156,50.08992004394531,49.24428939819336,47.16990661621094,45.221675872802734,43.680660247802734,44.384681701660156,43.931766510009766,43.416587829589844,42.10700607299805,41.04875183105469,7.071067810058594,1.4142135381698608,1.4142135381698608,1.4142135381698608,1.0,5.385164737701416,33.241539001464844,33.52610778808594,33.734256744384766,34.36568069458008,34.2344856262207,35.12833786010742,36.013885498046875,38.0,40.01249694824219,40.04996871948242,41.19466018676758,41.19466018676758,42.19004440307617,42.19004440307617,41.1096076965332,41.01219177246094,43.0,45.0,46.010868072509766,45.09988784790039,43.104522705078125,43.104522705078125,43.185646057128906
1774426895.5816526,-75,1,0,0,43.90899658203125,43.046485900878906,43.5660400390625,43.8292121887207,43.600460052490234,44.04542922973633,43.931766510009766,43.931766510009766,43.931766510009766,43.185646057128906,43.185646057128906,43.27817153930664,42.63801193237305,42.8018684387207,42.20189666748047,41.88078308105469,42.19004440307617,41.67733383178711,41.18252182006836,39.81205749511719,38.62641525268555,37.64305877685547,37.10795211791992,7.071067810058594,3.0,1.0,1.0,2.2360680103302,5.830951690673828,32.015621185302734,31.62277603149414,30.4138126373291,31.38471031188965,31.95309066772461,33.83784866333008,34.48188018798828,36.13862228393555,36.878177642822266,37.85498809814453,37.656341552734375,38.63935852050781,39.623226165771484,39.81205749511719,39.81205749511719,39.81205749511719,39.81205749511719,40.024993896484375,40.024993896484375,40.26164245605469,39.293766021728516,40.804412841796875,42.379241943359375
1774426895.5919266,-75,1,0,0,42.8018684387207,42.20189666748047,41.04875183105469,41.34005355834961,42.54409408569336,43.8292121887207,42.94182205200195,42.48529052734375,42.48529052734375,43.8292121887207,43.8292121887207,43.416587829589844,43.90899658203125,43.90899658203125,43.5660400390625,42.43819046020508,41.400482177734375,39.69886779785156,38.897300720214844,38.20994567871094,37.53664779663086,36.878177642822266,36.400550842285156,6.4031243324279785,2.2360680103302,1.0,1.0,2.0,5.385164737701416,30.4138126373291,29.154760360717773,30.0,30.479501724243164,31.827661514282227,33.241539001464844,33.970577239990234,34.71310806274414,36.2353401184082,36.400550842285156,36.400550842285156,37.202152252197266,38.01315689086914,38.01315689086914,38.27531814575195,37.735923767089844,37.44329071044922,37.202152252197266,38.41874694824219,38.41874694824219,39.824615478515625,39.69886779785156,41.03656768798828
1774426895.657366,-75,1,0,0,41.231056213378906,40.52159881591797,40.804412841796875,40.16217041015625,41.1096076965332,41.78516387939453,40.31128692626953,40.71854782104492,42.48529052734375,43.382022857666016,43.863426208496094,42.54409408569336,41.62931823730469,42.154476165771484,41.43669891357422,40.804412841796875,39.293766021728516,38.832977294921875,38.63935852050781,38.20994567871094,39.051246643066406,36.34556198120117,35.1710090637207,6.324555397033691,1.4142135381698608,1.4142135381698608,1.4142135381698608,1.0,5.099019527435303,28.635643005371094,28.635643005371094,29.614185333251953,29.42787742614746,30.265491485595703,30.066593170166016,33.0151481628418,34.0,36.013885498046875,36.055511474609375,36.12478256225586,37.2155876159668,38.20994567871094,37.2155876159668,38.20994567871094,38.20994567871094,38.327537536621094,38.20994567871094,39.11521530151367,39.051246643066406,39.0128173828125,40.0,41.04875183105469
1774426895.667911,-75,1,0,0,36.013885498046875,35.05709457397461,34.13209533691406,33.37664031982422,34.71310806274414,35.1710090637207,33.95585250854492,34.20526123046875,35.1710090637207,36.400550842285156,37.36308288574219,37.10795211791992,38.07886505126953,39.051246643066406,37.48332977294922,35.22782897949219,34.058773040771484,35.0,35.0,34.058773040771484,34.2344856262207,35.0142822265625,34.2344856262207,5.099019527435303,1.4142135381698608,1.4142135381698608,1.4142135381698608,1.0,4.123105525970459,25.298221588134766,25.961509704589844,26.07680892944336,26.305892944335938,26.476404190063477,26.68332862854004,27.892650604248047,30.08321762084961,31.320919036865234,31.62277603149414,31.95309066772461,32.31098937988281,32.31098937988281,31.95309066772461,32.31098937988281,31.95309066772461,31.95309066772461,32.572994232177734,33.241539001464844,33.241539001464844,32.98484420776367,32.98484420776367,33.734256744384766
1774426895.728604,-75,1,0,0,44.777225494384766,44.29446792602539,44.72135925292969,46.097721099853516,46.615447998046875,46.2385139465332,44.94440841674805,43.65776062011719,44.59820556640625,46.48655700683594,47.75981521606445,48.10405349731445,48.10405349731445,47.53945541381836,46.51881408691406,45.650848388671875,44.41846466064453,43.26661682128906,43.600460052490234,42.63801193237305,41.03656768798828,40.804412841796875,39.96248245239258,7.6157732009887695,2.0,1.0,1.0,1.4142135381698608,5.385164737701416,30.675724029541016,30.870698928833008,32.24903106689453,33.2866325378418,34.20526123046875,34.828147888183594,37.64305877685547,38.28837966918945,40.360870361328125,41.03656768798828,41.72529220581055,41.72529220581055,42.42640686035156,42.44997024536133,42.44997024536133,41.72529220581055,42.42640686035156,43.863426208496094,43.863426208496094,43.863426208496094,43.863426208496094,45.343135833740234,47.50789260864258
1774426895.8029757,-75,1,0,0,43.5660400390625,42.72002029418945,42.72002029418945,42.43819046020508,43.416587829589844,44.04542922973633,43.931766510009766,43.931766510009766,44.59820556640625,44.59820556640625,44.59820556640625,45.343135833740234,46.097721099853516,46.22769546508789,45.0,44.65422821044922,42.19004440307617,41.18252182006836,39.824615478515625,39.81205749511719,39.560081481933594,39.623226165771484,41.30375289916992,8.0,3.0,1.0,1.0,2.2360680103302,5.830951690673828,31.240999221801758,31.064449310302734,30.4138126373291,30.870698928833008,32.31098937988281,34.1760139465332,34.48188018798828,34.20526123046875,34.928497314453125,35.902645111083984,36.878177642822266,39.293766021728516,39.84971618652344,39.560081481933594,40.26164245605469,40.26164245605469,39.051246643066406,39.293766021728516,39.560081481933594,39.560081481933594,40.804412841796875,41.1096076965332,42.379241943359375
1774426895.8134022,-75,1,0,0,15.033296585083008,15.132745742797852,15.132745742797852,15.524174690246582,16.76305389404297,18.027755737304688,18.027755737304688,18.027755737304688,17.72004508972168,17.72004508972168,17.72004508972168,16.492422103881836,16.492422103881836,17.72004508972168,17.72004508972168,17.464248657226562,16.492422103881836,15.29705810546875,15.29705810546875,15.132745742797852,15.0,37.64305877685547,39.408119201660156,6.7082037925720215,2.2360680103302,1.0,1.0,1.4142135381698608,4.4721360206604,24.59674835205078,24.698177337646484,12.041594505310059,11.0,11.045360565185547,12.165525436401367,13.601470947265625,13.928388595581055,13.928388595581055,13.928388595581055,14.866068840026855,14.560219764709473,15.29705810546875,16.278820037841797,17.464248657226562,16.492422103881836,16.155494689941406,16.552946090698242,16.155494689941406,15.81138801574707,16.76305389404297,16.278820037841797,15.132745742797852
1774426895.8751006,-75,1,0,0,43.104522705078125,42.04759216308594,42.01190185546875,42.0,42.04759216308594,43.104522705078125,43.104522705078125,44.18144226074219,43.185646057128906,43.28972244262695,43.416587829589844,44.40720748901367,44.283180236816406,44.10215377807617,44.04542922973633,43.0,42.04759216308594,41.19466018676758,41.30375289916992,40.79215621948242,40.52159881591797,38.897300720214844,39.0,7.6157732009887695,2.8284270763397217,1.0,0.0,2.0,6.0,31.016124725341797,31.064449310302734,31.256999969482422,31.400636672973633,32.75667953491211,33.95585250854492,35.1710090637207,35.44009017944336,36.055511474609375,36.055511474609375,36.769554138183594,36.769554138183594,36.769554138183594,38.07886505126953,39.39543151855469,40.71854782104492,40.31128692626953,39.924930572509766,40.49691390991211,40.16217041015625,40.804412841796875,41.761226654052734,41.231056213378906
1774426895.941453,-75,1,0,0,48.91830062866211,48.83646011352539,47.423622131347656,48.10405349731445,48.08325958251953,46.75468063354492,44.821868896484375,45.607017517089844,46.40043258666992,47.6340217590332,49.81967544555664,50.447994232177734,50.990196228027344,50.93132781982422,50.20956039428711,48.08325958251953,45.96738052368164,46.010868072509766,45.45327377319336,45.221675872802734,44.777225494384766,44.94440841674805,44.643028259277344,8.246211051940918,3.1622776985168457,0.0,0.0,2.8284270763397217,7.071067810058594,33.241539001464844,33.42155075073242,34.4093017578125,35.22782897949219,34.98571014404297,35.35533905029297,37.121421813964844,39.81205749511719,41.62931823730469,42.154476165771484,43.08131790161133,44.0113639831543,44.0113639831543,43.08131790161133,42.154476165771484,41.62931823730469,42.04759216308594,44.283180236816406,46.51881408691406,47.85394287109375,47.41307830810547,45.650848388671875,45.27692413330078
1774426896.0185053,-75,1,0,0,42.72002029418945,42.20189666748047,41.9761848449707,41.59326934814453,41.30375289916992,41.19466018676758,42.19004440307617,43.185646057128906,44.18144226074219,45.09988784790039,46.173583984375,45.17742919921875,45.17742919921875,45.39823913574219,44.55333709716797,42.95346450805664,40.52159881591797,39.84971618652344,40.16217041015625,40.31128692626953,39.357337951660156,37.44329071044922,37.013511657714844,6.4031243324279785,2.2360680103302,1.0,1.0,2.0,5.099019527435303,29.832868576049805,30.364452362060547,31.38471031188965,31.30495262145996,32.24903106689453,32.24903106689453,32.75667953491211,33.2866325378418,34.66987228393555,36.055511474609375,37.202152252197266,36.400550842285156,37.013511657714844,36.400550842285156,37.80211639404297,38.60051727294922,38.01315689086914,38.27531814575195,38.587562561035156,38.587562561035156,38.587562561035156,38.94868469238281,39.824615478515625
1774426896.0185053,-75,1,0,0,41.0,41.04875183105469,40.112342834472656,41.30375289916992,42.57933807373047,41.773197174072266,40.79215621948242,40.79215621948242,41.9761848449707,41.9761848449707,42.95346450805664,43.931766510009766,43.931766510009766,44.72135925292969,43.416587829589844,42.19004440307617,40.04996871948242,39.0,39.0128173828125,38.11823654174805,37.48332977294922,36.68787384033203,37.161808013916016,5.830951690673828,2.2360680103302,1.4142135381698608,1.0,1.0,4.0,26.305892944335938,27.073972702026367,30.0,30.066593170166016,30.149627685546875,31.256999969482422,32.557640075683594,34.71310806274414,36.13862228393555,37.36308288574219,37.64305877685547,38.327537536621094,39.293766021728516,38.327537536621094,37.64305877685547,37.36308288574219,38.327537536621094,39.293766021728516,41.231056213378906,41.0,39.81205749511719,39.623226165771484,39.458839416503906
1774426896.0989144,-75,1,0,0,40.24922180175781,40.24922180175781,39.824615478515625,40.8166618347168,41.04875183105469,42.20189666748047,41.231056213378906,40.607879638671875,41.231056213378906,42.01190185546875,43.416587829589844,43.416587829589844,43.600460052490234,45.221675872802734,43.26661682128906,41.34005355834961,39.824615478515625,38.910152435302734,38.910152435302734,38.62641525268555,37.947330474853516,36.055511474609375,35.1710090637207,6.082762718200684,1.0,1.4142135381698608,1.4142135381698608,1.4142135381698608,5.0,31.240999221801758,32.202484130859375,31.016124725341797,31.320919036865234,30.805843353271484,30.4138126373291,31.256999969482422,32.140316009521484,34.13209533691406,35.22782897949219,36.22154235839844,36.12478256225586,36.12478256225586,36.22154235839844,35.12833786010742,35.12833786010742,36.12478256225586,38.20994567871094,39.31920623779297,40.4474983215332,39.623226165771484,39.81205749511719,40.26164245605469
1774426896.0989144,-75,1,0,0,43.8292121887207,42.95346450805664,42.154476165771484,42.05948257446289,42.44997024536133,42.44997024536133,41.48493576049805,41.231056213378906,41.0,42.7551155090332,43.931766510009766,44.14748001098633,43.680660247802734,43.680660247802734,42.05948257446289,41.43669891357422,40.31128692626953,39.81205749511719,39.824615478515625,39.96248245239258,39.408119201660156,40.0,38.94868469238281,7.071067810058594,2.2360680103302,1.0,1.0,1.4142135381698608,4.4721360206604,26.248809814453125,27.85677719116211,29.154760360717773,30.232433319091797,31.400636672973633,32.649654388427734,33.30165100097656,34.71310806274414,36.12478256225586,36.79673767089844,36.769554138183594,37.53664779663086,37.53664779663086,37.53664779663086,36.878177642822266,37.53664779663086,37.48332977294922,38.897300720214844,39.69886779785156,40.45985794067383,41.231056213378906,42.01190185546875,42.20189666748047
1774426896.1688342,-75,1,0,0,48.08325958251953,47.381431579589844,48.10405349731445,46.75468063354492,46.40043258666992,47.434165954589844,47.434165954589844,48.82622146606445,49.648765563964844,49.648765563964844,51.03919982910156,51.03919982910156,50.21951675415039,51.400390625,50.447994232177734,48.83646011352539,46.66904830932617,46.010868072509766,45.45327377319336,45.0,44.10215377807617,43.46262741088867,42.05948257446289,7.280109882354736,2.2360680103302,1.0,1.0,2.2360680103302,6.4031243324279785,34.65544509887695,33.970577239990234,34.71310806274414,34.828147888183594,35.80502700805664,35.510562896728516,36.359317779541016,37.2155876159668,38.07886505126953,38.94868469238281,40.24922180175781,41.62931823730469,42.95346450805664,44.283180236816406,43.863426208496094,43.382022857666016,43.8292121887207,42.94182205200195,42.54409408569336,43.416587829589844,44.777225494384766,45.27692413330078,46.87216567993164
1774426896.2365437,-76,1,0,0,47.01063537597656,45.17742919921875,43.8292121887207,43.382022857666016,44.777225494384766,47.16990661621094,46.48655700683594,47.434165954589844,48.383880615234375,49.33558654785156,49.648765563964844,49.04079818725586,48.46648406982422,47.92702865600586,46.957427978515625,46.06517028808594,45.17742919921875,44.777225494384766,44.41846466064453,43.8292121887207,42.63801193237305,42.20189666748047,40.8166618347168,6.7082037925720215,1.0,1.4142135381698608,1.4142135381698608,1.0,5.830951690673828,33.2866325378418,32.80244064331055,33.0151481628418,32.80244064331055,33.42155075073242,34.058773040771484,34.65544509887695,37.53664779663086,39.051246643066406,39.20458984375,40.0,40.0,41.231056213378906,41.86884307861328,42.52058410644531,43.931766510009766,43.931766510009766,44.04542922973633,43.27817153930664,43.931766510009766,44.55333709716797,44.59820556640625,44.68780517578125
1774426896.258774,-75,1,0,0,42.94182205200195,41.59326934814453,40.70626449584961,40.8166618347168,41.617305755615234,42.01190185546875,41.86884307861328,41.86884307861328,42.52058410644531,43.27817153930664,44.04542922973633,44.04542922973633,42.8018684387207,42.20189666748047,41.88078308105469,40.8166618347168,40.70626449584961,40.24922180175781,40.71854782104492,38.62641525268555,37.0,37.013511657714844,35.05709457397461,6.0,1.0,1.4142135381698608,1.4142135381698608,1.4142135381698608,5.830951690673828,30.08321762084961,29.4108829498291,29.154760360717773,29.4108829498291,30.364452362060547,31.048349380493164,31.78049659729004,32.75667953491211,32.38827133178711,33.13608169555664,34.13209533691406,36.22154235839844,37.2155876159668,36.22154235839844,37.336307525634766,37.336307525634766,37.48332977294922,38.470767974853516,38.63935852050781,37.85498809814453,39.051246643066406,39.560081481933594,40.804412841796875
1774426896.317821,-75,1,0,0,47.423622131347656,46.86149978637695,46.86149978637695,47.6340217590332,49.04079818725586,49.20365905761719,48.25971221923828,48.02082824707031,49.73931884765625,51.107730865478516,50.774009704589844,49.39635467529297,49.09175109863281,48.25971221923828,48.010414123535156,46.40043258666992,45.343135833740234,44.59820556640625,45.25483322143555,45.45327377319336,45.221675872802734,44.777225494384766,44.271888732910156,8.5440034866333,3.1622776985168457,0.0,0.0,2.2360680103302,6.4031243324279785,32.015621185302734,34.65544509887695,35.38361358642578,35.46829605102539,35.80502700805664,36.055511474609375,36.8917350769043,38.587562561035156,40.31128692626953,40.70626449584961,41.146080017089844,41.59326934814453,42.94182205200195,42.05948257446289,42.05948257446289,42.54409408569336,42.94182205200195,44.29446792602539,44.777225494384766,44.41846466064453,43.011627197265625,42.8018684387207,44.04542922973633
1774426896.3867419,-75,1,0,0,48.02082824707031,47.41307830810547,47.01063537597656,47.16990661621094,46.81879806518555,47.434165954589844,46.48655700683594,47.434165954589844,48.383880615234375,49.04079818725586,50.0,48.383880615234375,48.703182220458984,49.97999572753906,48.84669876098633,46.51881408691406,45.650848388671875,45.79301071166992,45.486263275146484,44.40720748901367,43.27817153930664,43.84062194824219,44.04542922973633,7.8102498054504395,2.8284270763397217,1.0,1.0,3.0,7.280109882354736,36.400550842285156,34.539833068847656,34.438350677490234,34.48188018798828,35.22782897949219,36.2353401184082,37.53664779663086,39.623226165771484,40.31128692626953,40.31128692626953,41.72529220581055,42.42640686035156,43.13930892944336,43.13930892944336,41.72529220581055,42.42640686035156,42.42640686035156,43.185646057128906,43.27817153930664,44.04542922973633,45.45327377319336,46.22769546508789,47.01063537597656
1774426896.3972092,-75,1,0,0,45.54119110107422,42.379241943359375,40.804412841796875,41.761226654052734,44.14748001098633,44.9110221862793,43.931766510009766,42.95346450805664,41.9761848449707,43.931766510009766,45.7055778503418,46.52956008911133,46.69047164916992,45.89117431640625,44.14748001098633,41.48493576049805,39.0,41.146080017089844,42.05948257446289,43.046485900878906,43.011627197265625,44.384681701660156,43.8292121887207,8.062257766723633,3.605551242828369,1.0,1.0,2.0,6.082762718200684,32.75667953491211,32.38827133178711,31.78049659729004,32.015621185302734,32.572994232177734,33.241539001464844,34.928497314453125,36.24913787841797,36.67424011230469,36.715118408203125,38.27531814575195,39.408119201660156,41.88078308105469,42.43819046020508,41.617305755615234,38.832977294921875,37.44329071044922,39.11521530151367,41.67733383178711,43.8292121887207,43.382022857666016,42.04759216308594,41.62931823730469
1774426896.475754,-75,1,0,0,40.607879638671875,40.804412841796875,40.224369049072266,39.66106414794922,40.31128692626953,40.70626449584961,40.24922180175781,40.24922180175781,40.71854782104492,41.62931823730469,42.04759216308594,42.48529052734375,42.94182205200195,43.416587829589844,43.046485900878906,41.88078308105469,40.0,38.41874694824219,38.28837966918945,37.48332977294922,38.20994567871094,37.6961555480957,37.36308288574219,7.071067810058594,2.0,1.0,1.0,2.2360680103302,5.656854152679443,29.73213768005371,29.698484420776367,29.4108829498291,29.832868576049805,29.73213768005371,31.11269760131836,31.14482307434082,32.649654388427734,34.20526123046875,34.20526123046875,35.0,35.608985900878906,36.2353401184082,36.2353401184082,36.2353401184082,37.202152252197266,38.01315689086914,37.80211639404297,38.41874694824219,39.051246643066406,39.051246643066406,39.051246643066406,38.94868469238281
1774426896.4887586,-75,1,0,0,46.87216567993164,44.72135925292969,43.416587829589844,44.283180236816406,45.17742919921875,46.097721099853516,47.04253387451172,46.010868072509766,45.0111083984375,45.0111083984375,46.010868072509766,47.095645904541016,48.166378021240234,47.26520919799805,46.52956008911133,44.9110221862793,44.384681701660156,43.680660247802734,43.32435989379883,42.154476165771484,41.146080017089844,40.224369049072266,40.607879638671875,6.4031243324279785,1.4142135381698608,1.4142135381698608,1.4142135381698608,1.4142135381698608,6.082762718200684,33.0151481628418,33.241539001464844,32.557640075683594,32.98484420776367,33.241539001464844,33.83784866333008,34.1760139465332,35.46829605102539,36.24913787841797,36.67424011230469,38.01315689086914,39.824615478515625,39.824615478515625,41.18252182006836,41.18252182006836,41.18252182006836,41.18252182006836,40.70626449584961,40.70626449584961,41.146080017089844,42.54409408569336,44.384681701660156,44.94440841674805
1774426896.5580933,-75,1,0,0,45.09988784790039,43.104522705078125,42.19004440307617,41.19466018676758,41.43669891357422,41.773197174072266,41.9761848449707,43.416587829589844,43.416587829589844,43.416587829589844,44.14748001098633,43.931766510009766,43.931766510009766,43.73785400390625,43.5660400390625,42.42640686035156,42.19004440307617,42.10700607299805,41.01219177246094,41.1096076965332,40.31128692626953,39.39543151855469,38.07886505126953,7.211102485656738,2.8284270763397217,0.0,0.0,2.0,6.0,30.265491485595703,30.0,31.016124725341797,31.14482307434082,32.24903106689453,33.37664031982422,34.525352478027344,35.693138122558594,34.928497314453125,35.1710090637207,35.44009017944336,35.44009017944336,37.36308288574219,38.07886505126953,39.051246643066406,39.051246643066406,39.293766021728516,38.60051727294922,39.051246643066406,38.832977294921875,39.623226165771484,40.607879638671875,41.43669891357422
1774426896.6375556,-75,1,0,0,43.08131790161133,42.54409408569336,42.54409408569336,42.04759216308594,42.05948257446289,42.19004440307617,42.72002029418945,44.10215377807617,43.26661682128906,43.26661682128906,43.26661682128906,43.5660400390625,44.41846466064453,44.41846466064453,43.90899658203125,42.94182205200195,41.62931823730469,39.924930572509766,39.217342376708984,38.327537536621094,37.656341552734375,37.05401611328125,38.327537536621094,6.082762718200684,2.0,1.0,1.0,1.4142135381698608,5.0,30.886890411376953,29.96664810180664,30.08321762084961,30.675724029541016,31.048349380493164,31.78049659729004,32.557640075683594,33.37664031982422,33.241539001464844,34.13209533691406,35.12833786010742,36.055511474609375,37.05401611328125,37.121421813964844,38.11823654174805,38.11823654174805,38.11823654174805,38.11823654174805,38.327537536621094,38.470767974853516,38.63935852050781,40.024993896484375,41.0
1774426896.647984,-75,1,0,0,48.383880615234375,48.703182220458984,49.04079818725586,48.84669876098633,48.332183837890625,47.41307830810547,45.650848388671875,45.27692413330078,47.50789260864258,48.87739944458008,50.6063232421875,50.11985778808594,50.537113189697266,50.537113189697266,49.24428939819336,47.53945541381836,45.54119110107422,44.271888732910156,43.680660247802734,43.931766510009766,43.28972244262695,43.046485900878906,43.011627197265625,7.071067810058594,2.2360680103302,1.4142135381698608,1.4142135381698608,1.0,4.4721360206604,32.649654388427734,33.61547088623047,34.20526123046875,33.734256744384766,34.36568069458008,35.22782897949219,37.121421813964844,39.0128173828125,40.0,41.01219177246094,42.04759216308594,42.04759216308594,42.04759216308594,41.04875183105469,40.04996871948242,42.01190185546875,42.0,44.04542922973633,45.09988784790039,45.17742919921875,44.18144226074219,45.27692413330078,45.39823913574219
1774426896.7156808,-75,1,0,0,50.6063232421875,48.87739944458008,46.3249397277832,45.221675872802734,47.01063537597656,47.50789260864258,46.86149978637695,47.6340217590332,47.50789260864258,47.423622131347656,48.10405349731445,48.166378021240234,48.91830062866211,49.04079818725586,49.40647888183594,47.70744323730469,47.01063537597656,46.957427978515625,46.51881408691406,45.31004333496094,43.011627197265625,42.95346450805664,43.28972244262695,8.0,3.1622776985168457,1.0,1.0,2.2360680103302,6.4031243324279785,35.0,35.510562896728516,35.34119415283203,35.46829605102539,36.68787384033203,37.36308288574219,38.07886505126953,39.051246643066406,39.81205749511719,40.607879638671875,41.59326934814453,42.57933807373047,43.5660400390625,43.5660400390625,43.5660400390625,44.55333709716797,44.55333709716797,44.72135925292969,44.72135925292969,45.89117431640625,47.29693603515625,47.53945541381836,48.08325958251953
1774426896.7924335,-75,1,0,0,43.13930892944336,42.52058410644531,41.231056213378906,41.617305755615234,42.19004440307617,42.54409408569336,42.05948257446289,43.416587829589844,44.29446792602539,44.777225494384766,45.27692413330078,45.27692413330078,44.41846466064453,44.94440841674805,43.8292121887207,42.8018684387207,41.773197174072266,41.03656768798828,41.01219177246094,39.623226165771484,38.41874694824219,38.94868469238281,38.60051727294922,6.4031243324279785,1.4142135381698608,1.0,1.0,2.0,6.324555397033691,31.764760971069336,31.906112670898438,30.4138126373291,31.14482307434082,32.015621185302734,33.0151481628418,33.83784866333008,34.66987228393555,34.98571014404297,35.35533905029297,34.885528564453125,36.2353401184082,36.2353401184082,36.2353401184082,37.58989334106445,38.470767974853516,38.94868469238281,39.11521530151367,39.66106414794922,40.224369049072266,40.224369049072266,40.804412841796875,42.8018684387207
1774426896.8026123,-75,1,0,0,43.8292121887207,43.011627197265625,41.400482177734375,39.824615478515625,39.623226165771484,40.31128692626953,41.01219177246094,42.42640686035156,43.13930892944336,43.863426208496094,44.59820556640625,43.863426208496094,44.55333709716797,44.55333709716797,42.44997024536133,40.45985794067383,40.224369049072266,39.96248245239258,40.31128692626953,39.357337951660156,39.39543151855469,39.051246643066406,38.470767974853516,7.0,3.1622776985168457,1.0,1.0,2.2360680103302,5.830951690673828,30.0,29.4108829498291,29.4108829498291,30.01666259765625,30.870698928833008,32.31098937988281,34.1760139465332,34.1760139465332,34.1760139465332,34.78505325317383,34.48188018798828,35.44009017944336,36.68787384033203,36.68787384033203,37.64305877685547,37.947330474853516,38.897300720214844,39.217342376708984,39.217342376708984,38.62641525268555,38.62641525268555,39.39543151855469,40.71854782104492
1774426896.8629346,-75,1,0,0,42.10700607299805,41.30375289916992,41.59326934814453,41.773197174072266,42.44997024536133,43.011627197265625,42.379241943359375,42.379241943359375,42.379241943359375,43.32435989379883,44.271888732910156,44.92215347290039,44.643028259277344,45.607017517089844,44.384681701660156,42.95346450805664,40.607879638671875,39.458839416503906,39.31920623779297,39.11521530151367,39.0,39.217342376708984,38.4837646484375,6.7082037925720215,2.2360680103302,1.0,1.0,2.2360680103302,6.082762718200684,30.066593170166016,29.017236709594727,31.0,31.064449310302734,31.256999969482422,32.38827133178711,33.541019439697266,34.928497314453125,36.13862228393555,36.13862228393555,36.400550842285156,36.68787384033203,37.36308288574219,37.36308288574219,37.10795211791992,37.10795211791992,38.07886505126953,39.051246643066406,40.79215621948242,39.623226165771484,39.458839416503906,39.31920623779297,39.20458984375
1774426896.9476237,-75,1,0,0,45.80392837524414,47.434165954589844,47.70744323730469,51.0,52.801513671875,50.15974426269531,46.615447998046875,44.384681701660156,45.31004333496094,48.10405349731445,51.62363815307617,51.078372955322266,50.56678771972656,50.537113189697266,50.2493782043457,48.82622146606445,48.41487503051758,47.6340217590332,47.01063537597656,44.68780517578125,43.13930892944336,41.617305755615234,40.31128692626953,8.062257766723633,3.1622776985168457,0.0,0.0,2.2360680103302,6.7082037925720215,32.4499626159668,33.0151481628418,33.83784866333008,34.20526123046875,34.71310806274414,35.35533905029297,37.48332977294922,40.31128692626953,41.1096076965332,41.231056213378906,42.8018684387207,45.607017517089844,47.01063537597656,44.821868896484375,44.04542922973633,42.63801193237305,43.27817153930664,44.55333709716797,45.27692413330078,45.27692413330078,43.84062194824219,43.863426208496094,45.96738052368164
1774426896.9580467,-75,1,0,0,44.777225494384766,43.382022857666016,42.05948257446289,40.8166618347168,41.04875183105469,43.011627197265625,43.8292121887207,44.65422821044922,43.8292121887207,43.8292121887207,44.40720748901367,44.40720748901367,43.8292121887207,44.10215377807617,43.5660400390625,42.05948257446289,40.71854782104492,39.924930572509766,40.853397369384766,40.804412841796875,40.26164245605469,40.31128692626953,39.0128173828125,8.062257766723633,3.1622776985168457,1.0,1.0,2.2360680103302,5.830951690673828,29.681644439697266,30.886890411376953,30.870698928833008,31.016124725341797,31.62277603149414,32.98484420776367,33.95585250854492,34.71310806274414,35.693138122558594,36.67424011230469,37.48332977294922,37.336307525634766,38.327537536621094,39.20458984375,40.199501037597656,40.199501037597656,40.31128692626953,39.458839416503906,39.623226165771484,39.81205749511719,39.81205749511719,40.26164245605469,41.48493576049805
1774426897.031642,-75,1,0,0,41.9761848449707,42.7551155090332,41.59326934814453,42.57933807373047,43.28972244262695,44.18144226074219,43.104522705078125,43.046485900878906,43.046485900878906,43.046485900878906,44.04542922973633,45.09988784790039,45.17742919921875,45.39823913574219,43.73785400390625,42.95346450805664,41.9761848449707,41.231056213378906,40.52159881591797,39.560081481933594,38.910152435302734,38.28837966918945,38.897300720214844,7.8102498054504395,2.8284270763397217,0.0,0.0,2.0,6.082762718200684,32.140316009521484,31.575305938720703,31.400636672973633,31.048349380493164,32.572994232177734,33.241539001464844,33.61547088623047,34.01470184326172,34.885528564453125,36.2353401184082,36.715118408203125,37.121421813964844,37.58989334106445,37.58989334106445,38.470767974853516,38.470767974853516,38.470767974853516,39.824615478515625,39.824615478515625,40.70626449584961,39.81205749511719,40.31128692626953,41.78516387939453
1774426897.1107757,-75,1,0,0,43.416587829589844,43.046485900878906,43.046485900878906,41.67733383178711,40.31128692626953,40.8166618347168,40.49691390991211,41.88078308105469,43.8292121887207,43.26661682128906,43.8292121887207,43.8292121887207,42.72002029418945,42.72002029418945,41.67733383178711,41.59326934814453,40.853397369384766,39.84971618652344,39.293766021728516,38.832977294921875,38.327537536621094,38.05259704589844,38.327537536621094,7.280109882354736,2.2360680103302,1.0,1.0,1.0,5.385164737701416,27.312999725341797,30.08321762084961,30.01666259765625,31.764760971069336,33.541019439697266,34.0,33.541019439697266,33.61547088623047,34.1760139465332,35.735137939453125,36.400550842285156,36.13862228393555,35.902645111083984,36.67424011230469,36.67424011230469,38.07886505126953,38.327537536621094,38.327537536621094,38.897300720214844,38.27531814575195,39.0,40.31128692626953,41.231056213378906
1774426897.1214328,-75,1,0,0,45.607017517089844,44.384681701660156,43.931766510009766,45.54119110107422,47.381431579589844,48.25971221923828,47.16990661621094,47.16990661621094,48.041648864746094,48.041648864746094,49.04079818725586,49.09175109863281,48.25971221923828,48.3735466003418,47.51841735839844,46.69047164916992,45.12205505371094,44.643028259277344,45.221675872802734,44.0113639831543,43.382022857666016,41.617305755615234,39.69886779785156,7.211102485656738,2.2360680103302,1.0,1.0,2.0,6.0,32.557640075683594,33.734256744384766,34.48188018798828,33.83784866333008,34.928497314453125,35.34119415283203,37.121421813964844,38.470767974853516,39.96248245239258,40.49691390991211,41.617305755615234,41.617305755615234,42.43819046020508,41.617305755615234,40.804412841796875,41.617305755615234,41.88078308105469,43.5660400390625,46.14108657836914,45.650848388671875,44.777225494384766,44.29446792602539,45.17742919921875
1774426897.1887326,-75,1,0,0,49.36598205566406,48.166378021240234,47.04253387451172,45.0444221496582,47.16990661621094,48.25971221923828,46.173583984375,47.095645904541016,47.095645904541016,48.041648864746094,49.09175109863281,50.15974426269531,50.03998565673828,50.0,48.0,46.04345703125,44.283180236816406,43.17406463623047,42.72002029418945,42.95346450805664,44.29446792602539,44.204071044921875,44.59820556640625,8.485280990600586,3.605551242828369,0.0,0.0,3.0,6.0,33.0151481628418,33.241539001464844,34.78505325317383,35.46829605102539,37.161808013916016,37.57658767700195,39.39543151855469,40.71854782104492,40.71854782104492,39.39543151855469,39.81205749511719,40.70626449584961,41.88078308105469,41.04875183105469,41.88078308105469,42.72002029418945,42.19004440307617,43.90899658203125,44.29446792602539,45.18849563598633,45.31004333496094,45.54119110107422,46.173583984375
1774426897.2603135,-75,1,0,0,48.30113983154297,46.51881408691406,45.694637298583984,47.16990661621094,49.33558654785156,49.04079818725586,48.764739990234375,48.50773239135742,48.27007293701172,49.24428939819336,51.195701599121094,51.41984176635742,51.92301940917969,51.244510650634766,49.648765563964844,47.16990661621094,46.097721099853516,45.617977142333984,45.17742919921875,45.27692413330078,44.10215377807617,42.44997024536133,41.400482177734375,7.8102498054504395,2.2360680103302,1.0,1.0,2.0,6.324555397033691,35.35533905029297,34.98571014404297,35.510562896728516,35.22782897949219,35.608985900878906,35.46829605102539,36.06937789916992,38.18376541137695,40.31128692626953,40.360870361328125,41.773197174072266,42.44997024536133,43.863426208496094,42.44997024536133,42.44997024536133,41.03656768798828,41.72529220581055,41.72529220581055,43.185646057128906,43.185646057128906,43.863426208496094,43.863426208496094,43.931766510009766
1774426897.2706816,-75,1,0,0,46.87216567993164,45.486263275146484,44.41846466064453,44.777225494384766,46.06517028808594,47.01063537597656,47.53945541381836,47.16990661621094,48.10405349731445,48.46648406982422,48.46648406982422,47.92702865600586,48.332183837890625,50.08992004394531,48.30113983154297,47.50789260864258,46.647613525390625,44.94440841674805,45.221675872802734,44.04542922973633,43.863426208496094,41.1096076965332,40.607879638671875,7.8102498054504395,2.8284270763397217,0.0,0.0,2.2360680103302,6.7082037925720215,33.12099075317383,33.2866325378418,34.058773040771484,34.65544509887695,34.65544509887695,34.71310806274414,36.2353401184082,38.60051727294922,39.66106414794922,39.66106414794922,40.49691390991211,41.04875183105469,42.43819046020508,43.011627197265625,42.8018684387207,42.01190185546875,42.01190185546875,43.600460052490234,44.40720748901367,44.204071044921875,44.68780517578125,43.863426208496094,45.25483322143555
1774426897.3451009,-75,1,0,0,42.05948257446289,42.48529052734375,41.231056213378906,40.49691390991211,42.05948257446289,42.72002029418945,42.72002029418945,43.96589660644531,43.96589660644531,45.221675872802734,45.221675872802734,45.54119110107422,45.54119110107422,45.880279541015625,44.384681701660156,43.382022857666016,42.05948257446289,40.8166618347168,40.49691390991211,40.224369049072266,39.051246643066406,38.20994567871094,37.013511657714844,6.4031243324279785,1.4142135381698608,1.0,1.0,2.0,6.082762718200684,30.675724029541016,31.38471031188965,32.202484130859375,32.24903106689453,32.4499626159668,33.60059356689453,33.42155075073242,33.42155075073242,34.71310806274414,35.38361358642578,36.06937789916992,36.769554138183594,38.20994567871094,37.53664779663086,37.53664779663086,37.53664779663086,37.48332977294922,38.20994567871094,39.051246643066406,39.051246643066406,39.824615478515625,39.824615478515625,42.01190185546875
1774426897.3557765,-75,1,0,0,22.472204208374023,24.413110733032227,25.0,23.600847244262695,20.808652877807617,18.867961883544922,18.867961883544922,19.72308349609375,21.63330841064453,22.803508758544922,23.600847244262695,23.600847244262695,25.0,26.4007568359375,26.62705421447754,26.419689178466797,24.59674835205078,21.540658950805664,19.92485809326172,18.439088821411133,18.248287200927734,40.607879638671875,40.360870361328125,8.485280990600586,2.8284270763397217,0.0,0.0,2.2360680103302,5.385164737701416,28.160255432128906,28.460498809814453,10.770329475402832,10.770329475402832,11.704699516296387,13.34166431427002,14.317821502685547,14.560219764709473,15.81138801574707,16.76305389404297,17.262676239013672,16.278820037841797,15.132745742797852,15.0,15.033296585083008,16.0,17.029386520385742,18.11077117919922,17.262676239013672,16.492422103881836,17.72004508972168,19.313207626342773,20.615528106689453
1774426897.4312317,-75,1,0,0,43.416587829589844,43.17406463623047,42.95346450805664,42.7551155090332,42.57933807373047,42.42640686035156,42.19004440307617,43.104522705078125,44.04542922973633,44.04542922973633,44.10215377807617,44.283180236816406,45.54119110107422,44.72135925292969,43.931766510009766,43.17406463623047,42.44997024536133,40.52159881591797,40.16217041015625,39.0,38.910152435302734,38.94868469238281,38.20994567871094,7.8102498054504395,2.8284270763397217,0.0,0.0,2.2360680103302,6.082762718200684,31.400636672973633,30.805843353271484,31.048349380493164,31.62277603149414,32.31098937988281,33.61547088623047,34.438350677490234,35.7770881652832,35.84689712524414,37.2155876159668,37.735923767089844,37.735923767089844,38.27531814575195,39.11521530151367,39.96248245239258,39.96248245239258,40.8166618347168,40.31128692626953,40.31128692626953,39.824615478515625,40.70626449584961,41.146080017089844,42.95346450805664
1774426897.5112476,-75,1,0,0,45.486263275146484,44.41846466064453,44.29446792602539,46.097721099853516,46.2385139465332,46.81879806518555,45.880279541015625,45.880279541015625,46.81879806518555,47.75981521606445,48.703182220458984,48.703182220458984,49.04079818725586,49.39635467529297,47.92702865600586,46.957427978515625,46.14108657836914,44.41846466064453,43.5660400390625,42.43819046020508,41.86884307861328,41.72529220581055,42.52058410644531,7.8102498054504395,2.8284270763397217,1.0,1.0,2.0,6.324555397033691,33.541019439697266,33.61547088623047,33.83784866333008,35.80502700805664,36.2353401184082,36.12478256225586,37.48332977294922,38.18376541137695,38.94868469238281,38.94868469238281,39.051246643066406,39.051246643066406,41.1096076965332,42.63801193237305,42.63801193237305,43.27817153930664,43.931766510009766,43.931766510009766,43.84062194824219,43.13930892944336,43.863426208496094,44.59820556640625,45.343135833740234
1774426897.521511,-75,1,0,0,44.10215377807617,43.011627197265625,42.01190185546875,41.0,42.01190185546875,43.104522705078125,43.185646057128906,43.28972244262695,43.416587829589844,43.5660400390625,43.5660400390625,44.40720748901367,44.18144226074219,44.10215377807617,43.046485900878906,43.0,42.01190185546875,41.04875183105469,41.19466018676758,40.79215621948242,40.52159881591797,41.146080017089844,41.18252182006836,8.062257766723633,2.8284270763397217,0.0,0.0,2.0,6.0,31.0,30.149627685546875,31.400636672973633,31.575305938720703,32.015621185302734,33.52610778808594,33.83784866333008,34.539833068847656,35.84689712524414,36.24913787841797,37.57658767700195,38.4837646484375,39.39543151855469,39.39543151855469,39.81205749511719,38.4837646484375,38.07886505126953,39.0,40.49691390991211,40.16217041015625,39.84971618652344,41.48493576049805,42.20189666748047
1774426897.5976317,-75,1,0,0,48.25971221923828,46.40043258666992,45.45327377319336,46.010868072509766,47.381431579589844,47.381431579589844,46.69047164916992,45.96738052368164,46.010868072509766,46.75468063354492,48.166378021240234,48.83646011352539,49.51767349243164,48.79549026489258,48.10405349731445,46.86149978637695,45.0,44.40720748901367,44.65422821044922,43.046485900878906,42.94182205200195,43.863426208496094,44.271888732910156,7.280109882354736,2.2360680103302,1.0,1.0,2.2360680103302,6.4031243324279785,33.241539001464844,32.649654388427734,33.2866325378418,34.0,35.34119415283203,37.161808013916016,38.07886505126953,37.6961555480957,38.27531814575195,37.947330474853516,39.560081481933594,40.52159881591797,42.72002029418945,42.44997024536133,42.20189666748047,42.20189666748047,41.48493576049805,41.761226654052734,42.379241943359375,43.65776062011719,44.0113639831543,44.777225494384766,44.777225494384766
1774426897.6691787,-75,1,0,0,22.203603744506836,21.40093421936035,20.808652877807617,21.63330841064453,22.203603744506836,21.954498291015625,21.02379608154297,21.540658950805664,22.135944366455078,22.472204208374023,23.76972770690918,22.847318649291992,22.847318649291992,24.166091918945312,22.825424194335938,22.472204208374023,23.021728515625,20.808652877807617,20.808652877807617,19.209373474121094,19.79899024963379,37.0,36.055511474609375,7.071067810058594,3.1622776985168457,1.0,0.0,2.0,6.082762718200684,30.4138126373291,30.265491485595703,12.041594505310059,13.45362377166748,14.21267032623291,15.620499610900879,15.81138801574707,16.6433162689209,17.0,17.8885440826416,18.788293838500977,18.384777069091797,16.552946090698242,15.65247631072998,15.231546401977539,17.0,18.357559204101562,20.124610900878906,21.470911026000977,20.59126091003418,19.72308349609375,19.416488647460938,20.0
1774426897.6794257,-75,1,0,0,42.52058410644531,41.231056213378906,40.607879638671875,40.804412841796875,42.43819046020508,41.88078308105469,40.8166618347168,40.31128692626953,41.18252182006836,41.18252182006836,42.19004440307617,43.26661682128906,43.011627197265625,42.8018684387207,42.01190185546875,41.231056213378906,40.360870361328125,41.01219177246094,41.03656768798828,39.20458984375,38.27531814575195,37.6961555480957,37.947330474853516,6.082762718200684,2.0,1.4142135381698608,1.4142135381698608,1.0,5.385164737701416,30.4138126373291,29.681644439697266,29.20616340637207,29.832868576049805,31.890438079833984,32.526912689208984,33.970577239990234,34.71310806274414,34.828147888183594,35.0,35.0,35.80502700805664,36.619667053222656,38.01315689086914,38.01315689086914,38.01315689086914,37.44329071044922,38.01315689086914,38.60051727294922,39.20458984375,39.051246643066406,39.69886779785156,40.360870361328125
1774426897.7542598,-76,1,0,0,45.96738052368164,44.55333709716797,44.68780517578125,45.607017517089844,45.80392837524414,45.221675872802734,44.65422821044922,44.65422821044922,46.04345703125,46.87216567993164,47.70744323730469,48.25971221923828,47.434165954589844,48.010414123535156,46.40043258666992,44.68780517578125,43.863426208496094,43.13930892944336,43.185646057128906,42.63801193237305,41.617305755615234,41.59326934814453,40.853397369384766,8.246211051940918,3.0,1.0,1.0,1.4142135381698608,5.656854152679443,32.015621185302734,32.557640075683594,32.649654388427734,33.60059356689453,35.510562896728516,35.84689712524414,36.2353401184082,38.01315689086914,38.4837646484375,38.4837646484375,40.31128692626953,41.62931823730469,41.62931823730469,41.62931823730469,41.62931823730469,40.71854782104492,41.146080017089844,40.24922180175781,40.70626449584961,42.54409408569336,43.90899658203125,44.94440841674805,45.486263275146484
1774426897.7659218,-75,1,0,0,42.72002029418945,41.34005355834961,40.8166618347168,40.70626449584961,40.71854782104492,41.78516387939453,41.43669891357422,41.1096076965332,42.379241943359375,42.72002029418945,43.46262741088867,42.95346450805664,42.48529052734375,42.94182205200195,42.54409408569336,40.8166618347168,39.66106414794922,39.66106414794922,38.832977294921875,38.41874694824219,37.48332977294922,36.055511474609375,35.35533905029297,5.385164737701416,1.0,1.4142135381698608,1.4142135381698608,1.0,4.4721360206604,29.96664810180664,29.681644439697266,29.681644439697266,29.4108829498291,30.0,31.240999221801758,32.557640075683594,33.241539001464844,33.970577239990234,34.058773040771484,34.71310806274414,35.38361358642578,36.12478256225586,36.878177642822266,36.878177642822266,37.53664779663086,38.20994567871094,38.20994567871094,38.20994567871094,38.20994567871094,38.18376541137695,38.897300720214844,39.623226165771484
1774426897.8364928,-75,1,0,0,48.25971221923828,47.381431579589844,46.69047164916992,47.85394287109375,49.24428939819336,48.764739990234375,46.840152740478516,45.880279541015625,48.08325958251953,49.04079818725586,49.04079818725586,49.72926712036133,50.447994232177734,50.21951675415039,48.83646011352539,47.67599105834961,46.27094268798828,44.04542922973633,44.0,44.04542922973633,43.28972244262695,41.231056213378906,39.824615478515625,7.6157732009887695,2.2360680103302,1.0,1.0,2.2360680103302,6.324555397033691,32.280025482177734,32.75667953491211,33.37664031982422,34.13209533691406,35.0,36.055511474609375,36.22154235839844,38.327537536621094,39.458839416503906,40.4474983215332,40.607879638671875,41.773197174072266,42.95346450805664,42.7551155090332,41.773197174072266,42.57933807373047,42.42640686035156,44.40720748901367,45.39823913574219,45.39823913574219,45.27692413330078,45.17742919921875,46.097721099853516
1774426897.8364928,-75,1,0,0,40.024993896484375,39.623226165771484,39.458839416503906,39.31920623779297,39.20458984375,40.112342834472656,40.01249694824219,41.01219177246094,41.04875183105469,42.04759216308594,42.10700607299805,41.19466018676758,41.30375289916992,41.43669891357422,40.607879638671875,39.81205749511719,38.327537536621094,38.60051727294922,38.27531814575195,37.161808013916016,35.35533905029297,38.01315689086914,36.715118408203125,5.385164737701416,1.0,1.4142135381698608,1.4142135381698608,1.0,5.0,28.44292449951172,28.861740112304688,28.07133674621582,28.44292449951172,29.614185333251953,31.048349380493164,31.320919036865234,31.62277603149414,31.95309066772461,32.31098937988281,32.69556427001953,32.69556427001953,34.01470184326172,34.01470184326172,34.01470184326172,35.84689712524414,36.67424011230469,36.67424011230469,36.24913787841797,35.84689712524414,36.400550842285156,37.947330474853516,37.947330474853516
1774426897.9123106,-75,1,0,0,41.86884307861328,42.01190185546875,41.617305755615234,40.49691390991211,40.31128692626953,40.70626449584961,39.824615478515625,40.70626449584961,40.70626449584961,41.59326934814453,42.48529052734375,43.8292121887207,43.416587829589844,43.046485900878906,42.43819046020508,41.400482177734375,40.45985794067383,40.360870361328125,39.623226165771484,38.18376541137695,37.53664779663086,37.6961555480957,37.64305877685547,7.071067810058594,3.0,1.0,1.0,2.0,5.0,28.319604873657227,29.068883895874023,30.232433319091797,30.610456466674805,31.14482307434082,31.827661514282227,33.30165100097656,34.058773040771484,35.0,35.80502700805664,35.80502700805664,35.80502700805664,36.400550842285156,36.400550842285156,37.202152252197266,38.60051727294922,38.60051727294922,39.824615478515625,40.607879638671875,39.824615478515625,39.824615478515625,39.824615478515625,39.69886779785156
1774426897.9347062,-75,1,0,0,44.204071044921875,42.63801193237305,41.773197174072266,41.03656768798828,41.72529220581055,41.773197174072266,41.86884307861328,43.27817153930664,43.931766510009766,43.931766510009766,43.931766510009766,43.185646057128906,43.13930892944336,43.13930892944336,43.13930892944336,43.27817153930664,42.20189666748047,41.617305755615234,41.88078308105469,41.18252182006836,40.71854782104492,40.16217041015625,40.26164245605469,7.071067810058594,3.0,1.0,1.0,1.4142135381698608,5.0,27.58622932434082,29.0,29.832868576049805,30.805843353271484,31.906112670898438,32.75667953491211,33.12099075317383,33.541019439697266,33.541019439697266,34.438350677490234,35.84689712524414,36.769554138183594,37.161808013916016,37.161808013916016,37.6961555480957,39.0,39.0,39.39543151855469,38.4837646484375,38.910152435302734,40.24922180175781,40.70626449584961,42.54409408569336
1774426898.0026758,-75,1,0,0,48.54894256591797,47.16990661621094,47.16990661621094,46.647613525390625,45.650848388671875,45.617977142333984,44.283180236816406,44.777225494384766,46.615447998046875,47.53945541381836,49.24428939819336,50.08992004394531,50.08992004394531,49.19349670410156,47.88528060913086,46.647613525390625,46.04345703125,45.0,44.68780517578125,43.13930892944336,42.44997024536133,40.224369049072266,39.4461669921875,7.6157732009887695,3.0,1.0,1.0,1.4142135381698608,5.830951690673828,32.24903106689453,32.75667953491211,33.0151481628418,33.42155075073242,33.970577239990234,34.65544509887695,36.06937789916992,38.897300720214844,39.623226165771484,40.360870361328125,40.45985794067383,41.231056213378906,42.01190185546875,42.01190185546875,42.8018684387207,42.8018684387207,42.63801193237305,42.52058410644531,43.13930892944336,43.13930892944336,43.863426208496094,45.96738052368164,45.96738052368164
1774426898.0134501,-75,1,0,0,47.434165954589844,46.81879806518555,45.880279541015625,45.694637298583984,45.18849563598633,46.06517028808594,46.06517028808594,47.85394287109375,47.85394287109375,46.957427978515625,46.957427978515625,46.957427978515625,47.85394287109375,48.754486083984375,48.46648406982422,47.75981521606445,46.173583984375,44.643028259277344,45.35416030883789,43.73785400390625,43.28972244262695,43.931766510009766,43.680660247802734,8.5440034866333,2.8284270763397217,1.0,0.0,2.0,6.082762718200684,32.98484420776367,33.241539001464844,32.015621185302734,34.525352478027344,36.22154235839844,36.12478256225586,37.05401611328125,37.013511657714844,37.0,39.0,40.0,40.01249694824219,41.04875183105469,41.04875183105469,41.01219177246094,42.0,42.0,42.01190185546875,42.04759216308594,43.185646057128906,44.18144226074219,45.27692413330078,47.381431579589844
1774426898.0886493,-75,1,0,0,43.416587829589844,42.42640686035156,41.43669891357422,39.31920623779297,37.336307525634766,36.878177642822266,37.947330474853516,40.49691390991211,43.32435989379883,43.96589660644531,43.416587829589844,43.17406463623047,42.44997024536133,43.680660247802734,42.44997024536133,40.26164245605469,36.67424011230469,36.49657440185547,35.12833786010742,35.0,35.05709457397461,42.72002029418945,43.73785400390625,8.062257766723633,3.1622776985168457,1.0,1.0,1.4142135381698608,5.0,29.73213768005371,30.0,26.07680892944336,28.160255432128906,30.4138126373291,30.5941162109375,31.78049659729004,32.280025482177734,32.572994232177734,32.572994232177734,33.52610778808594,32.572994232177734,31.95309066772461,32.572994232177734,32.572994232177734,35.44009017944336,36.400550842285156,38.60051727294922,39.84971618652344,39.560081481933594,38.07886505126953,38.470767974853516,38.327537536621094
1774426898.1694298,-75,1,0,0,47.381431579589844,46.69047164916992,46.69047164916992,47.423622131347656,48.91830062866211,49.20365905761719,48.60041046142578,48.82622146606445,48.82622146606445,50.21951675415039,50.21951675415039,49.20365905761719,49.04079818725586,50.32891845703125,48.83646011352539,46.66904830932617,44.55333709716797,43.931766510009766,44.821868896484375,43.8292121887207,43.5660400390625,42.05948257446289,40.31128692626953,7.6157732009887695,3.1622776985168457,0.0,0.0,2.2360680103302,6.4031243324279785,32.202484130859375,33.30165100097656,34.71310806274414,35.608985900878906,35.0,35.22782897949219,37.2155876159668,38.470767974853516,40.24922180175781,41.146080017089844,42.04759216308594,43.382022857666016,42.95346450805664,43.863426208496094,43.46262741088867,42.54409408569336,42.95346450805664,44.72135925292969,45.17742919921875,44.777225494384766,44.41846466064453,44.94440841674805,46.04345703125
1774426898.181178,-75,1,0,0,46.389652252197266,44.55333709716797,43.931766510009766,42.95346450805664,43.416587829589844,44.92215347290039,45.221675872802734,47.75981521606445,47.75981521606445,48.703182220458984,48.383880615234375,48.08325958251953,47.801673889160156,47.53945541381836,46.3249397277832,44.9110221862793,44.55333709716797,43.416587829589844,43.185646057128906,42.01190185546875,41.04875183105469,41.48493576049805,40.853397369384766,6.324555397033691,1.4142135381698608,1.4142135381698608,1.4142135381698608,1.4142135381698608,5.385164737701416,31.575305938720703,32.140316009521484,33.060550689697266,33.0,34.01470184326172,35.05709457397461,36.12478256225586,36.22154235839844,36.49657440185547,36.49657440185547,37.656341552734375,38.63935852050781,40.607879638671875,40.607879638671875,41.59326934814453,41.59326934814453,41.43669891357422,41.43669891357422,41.43669891357422,40.31128692626953,41.1096076965332,42.04759216308594,44.04542922973633
1774426898.263844,-75,1,0,0,46.27094268798828,45.09988784790039,45.0111083984375,46.0,47.04253387451172,47.095645904541016,46.173583984375,46.173583984375,47.26520919799805,49.36598205566406,50.35871505737305,50.48762130737305,50.35871505737305,50.15974426269531,49.04079818725586,47.01063537597656,45.09988784790039,45.27692413330078,44.55333709716797,43.931766510009766,42.72002029418945,42.54409408569336,41.18252182006836,7.211102485656738,2.2360680103302,1.0,1.0,1.0,5.0,33.0,34.13209533691406,35.35533905029297,34.928497314453125,34.48188018798828,35.11410140991211,36.769554138183594,38.4837646484375,38.910152435302734,40.24922180175781,40.70626449584961,41.59326934814453,42.48529052734375,43.382022857666016,43.8292121887207,43.382022857666016,43.382022857666016,43.863426208496094,44.0113639831543,42.72002029418945,42.72002029418945,43.65776062011719,45.54119110107422
1774426898.2760532,-75,1,0,0,46.097721099853516,45.35416030883789,43.680660247802734,41.761226654052734,39.84971618652344,40.49691390991211,40.853397369384766,42.154476165771484,43.46262741088867,43.46262741088867,44.777225494384766,44.94440841674805,44.59820556640625,44.59820556640625,43.011627197265625,42.72002029418945,41.9761848449707,40.607879638671875,40.4474983215332,39.20458984375,38.01315689086914,38.470767974853516,39.293766021728516,7.6157732009887695,3.605551242828369,1.0,1.0,2.0,6.082762718200684,33.541019439697266,32.24903106689453,32.24903106689453,32.06243896484375,33.0151481628418,34.0,35.0142822265625,35.0,35.0142822265625,35.05709457397461,36.22154235839844,37.48332977294922,38.470767974853516,39.458839416503906,39.458839416503906,39.31920623779297,39.31920623779297,39.20458984375,40.199501037597656,41.1096076965332,41.01219177246094,42.01190185546875,43.011627197265625
1774426898.3467479,-76,1,0,0,45.221675872802734,44.65422821044922,43.26661682128906,43.5660400390625,44.777225494384766,45.17742919921875,43.863426208496094,44.384681701660156,44.777225494384766,46.51881408691406,47.41307830810547,48.3735466003418,48.3735466003418,48.02082824707031,47.16990661621094,45.486263275146484,43.011627197265625,41.400482177734375,41.86884307861328,42.42640686035156,41.86884307861328,41.18252182006836,41.231056213378906,7.280109882354736,2.0,1.4142135381698608,1.4142135381698608,2.0,5.385164737701416,32.69556427001953,32.24903106689453,32.80244064331055,33.30165100097656,34.65544509887695,35.38361358642578,36.12478256225586,37.80211639404297,38.01315689086914,39.11521530151367,39.96248245239258,40.49691390991211,41.88078308105469,41.88078308105469,41.04875183105469,41.617305755615234,42.8018684387207,43.600460052490234,43.416587829589844,42.63801193237305,43.27817153930664,43.185646057128906,43.185646057128906
1774426898.4237628,-75,1,0,0,46.097721099853516,45.27692413330078,45.96738052368164,47.381431579589844,47.381431579589844,47.423622131347656,47.50789260864258,48.41487503051758,49.20365905761719,50.0,50.6063232421875,50.32891845703125,50.990196228027344,50.93132781982422,49.497474670410156,48.166378021240234,46.75468063354492,46.22769546508789,45.0,44.94440841674805,44.777225494384766,42.48529052734375,41.231056213378906,7.6157732009887695,3.1622776985168457,0.0,0.0,2.2360680103302,6.4031243324279785,32.649654388427734,33.241539001464844,35.46829605102539,36.400550842285156,37.44329071044922,36.8917350769043,37.735923767089844,38.94868469238281,40.24922180175781,41.62931823730469,42.54409408569336,42.54409408569336,43.08131790161133,43.08131790161133,42.154476165771484,41.62931823730469,42.04759216308594,43.382022857666016,44.72135925292969,45.17742919921875,45.17742919921875,46.14108657836914,46.3249397277832
1774426898.4237628,-75,1,0,0,42.7551155090332,41.773197174072266,40.79215621948242,40.26164245605469,40.16217041015625,40.853397369384766,41.231056213378906,41.231056213378906,42.54409408569336,42.54409408569336,42.95346450805664,42.54409408569336,42.154476165771484,42.72002029418945,42.05948257446289,42.44997024536133,41.9761848449707,40.79215621948242,40.4474983215332,39.20458984375,38.01315689086914,40.26164245605469,41.761226654052734,8.5440034866333,3.1622776985168457,1.0,0.0,2.0,6.0,30.265491485595703,29.017236709594727,30.265491485595703,30.149627685546875,31.016124725341797,33.0,33.060550689697266,33.13608169555664,34.2344856262207,35.35533905029297,36.34556198120117,37.336307525634766,38.20994567871094,37.2155876159668,38.327537536621094,39.31920623779297,39.31920623779297,39.31920623779297,39.11521530151367,39.051246643066406,40.04996871948242,40.01249694824219,41.0
1774426898.4948285,-75,1,0,0,49.648765563964844,47.85394287109375,47.01063537597656,45.31004333496094,46.48655700683594,47.12748718261719,45.880279541015625,45.880279541015625,46.57252502441406,48.27007293701172,49.24428939819336,49.72926712036133,50.28916549682617,50.59644317626953,49.04079818725586,47.01063537597656,45.17742919921875,43.90899658203125,44.94440841674805,44.40720748901367,44.04542922973633,43.863426208496094,43.185646057128906,7.8102498054504395,2.8284270763397217,1.0,1.0,2.0,6.324555397033691,32.31098937988281,34.01470184326172,34.48188018798828,34.98571014404297,36.055511474609375,35.80502700805664,36.400550842285156,37.80211639404297,39.824615478515625,41.1096076965332,41.773197174072266,43.13930892944336,43.13930892944336,41.72529220581055,41.03656768798828,41.773197174072266,41.72529220581055,42.44997024536133,44.04542922973633,45.607017517089844,45.80392837524414,46.04345703125,46.615447998046875
1774426898.5698276,-75,1,0,0,43.65776062011719,43.65776062011719,43.32435989379883,43.011627197265625,42.44997024536133,43.931766510009766,43.5660400390625,44.55333709716797,44.72135925292969,44.55333709716797,44.55333709716797,44.72135925292969,45.12205505371094,44.643028259277344,43.680660247802734,43.011627197265625,43.011627197265625,42.05948257446289,42.72002029418945,42.04759216308594,41.67733383178711,41.1096076965332,41.03656768798828,7.8102498054504395,2.8284270763397217,0.0,0.0,2.2360680103302,6.324555397033691,31.320919036865234,31.016124725341797,31.38471031188965,33.105892181396484,33.541019439697266,34.0,34.48188018798828,34.66987228393555,35.80502700805664,37.013511657714844,37.64305877685547,38.41874694824219,39.20458984375,39.20458984375,40.0,40.224369049072266,40.224369049072266,40.224369049072266,39.66106414794922,40.49691390991211,40.49691390991211,42.19004440307617,43.046485900878906
1774426898.6020322,-75,1,0,0,36.055511474609375,36.619667053222656,35.80502700805664,36.359317779541016,37.2155876159668,35.510562896728516,33.60059356689453,32.649654388427734,33.970577239990234,36.12478256225586,37.64305877685547,38.28837966918945,38.94868469238281,38.94868469238281,39.051246643066406,37.80211639404297,36.055511474609375,33.61547088623047,33.541019439697266,33.61547088623047,31.95309066772461,35.1710090637207,33.52610778808594,6.082762718200684,2.0,1.0,1.0,3.1622776985168457,7.0,33.241539001464844,31.78049659729004,21.931713104248047,22.847318649291992,22.847318649291992,24.698177337646484,25.63201141357422,27.513633728027344,28.160255432128906,28.44292449951172,27.166154861450195,27.018512725830078,26.07680892944336,26.019224166870117,27.0,28.07133674621582,29.154760360717773,30.265491485595703,31.575305938720703,32.015621185302734,33.83784866333008,34.539833068847656,34.928497314453125
1774426898.6594992,-75,1,0,0,48.50773239135742,47.801673889160156,45.880279541015625,44.59820556640625,44.777225494384766,45.617977142333984,46.957427978515625,47.85394287109375,48.754486083984375,48.332183837890625,48.754486083984375,48.754486083984375,48.332183837890625,47.92702865600586,47.16990661621094,46.173583984375,44.643028259277344,44.384681701660156,44.384681701660156,43.73785400390625,43.185646057128906,42.10700607299805,42.57933807373047,8.246211051940918,3.1622776985168457,1.0,1.0,2.2360680103302,6.324555397033691,34.928497314453125,34.78505325317383,34.48188018798828,33.734256744384766,35.35533905029297,36.22154235839844,37.121421813964844,38.11823654174805,39.11521530151367,40.04996871948242,41.04875183105469,42.01190185546875,42.01190185546875,42.0,43.0,45.0,45.0,45.0111083984375,45.0444221496582,44.10215377807617,44.18144226074219,44.40720748901367,45.39823913574219
1774426898.7239294,-75,1,0,0,46.3249397277832,45.880279541015625,45.54119110107422,45.880279541015625,46.615447998046875,46.097721099853516,45.18849563598633,43.863426208496094,45.18849563598633,45.617977142333984,46.51881408691406,46.097721099853516,48.332183837890625,49.24428939819336,48.46648406982422,46.81879806518555,43.96589660644531,42.44997024536133,40.79215621948242,42.296573638916016,42.04759216308594,43.046485900878906,43.28972244262695,7.280109882354736,2.2360680103302,1.4142135381698608,1.4142135381698608,1.0,4.4721360206604,30.08321762084961,31.62277603149414,32.38827133178711,33.241539001464844,34.2344856262207,34.058773040771484,35.05709457397461,38.0,39.051246643066406,40.112342834472656,40.112342834472656,40.112342834472656,41.1096076965332,41.1096076965332,42.19004440307617,43.185646057128906,42.19004440307617,43.104522705078125,43.046485900878906,44.0113639831543,43.011627197265625,42.04759216308594,43.104522705078125
1774426898.7343783,-75,1,0,0,44.72135925292969,44.14748001098633,43.416587829589844,43.96589660644531,44.94440841674805,45.31004333496094,44.384681701660156,44.94440841674805,47.16990661621094,48.10405349731445,49.39635467529297,49.04079818725586,48.703182220458984,48.383880615234375,48.50773239135742,46.87216567993164,44.55333709716797,44.40720748901367,43.28972244262695,43.104522705078125,43.0,43.011627197265625,43.185646057128906,7.280109882354736,2.2360680103302,1.4142135381698608,1.4142135381698608,1.0,5.385164737701416,32.69556427001953,33.83784866333008,33.37664031982422,34.13209533691406,35.0142822265625,35.0142822265625,36.055511474609375,38.11823654174805,39.11521530151367,40.199501037597656,40.31128692626953,41.43669891357422,41.59326934814453,41.59326934814453,40.607879638671875,40.607879638671875,40.4474983215332,41.19466018676758,43.104522705078125,44.04542922973633,44.04542922973633,44.04542922973633,44.0
1774426898.8100896,-75,1,0,0,46.097721099853516,46.615447998046875,45.880279541015625,45.54119110107422,45.880279541015625,46.097721099853516,45.89117431640625,45.7055778503418,46.87216567993164,46.87216567993164,46.3249397277832,46.57252502441406,46.840152740478516,46.173583984375,45.54119110107422,44.94440841674805,43.46262741088867,42.04759216308594,42.05948257446289,42.19004440307617,41.617305755615234,40.360870361328125,38.60051727294922,5.830951690673828,1.0,1.4142135381698608,1.4142135381698608,2.0,6.082762718200684,34.78505325317383,34.01470184326172,33.241539001464844,33.105892181396484,33.541019439697266,34.48188018798828,35.510562896728516,36.619667053222656,37.013511657714844,37.53664779663086,37.53664779663086,38.28837966918945,39.69886779785156,41.1096076965332,40.45985794067383,41.231056213378906,42.01190185546875,42.63801193237305,42.63801193237305,42.20189666748047,42.20189666748047,43.26661682128906,44.94440841674805
1774426898.8100896,-75,1,0,0,42.01190185546875,41.01219177246094,40.04996871948242,40.112342834472656,41.30375289916992,41.59326934814453,41.773197174072266,41.773197174072266,41.9761848449707,41.9761848449707,42.7551155090332,42.7551155090332,42.57933807373047,42.42640686035156,42.296573638916016,41.1096076965332,40.04996871948242,40.01249694824219,39.0,38.05259704589844,37.2155876159668,37.336307525634766,36.24913787841797,5.385164737701416,1.0,1.4142135381698608,1.4142135381698608,1.4142135381698608,5.099019527435303,31.0,31.064449310302734,30.149627685546875,30.265491485595703,31.575305938720703,31.78049659729004,33.241539001464844,33.52610778808594,33.83784866333008,34.539833068847656,34.928497314453125,36.769554138183594,37.6961555480957,36.769554138183594,37.6961555480957,37.336307525634766,37.336307525634766,37.0,36.68787384033203,38.327537536621094,38.07886505126953,38.07886505126953,40.024993896484375
1774426898.8912382,-75,1,0,0,41.86884307861328,41.86884307861328,42.01190185546875,41.400482177734375,42.43819046020508,42.72002029418945,41.67733383178711,42.19004440307617,42.19004440307617,43.5660400390625,44.41846466064453,44.10215377807617,44.10215377807617,43.8292121887207,43.011627197265625,41.231056213378906,40.360870361328125,39.623226165771484,39.59798049926758,38.94868469238281,39.20458984375,36.715118408203125,36.24913787841797,7.280109882354736,2.0,1.0,1.0,1.4142135381698608,5.656854152679443,30.610456466674805,29.832868576049805,31.11269760131836,31.240999221801758,31.400636672973633,32.202484130859375,33.83784866333008,35.22782897949219,35.510562896728516,36.359317779541016,38.07886505126953,38.470767974853516,38.07886505126953,38.07886505126953,38.470767974853516,38.470767974853516,39.4461669921875,39.96248245239258,40.49691390991211,39.66106414794922,39.66106414794922,40.224369049072266,40.804412841796875
1774426898.9262424,-75,1,0,0,37.64305877685547,37.013511657714844,37.013511657714844,36.619667053222656,36.8917350769043,36.715118408203125,37.58989334106445,37.121421813964844,37.121421813964844,38.01315689086914,38.470767974853516,37.58989334106445,38.07886505126953,38.587562561035156,38.27531814575195,37.202152252197266,36.2353401184082,35.38361358642578,35.38361358642578,35.38361358642578,35.46829605102539,33.60059356689453,32.75667953491211,6.324555397033691,2.0,1.0,1.0,1.4142135381698608,4.242640495300293,27.80287742614746,27.658634185791016,26.90724754333496,27.58622932434082,27.658634185791016,28.42534065246582,29.20616340637207,30.805843353271484,31.62277603149414,31.064449310302734,31.906112670898438,32.75667953491211,33.2866325378418,34.13209533691406,34.13209533691406,35.510562896728516,34.66987228393555,33.83784866333008,32.80244064331055,32.80244064331055,34.20526123046875,35.608985900878906,37.013511657714844
1774426898.9698272,-75,1,0,0,33.30165100097656,34.058773040771484,34.20526123046875,35.22782897949219,35.510562896728516,33.61547088623047,32.649654388427734,30.4138126373291,31.764760971069336,36.2353401184082,37.58989334106445,36.055511474609375,36.055511474609375,35.22782897949219,35.0,34.828147888183594,36.878177642822266,33.941123962402344,32.557640075683594,30.610456466674805,29.4108829498291,37.6961555480957,35.7770881652832,6.7082037925720215,2.2360680103302,1.0,0.0,2.2360680103302,7.280109882354736,35.1710090637207,34.71310806274414,20.615528106689453,21.21320343017578,22.022714614868164,23.600847244262695,24.413110733032227,25.0,25.238859176635742,27.20294189453125,28.600698471069336,29.4108829498291,28.600698471069336,25.806976318359375,25.806976318359375,25.238859176635742,28.844409942626953,30.232433319091797,31.400636672973633,29.20616340637207,27.80287742614746,27.80287742614746,30.610456466674805
1774426899.0490518,-75,1,0,0,44.68780517578125,44.59820556640625,43.863426208496094,43.84062194824219,43.863426208496094,45.343135833740234,43.416587829589844,42.8018684387207,43.600460052490234,44.204071044921875,44.204071044921875,44.821868896484375,45.45327377319336,46.097721099853516,46.010868072509766,43.84062194824219,41.773197174072266,40.45985794067383,40.607879638671875,41.04875183105469,39.824615478515625,40.26164245605469,40.79215621948242,8.246211051940918,3.1622776985168457,0.0,0.0,2.2360680103302,5.656854152679443,30.479501724243164,30.805843353271484,31.400636672973633,31.62277603149414,33.2866325378418,33.61547088623047,34.885528564453125,36.24913787841797,36.769554138183594,37.6961555480957,38.62641525268555,38.62641525268555,39.560081481933594,39.924930572509766,39.39543151855469,39.81205749511719,40.71854782104492,42.04759216308594,42.95346450805664,42.48529052734375,42.05948257446289,42.19004440307617,43.5660400390625
1774426899.0598657,-75,1,0,0,46.27094268798828,45.17742919921875,46.097721099853516,46.010868072509766,46.010868072509766,46.097721099853516,44.18144226074219,44.283180236816406,45.27692413330078,46.27094268798828,47.16990661621094,48.041648864746094,49.01020431518555,49.01020431518555,47.0,46.04345703125,43.28972244262695,42.42640686035156,42.7551155090332,41.231056213378906,41.1096076965332,40.24922180175781,41.18252182006836,7.211102485656738,2.2360680103302,1.0,1.4142135381698608,1.0,5.0,33.0151481628418,32.140316009521484,33.37664031982422,32.98484420776367,33.52610778808594,35.11410140991211,36.055511474609375,37.336307525634766,39.560081481933594,40.31128692626953,40.71854782104492,41.62931823730469,41.231056213378906,41.231056213378906,41.231056213378906,41.62931823730469,41.62931823730469,42.54409408569336,43.08131790161133,42.72002029418945,42.379241943359375,43.32435989379883,44.92215347290039
1774426899.125486,-75,1,0,0,43.011627197265625,41.761226654052734,41.231056213378906,41.59326934814453,43.185646057128906,43.104522705078125,43.104522705078125,43.104522705078125,44.04542922973633,44.0113639831543,46.04345703125,46.04345703125,46.097721099853516,45.17742919921875,44.40720748901367,42.57933807373047,41.0,41.231056213378906,40.52159881591797,39.84971618652344,39.560081481933594,37.161808013916016,35.84689712524414,6.7082037925720215,2.2360680103302,1.0,1.0,2.0,6.0,31.14482307434082,31.400636672973633,30.463092803955078,30.886890411376953,31.064449310302734,32.202484130859375,33.60059356689453,35.0,35.0,35.608985900878906,36.2353401184082,36.878177642822266,37.64305877685547,38.41874694824219,39.051246643066406,39.051246643066406,38.41874694824219,38.60051727294922,39.408119201660156,38.832977294921875,39.66106414794922,40.49691390991211,41.88078308105469
1774426899.1995018,-75,1,0,0,47.67599105834961,46.52956008911133,46.27094268798828,47.04253387451172,48.0,47.04253387451172,46.04345703125,45.0444221496582,46.097721099853516,47.16990661621094,49.162994384765625,49.09175109863281,50.0099983215332,49.0,48.041648864746094,46.173583984375,44.40720748901367,43.5660400390625,41.773197174072266,41.48493576049805,42.379241943359375,40.8166618347168,41.04875183105469,7.071067810058594,2.2360680103302,1.0,1.0,1.0,5.0,29.017236709594727,31.064449310302734,34.928497314453125,34.78505325317383,35.11410140991211,35.11410140991211,36.769554138183594,38.4837646484375,40.24922180175781,41.59326934814453,42.05948257446289,42.54409408569336,43.046485900878906,42.72002029418945,41.88078308105469,42.72002029418945,42.05948257446289,43.382022857666016,44.777225494384766,44.0113639831543,44.0113639831543,45.31004333496094,46.615447998046875
1774426899.2096732,-75,1,0,0,40.31128692626953,39.96248245239258,39.66106414794922,40.224369049072266,42.01190185546875,42.52058410644531,41.1096076965332,40.360870361328125,42.44997024536133,43.13930892944336,44.55333709716797,45.27692413330078,44.59820556640625,44.68780517578125,43.416587829589844,42.20189666748047,39.66106414794922,38.587562561035156,37.58989334106445,37.57658767700195,37.6961555480957,38.20994567871094,38.01315689086914,7.071067810058594,2.2360680103302,1.4142135381698608,1.4142135381698608,1.4142135381698608,4.4721360206604,27.294687271118164,28.23118782043457,29.4108829498291,30.08321762084961,31.048349380493164,31.78049659729004,32.75667953491211,33.541019439697266,34.36568069458008,35.22782897949219,35.12833786010742,35.12833786010742,36.22154235839844,36.12478256225586,36.12478256225586,36.12478256225586,36.22154235839844,37.336307525634766,37.336307525634766,37.656341552734375,36.878177642822266,38.327537536621094,39.84971618652344
1774426899.2852674,-75,1,0,0,31.0,30.0,29.068883895874023,28.44292449951172,28.792360305786133,31.764760971069336,31.906112670898438,34.48188018798828,34.438350677490234,34.539833068847656,34.539833068847656,32.31098937988281,32.69556427001953,36.055511474609375,33.241539001464844,31.78049659729004,30.805843353271484,29.832868576049805,28.160255432128906,27.892650604248047,28.635643005371094,42.72002029418945,42.8018684387207,6.4031243324279785,1.4142135381698608,1.4142135381698608,1.4142135381698608,1.0,4.4721360206604,30.528675079345703,31.906112670898438,21.0,21.095022201538086,21.587032318115234,20.248456954956055,20.615528106689453,21.931713104248047,22.847318649291992,24.166091918945312,26.0,25.0,26.305892944335938,27.294687271118164,27.294687271118164,28.635643005371094,27.892650604248047,29.120439529418945,28.861740112304688,27.892650604248047,26.68332862854004,26.68332862854004,28.44292449951172
1774426899.2957456,-75,1,0,0,45.80392837524414,44.204071044921875,44.821868896484375,45.45327377319336,46.010868072509766,45.96738052368164,44.59820556640625,44.68780517578125,45.343135833740234,46.75468063354492,47.423622131347656,47.381431579589844,47.381431579589844,46.69047164916992,46.75468063354492,45.45327377319336,43.600460052490234,43.011627197265625,43.26661682128906,42.54409408569336,42.95346450805664,42.20189666748047,41.59326934814453,7.071067810058594,2.0,1.4142135381698608,1.4142135381698608,1.4142135381698608,5.0,31.064449310302734,31.764760971069336,33.12099075317383,34.01470184326172,34.539833068847656,35.11410140991211,36.68787384033203,37.36308288574219,38.07886505126953,38.07886505126953,39.051246643066406,40.26164245605469,41.48493576049805,41.761226654052734,41.761226654052734,42.44997024536133,42.20189666748047,43.17406463623047,43.416587829589844,43.011627197265625,42.72002029418945,44.384681701660156,45.18849563598633
1774426899.365163,-75,1,0,0,45.12205505371094,45.7055778503418,44.55333709716797,45.39823913574219,45.27692413330078,44.283180236816406,43.185646057128906,44.10215377807617,46.010868072509766,47.0,48.010414123535156,47.04253387451172,47.095645904541016,47.16990661621094,45.39823913574219,43.73785400390625,42.44997024536133,41.1096076965332,41.43669891357422,41.78516387939453,41.62931823730469,41.617305755615234,40.45985794067383,7.8102498054504395,2.2360680103302,1.0,1.0,1.4142135381698608,5.385164737701416,31.78049659729004,32.280025482177734,32.015621185302734,32.572994232177734,32.893768310546875,33.61547088623047,35.7770881652832,37.121421813964844,39.357337951660156,39.824615478515625,40.31128692626953,40.31128692626953,41.18252182006836,40.31128692626953,39.96248245239258,40.8166618347168,40.8166618347168,42.05948257446289,43.382022857666016,42.95346450805664,42.54409408569336,42.54409408569336,43.08131790161133
1774426899.4557061,-75,1,0,0,42.19004440307617,41.04875183105469,41.0,42.04759216308594,43.104522705078125,43.185646057128906,41.30375289916992,41.30375289916992,42.42640686035156,43.416587829589844,44.283180236816406,44.18144226074219,44.18144226074219,45.09988784790039,44.04542922973633,43.0,41.1096076965332,40.199501037597656,39.458839416503906,38.63935852050781,38.327537536621094,36.2353401184082,36.055511474609375,5.830951690673828,2.2360680103302,1.0,1.0,2.2360680103302,6.0,30.066593170166016,31.256999969482422,32.24903106689453,31.575305938720703,31.048349380493164,31.320919036865234,32.572994232177734,33.83784866333008,35.11410140991211,36.400550842285156,36.769554138183594,38.07886505126953,39.39543151855469,39.39543151855469,39.0,39.0,38.07886505126953,39.924930572509766,41.43669891357422,42.05948257446289,41.761226654052734,41.48493576049805,41.231056213378906
1774426899.466122,-75,1,0,0,48.87739944458008,49.09175109863281,48.25971221923828,47.20169448852539,47.6340217590332,47.6340217590332,46.86149978637695,47.50789260864258,48.91830062866211,48.91830062866211,48.91830062866211,48.27007293701172,48.41487503051758,48.60041046142578,48.25971221923828,46.647613525390625,47.41307830810547,46.51881408691406,45.694637298583984,44.0113639831543,42.72002029418945,40.79215621948242,39.20458984375,7.0,3.1622776985168457,1.0,1.0,2.2360680103302,6.4031243324279785,33.970577239990234,34.058773040771484,33.0151481628418,34.13209533691406,35.34119415283203,36.769554138183594,37.336307525634766,38.62641525268555,39.217342376708984,40.16217041015625,41.1096076965332,40.804412841796875,41.761226654052734,43.680660247802734,44.643028259277344,44.92215347290039,43.32435989379883,42.72002029418945,41.78516387939453,43.08131790161133,44.0113639831543,44.94440841674805,47.53945541381836
1774426899.5365083,-75,1,0,0,47.16990661621094,45.27692413330078,45.39823913574219,45.7055778503418,46.097721099853516,46.3249397277832,45.35416030883789,45.607017517089844,46.840152740478516,47.801673889160156,48.764739990234375,49.47726821899414,49.47726821899414,50.21951675415039,48.83646011352539,46.52956008911133,44.283180236816406,43.104522705078125,43.046485900878906,43.011627197265625,42.296573638916016,43.08131790161133,42.48529052734375,7.211102485656738,2.2360680103302,1.0,1.4142135381698608,0.0,4.123105525970459,28.44292449951172,31.14482307434082,33.13608169555664,34.0,34.058773040771484,34.2344856262207,34.36568069458008,36.67424011230469,37.85498809814453,38.07886505126953,40.26164245605469,41.231056213378906,41.9761848449707,41.773197174072266,40.79215621948242,41.0,41.0,41.9761848449707,42.7551155090332,43.5660400390625,42.57933807373047,43.5660400390625,44.283180236816406
1774426899.6107306,-75,1,0,0,47.50789260864258,46.86149978637695,47.01063537597656,46.615447998046875,46.647613525390625,47.01063537597656,47.01063537597656,48.3735466003418,48.3735466003418,49.24428939819336,50.2493782043457,49.39635467529297,49.92995071411133,49.648765563964844,48.010414123535156,47.01063537597656,45.343135833740234,43.863426208496094,43.84062194824219,43.185646057128906,42.8018684387207,41.18252182006836,39.0,6.7082037925720215,2.2360680103302,1.0,1.0,2.0,6.7082037925720215,34.98571014404297,35.22782897949219,33.42155075073242,33.941123962402344,35.38361358642578,36.2353401184082,37.013511657714844,37.80211639404297,38.01315689086914,38.01315689086914,38.832977294921875,40.224369049072266,40.804412841796875,42.43819046020508,44.10215377807617,44.10215377807617,43.8292121887207,43.8292121887207,43.600460052490234,43.600460052490234,43.600460052490234,43.600460052490234,43.600460052490234
1774426899.622146,-75,1,0,0,43.416587829589844,43.600460052490234,43.011627197265625,43.011627197265625,43.26661682128906,43.5660400390625,42.54409408569336,42.94182205200195,43.8292121887207,44.777225494384766,45.27692413330078,45.27692413330078,44.94440841674805,44.94440841674805,42.72002029418945,41.617305755615234,40.45985794067383,39.69886779785156,39.623226165771484,39.623226165771484,39.824615478515625,38.910152435302734,38.62641525268555,7.6157732009887695,3.1622776985168457,0.0,0.0,2.2360680103302,6.4031243324279785,30.479501724243164,30.4138126373291,31.827661514282227,32.557640075683594,32.649654388427734,32.80244064331055,34.4093017578125,35.510562896728516,36.8917350769043,38.587562561035156,38.587562561035156,38.587562561035156,38.07886505126953,36.715118408203125,36.715118408203125,37.58989334106445,38.94868469238281,39.4461669921875,40.49691390991211,41.04875183105469,40.804412841796875,41.86884307861328,41.86884307861328
1774426899.6933694,-75,1,0,0,44.283180236816406,44.283180236816406,43.416587829589844,42.57933807373047,42.7551155090332,43.17406463623047,43.17406463623047,43.680660247802734,43.680660247802734,43.680660247802734,44.384681701660156,44.384681701660156,44.14748001098633,43.931766510009766,42.7551155090332,41.43669891357422,41.19466018676758,41.04875183105469,40.01249694824219,39.0128173828125,38.20994567871094,37.10795211791992,37.947330474853516,7.6157732009887695,3.605551242828369,1.0,0.0,2.0,5.385164737701416,30.08321762084961,30.08321762084961,31.064449310302734,32.0,33.060550689697266,34.13209533691406,34.36568069458008,34.525352478027344,35.693138122558594,35.902645111083984,37.85498809814453,38.832977294921875,39.623226165771484,39.623226165771484,39.623226165771484,40.79215621948242,40.024993896484375,40.024993896484375,41.0,40.607879638671875,41.43669891357422,41.30375289916992,42.19004440307617
1774426899.7560148,-75,1,0,0,42.8018684387207,42.01190185546875,41.231056213378906,42.63801193237305,43.931766510009766,43.13930892944336,41.72529220581055,42.44997024536133,43.185646057128906,44.59820556640625,45.27692413330078,45.25483322143555,45.27692413330078,45.27692413330078,44.68780517578125,43.416587829589844,41.400482177734375,40.804412841796875,39.66106414794922,39.4461669921875,40.24922180175781,40.024993896484375,39.31920623779297,7.071067810058594,3.1622776985168457,0.0,0.0,2.8284270763397217,6.4031243324279785,31.890438079833984,32.202484130859375,32.202484130859375,31.906112670898438,32.75667953491211,33.12099075317383,34.438350677490234,34.928497314453125,35.11410140991211,36.68787384033203,37.64305877685547,38.60051727294922,39.84971618652344,39.217342376708984,38.62641525268555,38.62641525268555,39.217342376708984,39.560081481933594,40.49691390991211,39.924930572509766,40.71854782104492,40.24922180175781,41.18252182006836
1774426899.7785392,-75,1,0,0,42.54409408569336,41.18252182006836,39.824615478515625,39.81205749511719,40.31128692626953,40.853397369384766,39.924930572509766,40.853397369384766,40.49691390991211,42.379241943359375,42.379241943359375,42.72002029418945,42.72002029418945,42.72002029418945,41.231056213378906,40.24922180175781,39.96248245239258,38.832977294921875,39.408119201660156,38.41874694824219,38.20994567871094,35.38361358642578,34.058773040771484,5.830951690673828,2.0,1.0,1.0,1.4142135381698608,4.123105525970459,28.635643005371094,29.120439529418945,29.154760360717773,29.4108829498291,30.610456466674805,31.890438079833984,32.557640075683594,33.970577239990234,34.65544509887695,34.65544509887695,35.38361358642578,34.71310806274414,35.46829605102539,35.46829605102539,37.64305877685547,38.41874694824219,38.28837966918945,38.897300720214844,38.897300720214844,38.897300720214844,40.31128692626953,40.360870361328125,40.360870361328125
1774426899.8453596,-75,1,0,0,40.71854782104492,39.39543151855469,39.81205749511719,40.71854782104492,40.853397369384766,42.05948257446289,43.416587829589844,44.9110221862793,45.7055778503418,45.89117431640625,44.9110221862793,43.931766510009766,42.20189666748047,41.761226654052734,40.16217041015625,39.560081481933594,39.560081481933594,39.924930572509766,40.71854782104492,40.70626449584961,39.11521530151367,36.769554138183594,36.2353401184082,7.211102485656738,2.2360680103302,0.0,0.0,2.2360680103302,5.385164737701416,28.635643005371094,31.30495262145996,32.202484130859375,33.12099075317383,33.61547088623047,33.83784866333008,34.828147888183594,34.65544509887695,33.941123962402344,33.970577239990234,34.71310806274414,35.38361358642578,36.769554138183594,38.20994567871094,39.623226165771484,41.773197174072266,41.773197174072266,41.1096076965332,40.360870361328125,39.623226165771484,39.69886779785156,39.20458984375,39.408119201660156
1774426899.91233,-75,1,0,0,40.607879638671875,39.408119201660156,38.27531814575195,37.735923767089844,38.470767974853516,38.910152435302734,39.39543151855469,40.31128692626953,40.31128692626953,40.31128692626953,40.71854782104492,41.146080017089844,41.59326934814453,41.67733383178711,39.96248245239258,39.66106414794922,38.01315689086914,37.202152252197266,37.013511657714844,36.79673767089844,36.79673767089844,37.6961555480957,37.64305877685547,6.082762718200684,2.0,1.4142135381698608,1.4142135381698608,1.0,4.242640495300293,29.0,27.80287742614746,28.319604873657227,28.284271240234375,28.319604873657227,29.832868576049805,30.805843353271484,32.4499626159668,34.13209533691406,34.48188018798828,34.48188018798828,34.98571014404297,34.13209533691406,34.13209533691406,33.83784866333008,33.83784866333008,34.66987228393555,35.510562896728516,36.8917350769043,37.44329071044922,37.202152252197266,38.41874694824219,38.28837966918945
1774426899.9336004,-75,1,0,0,47.88528060913086,46.647613525390625,46.3249397277832,45.80392837524414,45.45327377319336,45.343135833740234,46.69047164916992,48.166378021240234,48.83646011352539,48.83646011352539,50.2493782043457,49.57822036743164,48.91830062866211,48.91830062866211,47.6340217590332,47.20169448852539,46.04345703125,44.94440841674805,44.777225494384766,45.18849563598633,44.0113639831543,43.5660400390625,42.19004440307617,8.0,3.1622776985168457,1.0,1.0,2.2360680103302,6.7082037925720215,35.22782897949219,34.98571014404297,34.0,34.928497314453125,35.46829605102539,35.735137939453125,36.68787384033203,37.36308288574219,38.07886505126953,39.81205749511719,40.79215621948242,41.9761848449707,42.44997024536133,42.20189666748047,43.17406463623047,43.17406463623047,44.14748001098633,44.14748001098633,44.643028259277344,44.92215347290039,45.221675872802734,45.54119110107422,45.880279541015625
1774426899.9899266,-75,1,0,0,49.162994384765625,47.095645904541016,47.01063537597656,47.01063537597656,48.041648864746094,47.16990661621094,46.27094268798828,46.389652252197266,48.3735466003418,48.50773239135742,49.36598205566406,49.497474670410156,49.36598205566406,50.2493782043457,49.09175109863281,48.010414123535156,45.0444221496582,43.185646057128906,43.416587829589844,43.73785400390625,43.416587829589844,43.382022857666016,42.19004440307617,8.062257766723633,2.2360680103302,1.0,1.0,2.2360680103302,6.0,31.016124725341797,32.06243896484375,35.05709457397461,35.22782897949219,35.510562896728516,35.902645111083984,37.36308288574219,38.897300720214844,40.16217041015625,40.49691390991211,40.853397369384766,41.78516387939453,41.43669891357422,41.43669891357422,40.853397369384766,42.154476165771484,43.32435989379883,43.96589660644531,45.880279541015625,44.643028259277344,43.416587829589844,44.14748001098633,45.12205505371094
1774426900.062446,-75,1,0,0,43.011627197265625,43.0,42.01190185546875,42.01190185546875,42.10700607299805,42.19004440307617,41.30375289916992,41.59326934814453,42.7551155090332,43.5660400390625,44.55333709716797,44.40720748901367,44.40720748901367,44.283180236816406,44.10215377807617,43.011627197265625,42.01190185546875,41.04875183105469,40.112342834472656,39.458839416503906,37.85498809814453,36.400550842285156,36.400550842285156,6.7082037925720215,2.8284270763397217,0.0,0.0,2.0,6.0,30.0,30.066593170166016,30.4138126373291,30.805843353271484,32.015621185302734,33.241539001464844,34.78505325317383,35.11410140991211,36.769554138183594,37.161808013916016,38.4837646484375,38.4837646484375,39.39543151855469,39.39543151855469,39.39543151855469,39.0,39.39543151855469,39.0,39.924930572509766,39.560081481933594,40.16217041015625,41.48493576049805,42.20189666748047
1774426900.1326082,-75,1,0,0,42.95346450805664,41.9761848449707,41.231056213378906,41.761226654052734,41.1096076965332,41.78516387939453,41.78516387939453,42.72002029418945,43.08131790161133,43.08131790161133,42.72002029418945,42.72002029418945,43.32435989379883,43.680660247802734,43.17406463623047,41.773197174072266,41.43669891357422,40.31128692626953,39.20458984375,38.01315689086914,37.013511657714844,37.336307525634766,38.07886505126953,8.062257766723633,2.8284270763397217,0.0,1.0,2.0,6.082762718200684,29.120439529418945,29.614185333251953,30.675724029541016,31.048349380493164,31.575305938720703,32.24903106689453,33.13608169555664,34.13209533691406,35.05709457397461,35.0142822265625,37.0,38.01315689086914,38.01315689086914,37.0,37.013511657714844,38.01315689086914,38.05259704589844,39.051246643066406,39.0128173828125,39.0,38.0,39.0,40.01249694824219
1774426900.143341,-75,1,0,0,43.27817153930664,43.931766510009766,44.55333709716797,45.25483322143555,45.27692413330078,45.27692413330078,43.931766510009766,43.27817153930664,43.416587829589844,44.04542922973633,44.68780517578125,44.59820556640625,45.25483322143555,45.96738052368164,44.59820556640625,42.52058410644531,41.231056213378906,40.607879638671875,39.408119201660156,39.4461669921875,39.81205749511719,37.64305877685547,37.85498809814453,7.280109882354736,3.1622776985168457,0.0,0.0,2.8284270763397217,6.4031243324279785,33.42155075073242,33.241539001464844,32.557640075683594,32.015621185302734,32.202484130859375,32.4499626159668,34.13209533691406,35.84689712524414,37.121421813964844,38.910152435302734,39.81205749511719,39.81205749511719,39.357337951660156,39.824615478515625,39.824615478515625,39.357337951660156,38.470767974853516,39.357337951660156,40.70626449584961,40.70626449584961,39.824615478515625,40.8166618347168,42.72002029418945
1774426900.2119331,-75,1,0,0,43.5660400390625,42.42640686035156,42.296573638916016,41.19466018676758,42.04759216308594,42.01190185546875,43.011627197265625,44.0113639831543,44.0113639831543,44.0113639831543,44.0113639831543,44.0113639831543,44.0,44.0113639831543,43.104522705078125,42.19004440307617,41.43669891357422,41.59326934814453,41.9761848449707,40.52159881591797,39.217342376708984,38.470767974853516,38.27531814575195,7.8102498054504395,2.8284270763397217,0.0,0.0,2.2360680103302,6.082762718200684,31.78049659729004,30.364452362060547,30.08321762084961,30.364452362060547,32.893768310546875,34.1760139465332,33.61547088623047,34.01470184326172,33.541019439697266,34.0,34.98571014404297,36.359317779541016,38.587562561035156,39.96248245239258,40.8166618347168,40.31128692626953,39.824615478515625,39.824615478515625,39.357337951660156,39.81205749511719,40.31128692626953,40.853397369384766,42.05948257446289
1774426900.2794795,-75,1,0,0,34.0,33.0151481628418,32.0,31.064449310302734,31.064449310302734,32.140316009521484,32.140316009521484,34.058773040771484,34.058773040771484,34.13209533691406,34.36568069458008,33.37664031982422,33.541019439697266,35.510562896728516,33.241539001464844,33.060550689697266,31.0,30.066593170166016,30.149627685546875,30.265491485595703,29.614185333251953,34.65544509887695,34.71310806274414,6.4031243324279785,2.2360680103302,0.0,0.0,2.0,4.123105525970459,25.0,26.0,25.179357528686523,24.515300750732422,24.73863410949707,24.351591110229492,25.63201141357422,27.513633728027344,28.460498809814453,26.570659637451172,27.85677719116211,29.154760360717773,30.08321762084961,30.675724029541016,30.675724029541016,31.95309066772461,30.463092803955078,29.96664810180664,30.463092803955078,30.675724029541016,31.048349380493164,30.5941162109375,30.4138126373291
1774426900.2902853,-75,1,0,0,42.05948257446289,41.78516387939453,40.853397369384766,41.231056213378906,41.62931823730469,41.59326934814453,41.18252182006836,42.05948257446289,42.94182205200195,44.29446792602539,44.72135925292969,43.382022857666016,44.283180236816406,44.777225494384766,43.65776062011719,42.05948257446289,40.52159881591797,40.26164245605469,40.024993896484375,39.623226165771484,39.20458984375,39.20458984375,38.832977294921875,7.071067810058594,2.0,1.0,0.0,2.2360680103302,5.830951690673828,30.870698928833008,31.016124725341797,31.016124725341797,31.62277603149414,31.048349380493164,30.805843353271484,31.575305938720703,33.241539001464844,35.05709457397461,36.055511474609375,37.05401611328125,37.05401611328125,38.05259704589844,37.05401611328125,36.055511474609375,36.055511474609375,37.05401611328125,38.11823654174805,39.20458984375,39.31920623779297,39.31920623779297,39.458839416503906,40.607879638671875
1774426900.3554423,-75,1,0,0,46.87216567993164,45.7055778503418,44.40720748901367,43.185646057128906,45.09988784790039,46.010868072509766,45.0,46.0,47.0,48.010414123535156,47.0,47.0,47.01063537597656,48.093658447265625,47.16990661621094,45.39823913574219,43.73785400390625,42.95346450805664,43.17406463623047,41.761226654052734,41.78516387939453,42.63801193237305,43.13930892944336,8.485280990600586,3.605551242828369,0.0,0.0,2.2360680103302,6.082762718200684,33.734256744384766,33.241539001464844,33.734256744384766,34.20526123046875,35.735137939453125,37.0,37.6961555480957,37.57658767700195,38.01315689086914,37.58989334106445,38.07886505126953,38.07886505126953,38.94868469238281,40.70626449584961,41.146080017089844,42.04759216308594,42.04759216308594,42.04759216308594,42.48529052734375,42.95346450805664,43.863426208496094,44.384681701660156,44.59820556640625
1774426900.4337192,-75,1,0,0,38.60051727294922,37.013511657714844,37.013511657714844,36.12478256225586,36.769554138183594,36.79673767089844,36.79673767089844,36.79673767089844,37.53664779663086,37.53664779663086,38.20994567871094,37.48332977294922,36.769554138183594,36.79673767089844,36.79673767089844,36.12478256225586,35.608985900878906,34.4093017578125,34.66987228393555,33.12099075317383,32.202484130859375,31.78049659729004,32.24903106689453,5.099019527435303,1.0,1.0,1.0,2.2360680103302,5.0,27.80287742614746,27.459060668945312,26.62705421447754,26.925823211669922,28.17800521850586,28.635643005371094,29.154760360717773,30.08321762084961,30.08321762084961,29.73213768005371,30.675724029541016,31.320919036865234,31.320919036865234,32.280025482177734,32.572994232177734,32.572994232177734,32.572994232177734,32.893768310546875,33.241539001464844,33.241539001464844,34.539833068847656,34.928497314453125,36.24913787841797
1774426900.464222,-75,1,0,0,37.05401611328125,35.05709457397461,35.0142822265625,37.0,38.11823654174805,38.327537536621094,37.336307525634766,38.327537536621094,38.327537536621094,38.327537536621094,38.327537536621094,38.20994567871094,39.20458984375,39.11521530151367,38.01315689086914,37.0,35.05709457397461,34.13209533691406,34.36568069458008,34.525352478027344,33.95585250854492,35.510562896728516,35.608985900878906,6.4031243324279785,2.2360680103302,1.0,1.0,2.0,5.0,26.305892944335938,26.68332862854004,27.073972702026367,27.294687271118164,27.459060668945312,27.658634185791016,29.120439529418945,30.675724029541016,31.38471031188965,31.78049659729004,31.78049659729004,32.31098937988281,33.241539001464844,33.241539001464844,32.31098937988281,32.69556427001953,32.31098937988281,34.1760139465332,35.11410140991211,35.11410140991211,35.11410140991211,36.055511474609375,35.44009017944336
1774426900.5121531,-75,1,0,0,42.94182205200195,42.19004440307617,41.88078308105469,42.43819046020508,43.600460052490234,44.204071044921875,44.204071044921875,43.416587829589844,43.27817153930664,43.27817153930664,44.68780517578125,44.68780517578125,44.821868896484375,45.80392837524414,44.65422821044922,42.72002029418945,41.67733383178711,40.31128692626953,39.357337951660156,39.924930572509766,40.16217041015625,39.20458984375,39.0128173828125,7.071067810058594,3.0,0.0,0.0,2.2360680103302,5.830951690673828,30.463092803955078,29.73213768005371,30.463092803955078,30.675724029541016,31.048349380493164,32.015621185302734,33.734256744384766,35.510562896728516,36.34556198120117,37.2155876159668,37.2155876159668,37.2155876159668,38.20994567871094,38.20994567871094,38.327537536621094,38.327537536621094,39.31920623779297,39.31920623779297,40.607879638671875,41.0,40.26164245605469,40.26164245605469,40.26164245605469
1774426900.5790825,-75,1,0,0,44.72135925292969,43.931766510009766,43.931766510009766,44.384681701660156,44.92215347290039,45.221675872802734,43.65776062011719,44.94440841674805,45.880279541015625,46.81879806518555,46.81879806518555,47.434165954589844,47.12748718261719,46.840152740478516,45.35416030883789,43.931766510009766,42.57933807373047,42.296573638916016,42.19004440307617,42.01190185546875,41.04875183105469,42.154476165771484,41.59326934814453,7.211102485656738,2.2360680103302,1.0,1.0,1.0,4.123105525970459,27.658634185791016,29.154760360717773,31.575305938720703,32.24903106689453,33.0151481628418,34.0,35.0142822265625,37.05401611328125,38.11823654174805,38.20994567871094,39.20458984375,39.20458984375,40.199501037597656,40.199501037597656,40.31128692626953,41.30375289916992,42.42640686035156,43.28972244262695,44.18144226074219,45.09988784790039,43.104522705078125,43.046485900878906,44.0113639831543
1774426900.5790825,-75,1,0,0,43.08131790161133,41.231056213378906,40.71854782104492,40.70626449584961,40.8166618347168,41.04875183105469,41.617305755615234,43.011627197265625,43.8292121887207,44.65422821044922,44.10215377807617,43.5660400390625,42.19004440307617,42.54409408569336,41.59326934814453,40.71854782104492,39.39543151855469,39.39543151855469,38.62641525268555,37.947330474853516,37.10795211791992,40.04996871948242,40.31128692626953,7.071067810058594,2.0,1.4142135381698608,1.4142135381698608,1.4142135381698608,5.0,27.312999725341797,27.513633728027344,29.73213768005371,30.08321762084961,30.5941162109375,31.400636672973633,32.24903106689453,33.241539001464844,34.2344856262207,34.13209533691406,34.13209533691406,35.05709457397461,36.12478256225586,37.121421813964844,38.11823654174805,39.11521530151367,38.05259704589844,38.11823654174805,38.20994567871094,39.20458984375,39.31920623779297,39.623226165771484,40.607879638671875
1774426900.6570354,-75,1,0,0,48.3735466003418,47.26520919799805,47.16990661621094,48.041648864746094,49.0,48.010414123535156,46.0,46.010868072509766,47.01063537597656,50.03998565673828,52.009613037109375,52.0,52.038448333740234,52.08646774291992,51.15662384033203,48.3735466003418,45.7055778503418,44.14748001098633,44.643028259277344,43.32435989379883,43.46262741088867,39.96248245239258,39.20458984375,7.211102485656738,2.2360680103302,1.0,1.0,2.2360680103302,6.082762718200684,32.140316009521484,33.0,35.22782897949219,35.510562896728516,36.13862228393555,36.400550842285156,37.947330474853516,39.217342376708984,41.43669891357422,40.853397369384766,41.231056213378906,41.62931823730469,42.54409408569336,42.95346450805664,43.382022857666016,43.863426208496094,43.863426208496094,44.0113639831543,44.59820556640625,45.221675872802734,43.96589660644531,43.011627197265625,43.96589660644531
1774426900.7199888,-75,1,0,0,47.095645904541016,46.173583984375,45.27692413330078,46.52956008911133,47.07440948486328,46.3249397277832,45.35416030883789,45.12205505371094,46.097721099853516,46.3249397277832,47.29693603515625,47.29693603515625,47.85394287109375,48.66210174560547,47.381431579589844,46.097721099853516,44.0113639831543,43.0,43.046485900878906,43.185646057128906,42.57933807373047,39.051246643066406,37.947330474853516,6.7082037925720215,2.2360680103302,1.0,1.4142135381698608,1.0,4.4721360206604,32.202484130859375,33.241539001464844,34.525352478027344,33.241539001464844,33.0151481628418,33.0,34.058773040771484,36.12478256225586,38.327537536621094,39.31920623779297,39.458839416503906,40.607879638671875,42.57933807373047,42.57933807373047,42.7551155090332,42.57933807373047,41.43669891357422,41.43669891357422,42.296573638916016,42.296573638916016,42.296573638916016,42.296573638916016,43.185646057128906
1774426900.731172,-75,1,0,0,25.238859176635742,24.698177337646484,24.698177337646484,25.05992889404297,26.832815170288086,29.546573638916016,30.463092803955078,30.463092803955078,29.546573638916016,27.73084831237793,26.4007568359375,25.079872131347656,26.0,26.4007568359375,25.05992889404297,24.698177337646484,24.698177337646484,26.07680892944336,26.07680892944336,25.806976318359375,24.20743751525879,38.0,38.20994567871094,7.071067810058594,2.0,1.0,0.0,2.8284270763397217,5.830951690673828,30.4138126373291,30.08321762084961,21.260292053222656,20.51828384399414,19.84943389892578,20.0,21.40093421936035,21.63330841064453,21.63330841064453,21.63330841064453,23.021728515625,23.600847244262695,25.612497329711914,27.018512725830078,27.658634185791016,27.80287742614746,25.806976318359375,25.806976318359375,25.806976318359375,24.413110733032227,23.600847244262695,24.20743751525879,24.083189010620117
1774426900.7955685,-75,1,0,0,48.50773239135742,45.7055778503418,44.72135925292969,44.9110221862793,46.3249397277832,48.08325958251953,48.703182220458984,49.97999572753906,50.32891845703125,49.04079818725586,48.703182220458984,48.08325958251953,47.801673889160156,48.764739990234375,48.27007293701172,46.87216567993164,46.52956008911133,46.389652252197266,45.27692413330078,44.0113639831543,44.0113639831543,44.55333709716797,45.12205505371094,8.5440034866333,3.1622776985168457,0.0,1.0,2.0,6.082762718200684,34.71310806274414,34.525352478027344,35.05709457397461,36.0,37.05401611328125,38.11823654174805,39.31920623779297,39.623226165771484,41.0,41.48493576049805,42.44997024536133,43.416587829589844,44.384681701660156,44.14748001098633,44.14748001098633,45.12205505371094,44.14748001098633,43.931766510009766,44.72135925292969,45.54119110107422,47.381431579589844,47.16990661621094,48.166378021240234
1774426900.8741026,-75,1,0,0,47.20169448852539,46.22769546508789,45.45327377319336,45.343135833740234,45.25483322143555,45.27692413330078,44.59820556640625,44.59820556640625,44.68780517578125,46.22769546508789,46.86149978637695,46.86149978637695,46.75468063354492,46.69047164916992,45.96738052368164,46.010868072509766,44.821868896484375,44.40720748901367,43.8292121887207,42.19004440307617,41.59326934814453,41.761226654052734,42.7551155090332,8.062257766723633,3.1622776985168457,1.0,1.0,2.2360680103302,6.4031243324279785,32.649654388427734,32.015621185302734,32.4499626159668,33.61547088623047,35.7770881652832,37.161808013916016,38.07886505126953,39.0,39.560081481933594,39.217342376708984,40.16217041015625,42.05948257446289,43.011627197265625,42.72002029418945,42.72002029418945,43.011627197265625,43.011627197265625,43.65776062011719,43.46262741088867,43.46262741088867,43.46262741088867,43.863426208496094,44.283180236816406
1774426900.8741026,-75,1,0,0,41.9761848449707,41.59326934814453,41.19466018676758,42.19004440307617,43.104522705078125,43.104522705078125,42.10700607299805,41.1096076965332,40.01249694824219,41.0,42.01190185546875,43.0,45.0111083984375,45.0444221496582,44.10215377807617,42.296573638916016,40.607879638671875,39.051246643066406,39.560081481933594,39.217342376708984,39.0,39.408119201660156,38.28837966918945,7.071067810058594,2.2360680103302,1.0,1.0,1.0,4.123105525970459,28.284271240234375,27.892650604248047,28.861740112304688,29.4108829498291,30.08321762084961,30.463092803955078,30.870698928833008,33.541019439697266,34.885528564453125,36.715118408203125,36.359317779541016,37.735923767089844,39.11521530151367,39.11521530151367,38.27531814575195,36.8917350769043,37.2155876159668,38.07886505126953,38.94868469238281,39.357337951660156,38.910152435302734,39.39543151855469,39.924930572509766
1774426900.9530075,-75,1,0,0,46.615447998046875,45.18849563598633,45.17742919921875,47.01063537597656,48.02082824707031,46.3249397277832,46.04345703125,45.221675872802734,45.80392837524414,47.20169448852539,48.60041046142578,48.82622146606445,49.648765563964844,49.39635467529297,48.3735466003418,47.41307830810547,45.18849563598633,44.777225494384766,44.384681701660156,44.271888732910156,42.44997024536133,41.19466018676758,40.01249694824219,7.071067810058594,1.4142135381698608,1.4142135381698608,1.4142135381698608,1.0,5.385164737701416,31.62277603149414,32.280025482177734,33.52610778808594,32.75667953491211,32.557640075683594,33.37664031982422,35.22782897949219,37.121421813964844,39.051246643066406,40.01249694824219,41.01219177246094,42.01190185546875,43.046485900878906,43.046485900878906,43.011627197265625,42.01190185546875,42.01190185546875,43.011627197265625,44.10215377807617,44.283180236816406,43.416587829589844,43.73785400390625,44.9110221862793
1774426900.9979494,-75,1,0,0,43.90899658203125,43.416587829589844,42.48529052734375,42.54409408569336,43.08131790161133,43.65776062011719,42.72002029418945,43.08131790161133,44.0113639831543,43.65776062011719,44.59820556640625,44.94440841674805,45.31004333496094,44.384681701660156,43.382022857666016,41.67733383178711,41.88078308105469,41.617305755615234,40.804412841796875,39.824615478515625,37.53664779663086,34.828147888183594,34.66987228393555,6.4031243324279785,1.4142135381698608,1.0,1.0,2.0,6.082762718200684,30.08321762084961,31.016124725341797,31.30495262145996,32.24903106689453,33.0151481628418,32.80244064331055,33.42155075073242,34.058773040771484,35.38361358642578,35.38361358642578,37.48332977294922,38.897300720214844,39.623226165771484,39.623226165771484,39.59798049926758,40.31128692626953,39.623226165771484,39.69886779785156,39.824615478515625,40.0,40.607879638671875,41.231056213378906,42.01190185546875
1774426901.0197494,-75,1,0,0,45.18849563598633,45.17742919921875,44.29446792602539,44.777225494384766,45.27692413330078,46.3249397277832,45.221675872802734,45.221675872802734,46.615447998046875,47.434165954589844,48.25971221923828,49.09175109863281,49.39635467529297,49.73931884765625,48.764739990234375,47.85394287109375,45.694637298583984,44.384681701660156,43.65776062011719,43.011627197265625,43.416587829589844,42.10700607299805,40.4474983215332,7.071067810058594,2.0,1.0,0.0,2.8284270763397217,6.7082037925720215,33.105892181396484,32.572994232177734,32.69556427001953,33.241539001464844,34.78505325317383,35.44009017944336,36.878177642822266,38.470767974853516,39.20458984375,40.112342834472656,40.112342834472656,40.112342834472656,40.31128692626953,40.4474983215332,41.59326934814453,41.43669891357422,41.43669891357422,43.5660400390625,43.73785400390625,42.95346450805664,43.17406463623047,43.17406463623047,43.680660247802734
1774426901.0944293,-75,1,0,0,43.32435989379883,41.43669891357422,40.853397369384766,37.57658767700195,37.58989334106445,40.31128692626953,41.67733383178711,43.90899658203125,43.90899658203125,43.046485900878906,43.5660400390625,43.046485900878906,43.046485900878906,43.90899658203125,40.70626449584961,39.81205749511719,39.0,38.27531814575195,37.947330474853516,38.07886505126953,37.656341552734375,38.20994567871094,37.656341552734375,7.280109882354736,2.2360680103302,1.0,1.0,2.0,6.082762718200684,30.4138126373291,30.265491485595703,30.4138126373291,31.14482307434082,32.015621185302734,32.015621185302734,34.01470184326172,35.0142822265625,36.013885498046875,34.058773040771484,34.058773040771484,35.05709457397461,38.05259704589844,39.0128173828125,40.01249694824219,41.01219177246094,39.0128173828125,39.0128173828125,38.01315689086914,38.0,39.051246643066406,40.112342834472656,39.20458984375
1774426901.1276321,-75,1,0,0,50.03998565673828,49.0,47.01063537597656,46.04345703125,46.173583984375,46.389652252197266,46.52956008911133,47.67599105834961,47.85394287109375,48.66210174560547,48.66210174560547,48.50773239135742,48.3735466003418,47.26520919799805,47.26520919799805,47.095645904541016,47.01063537597656,46.0,45.0444221496582,43.28972244262695,41.9761848449707,41.78516387939453,41.62931823730469,8.062257766723633,3.605551242828369,0.0,0.0,2.0,7.071067810058594,34.058773040771484,33.541019439697266,32.98484420776367,33.83784866333008,35.46829605102539,36.769554138183594,38.07886505126953,38.4837646484375,38.910152435302734,39.357337951660156,40.24922180175781,40.70626449584961,40.70626449584961,42.05948257446289,42.05948257446289,42.94182205200195,42.48529052734375,43.382022857666016,43.863426208496094,43.08131790161133,43.65776062011719,44.271888732910156,45.880279541015625
1774426901.171221,-75,1,0,0,40.70626449584961,39.824615478515625,40.31128692626953,39.4461669921875,40.49691390991211,40.0,39.20458984375,39.051246643066406,40.45985794067383,42.01190185546875,41.400482177734375,40.804412841796875,40.224369049072266,41.04875183105469,39.96248245239258,39.4461669921875,38.470767974853516,37.57658767700195,36.769554138183594,37.0,37.36308288574219,39.20458984375,39.458839416503906,6.324555397033691,1.4142135381698608,1.4142135381698608,1.4142135381698608,1.4142135381698608,4.4721360206604,27.312999725341797,28.160255432128906,28.635643005371094,28.792360305786133,28.460498809814453,29.120439529418945,29.832868576049805,31.575305938720703,33.37664031982422,34.2344856262207,35.12833786010742,35.12833786010742,36.22154235839844,36.22154235839844,36.22154235839844,36.22154235839844,36.22154235839844,37.2155876159668,37.2155876159668,36.49657440185547,35.902645111083984,36.13862228393555,37.10795211791992
1774426901.2457929,-75,1,0,0,48.093658447265625,47.16990661621094,45.27692413330078,45.27692413330078,45.54119110107422,44.9110221862793,45.35416030883789,47.53945541381836,48.764739990234375,48.764739990234375,48.764739990234375,47.801673889160156,47.53945541381836,47.29693603515625,46.87216567993164,45.54119110107422,44.18144226074219,44.10215377807617,45.0111083984375,45.0111083984375,43.28972244262695,43.011627197265625,42.154476165771484,8.062257766723633,2.8284270763397217,0.0,0.0,2.0,6.0,33.0151481628418,33.0151481628418,34.058773040771484,35.22782897949219,36.34556198120117,37.656341552734375,38.07886505126953,38.60051727294922,38.897300720214844,38.897300720214844,39.84971618652344,40.804412841796875,41.761226654052734,41.761226654052734,42.05948257446289,42.72002029418945,42.72002029418945,42.72002029418945,43.416587829589844,44.14748001098633,45.12205505371094,45.89117431640625,47.67599105834961
1774426901.258687,-75,1,0,0,48.46648406982422,47.16990661621094,47.16990661621094,46.81879806518555,47.12748718261719,47.29693603515625,47.07440948486328,47.07440948486328,47.29693603515625,48.50773239135742,49.72926712036133,50.695167541503906,49.72926712036133,50.28916549682617,48.703182220458984,47.53945541381836,45.18849563598633,44.29446792602539,43.90899658203125,43.26661682128906,42.63801193237305,41.72529220581055,41.86884307861328,6.4031243324279785,1.4142135381698608,1.4142135381698608,1.4142135381698608,1.4142135381698608,5.0,33.060550689697266,32.38827133178711,33.241539001464844,34.01470184326172,34.438350677490234,34.48188018798828,35.510562896728516,37.44329071044922,38.60051727294922,40.607879638671875,42.01190185546875,42.01190185546875,42.01190185546875,42.8018684387207,43.416587829589844,42.8018684387207,42.8018684387207,42.8018684387207,44.204071044921875,45.221675872802734,45.486263275146484,45.79301071166992,46.647613525390625
1774426901.3160114,-75,1,0,0,43.8292121887207,41.88078308105469,41.34005355834961,41.67733383178711,42.05948257446289,42.48529052734375,42.04759216308594,42.95346450805664,43.863426208496094,44.777225494384766,44.777225494384766,44.283180236816406,44.283180236816406,43.8292121887207,42.54409408569336,41.88078308105469,40.0,39.051246643066406,38.94868469238281,37.48332977294922,36.878177642822266,36.619667053222656,36.715118408203125,5.830951690673828,1.4142135381698608,1.0,1.0,2.0,5.385164737701416,28.635643005371094,29.529645919799805,31.906112670898438,31.62277603149414,32.80244064331055,33.30165100097656,33.241539001464844,34.65544509887695,35.38361358642578,36.2353401184082,36.2353401184082,37.013511657714844,36.878177642822266,36.878177642822266,37.013511657714844,37.013511657714844,37.64305877685547,39.051246643066406,40.360870361328125,40.360870361328125,40.360870361328125,41.03656768798828,42.42640686035156
1774426901.383411,-75,1,0,0,43.28972244262695,42.57933807373047,42.7551155090332,42.95346450805664,43.416587829589844,43.680660247802734,42.05948257446289,43.32435989379883,44.271888732910156,45.221675872802734,46.48655700683594,46.173583984375,45.880279541015625,45.607017517089844,45.35416030883789,44.14748001098633,41.773197174072266,41.43669891357422,41.19466018676758,41.01219177246094,40.04996871948242,37.85498809814453,36.400550842285156,6.324555397033691,2.0,1.0,0.0,2.2360680103302,6.082762718200684,32.015621185302734,32.0,32.0,32.015621185302734,33.13608169555664,33.241539001464844,34.525352478027344,35.693138122558594,37.10795211791992,37.10795211791992,37.10795211791992,37.36308288574219,38.327537536621094,38.60051727294922,38.60051727294922,38.327537536621094,40.26164245605469,41.0,41.773197174072266,41.59326934814453,40.607879638671875,41.30375289916992,42.10700607299805
1774426901.415097,-75,1,0,0,41.1096076965332,40.360870361328125,41.03656768798828,41.72529220581055,43.185646057128906,44.04542922973633,43.416587829589844,43.600460052490234,44.40720748901367,45.80392837524414,45.607017517089844,45.607017517089844,46.22769546508789,47.50789260864258,46.010868072509766,45.27692413330078,43.13930892944336,42.42640686035156,41.1096076965332,40.0,39.11521530151367,36.769554138183594,36.055511474609375,6.324555397033691,2.2360680103302,0.0,0.0,2.8284270763397217,6.4031243324279785,31.890438079833984,30.805843353271484,31.62277603149414,31.38471031188965,31.764760971069336,33.105892181396484,34.01470184326172,36.400550842285156,37.947330474853516,37.64305877685547,37.64305877685547,38.897300720214844,39.217342376708984,39.217342376708984,38.27531814575195,38.27531814575195,38.27531814575195,39.560081481933594,39.924930572509766,40.31128692626953,39.81205749511719,40.24922180175781,41.67733383178711
1774426901.4729016,-75,1,0,0,46.097721099853516,44.384681701660156,42.72002029418945,42.72002029418945,43.32435989379883,42.72002029418945,42.44997024536133,43.416587829589844,43.416587829589844,43.416587829589844,44.384681701660156,44.384681701660156,44.92215347290039,45.54119110107422,44.0113639831543,42.154476165771484,41.62931823730469,41.146080017089844,41.18252182006836,40.49691390991211,40.0,38.28837966918945,37.48332977294922,7.071067810058594,2.8284270763397217,0.0,0.0,2.2360680103302,6.082762718200684,30.5941162109375,29.120439529418945,31.30495262145996,32.24903106689453,32.75667953491211,33.83784866333008,35.22782897949219,36.400550842285156,36.878177642822266,36.79673767089844,38.20994567871094,38.28837966918945,39.69886779785156,40.45985794067383,41.231056213378906,39.824615478515625,39.69886779785156,39.623226165771484,40.45985794067383,39.824615478515625,40.607879638671875,42.20189666748047,43.26661682128906
1774426901.5368056,-75,1,0,0,46.097721099853516,45.0111083984375,45.0,46.04345703125,47.16990661621094,48.50773239135742,47.67599105834961,47.67599105834961,47.85394287109375,47.85394287109375,49.648765563964844,49.497474670410156,50.35871505737305,51.244510650634766,50.15974426269531,48.041648864746094,46.010868072509766,45.0444221496582,44.04542922973633,44.283180236816406,43.73785400390625,41.761226654052734,41.78516387939453,7.6157732009887695,3.1622776985168457,1.0,1.0,2.2360680103302,7.071067810058594,35.22782897949219,34.058773040771484,34.2344856262207,34.525352478027344,34.928497314453125,36.400550842285156,38.60051727294922,40.16217041015625,40.49691390991211,40.853397369384766,41.231056213378906,42.154476165771484,41.78516387939453,41.43669891357422,41.78516387939453,41.78516387939453,42.154476165771484,44.0113639831543,44.94440841674805,44.59820556640625,44.271888732910156,43.96589660644531,44.643028259277344
1774426901.6079252,-75,1,0,0,43.011627197265625,42.01190185546875,41.231056213378906,41.1096076965332,42.44997024536133,42.42640686035156,42.42640686035156,43.13930892944336,42.44997024536133,42.52058410644531,42.44997024536133,43.13930892944336,43.863426208496094,44.59820556640625,43.27817153930664,42.20189666748047,42.43819046020508,41.34005355834961,41.18252182006836,40.24922180175781,39.39543151855469,39.560081481933594,39.560081481933594,7.071067810058594,3.0,1.0,1.0,1.4142135381698608,5.656854152679443,32.015621185302734,30.4138126373291,30.610456466674805,31.064449310302734,31.906112670898438,32.24903106689453,32.649654388427734,33.105892181396484,34.928497314453125,35.84689712524414,36.769554138183594,37.6961555480957,39.0,38.62641525268555,39.560081481933594,40.49691390991211,39.560081481933594,39.560081481933594,39.0,39.81205749511719,40.70626449584961,42.05948257446289,42.94182205200195
1774426901.6184895,-75,1,0,0,47.16990661621094,46.647613525390625,44.777225494384766,44.777225494384766,44.72135925292969,46.097721099853516,45.31004333496094,45.880279541015625,46.81879806518555,47.16990661621094,47.53945541381836,47.01063537597656,47.423622131347656,48.30113983154297,46.14108657836914,45.79301071166992,43.26661682128906,42.43819046020508,42.20189666748047,42.63801193237305,41.72529220581055,41.04875183105469,40.24922180175781,6.7082037925720215,2.0,1.4142135381698608,1.4142135381698608,1.0,5.385164737701416,31.30495262145996,31.38471031188965,31.906112670898438,32.202484130859375,33.42155075073242,34.71310806274414,36.06937789916992,37.48332977294922,38.28837966918945,37.64305877685547,38.41874694824219,39.824615478515625,39.824615478515625,40.45985794067383,39.051246643066406,39.69886779785156,39.69886779785156,40.45985794067383,41.86884307861328,42.44997024536133,43.84062194824219,44.55333709716797,44.59820556640625
1774426901.6837685,-76,1,0,0,46.04345703125,44.18144226074219,43.28972244262695,44.55333709716797,45.89117431640625,47.29693603515625,47.801673889160156,49.04079818725586,49.04079818725586,48.764739990234375,48.764739990234375,48.50773239135742,48.27007293701172,47.07440948486328,45.54119110107422,45.39823913574219,46.27094268798828,46.173583984375,45.0444221496582,43.046485900878906,42.296573638916016,41.231056213378906,42.05948257446289,7.211102485656738,1.4142135381698608,1.4142135381698608,1.4142135381698608,1.4142135381698608,6.082762718200684,35.05709457397461,34.01470184326172,33.0,34.13209533691406,35.35533905029297,36.67424011230469,36.878177642822266,38.327537536621094,37.64305877685547,37.947330474853516,39.217342376708984,40.49691390991211,41.1096076965332,41.43669891357422,42.379241943359375,43.32435989379883,43.011627197265625,42.72002029418945,43.416587829589844,43.416587829589844,44.14748001098633,44.72135925292969,44.55333709716797
1774426901.704666,-75,1,0,0,38.20994567871094,38.20994567871094,37.336307525634766,37.48332977294922,37.85498809814453,37.10795211791992,36.400550842285156,37.64305877685547,37.64305877685547,38.60051727294922,39.560081481933594,39.293766021728516,40.024993896484375,39.81205749511719,38.63935852050781,37.48332977294922,36.22154235839844,35.05709457397461,35.0142822265625,34.01470184326172,34.13209533691406,32.893768310546875,33.105892181396484,6.324555397033691,2.2360680103302,1.0,0.0,2.2360680103302,5.385164737701416,25.70992088317871,26.476404190063477,28.44292449951172,28.284271240234375,28.07133674621582,28.017850875854492,30.01666259765625,31.064449310302734,33.241539001464844,33.37664031982422,32.557640075683594,32.38827133178711,33.541019439697266,33.541019439697266,33.541019439697266,33.541019439697266,34.525352478027344,35.510562896728516,36.22154235839844,36.12478256225586,35.12833786010742,36.055511474609375,37.05401611328125
1774426901.7612443,-75,1,0,0,43.96589660644531,43.680660247802734,42.20189666748047,41.0,42.57933807373047,44.283180236816406,44.18144226074219,45.17742919921875,44.18144226074219,43.185646057128906,43.185646057128906,43.28972244262695,43.5660400390625,43.931766510009766,44.14748001098633,43.416587829589844,43.416587829589844,42.72002029418945,42.05948257446289,41.78516387939453,41.146080017089844,40.49691390991211,39.824615478515625,7.8102498054504395,2.8284270763397217,0.0,0.0,2.0,6.0,33.0,31.14482307434082,31.320919036865234,32.893768310546875,33.61547088623047,34.438350677490234,34.885528564453125,34.48188018798828,34.66987228393555,35.80502700805664,36.619667053222656,38.27531814575195,39.11521530151367,39.66106414794922,41.04875183105469,40.49691390991211,39.96248245239258,39.96248245239258,39.96248245239258,39.4461669921875,40.31128692626953,39.824615478515625,41.146080017089844
1774426901.8350382,-75,1,0,0,44.94440841674805,45.27692413330078,46.14108657836914,45.17742919921875,44.72135925292969,45.694637298583984,44.0113639831543,44.94440841674805,46.81879806518555,48.10405349731445,48.46648406982422,48.332183837890625,47.85394287109375,48.30113983154297,47.01063537597656,45.79301071166992,44.10215377807617,43.8292121887207,44.204071044921875,43.185646057128906,42.44997024536133,42.43819046020508,43.5660400390625,6.7082037925720215,2.0,1.4142135381698608,1.4142135381698608,1.0,5.099019527435303,31.320919036865234,30.463092803955078,31.62277603149414,32.80244064331055,33.42155075073242,34.71310806274414,35.35533905029297,36.79673767089844,38.41874694824219,37.80211639404297,38.60051727294922,39.20458984375,39.824615478515625,39.051246643066406,39.051246643066406,40.45985794067383,40.45985794067383,41.86884307861328,41.86884307861328,43.185646057128906,43.13930892944336,43.931766510009766,44.04542922973633
1774426901.8486867,-75,1,0,0,47.16990661621094,45.486263275146484,45.221675872802734,45.0,46.097721099853516,47.423622131347656,46.010868072509766,45.27692413330078,45.96738052368164,47.381431579589844,47.381431579589844,47.423622131347656,47.50789260864258,47.6340217590332,45.80392837524414,44.94440841674805,43.90899658203125,43.416587829589844,42.48529052734375,42.154476165771484,42.05948257446289,40.31128692626953,40.112342834472656,7.0,2.2360680103302,1.4142135381698608,1.4142135381698608,1.0,5.0,30.4138126373291,30.0,31.906112670898438,32.24903106689453,32.649654388427734,34.438350677490234,35.84689712524414,37.336307525634766,38.60051727294922,39.293766021728516,40.024993896484375,40.26164245605469,41.231056213378906,41.231056213378906,41.231056213378906,42.44997024536133,42.44997024536133,42.44997024536133,43.680660247802734,43.011627197265625,43.32435989379883,44.0113639831543,44.384681701660156
1774426901.9073367,-75,1,0,0,36.49657440185547,36.49657440185547,36.67424011230469,37.656341552734375,37.85498809814453,38.07886505126953,39.051246643066406,39.293766021728516,40.52159881591797,40.52159881591797,41.48493576049805,41.48493576049805,41.231056213378906,41.773197174072266,40.607879638671875,39.31920623779297,38.11823654174805,37.013511657714844,37.013511657714844,36.22154235839844,35.902645111083984,35.80502700805664,36.12478256225586,6.4031243324279785,2.2360680103302,1.0,2.0,0.0,5.0,28.44292449951172,33.060550689697266,29.832868576049805,30.066593170166016,29.154760360717773,27.294687271118164,30.5941162109375,32.015621185302734,31.78049659729004,32.0,32.38827133178711,33.541019439697266,35.12833786010742,34.058773040771484,35.05709457397461,35.0142822265625,37.013511657714844,38.05259704589844,38.0,37.05401611328125,34.058773040771484,33.0151481628418,33.0
1774426901.972105,-75,1,0,0,47.51841735839844,46.389652252197266,46.173583984375,46.010868072509766,48.041648864746094,49.162994384765625,47.16990661621094,47.26520919799805,48.3735466003418,49.36598205566406,50.35871505737305,50.2493782043457,50.15974426269531,50.08992004394531,49.01020431518555,47.01063537597656,45.09988784790039,44.283180236816406,45.39823913574219,44.9110221862793,43.680660247802734,43.46262741088867,42.48529052734375,7.6157732009887695,2.2360680103302,1.0,1.0,2.0,6.0,32.140316009521484,32.24903106689453,33.95585250854492,34.48188018798828,35.11410140991211,35.84689712524414,36.24913787841797,37.57658767700195,38.910152435302734,39.357337951660156,40.70626449584961,41.18252182006836,42.05948257446289,42.05948257446289,42.54409408569336,43.416587829589844,42.94182205200195,43.863426208496094,44.0113639831543,44.0113639831543,44.0113639831543,43.65776062011719,44.59820556640625
1774426901.9841926,-75,1,0,0,42.379241943359375,41.43669891357422,40.853397369384766,42.154476165771484,42.95346450805664,42.04759216308594,41.146080017089844,42.05948257446289,41.67733383178711,43.046485900878906,44.777225494384766,43.90899658203125,43.8292121887207,44.283180236816406,43.863426208496094,42.72002029418945,40.16217041015625,38.60051727294922,39.051246643066406,38.63935852050781,38.20994567871094,39.0128173828125,39.0128173828125,6.082762718200684,2.2360680103302,1.4142135381698608,1.4142135381698608,1.0,4.4721360206604,27.312999725341797,28.792360305786133,29.832868576049805,29.614185333251953,30.4138126373291,31.256999969482422,32.06243896484375,33.0151481628418,35.0142822265625,36.055511474609375,37.05401611328125,37.05401611328125,38.05259704589844,38.05259704589844,37.121421813964844,37.121421813964844,39.051246643066406,41.01219177246094,41.0,40.01249694824219,39.051246643066406,39.11521530151367,39.20458984375
1774426902.0522227,-75,1,0,0,42.95346450805664,42.20189666748047,41.48493576049805,41.48493576049805,41.761226654052734,41.1096076965332,42.379241943359375,41.78516387939453,41.78516387939453,41.78516387939453,42.379241943359375,42.379241943359375,42.379241943359375,42.05948257446289,40.804412841796875,40.26164245605469,40.79215621948242,40.4474983215332,40.31128692626953,38.05259704589844,37.0,35.902645111083984,35.735137939453125,5.385164737701416,1.0,1.4142135381698608,1.0,1.4142135381698608,5.385164737701416,30.5941162109375,31.256999969482422,30.149627685546875,31.016124725341797,31.016124725341797,32.0,33.0151481628418,34.058773040771484,34.13209533691406,35.22782897949219,35.35533905029297,35.35533905029297,36.49657440185547,36.49657440185547,36.67424011230469,37.656341552734375,38.470767974853516,37.2155876159668,38.11823654174805,38.05259704589844,39.0128173828125,40.0,42.0
1774426902.0883837,-75,1,0,0,44.59820556640625,44.0113639831543,43.08131790161133,43.863426208496094,43.8292121887207,43.90899658203125,43.046485900878906,43.90899658203125,46.14108657836914,46.14108657836914,47.01063537597656,47.01063537597656,46.52956008911133,46.06517028808594,46.51881408691406,44.384681701660156,41.78516387939453,41.43669891357422,40.804412841796875,40.79215621948242,40.4474983215332,39.051246643066406,38.327537536621094,7.071067810058594,2.0,0.0,0.0,2.2360680103302,5.830951690673828,30.08321762084961,30.675724029541016,32.572994232177734,32.280025482177734,31.78049659729004,32.38827133178711,33.241539001464844,36.055511474609375,37.013511657714844,38.01315689086914,38.01315689086914,38.05259704589844,39.051246643066406,39.051246643066406,39.0128173828125,40.01249694824219,41.01219177246094,42.04759216308594,42.10700607299805,42.296573638916016,41.43669891357422,41.43669891357422,41.59326934814453
1774426902.134113,-75,1,0,0,41.43669891357422,40.804412841796875,40.26164245605469,39.623226165771484,40.4474983215332,40.31128692626953,39.31920623779297,39.31920623779297,40.199501037597656,41.19466018676758,42.296573638916016,42.42640686035156,43.416587829589844,43.5660400390625,42.7551155090332,40.26164245605469,38.897300720214844,38.27531814575195,39.0,38.4837646484375,37.58989334106445,37.013511657714844,36.769554138183594,6.4031243324279785,2.2360680103302,1.0,1.0,1.4142135381698608,4.4721360206604,28.460498809814453,29.73213768005371,30.08321762084961,30.463092803955078,30.4138126373291,31.38471031188965,32.24903106689453,33.61547088623047,34.66987228393555,35.22782897949219,35.0,35.608985900878906,36.400550842285156,36.400550842285156,36.400550842285156,36.400550842285156,35.80502700805664,37.44329071044922,38.832977294921875,38.832977294921875,38.832977294921875,39.11521530151367,39.4461669921875
1774426902.2027123,-75,1,0,0,42.72002029418945,40.853397369384766,40.31128692626953,39.357337951660156,39.4461669921875,41.04875183105469,41.617305755615234,42.43819046020508,42.43819046020508,41.617305755615234,41.88078308105469,41.88078308105469,43.046485900878906,43.90899658203125,42.05948257446289,40.71854782104492,39.924930572509766,39.560081481933594,40.16217041015625,39.560081481933594,37.85498809814453,39.11521530151367,39.458839416503906,7.071067810058594,1.0,1.4142135381698608,1.0,1.4142135381698608,4.4721360206604,28.23118782043457,28.160255432128906,27.85677719116211,29.4108829498291,30.805843353271484,31.575305938720703,32.38827133178711,33.241539001464844,33.060550689697266,33.060550689697266,33.060550689697266,34.058773040771484,36.12478256225586,37.2155876159668,38.11823654174805,38.11823654174805,37.121421813964844,37.121421813964844,37.2155876159668,37.336307525634766,38.470767974853516,38.63935852050781,39.81205749511719
1774426902.2340596,-75,1,0,0,46.40043258666992,44.821868896484375,43.931766510009766,44.59820556640625,46.69047164916992,48.10405349731445,46.75468063354492,46.86149978637695,47.50789260864258,48.91830062866211,48.91830062866211,48.91830062866211,48.91830062866211,48.83646011352539,46.66904830932617,45.343135833740234,44.68780517578125,44.04542922973633,42.8018684387207,42.43819046020508,42.19004440307617,41.773197174072266,42.296573638916016,8.062257766723633,3.0,0.0,0.0,2.8284270763397217,6.4031243324279785,31.400636672973633,31.906112670898438,34.66987228393555,34.98571014404297,34.0,35.34119415283203,35.84689712524414,37.0,37.947330474853516,39.560081481933594,39.560081481933594,38.60051727294922,39.84971618652344,40.16217041015625,40.804412841796875,41.1096076965332,42.379241943359375,43.65776062011719,44.94440841674805,44.0113639831543,44.777225494384766,44.283180236816406,44.72135925292969
1774426902.278795,-75,1,0,0,42.95346450805664,42.04759216308594,41.59326934814453,40.31128692626953,41.34005355834961,42.72002029418945,43.26661682128906,42.72002029418945,42.72002029418945,43.26661682128906,43.8292121887207,43.26661682128906,43.26661682128906,43.5660400390625,42.54409408569336,42.48529052734375,40.71854782104492,41.231056213378906,40.49691390991211,39.560081481933594,38.832977294921875,40.01249694824219,40.199501037597656,8.062257766723633,3.1622776985168457,1.0,1.0,2.0,5.385164737701416,29.068883895874023,29.546573638916016,31.38471031188965,31.62277603149414,32.015621185302734,32.75667953491211,33.734256744384766,34.525352478027344,35.35533905029297,35.12833786010742,35.12833786010742,36.055511474609375,37.121421813964844,38.20994567871094,39.31920623779297,39.458839416503906,39.458839416503906,39.458839416503906,39.623226165771484,39.623226165771484,38.832977294921875,40.024993896484375,41.231056213378906
1774426902.3685613,-75,1,0,0,40.4474983215332,41.59326934814453,42.57933807373047,43.17406463623047,43.011627197265625,40.853397369384766,38.4837646484375,38.4837646484375,40.71854782104492,41.62931823730469,41.62931823730469,40.853397369384766,42.05948257446289,43.96589660644531,44.92215347290039,43.416587829589844,41.0,37.656341552734375,35.510562896728516,36.22154235839844,37.013511657714844,42.154476165771484,41.761226654052734,8.246211051940918,3.1622776985168457,0.0,0.0,2.2360680103302,5.656854152679443,31.827661514282227,33.30165100097656,27.294687271118164,28.160255432128906,29.068883895874023,30.0,31.064449310302734,33.13608169555664,35.35533905029297,35.693138122558594,35.693138122558594,35.510562896728516,35.35533905029297,34.13209533691406,34.13209533691406,35.05709457397461,36.013885498046875,36.013885498046875,37.05401611328125,37.121421813964844,37.05401611328125,38.05259704589844,39.0
1774426902.3903804,-75,1,0,0,43.931766510009766,43.73785400390625,43.416587829589844,43.28972244262695,43.104522705078125,43.046485900878906,42.01190185546875,42.04759216308594,43.011627197265625,43.011627197265625,43.011627197265625,44.04542922973633,44.04542922973633,45.0444221496582,45.17742919921875,43.416587829589844,41.773197174072266,41.0,41.231056213378906,40.804412841796875,39.560081481933594,38.07886505126953,36.2353401184082,6.7082037925720215,2.2360680103302,1.0,1.0,2.0,6.0,29.42787742614746,29.42787742614746,30.364452362060547,30.08321762084961,30.463092803955078,32.202484130859375,33.12099075317383,34.48188018798828,36.359317779541016,36.8917350769043,38.01315689086914,38.832977294921875,39.11521530151367,39.11521530151367,39.11521530151367,38.27531814575195,38.587562561035156,38.94868469238281,39.81205749511719,39.81205749511719,39.357337951660156,39.81205749511719,41.231056213378906
1774426902.4516413,-75,1,0,0,37.947330474853516,37.0,35.46829605102539,34.928497314453125,34.438350677490234,35.35533905029297,35.84689712524414,36.715118408203125,37.2155876159668,38.07886505126953,37.58989334106445,38.01315689086914,37.57658767700195,38.07886505126953,37.6961555480957,37.0,35.735137939453125,35.1710090637207,33.95585250854492,33.541019439697266,33.13608169555664,32.06243896484375,33.0,5.0,1.0,1.4142135381698608,1.4142135381698608,1.4142135381698608,4.4721360206604,25.079872131347656,25.298221588134766,25.0,25.70992088317871,26.68332862854004,27.459060668945312,28.284271240234375,29.154760360717773,30.066593170166016,30.01666259765625,30.0,31.016124725341797,32.0,33.0151481628418,33.0,34.01470184326172,34.01470184326172,33.060550689697266,33.060550689697266,33.060550689697266,35.12833786010742,35.22782897949219,36.49657440185547
1774426902.5199318,-75,1,0,0,42.19004440307617,41.30375289916992,41.59326934814453,41.9761848449707,42.44997024536133,42.72002029418945,42.379241943359375,42.72002029418945,44.0113639831543,45.31004333496094,46.81879806518555,46.48655700683594,46.173583984375,44.92215347290039,44.643028259277344,42.95346450805664,41.59326934814453,39.458839416503906,39.31920623779297,39.11521530151367,39.0128173828125,37.013511657714844,36.22154235839844,7.071067810058594,3.0,1.0,1.0,2.2360680103302,5.385164737701416,27.312999725341797,29.4108829498291,31.064449310302734,32.015621185302734,32.140316009521484,32.24903106689453,33.541019439697266,34.71310806274414,35.902645111083984,36.13862228393555,37.36308288574219,38.07886505126953,38.07886505126953,37.10795211791992,37.10795211791992,37.10795211791992,37.85498809814453,40.607879638671875,41.43669891357422,41.43669891357422,40.4474983215332,40.4474983215332,40.31128692626953
1774426902.5199318,-75,1,0,0,45.39823913574219,44.55333709716797,44.55333709716797,43.5660400390625,42.7551155090332,41.231056213378906,40.52159881591797,40.804412841796875,42.379241943359375,43.65776062011719,43.96589660644531,44.643028259277344,45.35416030883789,43.931766510009766,42.7551155090332,41.43669891357422,40.199501037597656,40.04996871948242,40.01249694824219,40.04996871948242,39.31920623779297,39.560081481933594,38.27531814575195,6.324555397033691,1.0,1.4142135381698608,1.0,1.4142135381698608,5.385164737701416,29.42787742614746,30.149627685546875,30.149627685546875,31.064449310302734,32.015621185302734,32.0,33.060550689697266,34.36568069458008,34.71310806274414,34.928497314453125,36.13862228393555,35.902645111083984,36.67424011230469,36.67424011230469,36.67424011230469,37.656341552734375,37.85498809814453,38.63935852050781,38.327537536621094,38.20994567871094,39.11521530151367,40.112342834472656,42.10700607299805
1774426902.595159,-75,1,0,0,44.283180236816406,43.08131790161133,43.32435989379883,42.72002029418945,43.17406463623047,43.17406463623047,42.20189666748047,43.931766510009766,45.12205505371094,46.097721099853516,46.3249397277832,45.35416030883789,45.35416030883789,45.607017517089844,44.92215347290039,43.65776062011719,42.154476165771484,40.71854782104492,40.24922180175781,39.4461669921875,39.66106414794922,38.28837966918945,38.18376541137695,7.071067810058594,2.2360680103302,1.0,1.0,2.0,5.385164737701416,29.546573638916016,29.546573638916016,30.870698928833008,30.886890411376953,31.38471031188965,32.4499626159668,33.60059356689453,34.20526123046875,36.2353401184082,36.878177642822266,37.53664779663086,37.53664779663086,37.53664779663086,37.53664779663086,37.53664779663086,38.20994567871094,38.28837966918945,38.41874694824219,39.408119201660156,39.66106414794922,41.04875183105469,41.88078308105469,42.72002029418945
1774426902.664524,-75,1,0,0,48.383880615234375,48.08325958251953,47.801673889160156,47.29693603515625,46.87216567993164,47.51841735839844,47.26520919799805,47.16990661621094,48.166378021240234,49.162994384765625,50.2493782043457,50.35871505737305,49.497474670410156,48.66210174560547,47.85394287109375,47.07440948486328,46.57252502441406,45.221675872802734,44.59820556640625,43.46262741088867,42.94182205200195,43.416587829589844,42.52058410644531,8.485280990600586,2.8284270763397217,0.0,0.0,2.2360680103302,6.324555397033691,34.1760139465332,34.928497314453125,34.928497314453125,35.7770881652832,36.2353401184082,38.07886505126953,39.4461669921875,40.49691390991211,40.804412841796875,40.607879638671875,41.231056213378906,41.86884307861328,41.1096076965332,41.1096076965332,41.231056213378906,42.20189666748047,43.011627197265625,43.8292121887207,44.10215377807617,45.79301071166992,46.14108657836914,45.650848388671875,46.06517028808594
1774426902.685211,-75,1,0,0,42.54409408569336,41.231056213378906,40.853397369384766,41.43669891357422,41.761226654052734,42.20189666748047,41.773197174072266,41.59326934814453,42.57933807373047,42.7551155090332,42.95346450805664,43.17406463623047,43.416587829589844,43.416587829589844,42.44997024536133,42.05948257446289,40.853397369384766,39.39543151855469,38.4837646484375,37.58989334106445,37.44329071044922,35.46829605102539,36.06937789916992,5.656854152679443,1.4142135381698608,1.4142135381698608,1.4142135381698608,1.0,5.099019527435303,28.160255432128906,27.85677719116211,30.01666259765625,29.681644439697266,30.805843353271484,32.202484130859375,32.80244064331055,34.058773040771484,33.241539001464844,33.941123962402344,34.65544509887695,35.38361358642578,36.06937789916992,36.769554138183594,37.48332977294922,38.20994567871094,38.20994567871094,38.20994567871094,38.28837966918945,38.41874694824219,38.60051727294922,38.60051727294922,39.408119201660156
1774426902.7422767,-75,1,0,0,39.0,38.910152435302734,39.824615478515625,39.96248245239258,39.96248245239258,39.96248245239258,38.587562561035156,37.735923767089844,38.27531814575195,38.832977294921875,39.66106414794922,38.587562561035156,39.96248245239258,39.11521530151367,39.4461669921875,38.94868469238281,38.4837646484375,36.400550842285156,35.44009017944336,34.71310806274414,35.510562896728516,32.38827133178711,32.24903106689453,6.0,2.2360680103302,1.0,1.0,2.2360680103302,5.385164737701416,28.635643005371094,28.460498809814453,26.68332862854004,28.44292449951172,28.160255432128906,29.068883895874023,30.149627685546875,32.140316009521484,33.13608169555664,34.13209533691406,34.13209533691406,35.05709457397461,35.0,34.0,34.0,34.01470184326172,35.0142822265625,34.13209533691406,36.22154235839844,35.35533905029297,35.510562896728516,35.902645111083984,37.36308288574219
1774426902.8203595,-75,1,0,0,45.27692413330078,44.29446792602539,44.72135925292969,45.31004333496094,45.221675872802734,44.643028259277344,44.384681701660156,45.35416030883789,46.3249397277832,47.07440948486328,47.29693603515625,47.29693603515625,48.27007293701172,48.50773239135742,48.08325958251953,45.880279541015625,44.777225494384766,43.863426208496094,43.382022857666016,42.54409408569336,40.49691390991211,39.69886779785156,39.59798049926758,7.211102485656738,2.2360680103302,1.0,1.0,1.4142135381698608,5.0,31.906112670898438,32.4499626159668,33.42155075073242,34.65544509887695,35.46829605102539,36.400550842285156,37.202152252197266,38.60051727294922,39.20458984375,40.0,40.804412841796875,42.20189666748047,42.01190185546875,42.01190185546875,42.20189666748047,41.617305755615234,40.804412841796875,41.231056213378906,41.1096076965332,41.72529220581055,43.13930892944336,43.84062194824219,45.27692413330078
1774426902.8309157,-75,1,0,0,46.097721099853516,44.68780517578125,44.68780517578125,45.45327377319336,47.20169448852539,48.82622146606445,47.70744323730469,48.02082824707031,48.87739944458008,50.2493782043457,50.774009704589844,49.92995071411133,50.477718353271484,50.21951675415039,48.60041046142578,47.6340217590332,46.010868072509766,45.27692413330078,45.25483322143555,45.343135833740234,44.204071044921875,45.617977142333984,44.94440841674805,8.5440034866333,3.1622776985168457,0.0,0.0,2.8284270763397217,7.211102485656738,35.608985900878906,34.65544509887695,35.38361358642578,36.2353401184082,37.202152252197266,38.01315689086914,38.27531814575195,39.4461669921875,40.24922180175781,40.24922180175781,41.146080017089844,42.48529052734375,42.94182205200195,43.416587829589844,44.29446792602539,43.90899658203125,44.777225494384766,44.777225494384766,45.27692413330078,44.94440841674805,44.65422821044922,44.40720748901367,44.821868896484375
1774426902.8975692,-75,1,0,0,42.379241943359375,42.72002029418945,43.08131790161133,44.384681701660156,45.18849563598633,44.72135925292969,42.94182205200195,42.94182205200195,43.90899658203125,45.79301071166992,45.79301071166992,45.27692413330078,45.17742919921875,45.617977142333984,44.283180236816406,42.54409408569336,40.49691390991211,39.84971618652344,40.52159881591797,40.79215621948242,40.31128692626953,39.051246643066406,38.0,7.0,2.0,0.0,0.0,2.2360680103302,5.830951690673828,31.38471031188965,30.675724029541016,30.805843353271484,31.575305938720703,31.400636672973633,32.24903106689453,34.13209533691406,36.055511474609375,37.013511657714844,38.0,38.0,38.01315689086914,39.0128173828125,39.0128173828125,38.05259704589844,38.01315689086914,39.0,40.04996871948242,41.1096076965332,41.1096076965332,39.20458984375,40.199501037597656,41.30375289916992
1774426902.9186738,-75,1,0,0,33.541019439697266,33.541019439697266,33.541019439697266,32.38827133178711,31.400636672973633,29.27456283569336,28.284271240234375,29.27456283569336,31.14482307434082,33.060550689697266,34.058773040771484,33.13608169555664,34.2344856262207,35.35533905029297,34.525352478027344,33.95585250854492,33.52610778808594,31.016124725341797,29.154760360717773,28.17800521850586,28.301942825317383,34.928497314453125,34.1760139465332,6.324555397033691,2.0,1.0,1.0,1.4142135381698608,4.242640495300293,25.0,25.495098114013672,21.3775577545166,21.587032318115234,22.803508758544922,22.803508758544922,23.0867919921875,25.298221588134766,26.925823211669922,28.23118782043457,28.23118782043457,26.4007568359375,24.1867733001709,23.021728515625,23.853721618652344,26.07680892944336,27.784887313842773,29.068883895874023,29.154760360717773,28.792360305786133,29.154760360717773,30.08321762084961,31.38471031188965
1774426902.9734902,-75,1,0,0,45.607017517089844,43.96589660644531,43.32435989379883,44.0113639831543,46.097721099853516,45.617977142333984,45.17742919921875,44.777225494384766,45.650848388671875,46.52956008911133,47.85394287109375,48.332183837890625,48.84669876098633,48.46648406982422,46.81879806518555,45.221675872802734,42.44997024536133,41.9761848449707,41.773197174072266,41.30375289916992,41.1096076965332,40.04996871948242,39.458839416503906,7.280109882354736,2.2360680103302,1.4142135381698608,1.4142135381698608,1.4142135381698608,5.0,30.01666259765625,30.463092803955078,32.280025482177734,31.78049659729004,32.38827133178711,33.241539001464844,34.2344856262207,37.121421813964844,38.05259704589844,39.0,40.01249694824219,40.04996871948242,41.01219177246094,41.0,40.01249694824219,40.01249694824219,40.01249694824219,41.01219177246094,43.0,44.04542922973633,43.185646057128906,43.28972244262695,43.28972244262695
1774426903.0498533,-75,1,0,0,38.327537536621094,37.10795211791992,37.10795211791992,38.07886505126953,40.26164245605469,41.9761848449707,42.95346450805664,43.931766510009766,43.73785400390625,44.55333709716797,44.55333709716797,41.59326934814453,39.623226165771484,41.0,39.217342376708984,38.07886505126953,37.2155876159668,39.11521530151367,38.832977294921875,38.60051727294922,36.878177642822266,38.910152435302734,36.715118408203125,6.7082037925720215,2.8284270763397217,1.0,0.0,2.0,5.099019527435303,27.20294189453125,29.614185333251953,32.38827133178711,31.78049659729004,31.048349380493164,31.048349380493164,31.78049659729004,32.98484420776367,33.241539001464844,32.893768310546875,34.539833068847656,35.84689712524414,38.4837646484375,38.910152435302734,38.01315689086914,38.4837646484375,37.57658767700195,39.0,39.560081481933594,39.217342376708984,38.27531814575195,36.400550842285156,36.769554138183594
1774426903.0602872,-75,1,0,0,43.680660247802734,43.680660247802734,43.680660247802734,43.011627197265625,42.72002029418945,43.08131790161133,42.95346450805664,44.283180236816406,44.283180236816406,44.283180236816406,44.72135925292969,44.283180236816406,44.777225494384766,44.384681701660156,43.08131790161133,43.32435989379883,41.48493576049805,40.024993896484375,39.81205749511719,40.199501037597656,39.0128173828125,38.832977294921875,37.36308288574219,7.280109882354736,2.2360680103302,1.0,1.0,2.0,5.385164737701416,30.08321762084961,30.364452362060547,30.805843353271484,31.400636672973633,33.13608169555664,34.01470184326172,35.0,36.013885498046875,37.013511657714844,37.05401611328125,38.11823654174805,40.112342834472656,40.112342834472656,41.1096076965332,40.112342834472656,40.112342834472656,39.11521530151367,40.112342834472656,40.04996871948242,40.0,40.04996871948242,41.1096076965332,42.19004440307617
1774426903.1273334,-75,1,0,0,47.50789260864258,46.010868072509766,45.25483322143555,44.59820556640625,45.45327377319336,46.22769546508789,45.607017517089844,46.22769546508789,47.01063537597656,47.20169448852539,48.60041046142578,48.41487503051758,49.04079818725586,48.27007293701172,46.75468063354492,45.96738052368164,44.59820556640625,44.04542922973633,42.8018684387207,41.88078308105469,40.70626449584961,40.31128692626953,39.84971618652344,7.280109882354736,2.2360680103302,1.0,1.0,2.0,6.7082037925720215,35.22782897949219,33.42155075073242,32.649654388427734,33.0151481628418,33.61547088623047,34.48188018798828,36.2353401184082,37.121421813964844,37.57658767700195,38.4837646484375,39.0,40.853397369384766,40.853397369384766,40.853397369384766,41.78516387939453,42.54409408569336,42.95346450805664,42.04759216308594,42.94182205200195,42.94182205200195,42.94182205200195,43.416587829589844,43.90899658203125
1774426903.2055085,-75,1,0,0,42.44997024536133,41.1096076965332,41.231056213378906,41.400482177734375,42.72002029418945,42.72002029418945,42.19004440307617,41.34005355834961,42.19004440307617,42.54409408569336,43.416587829589844,43.046485900878906,43.5660400390625,43.5660400390625,42.43819046020508,41.400482177734375,40.45985794067383,38.94868469238281,39.59798049926758,38.94868469238281,39.20458984375,36.715118408203125,34.928497314453125,6.324555397033691,2.0,1.0,1.0,1.4142135381698608,4.242640495300293,28.42534065246582,29.73213768005371,31.14482307434082,31.240999221801758,30.805843353271484,31.064449310302734,31.906112670898438,34.13209533691406,34.98571014404297,35.35533905029297,36.2353401184082,37.58989334106445,38.470767974853516,38.470767974853516,38.01315689086914,38.01315689086914,38.470767974853516,38.07886505126953,39.96248245239258,39.66106414794922,39.66106414794922,40.224369049072266,40.0
1774426903.2260911,-76,1,0,0,39.11521530151367,40.04996871948242,39.20458984375,39.11521530151367,41.01219177246094,42.0,42.0,42.0,43.011627197265625,44.0113639831543,44.0113639831543,44.0113639831543,45.0444221496582,44.10215377807617,43.185646057128906,41.43669891357422,40.79215621948242,40.26164245605469,39.560081481933594,40.49691390991211,39.39543151855469,37.735923767089844,36.619667053222656,6.4031243324279785,2.2360680103302,1.0,1.0,1.0,5.0,30.0,31.064449310302734,32.140316009521484,32.38827133178711,32.75667953491211,32.280025482177734,32.893768310546875,33.83784866333008,35.11410140991211,35.11410140991211,35.46829605102539,36.400550842285156,37.336307525634766,37.6961555480957,38.4837646484375,39.0,39.0,38.27531814575195,38.897300720214844,39.560081481933594,38.60051727294922,37.10795211791992,39.051246643066406
1774426903.2836301,-74,1,0,0,36.769554138183594,37.161808013916016,36.2353401184082,36.359317779541016,36.8917350769043,36.055511474609375,35.22782897949219,35.80502700805664,35.80502700805664,38.01315689086914,38.832977294921875,39.66106414794922,39.11521530151367,38.587562561035156,37.2155876159668,35.7770881652832,34.539833068847656,35.11410140991211,34.78505325317383,35.44009017944336,34.71310806274414,32.38827133178711,31.0,5.099019527435303,1.4142135381698608,1.4142135381698608,1.0,2.2360680103302,5.830951690673828,37.48332977294922,33.42155075073242,25.298221588134766,26.68332862854004,27.459060668945312,29.42787742614746,29.120439529418945,31.95309066772461,34.78505325317383,34.20526123046875,33.734256744384766,33.734256744384766,32.557640075683594,32.24903106689453,32.140316009521484,32.24903106689453,32.24903106689453,32.75667953491211,32.015621185302734,31.78049659729004,33.37664031982422,37.336307525634766,41.773197174072266
1774426903.3490996,-75,1,0,0,42.20189666748047,41.9761848449707,42.7551155090332,42.57933807373047,41.30375289916992,41.1096076965332,41.1096076965332,41.1096076965332,41.19466018676758,42.296573638916016,43.28972244262695,43.5660400390625,43.73785400390625,42.95346450805664,41.48493576049805,40.16217041015625,39.560081481933594,38.07886505126953,38.01315689086914,37.2155876159668,36.619667053222656,35.84689712524414,35.0,7.071067810058594,2.8284270763397217,0.0,1.0,2.0,5.385164737701416,26.570659637451172,26.925823211669922,24.083189010620117,26.019224166870117,31.256999969482422,31.400636672973633,27.459060668945312,30.5941162109375,34.71310806274414,31.320919036865234,31.78049659729004,37.161808013916016,41.1096076965332,43.680660247802734,42.154476165771484,40.49691390991211,41.88078308105469,43.46262741088867,43.32435989379883,41.231056213378906,39.924930572509766,40.49691390991211,45.880279541015625
1774426903.3829718,-75,1,0,0,42.54409408569336,41.59326934814453,41.146080017089844,40.71854782104492,41.231056213378906,42.379241943359375,41.1096076965332,40.804412841796875,41.761226654052734,42.05948257446289,43.32435989379883,43.65776062011719,44.0113639831543,44.384681701660156,42.95346450805664,42.48529052734375,41.18252182006836,40.8166618347168,39.66106414794922,38.41874694824219,38.20994567871094,35.608985900878906,35.22782897949219,5.830951690673828,1.0,1.4142135381698608,1.4142135381698608,1.0,5.099019527435303,28.460498809814453,28.23118782043457,29.154760360717773,29.681644439697266,30.232433319091797,30.610456466674805,31.890438079833984,33.241539001464844,33.970577239990234,35.46829605102539,36.878177642822266,36.12478256225586,37.53664779663086,37.53664779663086,37.53664779663086,36.79673767089844,36.79673767089844,36.79673767089844,37.48332977294922,38.94868469238281,38.28837966918945,39.051246643066406,39.20458984375
1774426903.439457,-75,1,0,0,38.60051727294922,38.832977294921875,39.11521530151367,39.11521530151367,39.96248245239258,39.824615478515625,38.470767974853516,38.470767974853516,39.824615478515625,39.824615478515625,39.824615478515625,38.94868469238281,39.4461669921875,40.49691390991211,39.66106414794922,38.60051727294922,38.28837966918945,37.53664779663086,36.769554138183594,36.12478256225586,36.2353401184082,35.80502700805664,35.22782897949219,7.211102485656738,2.2360680103302,0.0,0.0,2.2360680103302,5.385164737701416,27.20294189453125,27.312999725341797,27.80287742614746,27.658634185791016,28.319604873657227,29.0,29.698484420776367,31.890438079833984,33.42155075073242,33.60059356689453,33.60059356689453,34.4093017578125,35.0,35.22782897949219,35.22782897949219,35.80502700805664,36.619667053222656,37.202152252197266,37.013511657714844,36.2353401184082,36.2353401184082,36.79673767089844,36.79673767089844
1774426903.5165231,-75,1,0,0,43.8292121887207,43.26661682128906,42.72002029418945,42.54409408569336,42.94182205200195,42.48529052734375,42.48529052734375,42.48529052734375,42.95346450805664,43.863426208496094,44.777225494384766,45.617977142333984,45.617977142333984,45.17742919921875,44.777225494384766,43.26661682128906,41.400482177734375,40.607879638671875,41.1096076965332,40.31128692626953,39.69886779785156,38.832977294921875,38.587562561035156,6.7082037925720215,2.0,1.0,1.0,1.4142135381698608,5.0,29.154760360717773,30.232433319091797,30.805843353271484,31.890438079833984,33.241539001464844,33.970577239990234,34.71310806274414,35.46829605102539,35.46829605102539,35.608985900878906,36.400550842285156,37.202152252197266,38.01315689086914,38.832977294921875,39.11521530151367,38.27531814575195,38.832977294921875,39.20458984375,40.45985794067383,41.1096076965332,41.773197174072266,41.72529220581055,42.42640686035156
1774426903.5918703,-75,1,0,0,46.389652252197266,47.16990661621094,47.095645904541016,48.166378021240234,47.095645904541016,45.0444221496582,44.0,43.011627197265625,45.0111083984375,46.0,47.04253387451172,47.04253387451172,49.04079818725586,49.04079818725586,48.041648864746094,47.095645904541016,46.389652252197266,43.5660400390625,42.95346450805664,43.011627197265625,43.08131790161133,40.804412841796875,39.051246643066406,7.8102498054504395,2.8284270763397217,0.0,0.0,2.0,6.324555397033691,31.78049659729004,32.893768310546875,32.572994232177734,34.539833068847656,34.539833068847656,34.928497314453125,36.24913787841797,37.121421813964844,38.07886505126953,40.8166618347168,41.34005355834961,42.19004440307617,42.72002029418945,42.72002029418945,42.19004440307617,40.8166618347168,42.19004440307617,43.046485900878906,44.777225494384766,43.8292121887207,43.382022857666016,43.46262741088867,45.31004333496094
1774426903.6024559,-75,1,0,0,42.95346450805664,42.04759216308594,38.4837646484375,36.400550842285156,37.0,38.60051727294922,39.293766021728516,40.26164245605469,41.9761848449707,42.7551155090332,42.7551155090332,41.773197174072266,41.9761848449707,42.20189666748047,41.48493576049805,39.84971618652344,38.27531814575195,36.769554138183594,36.769554138183594,36.67424011230469,36.715118408203125,36.619667053222656,35.84689712524414,6.7082037925720215,2.0,1.0,1.0,1.4142135381698608,5.656854152679443,29.20616340637207,29.0,28.42534065246582,29.068883895874023,29.73213768005371,30.4138126373291,31.890438079833984,33.30165100097656,35.46829605102539,36.400550842285156,36.619667053222656,38.01315689086914,38.60051727294922,38.01315689086914,37.013511657714844,38.20994567871094,39.59798049926758,40.31128692626953,39.623226165771484,37.64305877685547,37.53664779663086,37.53664779663086,34.828147888183594
1774426903.673594,-75,1,0,0,47.01063537597656,46.2385139465332,45.54119110107422,46.173583984375,45.880279541015625,46.3249397277832,46.097721099853516,46.3249397277832,47.53945541381836,47.53945541381836,48.50773239135742,48.764739990234375,49.04079818725586,48.383880615234375,48.10405349731445,46.615447998046875,46.097721099853516,45.17742919921875,44.777225494384766,44.10215377807617,43.600460052490234,44.40720748901367,44.94440841674805,8.602325439453125,3.605551242828369,0.0,0.0,2.2360680103302,6.7082037925720215,34.885528564453125,34.48188018798828,34.539833068847656,34.885528564453125,35.84689712524414,36.8917350769043,36.619667053222656,37.80211639404297,38.28837966918945,38.94868469238281,39.623226165771484,40.360870361328125,41.773197174072266,42.44997024536133,43.185646057128906,43.931766510009766,43.185646057128906,43.185646057128906,43.863426208496094,43.931766510009766,44.04542922973633,44.204071044921875,45.221675872802734
1774426903.7455018,-75,1,0,0,47.381431579589844,46.010868072509766,45.343135833740234,45.45327377319336,47.01063537597656,47.20169448852539,45.221675872802734,46.04345703125,46.3249397277832,47.16990661621094,48.02082824707031,49.09175109863281,48.25971221923828,48.82622146606445,47.801673889160156,47.50789260864258,46.69047164916992,45.25483322143555,44.55333709716797,43.27817153930664,42.20189666748047,42.01190185546875,41.34005355834961,7.6157732009887695,3.0,1.0,1.0,2.2360680103302,5.656854152679443,34.058773040771484,34.058773040771484,33.42155075073242,34.4093017578125,35.22782897949219,36.359317779541016,37.58989334106445,39.357337951660156,38.910152435302734,39.39543151855469,39.924930572509766,41.78516387939453,43.46262741088867,43.46262741088867,43.863426208496094,42.95346450805664,42.48529052734375,42.94182205200195,43.416587829589844,43.90899658203125,45.27692413330078,46.14108657836914,46.647613525390625
1774426903.7560241,-75,1,0,0,37.48332977294922,37.2155876159668,37.121421813964844,38.11823654174805,38.05259704589844,38.01315689086914,37.013511657714844,36.013885498046875,36.013885498046875,37.0,38.0,38.0,38.01315689086914,37.05401611328125,37.121421813964844,36.22154235839844,36.49657440185547,35.693138122558594,35.1710090637207,33.83784866333008,34.01470184326172,35.1710090637207,34.78505325317383,6.324555397033691,1.0,1.4142135381698608,1.4142135381698608,2.2360680103302,6.324555397033691,32.75667953491211,31.256999969482422,25.495098114013672,25.961509704589844,26.248809814453125,27.513633728027344,28.792360305786133,29.154760360717773,29.546573638916016,31.30495262145996,32.24903106689453,33.12099075317383,34.48188018798828,34.48188018798828,33.61547088623047,32.75667953491211,32.75667953491211,33.12099075317383,34.0,34.438350677490234,34.01470184326172,35.46829605102539,37.0
1774426903.829128,-74,1,0,0,47.53945541381836,46.57252502441406,45.880279541015625,45.221675872802734,45.31004333496094,45.18849563598633,45.617977142333984,45.617977142333984,46.06517028808594,46.06517028808594,46.957427978515625,47.85394287109375,47.423622131347656,47.92702865600586,46.2385139465332,45.54119110107422,43.96589660644531,44.14748001098633,43.931766510009766,43.416587829589844,41.1096076965332,40.199501037597656,39.623226165771484,7.280109882354736,2.2360680103302,1.0,1.0,2.0,6.082762718200684,31.048349380493164,31.048349380493164,32.557640075683594,34.36568069458008,35.12833786010742,37.05401611328125,38.0,38.01315689086914,38.05259704589844,38.05259704589844,39.11521530151367,40.112342834472656,40.04996871948242,41.1096076965332,42.19004440307617,42.19004440307617,41.1096076965332,42.01190185546875,42.0,43.011627197265625,44.04542922973633,44.10215377807617,44.18144226074219
1774426903.8994846,-75,1,0,0,45.486263275146484,43.8292121887207,42.8018684387207,42.63801193237305,44.59820556640625,45.27692413330078,45.27692413330078,46.69047164916992,45.96738052368164,46.69047164916992,46.010868072509766,45.96738052368164,44.55333709716797,45.343135833740234,45.45327377319336,45.0,43.26661682128906,43.5660400390625,42.54409408569336,42.04759216308594,40.853397369384766,42.05948257446289,43.17406463623047,7.280109882354736,2.2360680103302,1.0,1.0,2.2360680103302,6.4031243324279785,31.827661514282227,31.827661514282227,32.4499626159668,32.75667953491211,33.541019439697266,34.438350677490234,34.928497314453125,36.400550842285156,37.0,37.947330474853516,37.64305877685547,39.84971618652344,39.84971618652344,40.52159881591797,41.48493576049805,41.48493576049805,40.804412841796875,40.16217041015625,40.49691390991211,40.49691390991211,40.853397369384766,42.54409408569336,42.95346450805664
1774426903.8994846,-74,1,0,0,44.59820556640625,43.96589660644531,44.384681701660156,44.9110221862793,45.7055778503418,46.52956008911133,45.27692413330078,45.27692413330078,46.173583984375,46.173583984375,47.381431579589844,47.67599105834961,47.85394287109375,48.27007293701172,46.3249397277832,44.643028259277344,42.72002029418945,43.46262741088867,42.95346450805664,43.8292121887207,43.5660400390625,43.600460052490234,43.185646057128906,7.8102498054504395,2.2360680103302,1.0,1.0,1.0,5.099019527435303,31.14482307434082,31.256999969482422,33.52610778808594,33.241539001464844,34.01470184326172,34.885528564453125,35.84689712524414,37.2155876159668,38.587562561035156,39.11521530151367,39.11521530151367,38.832977294921875,39.408119201660156,40.804412841796875,40.804412841796875,40.804412841796875,41.04875183105469,42.72002029418945,43.90899658203125,45.27692413330078,43.90899658203125,43.416587829589844,42.94182205200195
1774426903.9714005,-75,1,0,0,44.9110221862793,44.55333709716797,44.55333709716797,43.416587829589844,44.283180236816406,44.10215377807617,44.04542922973633,44.0,45.0,45.0,45.0,44.0,44.0113639831543,45.0444221496582,44.10215377807617,43.185646057128906,42.296573638916016,42.57933807373047,41.9761848449707,40.804412841796875,39.560081481933594,39.824615478515625,40.31128692626953,7.071067810058594,1.4142135381698608,1.4142135381698608,1.4142135381698608,2.0,6.082762718200684,34.20526123046875,33.83784866333008,31.95309066772461,32.69556427001953,33.105892181396484,32.649654388427734,33.12099075317383,34.66987228393555,36.400550842285156,37.202152252197266,37.80211639404297,38.60051727294922,38.01315689086914,39.408119201660156,39.66106414794922,41.34005355834961,41.34005355834961,41.34005355834961,40.8166618347168,39.4461669921875,40.70626449584961,42.04759216308594,42.95346450805664
1774426903.9921403,-74,1,0,0,46.86149978637695,45.343135833740234,45.27692413330078,43.84062194824219,44.59820556640625,44.68780517578125,45.45327377319336,46.22769546508789,46.40043258666992,46.40043258666992,47.801673889160156,47.6340217590332,47.6340217590332,47.50789260864258,46.010868072509766,45.27692413330078,44.68780517578125,44.04542922973633,44.04542922973633,42.8018684387207,42.43819046020508,42.48529052734375,41.78516387939453,8.246211051940918,3.0,1.0,1.0,2.2360680103302,5.656854152679443,31.14482307434082,32.015621185302734,32.75667953491211,33.12099075317383,34.438350677490234,35.84689712524414,36.769554138183594,37.6961555480957,38.27531814575195,38.897300720214844,39.560081481933594,39.84971618652344,40.16217041015625,40.16217041015625,40.16217041015625,40.16217041015625,40.49691390991211,40.853397369384766,41.231056213378906,41.62931823730469,42.95346450805664,43.382022857666016,44.72135925292969
1774426904.0557988,-74,1,0,0,47.16990661621094,46.14108657836914,45.17742919921875,45.18849563598633,47.01063537597656,47.01063537597656,46.615447998046875,45.31004333496094,44.94440841674805,46.2385139465332,47.53945541381836,47.92702865600586,49.24428939819336,49.24428939819336,47.85394287109375,45.650848388671875,44.10215377807617,43.011627197265625,42.8018684387207,42.52058410644531,41.01219177246094,40.49691390991211,39.357337951660156,6.7082037925720215,2.2360680103302,1.0,1.0,2.0,5.385164737701416,31.764760971069336,32.24903106689453,32.24903106689453,33.0151481628418,34.058773040771484,35.38361358642578,36.06937789916992,38.18376541137695,38.897300720214844,38.20994567871094,39.69886779785156,40.45985794067383,40.45985794067383,40.45985794067383,41.1096076965332,41.86884307861328,42.52058410644531,43.13930892944336,43.13930892944336,43.13930892944336,43.13930892944336,43.185646057128906,43.185646057128906
1774426904.1226616,-74,1,0,0,46.097721099853516,44.72135925292969,43.8292121887207,43.416587829589844,44.41846466064453,45.221675872802734,43.600460052490234,44.204071044921875,45.80392837524414,45.80392837524414,46.615447998046875,47.434165954589844,46.87216567993164,47.16990661621094,46.647613525390625,45.17742919921875,42.54409408569336,42.72002029418945,43.32435989379883,42.72002029418945,40.79215621948242,41.01219177246094,40.112342834472656,8.246211051940918,3.1622776985168457,1.0,1.0,2.2360680103302,5.385164737701416,32.24903106689453,32.202484130859375,32.24903106689453,32.649654388427734,34.01470184326172,35.11410140991211,36.68787384033203,36.400550842285156,37.36308288574219,37.10795211791992,38.07886505126953,39.051246643066406,40.024993896484375,40.79215621948242,40.79215621948242,40.607879638671875,40.79215621948242,41.9761848449707,42.20189666748047,42.20189666748047,42.44997024536133,43.680660247802734,44.92215347290039
1774426904.1329858,-74,1,0,0,40.607879638671875,40.79215621948242,41.9761848449707,43.17406463623047,44.643028259277344,44.271888732910156,42.72002029418945,41.78516387939453,42.72002029418945,45.31004333496094,48.10405349731445,47.75981521606445,47.434165954589844,45.880279541015625,44.384681701660156,41.773197174072266,40.4474983215332,40.199501037597656,41.1096076965332,41.0,40.04996871948242,41.1096076965332,41.0,7.071067810058594,2.2360680103302,1.4142135381698608,1.4142135381698608,1.4142135381698608,5.0,30.805843353271484,31.906112670898438,31.78049659729004,32.38827133178711,32.140316009521484,32.06243896484375,34.01470184326172,35.0,37.013511657714844,38.05259704589844,39.11521530151367,40.199501037597656,40.199501037597656,39.20458984375,39.11521530151367,39.11521530151367,40.112342834472656,41.1096076965332,42.04759216308594,41.04875183105469,42.01190185546875,42.0,43.011627197265625
1774426904.2040162,-74,1,0,0,45.221675872802734,45.54119110107422,44.94440841674805,45.31004333496094,47.01063537597656,47.423622131347656,46.06517028808594,45.17742919921875,47.01063537597656,48.3735466003418,49.24428939819336,48.30113983154297,49.19349670410156,48.754486083984375,47.92702865600586,45.880279541015625,44.271888732910156,42.72002029418945,42.44997024536133,41.773197174072266,42.296573638916016,41.04875183105469,40.4474983215332,8.062257766723633,3.0,0.0,0.0,2.8284270763397217,6.7082037925720215,33.541019439697266,33.241539001464844,33.95585250854492,33.734256744384766,34.525352478027344,34.36568069458008,36.22154235839844,38.05259704589844,39.0,39.0128173828125,40.01249694824219,40.04996871948242,42.04759216308594,42.04759216308594,41.04875183105469,41.01219177246094,43.0,44.0113639831543,44.04542922973633,44.18144226074219,43.185646057128906,43.185646057128906,44.18144226074219
1774426904.2730749,-74,1,0,0,45.0444221496582,43.104522705078125,42.19004440307617,42.42640686035156,43.5660400390625,43.73785400390625,42.95346450805664,43.17406463623047,45.35416030883789,46.3249397277832,47.07440948486328,47.85394287109375,48.83646011352539,48.66210174560547,47.51841735839844,44.283180236816406,42.04759216308594,41.01219177246094,41.01219177246094,41.19466018676758,40.607879638671875,41.231056213378906,39.217342376708984,6.7082037925720215,2.2360680103302,1.4142135381698608,1.4142135381698608,1.0,5.0,30.265491485595703,31.14482307434082,32.0,31.064449310302734,31.256999969482422,32.38827133178711,34.525352478027344,36.878177642822266,39.051246643066406,39.293766021728516,39.84971618652344,40.16217041015625,40.804412841796875,40.804412841796875,40.804412841796875,40.804412841796875,40.804412841796875,42.44997024536133,43.416587829589844,42.95346450805664,41.773197174072266,41.59326934814453,42.42640686035156
1774426904.2845984,-75,1,0,0,44.65422821044922,44.10215377807617,42.72002029418945,41.88078308105469,43.046485900878906,42.94182205200195,43.382022857666016,43.863426208496094,44.283180236816406,45.617977142333984,46.06517028808594,46.52956008911133,46.14108657836914,45.27692413330078,44.10215377807617,43.011627197265625,40.607879638671875,40.45985794067383,41.1096076965332,40.31128692626953,40.607879638671875,40.31128692626953,39.39543151855469,6.324555397033691,2.0,1.4142135381698608,1.4142135381698608,1.0,4.123105525970459,29.154760360717773,29.068883895874023,31.38471031188965,32.4499626159668,32.80244064331055,33.30165100097656,33.941123962402344,34.71310806274414,35.46829605102539,35.608985900878906,36.400550842285156,38.60051727294922,39.20458984375,39.824615478515625,39.69886779785156,40.45985794067383,39.824615478515625,40.45985794067383,40.45985794067383,40.360870361328125,41.03656768798828,41.72529220581055,41.773197174072266
1774426904.3515823,-74,1,0,0,47.50789260864258,46.010868072509766,45.27692413330078,45.25483322143555,46.010868072509766,46.86149978637695,47.01063537597656,47.01063537597656,47.6340217590332,47.6340217590332,48.27007293701172,48.27007293701172,48.83646011352539,49.51767349243164,48.10405349731445,46.010868072509766,45.343135833740234,43.931766510009766,44.04542922973633,43.011627197265625,42.54409408569336,41.48493576049805,40.79215621948242,8.246211051940918,3.1622776985168457,0.0,0.0,2.8284270763397217,7.071067810058594,34.65544509887695,32.80244064331055,34.058773040771484,33.60059356689453,33.83784866333008,34.98571014404297,36.715118408203125,37.57658767700195,39.0,39.0,39.924930572509766,41.231056213378906,42.154476165771484,42.54409408569336,41.62931823730469,40.71854782104492,40.71854782104492,41.62931823730469,42.54409408569336,43.382022857666016,43.8292121887207,44.777225494384766,45.27692413330078
1774426904.4256155,-75,1,0,0,44.04542922973633,43.185646057128906,43.863426208496094,43.863426208496094,45.96738052368164,45.96738052368164,44.59820556640625,45.45327377319336,46.22769546508789,47.6340217590332,47.6340217590332,47.50789260864258,48.10405349731445,48.08325958251953,46.69047164916992,45.343135833740234,44.04542922973633,43.416587829589844,42.43819046020508,41.67733383178711,42.04759216308594,41.231056213378906,41.59326934814453,8.062257766723633,3.1622776985168457,0.0,0.0,2.8284270763397217,6.4031243324279785,34.058773040771484,33.0151481628418,34.058773040771484,33.42155075073242,34.20526123046875,34.4093017578125,34.66987228393555,37.2155876159668,38.470767974853516,38.910152435302734,39.81205749511719,39.39543151855469,40.31128692626953,40.31128692626953,40.71854782104492,41.146080017089844,42.48529052734375,43.382022857666016,43.382022857666016,42.94182205200195,42.54409408569336,43.046485900878906,44.10215377807617
1774426904.4256155,-75,1,0,0,28.284271240234375,29.27456283569336,29.068883895874023,31.064449310302734,31.016124725341797,28.07133674621582,26.476404190063477,26.68332862854004,26.925823211669922,29.832868576049805,31.575305938720703,29.42787742614746,29.27456283569336,33.060550689697266,34.0,32.06243896484375,31.016124725341797,30.066593170166016,29.068883895874023,27.166154861450195,24.515300750732422,38.910152435302734,38.62641525268555,7.280109882354736,3.0,1.0,1.0,2.2360680103302,5.656854152679443,32.526912689208984,32.649654388427734,18.681541442871094,18.681541442871094,18.027755737304688,18.973665237426758,20.248456954956055,22.472204208374023,22.847318649291992,24.166091918945312,24.59674835205078,25.05992889404297,24.59674835205078,24.166091918945312,24.698177337646484,24.351591110229492,25.298221588134766,26.570659637451172,25.63201141357422,25.079872131347656,25.495098114013672,26.4007568359375,28.23118782043457
1774426904.4989352,-74,1,0,0,44.283180236816406,43.416587829589844,42.57933807373047,43.931766510009766,44.384681701660156,44.643028259277344,42.72002029418945,42.72002029418945,42.72002029418945,43.96589660644531,45.880279541015625,46.840152740478516,47.801673889160156,47.53945541381836,47.07440948486328,45.7055778503418,43.416587829589844,41.1096076965332,41.01219177246094,41.01219177246094,41.19466018676758,39.11521530151367,38.327537536621094,6.082762718200684,1.4142135381698608,1.4142135381698608,1.4142135381698608,1.0,5.385164737701416,31.38471031188965,31.320919036865234,32.140316009521484,33.0,32.06243896484375,33.13608169555664,33.37664031982422,35.693138122558594,37.656341552734375,38.832977294921875,38.832977294921875,38.832977294921875,38.832977294921875,38.832977294921875,40.024993896484375,39.81205749511719,40.79215621948242,41.59326934814453,42.57933807373047,41.43669891357422,41.30375289916992,42.296573638916016,43.185646057128906
1774426904.5682843,-75,1,0,0,45.25483322143555,43.185646057128906,42.52058410644531,42.01190185546875,43.011627197265625,43.8292121887207,43.8292121887207,43.8292121887207,44.65422821044922,44.65422821044922,45.221675872802734,45.80392837524414,45.0,45.0,44.821868896484375,43.931766510009766,43.13930892944336,42.42640686035156,41.773197174072266,41.231056213378906,41.04875183105469,38.910152435302734,38.62641525268555,6.7082037925720215,2.2360680103302,1.0,1.0,2.0,5.830951690673828,32.202484130859375,31.240999221801758,31.14482307434082,32.015621185302734,33.60059356689453,33.83784866333008,34.13209533691406,34.98571014404297,35.84689712524414,36.2353401184082,37.121421813964844,38.01315689086914,38.470767974853516,39.357337951660156,39.357337951660156,40.24922180175781,40.24922180175781,39.357337951660156,39.4461669921875,39.4461669921875,40.8166618347168,41.88078308105469,43.011627197265625
1774426904.578998,-75,1,0,0,46.52956008911133,46.06517028808594,46.097721099853516,46.097721099853516,46.615447998046875,46.81879806518555,46.173583984375,44.643028259277344,44.643028259277344,45.607017517089844,46.840152740478516,47.12748718261719,46.48655700683594,47.16990661621094,46.615447998046875,46.097721099853516,44.72135925292969,44.29446792602539,43.90899658203125,43.26661682128906,42.01190185546875,41.1096076965332,40.607879638671875,7.8102498054504395,2.8284270763397217,0.0,0.0,2.2360680103302,6.7082037925720215,33.61547088623047,33.12099075317383,33.83784866333008,35.0,34.20526123046875,34.828147888183594,36.12478256225586,37.48332977294922,38.18376541137695,38.28837966918945,38.28837966918945,40.360870361328125,41.1096076965332,41.773197174072266,41.773197174072266,42.44997024536133,41.03656768798828,41.72529220581055,42.42640686035156,42.44997024536133,42.52058410644531,43.416587829589844,43.600460052490234
1774426904.6443672,-75,1,0,0,47.16990661621094,46.647613525390625,46.52956008911133,45.18849563598633,45.31004333496094,44.94440841674805,44.59820556640625,44.59820556640625,45.54119110107422,45.54119110107422,47.16990661621094,47.01063537597656,47.423622131347656,47.85394287109375,47.41307830810547,45.27692413330078,44.10215377807617,43.011627197265625,42.8018684387207,41.86884307861328,41.03656768798828,40.607879638671875,39.66106414794922,7.211102485656738,1.4142135381698608,1.0,1.0,2.0,5.385164737701416,30.870698928833008,31.30495262145996,31.764760971069336,32.4499626159668,33.60059356689453,34.058773040771484,35.38361358642578,36.79673767089844,38.20994567871094,38.18376541137695,39.623226165771484,39.69886779785156,40.360870361328125,40.45985794067383,41.1096076965332,41.1096076965332,41.03656768798828,41.01219177246094,41.72529220581055,41.72529220581055,41.72529220581055,42.52058410644531,43.27817153930664
1774426904.713407,-75,1,0,0,47.85394287109375,46.52956008911133,45.27692413330078,44.94440841674805,44.65422821044922,45.0,44.204071044921875,44.821868896484375,45.45327377319336,46.86149978637695,46.86149978637695,47.6340217590332,47.801673889160156,47.20169448852539,46.04345703125,44.41846466064453,43.416587829589844,42.48529052734375,42.54409408569336,42.379241943359375,42.44997024536133,42.7551155090332,43.185646057128906,8.0,3.1622776985168457,1.0,1.0,2.2360680103302,6.324555397033691,32.649654388427734,31.38471031188965,31.95309066772461,32.280025482177734,33.95585250854492,34.71310806274414,36.49657440185547,37.48332977294922,38.327537536621094,38.20994567871094,39.051246643066406,40.112342834472656,41.1096076965332,41.1096076965332,41.1096076965332,41.19466018676758,41.19466018676758,42.296573638916016,42.42640686035156,41.773197174072266,41.9761848449707,43.416587829589844,45.35416030883789
1774426904.7251503,-75,1,0,0,35.34119415283203,35.34119415283203,35.7770881652832,34.885528564453125,35.84689712524414,35.510562896728516,35.0,35.0,35.608985900878906,37.013511657714844,37.202152252197266,37.44329071044922,36.8917350769043,36.359317779541016,36.715118408203125,36.2353401184082,35.7770881652832,36.24913787841797,35.46829605102539,33.83784866333008,32.98484420776367,34.98571014404297,33.541019439697266,5.830951690673828,1.4142135381698608,1.0,1.0,2.0,5.0,28.319604873657227,29.698484420776367,25.298221588134766,25.961509704589844,26.68332862854004,27.294687271118164,28.160255432128906,29.017236709594727,30.01666259765625,30.0,30.0,31.0,31.0,31.0,31.0,32.0,32.015621185302734,32.06243896484375,32.140316009521484,33.241539001464844,34.36568069458008,33.541019439697266,34.71310806274414
1774426904.7907443,-75,1,0,0,40.79215621948242,39.051246643066406,38.60051727294922,38.60051727294922,39.217342376708984,40.49691390991211,39.924930572509766,41.231056213378906,40.853397369384766,41.78516387939453,42.72002029418945,42.379241943359375,41.43669891357422,41.1096076965332,39.84971618652344,39.293766021728516,38.832977294921875,39.458839416503906,39.31920623779297,38.05259704589844,38.01315689086914,41.1096076965332,40.26164245605469,7.071067810058594,3.0,1.0,1.0,1.4142135381698608,5.656854152679443,32.557640075683594,32.557640075683594,28.284271240234375,29.068883895874023,30.01666259765625,31.0,33.0,33.0151481628418,33.0151481628418,32.06243896484375,33.13608169555664,34.2344856262207,35.35533905029297,35.35533905029297,36.22154235839844,37.2155876159668,36.22154235839844,36.22154235839844,37.2155876159668,38.11823654174805,39.0128173828125,40.01249694824219,41.1096076965332
1774426904.80108,-75,1,0,0,43.416587829589844,42.48529052734375,42.95346450805664,43.46262741088867,43.65776062011719,44.271888732910156,42.72002029418945,42.72002029418945,43.416587829589844,44.384681701660156,46.57252502441406,46.173583984375,46.173583984375,46.48655700683594,44.94440841674805,43.863426208496094,41.59326934814453,41.18252182006836,41.34005355834961,41.04875183105469,39.824615478515625,39.051246643066406,38.18376541137695,6.4031243324279785,2.2360680103302,1.0,1.0,1.4142135381698608,5.385164737701416,30.805843353271484,30.675724029541016,31.064449310302734,31.400636672973633,31.890438079833984,32.557640075683594,33.970577239990234,36.06937789916992,36.769554138183594,37.48332977294922,38.94868469238281,38.94868469238281,39.69886779785156,40.360870361328125,39.623226165771484,38.897300720214844,39.59798049926758,40.31128692626953,41.1096076965332,41.1096076965332,41.86884307861328,41.86884307861328,43.416587829589844
1774426904.8678827,-74,1,0,0,44.0113639831543,43.65776062011719,43.65776062011719,45.221675872802734,45.35416030883789,44.72135925292969,44.55333709716797,44.55333709716797,45.54119110107422,46.69047164916992,46.87216567993164,48.05205535888672,47.29693603515625,47.29693603515625,45.880279541015625,45.221675872802734,42.72002029418945,42.54409408569336,42.48529052734375,42.54409408569336,41.88078308105469,41.773197174072266,42.01190185546875,7.8102498054504395,2.2360680103302,1.0,1.0,2.0,6.082762718200684,31.95309066772461,32.31098937988281,32.31098937988281,33.105892181396484,34.0,34.98571014404297,35.510562896728516,36.619667053222656,36.619667053222656,37.80211639404297,39.051246643066406,39.69886779785156,41.231056213378906,41.400482177734375,40.804412841796875,40.804412841796875,40.0,40.804412841796875,41.617305755615234,41.04875183105469,41.04875183105469,41.34005355834961,41.67733383178711
1774426904.9415932,-74,1,0,0,46.75468063354492,45.45327377319336,45.45327377319336,45.607017517089844,45.221675872802734,45.486263275146484,45.79301071166992,47.01063537597656,47.88528060913086,48.3735466003418,48.87739944458008,48.02082824707031,46.87216567993164,47.434165954589844,47.20169448852539,46.40043258666992,44.821868896484375,43.27817153930664,43.863426208496094,43.185646057128906,42.63801193237305,40.0,39.11521530151367,7.211102485656738,2.2360680103302,0.0,0.0,2.2360680103302,7.211102485656738,33.83784866333008,32.015621185302734,32.557640075683594,33.30165100097656,34.058773040771484,35.608985900878906,37.202152252197266,39.11521530151367,39.824615478515625,39.357337951660156,40.24922180175781,40.24922180175781,41.59326934814453,42.05948257446289,43.416587829589844,42.54409408569336,42.54409408569336,43.046485900878906,43.5660400390625,43.5660400390625,43.26661682128906,43.600460052490234,44.204071044921875
1774426904.9638994,-74,1,0,0,47.50789260864258,45.343135833740234,45.343135833740234,46.010868072509766,47.381431579589844,46.69047164916992,46.097721099853516,46.097721099853516,46.86149978637695,47.6340217590332,48.27007293701172,48.166378021240234,48.10405349731445,48.08325958251953,46.69047164916992,46.010868072509766,44.68780517578125,43.416587829589844,43.011627197265625,42.19004440307617,42.05948257446289,41.67733383178711,40.71854782104492,7.6157732009887695,3.1622776985168457,0.0,0.0,2.2360680103302,5.830951690673828,31.064449310302734,32.202484130859375,33.60059356689453,34.13209533691406,35.35533905029297,36.2353401184082,36.67424011230469,39.0,40.49691390991211,40.49691390991211,41.43669891357422,42.379241943359375,42.379241943359375,41.43669891357422,41.43669891357422,41.43669891357422,41.43669891357422,42.72002029418945,44.384681701660156,43.46262741088867,42.95346450805664,42.94182205200195,43.8292121887207
1774426905.0181494,-74,1,0,0,45.18849563598633,44.384681701660156,44.0113639831543,44.59820556640625,45.880279541015625,46.57252502441406,45.35416030883789,45.12205505371094,47.07440948486328,47.29693603515625,48.50773239135742,48.764739990234375,48.764739990234375,48.764739990234375,46.840152740478516,45.221675872802734,44.0113639831543,42.95346450805664,42.48529052734375,42.54409408569336,41.88078308105469,41.773197174072266,39.69886779785156,7.071067810058594,1.4142135381698608,1.0,1.0,2.0,6.324555397033691,32.893768310546875,33.105892181396484,33.12099075317383,33.83784866333008,35.0,35.608985900878906,36.878177642822266,38.28837966918945,38.28837966918945,39.623226165771484,39.59798049926758,40.31128692626953,41.03656768798828,40.360870361328125,40.360870361328125,41.03656768798828,40.31128692626953,41.01219177246094,42.44997024536133,43.27817153930664,42.63801193237305,42.8018684387207,43.011627197265625
1774426905.0944798,-75,1,0,0,34.71310806274414,33.970577239990234,31.827661514282227,31.11269760131836,32.526912689208984,31.827661514282227,30.479501724243164,32.015621185302734,33.42155075073242,35.0,37.80211639404297,37.013511657714844,36.2353401184082,37.80211639404297,36.2353401184082,33.970577239990234,32.557640075683594,32.015621185302734,30.805843353271484,30.232433319091797,30.01666259765625,40.49691390991211,40.0,7.071067810058594,2.2360680103302,1.0,1.0,1.0,5.099019527435303,29.42787742614746,30.08321762084961,22.847318649291992,24.698177337646484,25.63201141357422,25.298221588134766,26.248809814453125,28.460498809814453,29.4108829498291,29.120439529418945,29.832868576049805,29.42787742614746,28.284271240234375,27.459060668945312,27.658634185791016,29.120439529418945,29.120439529418945,31.320919036865234,30.675724029541016,31.016124725341797,32.69556427001953,33.105892181396484,32.649654388427734
1774426905.1049802,-75,1,0,0,45.0111083984375,45.0111083984375,45.0111083984375,45.0444221496582,46.173583984375,46.27094268798828,45.39823913574219,45.54119110107422,45.7055778503418,46.87216567993164,47.85394287109375,47.51841735839844,48.3735466003418,48.25971221923828,48.166378021240234,46.04345703125,43.0,41.01219177246094,41.04875183105469,41.43669891357422,41.9761848449707,42.48529052734375,40.8166618347168,7.211102485656738,2.2360680103302,1.0,1.0,2.0,6.0,31.14482307434082,32.38827133178711,33.13608169555664,34.2344856262207,34.525352478027344,34.928497314453125,36.13862228393555,37.64305877685547,39.217342376708984,38.62641525268555,37.6961555480957,38.07886505126953,39.0,39.924930572509766,40.853397369384766,40.853397369384766,40.49691390991211,41.43669891357422,43.011627197265625,42.44997024536133,42.44997024536133,42.20189666748047,41.9761848449707
1774426905.1721907,-75,1,0,0,45.0111083984375,44.0,43.046485900878906,42.19004440307617,42.42640686035156,42.7551155090332,43.17406463623047,44.14748001098633,43.931766510009766,43.73785400390625,43.73785400390625,43.73785400390625,43.416587829589844,44.283180236816406,43.104522705078125,43.011627197265625,43.011627197265625,42.04759216308594,42.19004440307617,40.4474983215332,40.024993896484375,41.34005355834961,40.224369049072266,7.8102498054504395,2.8284270763397217,0.0,0.0,2.0,6.0,30.0,31.064449310302734,31.016124725341797,32.015621185302734,34.13209533691406,34.2344856262207,34.525352478027344,34.928497314453125,35.1710090637207,36.400550842285156,37.64305877685547,38.897300720214844,39.560081481933594,39.560081481933594,40.52159881591797,40.52159881591797,40.52159881591797,40.26164245605469,40.024993896484375,40.024993896484375,39.81205749511719,40.607879638671875,41.43669891357422
1774426905.23891,-74,1,0,0,45.39823913574219,43.28972244262695,42.296573638916016,42.19004440307617,42.04759216308594,44.0113639831543,45.0111083984375,45.0444221496582,45.0444221496582,45.0444221496582,45.0111083984375,45.0,45.0444221496582,46.173583984375,45.27692413330078,44.40720748901367,43.5660400390625,41.9761848449707,41.48493576049805,40.16217041015625,39.0,38.07886505126953,37.44329071044922,6.4031243324279785,1.4142135381698608,1.4142135381698608,1.0,1.4142135381698608,5.385164737701416,31.256999969482422,30.01666259765625,30.5941162109375,31.048349380493164,32.280025482177734,33.83784866333008,34.539833068847656,35.34119415283203,35.7770881652832,35.84689712524414,36.715118408203125,37.58989334106445,38.470767974853516,38.470767974853516,38.470767974853516,40.24922180175781,40.70626449584961,40.70626449584961,41.59326934814453,41.146080017089844,42.54409408569336,42.72002029418945,43.32435989379883
1774426905.2496977,-75,1,0,0,45.27692413330078,43.84062194824219,43.185646057128906,43.27817153930664,43.416587829589844,43.600460052490234,43.8292121887207,44.65422821044922,45.486263275146484,44.94440841674805,46.3249397277832,46.04345703125,45.221675872802734,45.0,44.204071044921875,43.27817153930664,43.13930892944336,43.13930892944336,42.44997024536133,41.86884307861328,40.0,39.39543151855469,38.27531814575195,6.324555397033691,1.4142135381698608,1.0,1.0,2.2360680103302,6.4031243324279785,31.827661514282227,32.649654388427734,32.649654388427734,32.4499626159668,33.61547088623047,34.0,34.885528564453125,35.34119415283203,37.161808013916016,38.07886505126953,37.6961555480957,38.62641525268555,39.560081481933594,40.49691390991211,40.49691390991211,40.853397369384766,40.31128692626953,40.24922180175781,39.824615478515625,40.70626449584961,40.70626449584961,41.67733383178711,42.72002029418945
1774426905.315084,-75,1,0,0,34.48188018798828,32.572994232177734,32.572994232177734,31.95309066772461,32.31098937988281,32.69556427001953,32.202484130859375,34.0,34.0,33.541019439697266,34.01470184326172,34.01470184326172,33.61547088623047,32.893768310546875,31.320919036865234,31.048349380493164,30.805843353271484,31.78049659729004,31.575305938720703,31.400636672973633,30.149627685546875,32.31098937988281,32.202484130859375,6.7082037925720215,2.8284270763397217,0.0,1.0,2.0,4.0,23.021728515625,24.0,23.53720474243164,24.515300750732422,24.331050872802734,25.079872131347656,25.01999282836914,26.0,27.0,28.0,29.0,29.0,29.0,29.0,29.0,30.01666259765625,29.0,30.0,30.01666259765625,30.066593170166016,31.064449310302734,32.140316009521484,32.140316009521484
1774426905.325889,-74,1,0,0,47.70744323730469,46.615447998046875,45.0,44.204071044921875,44.04542922973633,44.59820556640625,45.27692413330078,45.96738052368164,46.66904830932617,46.66904830932617,46.66904830932617,46.69047164916992,46.010868072509766,46.097721099853516,46.22769546508789,45.221675872802734,44.10215377807617,43.046485900878906,42.05948257446289,41.146080017089844,40.853397369384766,38.832977294921875,39.31920623779297,8.0,3.1622776985168457,1.0,1.0,2.2360680103302,5.656854152679443,31.827661514282227,31.14482307434082,32.202484130859375,33.2866325378418,34.48188018798828,34.885528564453125,36.67424011230469,37.161808013916016,37.6961555480957,38.27531814575195,39.217342376708984,40.16217041015625,40.49691390991211,41.1096076965332,41.1096076965332,42.05948257446289,42.05948257446289,42.379241943359375,42.72002029418945,43.08131790161133,43.863426208496094,45.18849563598633,46.097721099853516
1774426905.3939157,-75,1,0,0,44.65422821044922,44.10215377807617,44.41846466064453,44.41846466064453,44.29446792602539,43.382022857666016,42.54409408569336,42.72002029418945,43.65776062011719,44.94440841674805,46.615447998046875,47.01063537597656,46.957427978515625,46.52956008911133,45.650848388671875,43.90899658203125,42.72002029418945,41.88078308105469,41.617305755615234,41.231056213378906,40.31128692626953,39.59798049926758,39.69886779785156,6.4031243324279785,1.4142135381698608,1.4142135381698608,1.4142135381698608,1.0,5.099019527435303,32.69556427001953,32.649654388427734,33.30165100097656,33.241539001464844,32.557640075683594,34.058773040771484,35.0,35.80502700805664,36.055511474609375,36.8917350769043,37.735923767089844,39.96248245239258,41.34005355834961,40.49691390991211,39.66106414794922,40.224369049072266,40.804412841796875,41.400482177734375,41.400482177734375,41.400482177734375,40.607879638671875,40.45985794067383,42.52058410644531
1774426905.4656909,-75,1,0,0,45.27692413330078,44.41846466064453,44.10215377807617,45.221675872802734,46.40043258666992,46.097721099853516,45.343135833740234,46.010868072509766,46.010868072509766,47.423622131347656,48.166378021240234,48.91830062866211,49.04079818725586,49.04079818725586,47.801673889160156,46.04345703125,43.5660400390625,42.54409408569336,42.94182205200195,42.04759216308594,41.78516387939453,40.804412841796875,39.81205749511719,7.280109882354736,3.1622776985168457,0.0,0.0,2.2360680103302,5.656854152679443,30.4138126373291,31.400636672973633,33.12099075317383,34.438350677490234,34.928497314453125,35.46829605102539,35.735137939453125,37.10795211791992,38.832977294921875,38.832977294921875,39.81205749511719,40.79215621948242,42.7551155090332,41.773197174072266,41.773197174072266,41.0,41.0,43.17406463623047,44.643028259277344,43.680660247802734,43.32435989379883,42.72002029418945,42.72002029418945
1774426905.4779117,-75,1,0,0,47.53945541381836,44.92215347290039,44.384681701660156,43.680660247802734,43.65776062011719,43.46262741088867,42.95346450805664,43.08131790161133,43.011627197265625,44.384681701660156,45.35416030883789,46.57252502441406,47.07440948486328,46.52956008911133,44.40720748901367,43.5660400390625,41.48493576049805,42.04759216308594,42.72002029418945,42.20189666748047,41.231056213378906,41.03656768798828,40.31128692626953,7.8102498054504395,3.1622776985168457,1.0,1.0,1.4142135381698608,5.830951690673828,32.69556427001953,32.24903106689453,31.890438079833984,32.80244064331055,33.60059356689453,35.0,36.2353401184082,36.878177642822266,36.12478256225586,36.12478256225586,37.64305877685547,38.27531814575195,40.24922180175781,41.62931823730469,41.62931823730469,40.70626449584961,40.49691390991211,40.804412841796875,41.231056213378906,42.52058410644531,41.72529220581055,41.1096076965332,42.8018684387207
1774426905.5455503,-75,1,0,0,48.83646011352539,47.67599105834961,47.51841735839844,46.52956008911133,46.389652252197266,47.16990661621094,47.095645904541016,48.010414123535156,49.0,50.0,50.03998565673828,50.08992004394531,49.162994384765625,48.25971221923828,47.381431579589844,46.69047164916992,46.097721099853516,46.57252502441406,45.880279541015625,44.0113639831543,44.283180236816406,43.8292121887207,44.04542922973633,7.8102498054504395,1.4142135381698608,1.4142135381698608,1.4142135381698608,2.2360680103302,6.0,35.12833786010742,34.525352478027344,34.20526123046875,34.78505325317383,35.46829605102539,35.84689712524414,36.67424011230469,37.58989334106445,38.587562561035156,39.66106414794922,40.224369049072266,41.04875183105469,41.04875183105469,41.04875183105469,42.43819046020508,42.43819046020508,41.88078308105469,42.19004440307617,42.54409408569336,42.94182205200195,44.72135925292969,46.097721099853516,47.01063537597656
1774426905.590657,-75,1,0,0,44.40720748901367,43.416587829589844,41.86884307861328,42.44997024536133,43.13930892944336,42.52058410644531,42.52058410644531,43.27817153930664,44.04542922973633,44.68780517578125,45.343135833740234,45.343135833740234,45.27692413330078,45.96738052368164,44.55333709716797,43.185646057128906,42.01190185546875,42.20189666748047,41.88078308105469,40.8166618347168,40.24922180175781,38.01315689086914,37.6961555480957,6.7082037925720215,2.2360680103302,1.0,1.0,2.0,5.830951690673828,33.0151481628418,33.30165100097656,32.015621185302734,33.2866325378418,34.48188018798828,34.885528564453125,35.34119415283203,36.24913787841797,37.57658767700195,37.161808013916016,37.6961555480957,38.62641525268555,39.560081481933594,39.560081481933594,40.49691390991211,40.853397369384766,40.853397369384766,40.853397369384766,41.231056213378906,40.31128692626953,40.31128692626953,40.71854782104492,42.48529052734375
1774426905.6230109,-74,1,0,0,41.88078308105469,41.04875183105469,40.224369049072266,40.0,39.051246643066406,39.69886779785156,38.94868469238281,40.360870361328125,40.360870361328125,41.03656768798828,42.44997024536133,41.773197174072266,41.773197174072266,41.86884307861328,41.231056213378906,40.224369049072266,39.96248245239258,38.470767974853516,38.01315689086914,37.161808013916016,37.0,36.400550842285156,36.67424011230469,7.0,3.1622776985168457,1.0,1.0,1.4142135381698608,5.0,29.068883895874023,29.0,28.600698471069336,29.681644439697266,30.886890411376953,31.30495262145996,32.69556427001953,33.61547088623047,34.539833068847656,34.1760139465332,35.11410140991211,35.735137939453125,36.68787384033203,37.64305877685547,37.36308288574219,36.400550842285156,35.44009017944336,36.055511474609375,36.769554138183594,37.6961555480957,39.0,40.31128692626953,40.71854782104492
1774426905.69242,-75,1,0,0,43.96589660644531,43.416587829589844,42.95346450805664,43.73785400390625,44.40720748901367,44.283180236816406,43.185646057128906,43.185646057128906,43.104522705078125,44.04542922973633,45.0444221496582,45.09988784790039,46.173583984375,46.27094268798828,45.39823913574219,43.5660400390625,41.9761848449707,41.231056213378906,41.48493576049805,41.1096076965332,40.31128692626953,39.4461669921875,39.408119201660156,7.071067810058594,2.2360680103302,1.0,1.0,1.4142135381698608,5.385164737701416,31.016124725341797,31.78049659729004,32.202484130859375,31.764760971069336,31.906112670898438,33.0151481628418,34.20526123046875,37.013511657714844,39.051246643066406,40.45985794067383,39.69886779785156,39.623226165771484,39.623226165771484,39.623226165771484,40.31128692626953,40.360870361328125,40.45985794067383,40.607879638671875,40.804412841796875,41.04875183105469,41.88078308105469,42.72002029418945,43.046485900878906
1774426905.7233508,-75,1,0,0,47.381431579589844,46.010868072509766,45.343135833740234,43.416587829589844,43.600460052490234,44.40720748901367,45.80392837524414,48.010414123535156,48.010414123535156,46.615447998046875,45.80392837524414,45.0,44.40720748901367,46.615447998046875,46.04345703125,45.0,42.01190185546875,43.185646057128906,42.42640686035156,41.773197174072266,39.20458984375,41.18252182006836,40.71854782104492,7.6157732009887695,2.2360680103302,1.0,0.0,2.2360680103302,5.656854152679443,29.068883895874023,31.400636672973633,34.4093017578125,34.13209533691406,34.885528564453125,34.928497314453125,36.400550842285156,37.336307525634766,37.336307525634766,36.400550842285156,36.055511474609375,36.055511474609375,37.336307525634766,39.924930572509766,42.154476165771484,44.0113639831543,41.78516387939453,41.43669891357422,40.49691390991211,41.231056213378906,41.146080017089844,42.54409408569336,44.10215377807617
1774426905.7674925,-75,1,0,0,44.10215377807617,43.8292121887207,43.600460052490234,43.416587829589844,43.931766510009766,43.863426208496094,43.863426208496094,43.863426208496094,44.55333709716797,44.55333709716797,45.27692413330078,45.343135833740234,45.45327377319336,45.607017517089844,44.204071044921875,43.8292121887207,42.19004440307617,41.18252182006836,41.59326934814453,40.71854782104492,40.49691390991211,39.051246643066406,38.327537536621094,7.0,3.1622776985168457,1.0,1.0,1.4142135381698608,5.0,29.0,30.479501724243164,31.400636672973633,32.4499626159668,34.48188018798828,35.7770881652832,37.161808013916016,37.6961555480957,38.62641525268555,38.27531814575195,39.217342376708984,40.16217041015625,40.16217041015625,39.217342376708984,39.217342376708984,40.16217041015625,41.43669891357422,42.379241943359375,42.72002029418945,42.72002029418945,42.72002029418945,42.72002029418945,43.46262741088867
1774426905.8412356,-74,1,0,0,39.824615478515625,37.80211639404297,37.80211639404297,37.202152252197266,38.27531814575195,39.4461669921875,38.470767974853516,38.910152435302734,39.81205749511719,40.71854782104492,40.24922180175781,39.824615478515625,40.31128692626953,39.96248245239258,39.11521530151367,37.44329071044922,36.619667053222656,35.608985900878906,36.2353401184082,36.06937789916992,35.38361358642578,34.885528564453125,34.539833068847656,5.385164737701416,1.0,1.4142135381698608,1.4142135381698608,1.0,4.4721360206604,26.4007568359375,27.58622932434082,27.58622932434082,27.58622932434082,28.319604873657227,29.20616340637207,30.610456466674805,30.805843353271484,32.4499626159668,33.61547088623047,34.48188018798828,35.84689712524414,35.84689712524414,35.84689712524414,34.98571014404297,35.510562896728516,35.510562896728516,36.055511474609375,36.8917350769043,36.619667053222656,36.400550842285156,36.2353401184082,36.12478256225586
1774426905.8517609,-74,1,0,0,46.615447998046875,46.3249397277832,45.27692413330078,44.29446792602539,43.382022857666016,43.863426208496094,43.46262741088867,44.777225494384766,45.694637298583984,47.01063537597656,47.92702865600586,48.332183837890625,47.423622131347656,47.85394287109375,46.957427978515625,45.650848388671875,44.10215377807617,42.20189666748047,42.63801193237305,41.773197174072266,41.01219177246094,40.45985794067383,39.408119201660156,7.211102485656738,2.2360680103302,1.0,1.0,2.0,6.324555397033691,32.202484130859375,32.649654388427734,33.2866325378418,33.60059356689453,34.058773040771484,34.65544509887695,36.06937789916992,36.79673767089844,37.48332977294922,38.20994567871094,38.20994567871094,38.94868469238281,40.45985794067383,41.231056213378906,40.607879638671875,40.607879638671875,40.45985794067383,41.1096076965332,41.03656768798828,41.72529220581055,41.01219177246094,41.72529220581055,43.863426208496094
1774426905.9082305,-75,1,0,0,45.221675872802734,44.40720748901367,43.600460052490234,44.204071044921875,44.68780517578125,45.27692413330078,45.25483322143555,44.55333709716797,43.863426208496094,44.55333709716797,45.25483322143555,45.96738052368164,47.423622131347656,47.50789260864258,46.22769546508789,45.0,43.8292121887207,41.88078308105469,41.34005355834961,41.18252182006836,40.31128692626953,38.897300720214844,37.85498809814453,6.082762718200684,1.4142135381698608,1.4142135381698608,1.4142135381698608,1.0,5.0,31.11269760131836,31.240999221801758,31.906112670898438,32.24903106689453,33.105892181396484,34.539833068847656,35.11410140991211,36.68787384033203,37.64305877685547,37.36308288574219,38.327537536621094,39.293766021728516,40.26164245605469,39.293766021728516,38.327537536621094,38.60051727294922,39.84971618652344,42.05948257446289,43.32435989379883,43.65776062011719,42.72002029418945,42.54409408569336,42.95346450805664
1774426905.9852738,-75,1,0,0,44.72135925292969,43.416587829589844,42.72002029418945,43.26661682128906,44.40720748901367,45.0,44.821868896484375,44.821868896484375,45.607017517089844,46.22769546508789,47.01063537597656,46.40043258666992,47.20169448852539,47.434165954589844,46.647613525390625,45.650848388671875,43.8292121887207,43.8292121887207,42.48529052734375,42.154476165771484,41.761226654052734,40.49691390991211,40.26164245605469,7.280109882354736,3.1622776985168457,0.0,0.0,2.8284270763397217,5.656854152679443,31.11269760131836,30.479501724243164,31.78049659729004,32.31098937988281,32.572994232177734,33.52610778808594,35.1710090637207,36.878177642822266,37.48332977294922,38.327537536621094,39.31920623779297,40.4474983215332,41.59326934814453,41.59326934814453,41.59326934814453,41.59326934814453,40.607879638671875,40.607879638671875,41.773197174072266,42.20189666748047,41.48493576049805,41.761226654052734,42.05948257446289
1774426905.9852738,-75,1,0,0,44.94440841674805,44.41846466064453,43.416587829589844,43.382022857666016,44.384681701660156,45.31004333496094,44.0113639831543,44.94440841674805,44.94440841674805,46.2385139465332,46.2385139465332,46.615447998046875,47.01063537597656,46.51881408691406,45.617977142333984,44.777225494384766,43.5660400390625,43.26661682128906,42.8018684387207,41.1096076965332,40.31128692626953,39.20458984375,39.11521530151367,7.211102485656738,1.4142135381698608,1.0,1.0,2.0,6.082762718200684,31.38471031188965,32.202484130859375,31.38471031188965,33.0151481628418,34.20526123046875,34.828147888183594,35.46829605102539,36.79673767089844,38.18376541137695,37.48332977294922,37.48332977294922,37.53664779663086,38.28837966918945,39.69886779785156,39.824615478515625,40.45985794067383,40.360870361328125,40.31128692626953,41.72529220581055,42.44997024536133,41.72529220581055,41.72529220581055,42.44997024536133
1774426906.0632432,-75,1,0,0,38.587562561035156,38.587562561035156,38.587562561035156,39.96248245239258,39.66106414794922,37.80211639404297,37.53664779663086,35.38361358642578,36.06937789916992,38.897300720214844,41.03656768798828,41.1096076965332,42.01190185546875,41.34005355834961,42.19004440307617,39.4461669921875,39.11521530151367,38.587562561035156,37.58989334106445,36.24913787841797,35.11410140991211,38.832977294921875,39.4461669921875,8.062257766723633,3.605551242828369,0.0,0.0,3.1622776985168457,7.6157732009887695,35.11410140991211,34.01470184326172,25.05992889404297,25.942243576049805,25.942243576049805,27.294687271118164,28.635643005371094,28.792360305786133,29.832868576049805,32.75667953491211,33.734256744384766,34.928497314453125,33.95585250854492,32.75667953491211,32.75667953491211,30.805843353271484,32.280025482177734,33.52610778808594,34.78505325317383,35.44009017944336,34.48188018798828,34.78505325317383,36.055511474609375
1774426906.1291769,-74,1,0,0,46.04345703125,44.40720748901367,43.600460052490234,43.416587829589844,44.68780517578125,43.863426208496094,43.84062194824219,45.25483322143555,45.96738052368164,45.96738052368164,47.381431579589844,46.69047164916992,46.75468063354492,46.86149978637695,47.6340217590332,45.607017517089844,43.8292121887207,41.88078308105469,41.34005355834961,41.59326934814453,41.231056213378906,41.231056213378906,41.30375289916992,7.0,2.2360680103302,1.4142135381698608,1.4142135381698608,1.0,4.242640495300293,30.479501724243164,31.400636672973633,32.24903106689453,32.649654388427734,34.01470184326172,34.539833068847656,35.46829605102539,37.336307525634766,37.64305877685547,37.36308288574219,38.07886505126953,39.293766021728516,40.26164245605469,40.26164245605469,39.293766021728516,40.52159881591797,39.560081481933594,40.804412841796875,43.011627197265625,43.011627197265625,41.43669891357422,41.231056213378906,41.62931823730469
1774426906.1398897,-75,1,0,0,45.0,44.0113639831543,44.04542922973633,44.10215377807617,44.283180236816406,44.40720748901367,44.55333709716797,44.72135925292969,45.7055778503418,46.52956008911133,46.389652252197266,46.389652252197266,46.389652252197266,46.173583984375,45.0444221496582,44.0113639831543,43.011627197265625,43.046485900878906,43.185646057128906,41.59326934814453,40.26164245605469,39.560081481933594,39.39543151855469,8.062257766723633,2.8284270763397217,0.0,1.0,2.0,7.071067810058594,35.902645111083984,34.36568069458008,33.0,33.060550689697266,33.241539001464844,34.36568069458008,35.510562896728516,36.878177642822266,37.10795211791992,37.64305877685547,38.897300720214844,40.16217041015625,39.84971618652344,39.84971618652344,41.761226654052734,42.44997024536133,41.48493576049805,41.48493576049805,40.52159881591797,40.26164245605469,41.0,41.9761848449707,42.7551155090332
1774426906.2060354,-74,1,0,0,46.04345703125,44.04542922973633,43.104522705078125,42.19004440307617,43.28972244262695,44.55333709716797,45.89117431640625,46.097721099853516,46.097721099853516,46.097721099853516,46.87216567993164,46.69047164916992,46.52956008911133,46.173583984375,45.0444221496582,44.0113639831543,43.0,43.011627197265625,43.046485900878906,42.296573638916016,40.79215621948242,40.71854782104492,41.18252182006836,8.062257766723633,2.8284270763397217,0.0,0.0,3.0,7.0,34.058773040771484,33.0151481628418,33.0151481628418,34.13209533691406,35.22782897949219,35.510562896728516,35.693138122558594,35.902645111083984,36.400550842285156,36.68787384033203,37.947330474853516,38.60051727294922,38.60051727294922,39.560081481933594,40.52159881591797,41.761226654052734,42.72002029418945,41.761226654052734,41.48493576049805,41.231056213378906,42.20189666748047,42.95346450805664,43.73785400390625
1774426906.2748437,-74,1,0,0,45.0444221496582,43.046485900878906,42.0,43.046485900878906,43.416587829589844,42.95346450805664,42.20189666748047,43.416587829589844,43.96589660644531,44.92215347290039,47.801673889160156,47.801673889160156,48.05205535888672,49.36598205566406,47.04253387451172,45.0111083984375,41.01219177246094,41.01219177246094,42.04759216308594,42.0,41.1096076965332,42.04759216308594,41.43669891357422,7.280109882354736,1.4142135381698608,1.4142135381698608,1.4142135381698608,1.4142135381698608,5.099019527435303,30.149627685546875,31.064449310302734,33.13608169555664,32.140316009521484,32.38827133178711,33.734256744384766,35.1710090637207,37.64305877685547,38.62641525268555,38.4837646484375,39.81205749511719,40.71854782104492,40.31128692626953,40.31128692626953,40.31128692626953,40.49691390991211,40.16217041015625,41.48493576049805,41.9761848449707,43.416587829589844,43.680660247802734,42.72002029418945,42.72002029418945
1774426906.2854247,-75,1,0,0,44.92215347290039,43.011627197265625,42.05948257446289,42.379241943359375,43.65776062011719,44.384681701660156,44.777225494384766,44.777225494384766,45.617977142333984,45.17742919921875,45.17742919921875,46.06517028808594,45.617977142333984,45.18849563598633,45.694637298583984,44.59820556640625,43.680660247802734,43.931766510009766,43.5660400390625,42.296573638916016,41.04875183105469,39.051246643066406,38.20994567871094,7.071067810058594,3.1622776985168457,1.0,1.0,2.0,6.082762718200684,30.805843353271484,31.575305938720703,31.400636672973633,32.24903106689453,33.13608169555664,34.058773040771484,35.0142822265625,36.0,36.013885498046875,36.055511474609375,37.2155876159668,39.31920623779297,39.458839416503906,39.458839416503906,39.458839416503906,40.31128692626953,39.20458984375,40.04996871948242,40.01249694824219,40.0,41.01219177246094,42.04759216308594,43.104522705078125
1774426906.3542325,-75,1,0,0,45.25483322143555,44.55333709716797,43.931766510009766,43.416587829589844,43.8292121887207,44.10215377807617,44.10215377807617,44.65422821044922,45.486263275146484,45.486263275146484,46.87216567993164,46.615447998046875,45.80392837524414,46.40043258666992,45.607017517089844,44.68780517578125,43.13930892944336,42.42640686035156,41.773197174072266,42.01190185546875,41.617305755615234,41.78516387939453,41.48493576049805,7.280109882354736,2.2360680103302,1.0,1.0,2.0,5.830951690673828,30.479501724243164,31.11269760131836,31.827661514282227,31.14482307434082,32.015621185302734,33.0151481628418,33.83784866333008,35.510562896728516,35.84689712524414,36.2353401184082,37.121421813964844,37.121421813964844,38.470767974853516,38.94868469238281,39.824615478515625,41.18252182006836,40.31128692626953,39.96248245239258,41.04875183105469,41.617305755615234,42.72002029418945,42.72002029418945,43.5660400390625
1774426906.4393623,-75,1,0,0,39.623226165771484,38.832977294921875,38.07886505126953,38.60051727294922,40.16217041015625,40.853397369384766,39.924930572509766,39.924930572509766,39.924930572509766,40.853397369384766,41.78516387939453,41.78516387939453,41.78516387939453,42.72002029418945,42.05948257446289,40.52159881591797,38.07886505126953,37.656341552734375,37.48332977294922,37.2155876159668,37.05401611328125,36.013885498046875,35.05709457397461,7.0,2.0,0.0,0.0,2.2360680103302,5.830951690673828,28.635643005371094,28.792360305786133,29.154760360717773,29.068883895874023,29.0,30.01666259765625,31.14482307434082,33.241539001464844,34.36568069458008,34.36568069458008,34.525352478027344,34.525352478027344,35.510562896728516,35.510562896728516,35.510562896728516,35.35533905029297,36.34556198120117,38.327537536621094,38.20994567871094,37.336307525634766,37.2155876159668,37.121421813964844,38.01315689086914
1774426906.4393623,-75,1,0,0,43.08131790161133,43.46262741088867,43.46262741088867,42.95346450805664,42.94182205200195,42.19004440307617,41.88078308105469,42.43819046020508,43.8292121887207,44.65422821044922,46.3249397277832,47.16990661621094,47.01063537597656,46.957427978515625,45.18849563598633,43.46262741088867,42.154476165771484,40.853397369384766,40.16217041015625,40.52159881591797,40.79215621948242,38.01315689086914,37.05401611328125,6.082762718200684,1.4142135381698608,1.4142135381698608,1.4142135381698608,1.4142135381698608,5.0,30.232433319091797,30.886890411376953,30.463092803955078,31.95309066772461,32.280025482177734,32.98484420776367,33.734256744384766,34.525352478027344,37.336307525634766,38.11823654174805,38.11823654174805,39.11521530151367,40.199501037597656,39.20458984375,39.20458984375,39.20458984375,39.11521530151367,39.20458984375,40.199501037597656,40.31128692626953,40.607879638671875,41.9761848449707,43.17406463623047
1774426906.5207524,-75,1,0,0,44.72135925292969,44.283180236816406,43.863426208496094,42.95346450805664,43.08131790161133,43.32435989379883,43.011627197265625,43.011627197265625,43.680660247802734,44.643028259277344,45.607017517089844,44.92215347290039,45.880279541015625,46.173583984375,44.59820556640625,43.46262741088867,41.59326934814453,40.8166618347168,41.88078308105469,41.400482177734375,41.1096076965332,42.01190185546875,41.03656768798828,7.8102498054504395,2.2360680103302,1.0,1.0,2.0,5.099019527435303,34.058773040771484,33.241539001464844,30.870698928833008,30.886890411376953,31.906112670898438,33.2866325378418,34.4093017578125,36.619667053222656,37.202152252197266,37.013511657714844,37.53664779663086,37.48332977294922,38.20994567871094,38.897300720214844,38.897300720214844,38.897300720214844,40.360870361328125,41.1096076965332,41.231056213378906,41.400482177734375,41.400482177734375,41.617305755615234,42.43819046020508
1774426906.5207524,-75,1,0,0,46.010868072509766,43.0,43.011627197265625,43.046485900878906,43.104522705078125,43.185646057128906,44.40720748901367,45.54119110107422,45.54119110107422,45.39823913574219,46.389652252197266,46.27094268798828,47.16990661621094,46.173583984375,44.10215377807617,42.0,41.04875183105469,41.19466018676758,41.30375289916992,41.773197174072266,41.48493576049805,41.34005355834961,39.824615478515625,6.4031243324279785,1.4142135381698608,1.4142135381698608,1.4142135381698608,1.4142135381698608,5.0,32.140316009521484,31.575305938720703,31.064449310302734,32.24903106689453,31.400636672973633,31.78049659729004,32.015621185302734,33.241539001464844,34.48188018798828,35.735137939453125,37.64305877685547,38.60051727294922,38.897300720214844,39.217342376708984,39.217342376708984,40.49691390991211,39.560081481933594,39.217342376708984,39.217342376708984,39.84971618652344,40.26164245605469,41.9761848449707,42.95346450805664
1774426906.5866406,-75,1,0,0,45.27692413330078,44.55333709716797,42.42640686035156,41.773197174072266,42.01190185546875,42.20189666748047,43.600460052490234,43.600460052490234,45.0,45.80392837524414,46.615447998046875,46.40043258666992,45.607017517089844,45.45327377319336,44.59820556640625,43.13930892944336,42.52058410644531,42.63801193237305,43.416587829589844,42.20189666748047,41.34005355834961,40.49691390991211,37.85498809814453,6.324555397033691,1.0,1.0,1.0,2.2360680103302,6.4031243324279785,31.827661514282227,31.890438079833984,32.557640075683594,32.649654388427734,33.60059356689453,33.83784866333008,34.13209533691406,34.48188018798828,36.67424011230469,37.161808013916016,37.161808013916016,37.57658767700195,38.910152435302734,39.357337951660156,39.81205749511719,39.39543151855469,39.39543151855469,38.910152435302734,39.357337951660156,39.824615478515625,40.31128692626953,42.19004440307617,43.5660400390625
1774426906.6565619,-75,1,0,0,46.615447998046875,45.694637298583984,44.283180236816406,42.94182205200195,43.416587829589844,43.5660400390625,44.41846466064453,45.79301071166992,45.79301071166992,44.94440841674805,45.79301071166992,45.79301071166992,46.14108657836914,46.14108657836914,44.72135925292969,44.283180236816406,43.08131790161133,42.72002029418945,42.05948257446289,42.20189666748047,41.59326934814453,42.01190185546875,42.10700607299805,8.062257766723633,3.1622776985168457,1.0,1.0,2.2360680103302,6.324555397033691,31.764760971069336,33.105892181396484,33.61547088623047,33.241539001464844,33.52610778808594,35.44009017944336,35.902645111083984,36.67424011230469,37.48332977294922,38.470767974853516,40.31128692626953,41.19466018676758,41.19466018676758,41.19466018676758,41.1096076965332,40.199501037597656,39.31920623779297,40.4474983215332,41.59326934814453,41.9761848449707,42.20189666748047,43.416587829589844,44.384681701660156
1774426906.668075,-75,1,0,0,45.617977142333984,44.29446792602539,43.416587829589844,43.5660400390625,44.65422821044922,45.0,44.821868896484375,45.607017517089844,47.01063537597656,46.22769546508789,46.40043258666992,46.40043258666992,47.20169448852539,46.615447998046875,45.486263275146484,44.41846466064453,42.94182205200195,42.04759216308594,42.154476165771484,41.1096076965332,40.26164245605469,39.458839416503906,39.20458984375,8.0,3.1622776985168457,1.0,1.0,2.2360680103302,6.4031243324279785,34.828147888183594,33.0151481628418,31.30495262145996,32.69556427001953,32.893768310546875,33.52610778808594,34.48188018798828,36.13862228393555,36.878177642822266,36.67424011230469,37.656341552734375,39.623226165771484,39.623226165771484,39.623226165771484,40.4474983215332,40.607879638671875,41.59326934814453,41.773197174072266,41.0,41.231056213378906,41.48493576049805,42.72002029418945,43.680660247802734
1774426906.7364004,-75,1,0,0,46.647613525390625,45.650848388671875,46.52956008911133,46.06517028808594,46.51881408691406,46.615447998046875,45.880279541015625,46.48655700683594,46.48655700683594,46.48655700683594,46.81879806518555,46.2385139465332,46.51881408691406,48.30113983154297,46.52956008911133,45.27692413330078,44.41846466064453,43.5660400390625,43.26661682128906,42.8018684387207,43.185646057128906,42.42640686035156,41.1096076965332,7.8102498054504395,2.8284270763397217,0.0,0.0,2.2360680103302,6.324555397033691,30.463092803955078,31.30495262145996,32.75667953491211,33.2866325378418,34.4093017578125,35.608985900878906,36.2353401184082,37.48332977294922,37.53664779663086,37.64305877685547,39.051246643066406,38.28837966918945,38.94868469238281,39.623226165771484,41.03656768798828,42.44997024536133,42.44997024536133,42.44997024536133,43.13930892944336,42.42640686035156,42.44997024536133,43.931766510009766,44.04542922973633
1774426906.8117564,-75,1,0,0,42.42640686035156,41.19466018676758,40.112342834472656,41.1096076965332,43.046485900878906,44.0,43.011627197265625,43.046485900878906,43.046485900878906,44.0113639831543,45.0111083984375,44.04542922973633,44.0113639831543,45.0444221496582,43.104522705078125,41.19466018676758,39.458839416503906,39.81205749511719,40.024993896484375,39.560081481933594,38.62641525268555,39.623226165771484,38.327537536621094,7.280109882354736,2.0,1.0,0.0,2.2360680103302,6.324555397033691,30.5941162109375,32.24903106689453,32.24903106689453,32.38827133178711,31.575305938720703,31.78049659729004,33.241539001464844,35.735137939453125,36.400550842285156,35.84689712524414,36.67424011230469,38.01315689086914,38.4837646484375,38.4837646484375,38.4837646484375,38.910152435302734,37.57658767700195,39.39543151855469,39.924930572509766,39.924930572509766,39.560081481933594,39.84971618652344,40.52159881591797
1774426906.8223274,-75,1,0,0,43.65776062011719,42.72002029418945,42.154476165771484,43.863426208496094,44.72135925292969,45.650848388671875,44.41846466064453,44.41846466064453,44.94440841674805,45.79301071166992,46.647613525390625,46.14108657836914,46.14108657836914,46.52956008911133,46.06517028808594,45.18849563598633,43.08131790161133,41.43669891357422,42.05948257446289,41.231056213378906,40.607879638671875,40.01249694824219,40.01249694824219,8.0,3.0,1.0,0.0,2.2360680103302,5.830951690673828,28.635643005371094,28.792360305786133,32.280025482177734,32.98484420776367,33.541019439697266,34.36568069458008,35.22782897949219,37.121421813964844,38.05259704589844,38.05259704589844,38.05259704589844,39.051246643066406,40.01249694824219,41.01219177246094,41.01219177246094,41.01219177246094,41.0,42.01190185546875,42.10700607299805,41.30375289916992,41.30375289916992,41.59326934814453,42.7551155090332
1774426906.887135,-74,1,0,0,44.94440841674805,44.41846466064453,43.90899658203125,44.72135925292969,44.777225494384766,44.384681701660156,43.46262741088867,44.0113639831543,44.94440841674805,44.94440841674805,46.81879806518555,46.81879806518555,48.10405349731445,48.10405349731445,47.01063537597656,44.72135925292969,43.046485900878906,41.88078308105469,42.20189666748047,42.01190185546875,41.773197174072266,41.03656768798828,39.824615478515625,7.211102485656738,2.2360680103302,1.0,1.0,1.4142135381698608,5.830951690673828,30.4138126373291,31.906112670898438,31.240999221801758,31.827661514282227,32.557640075683594,34.058773040771484,34.828147888183594,37.64305877685547,38.41874694824219,37.202152252197266,36.619667053222656,37.44329071044922,38.832977294921875,39.408119201660156,40.804412841796875,41.231056213378906,41.231056213378906,41.86884307861328,41.773197174072266,41.773197174072266,41.03656768798828,40.31128692626953,41.72529220581055
1774426906.9557707,-75,1,0,0,45.0,43.8292121887207,43.26661682128906,43.5660400390625,45.17742919921875,46.06517028808594,46.06517028808594,45.617977142333984,44.283180236816406,45.18849563598633,45.617977142333984,46.06517028808594,47.01063537597656,46.647613525390625,44.94440841674805,43.26661682128906,42.8018684387207,42.52058410644531,42.44997024536133,41.03656768798828,40.45985794067383,39.623226165771484,39.051246643066406,7.071067810058594,2.2360680103302,1.0,1.0,2.0,6.082762718200684,33.52610778808594,32.31098937988281,31.400636672973633,31.890438079833984,32.526912689208984,33.30165100097656,34.71310806274414,35.46829605102539,35.608985900878906,35.608985900878906,36.400550842285156,38.01315689086914,40.224369049072266,41.04875183105469,40.224369049072266,40.0,40.0,40.0,41.231056213378906,40.45985794067383,41.231056213378906,41.86884307861328,42.52058410644531
1774426906.966117,-75,1,0,0,47.12748718261719,46.48655700683594,45.54119110107422,44.94440841674805,45.694637298583984,45.18849563598633,45.18849563598633,45.617977142333984,45.17742919921875,45.650848388671875,46.52956008911133,46.52956008911133,46.957427978515625,47.423622131347656,45.694637298583984,44.59820556640625,44.271888732910156,43.680660247802734,43.416587829589844,42.7551155090332,41.19466018676758,39.0128173828125,39.11521530151367,7.071067810058594,3.1622776985168457,1.0,1.0,2.2360680103302,6.324555397033691,30.870698928833008,31.95309066772461,32.75667953491211,33.37664031982422,34.2344856262207,35.22782897949219,36.055511474609375,37.013511657714844,37.013511657714844,38.01315689086914,39.051246643066406,40.04996871948242,41.04875183105469,42.04759216308594,42.04759216308594,42.04759216308594,41.04875183105469,42.10700607299805,42.01190185546875,42.01190185546875,43.104522705078125,44.283180236816406,45.27692413330078
1774426907.0418844,-75,1,0,0,45.221675872802734,44.40720748901367,44.204071044921875,44.821868896484375,44.68780517578125,43.931766510009766,43.863426208496094,43.13930892944336,44.55333709716797,45.27692413330078,46.69047164916992,47.381431579589844,46.66904830932617,45.96738052368164,45.343135833740234,43.416587829589844,41.617305755615234,40.49691390991211,40.8166618347168,39.824615478515625,39.39543151855469,39.623226165771484,39.051246643066406,7.0,2.0,1.0,1.0,2.2360680103302,5.656854152679443,31.62277603149414,30.528675079345703,30.232433319091797,30.886890411376953,31.78049659729004,33.61547088623047,33.83784866333008,33.83784866333008,33.83784866333008,34.78505325317383,35.44009017944336,38.327537536621094,39.051246643066406,39.293766021728516,39.293766021728516,39.293766021728516,39.560081481933594,39.560081481933594,41.1096076965332,40.49691390991211,40.853397369384766,42.54409408569336,42.95346450805664
1774426907.1083033,-75,1,0,0,45.880279541015625,45.54119110107422,44.271888732910156,44.92215347290039,44.643028259277344,45.12205505371094,44.9110221862793,45.54119110107422,45.39823913574219,46.52956008911133,47.51841735839844,47.67599105834961,47.85394287109375,46.097721099853516,45.35416030883789,43.96589660644531,43.65776062011719,43.08131790161133,43.46262741088867,43.382022857666016,41.67733383178711,41.617305755615234,41.86884307861328,8.485280990600586,2.8284270763397217,0.0,0.0,2.2360680103302,6.324555397033691,33.52610778808594,32.31098937988281,32.649654388427734,33.61547088623047,34.13209533691406,34.66987228393555,35.80502700805664,37.013511657714844,39.051246643066406,38.94868469238281,39.623226165771484,39.623226165771484,39.623226165771484,40.31128692626953,39.623226165771484,40.360870361328125,41.1096076965332,41.86884307861328,42.63801193237305,42.8018684387207,43.600460052490234,44.40720748901367,44.65422821044922
1774426907.1185653,-75,1,0,0,40.024993896484375,39.81205749511719,39.051246643066406,39.84971618652344,40.24922180175781,41.04875183105469,40.804412841796875,40.804412841796875,40.49691390991211,41.18252182006836,41.59326934814453,42.04759216308594,43.08131790161133,43.011627197265625,40.52159881591797,39.051246643066406,39.051246643066406,37.36308288574219,37.64305877685547,36.13862228393555,36.34556198120117,36.400550842285156,38.01315689086914,7.211102485656738,1.4142135381698608,1.0,1.4142135381698608,1.4142135381698608,5.0,30.01666259765625,29.96664810180664,28.844409942626953,28.65309715270996,29.546573638916016,30.675724029541016,32.015621185302734,32.557640075683594,33.37664031982422,34.058773040771484,35.05709457397461,36.34556198120117,38.07886505126953,37.0,37.0,36.400550842285156,35.693138122558594,35.35533905029297,37.2155876159668,37.2155876159668,38.327537536621094,37.48332977294922,37.48332977294922
1774426907.1860268,-74,1,0,0,45.45327377319336,44.68780517578125,43.931766510009766,44.55333709716797,44.59820556640625,44.821868896484375,43.600460052490234,43.600460052490234,44.40720748901367,45.80392837524414,47.01063537597656,46.22769546508789,46.22769546508789,46.097721099853516,46.010868072509766,45.25483322143555,43.863426208496094,42.52058410644531,42.63801193237305,42.20189666748047,42.72002029418945,41.67733383178711,41.59326934814453,8.062257766723633,3.1622776985168457,0.0,0.0,2.2360680103302,6.4031243324279785,31.14482307434082,31.827661514282227,32.4499626159668,32.24903106689453,33.541019439697266,34.438350677490234,35.34119415283203,37.161808013916016,38.27531814575195,37.947330474853516,38.60051727294922,38.60051727294922,39.84971618652344,38.897300720214844,38.897300720214844,40.16217041015625,40.49691390991211,42.154476165771484,43.46262741088867,42.54409408569336,41.62931823730469,41.59326934814453,42.94182205200195
1774426907.2607224,-75,1,0,0,45.54119110107422,44.59820556640625,42.72002029418945,42.154476165771484,42.95346450805664,44.29446792602539,44.777225494384766,45.650848388671875,45.650848388671875,46.14108657836914,46.14108657836914,47.01063537597656,47.41307830810547,46.957427978515625,45.18849563598633,44.384681701660156,43.65776062011719,43.011627197265625,42.44997024536133,41.773197174072266,41.30375289916992,40.112342834472656,40.01249694824219,8.062257766723633,3.1622776985168457,1.0,1.0,1.4142135381698608,5.830951690673828,30.0,30.528675079345703,32.015621185302734,32.75667953491211,33.37664031982422,34.2344856262207,35.12833786010742,36.12478256225586,37.05401611328125,38.05259704589844,38.01315689086914,39.0,40.0,39.0128173828125,40.01249694824219,41.0,42.0,41.04875183105469,41.1096076965332,40.199501037597656,41.30375289916992,42.42640686035156,43.416587829589844
1774426907.283477,-74,1,0,0,46.389652252197266,45.17742919921875,44.18144226074219,44.10215377807617,45.0,45.0,44.0113639831543,44.0113639831543,44.18144226074219,46.27094268798828,47.26520919799805,49.162994384765625,49.04079818725586,49.01020431518555,46.0,44.0113639831543,41.19466018676758,42.57933807373047,41.773197174072266,41.0,40.52159881591797,38.910152435302734,38.587562561035156,6.7082037925720215,2.2360680103302,1.0,1.0,2.0,5.385164737701416,30.870698928833008,30.463092803955078,31.95309066772461,31.016124725341797,32.69556427001953,34.01470184326172,35.7770881652832,36.715118408203125,38.07886505126953,38.587562561035156,38.27531814575195,38.832977294921875,39.66106414794922,40.804412841796875,40.607879638671875,40.804412841796875,39.11521530151367,40.70626449584961,42.54409408569336,43.863426208496094,42.95346450805664,43.863426208496094,43.46262741088867
1774426907.3404593,-75,1,0,0,44.72135925292969,44.283180236816406,43.46262741088867,43.65776062011719,45.221675872802734,44.643028259277344,44.14748001098633,43.17406463623047,42.95346450805664,43.73785400390625,44.9110221862793,46.097721099853516,46.57252502441406,46.173583984375,45.54119110107422,44.0113639831543,43.46262741088867,42.54409408569336,42.04759216308594,41.59326934814453,40.49691390991211,39.051246643066406,38.897300720214844,7.071067810058594,2.2360680103302,1.0,1.0,2.0,6.082762718200684,31.95309066772461,31.95309066772461,31.764760971069336,31.906112670898438,32.202484130859375,33.42155075073242,34.058773040771484,35.46829605102539,36.79673767089844,37.48332977294922,37.48332977294922,37.48332977294922,38.18376541137695,38.18376541137695,38.897300720214844,38.897300720214844,38.897300720214844,38.94868469238281,40.45985794067383,41.231056213378906,41.231056213378906,41.400482177734375,42.20189666748047
1774426907.4095883,-74,1,0,0,41.9761848449707,41.48493576049805,41.761226654052734,41.1096076965332,41.78516387939453,43.46262741088867,43.46262741088867,43.46262741088867,43.863426208496094,43.863426208496094,43.46262741088867,43.46262741088867,44.384681701660156,44.0113639831543,42.72002029418945,42.379241943359375,40.52159881591797,40.024993896484375,40.607879638671875,40.199501037597656,39.0128173828125,40.804412841796875,40.853397369384766,6.324555397033691,1.4142135381698608,1.4142135381698608,1.4142135381698608,1.4142135381698608,5.099019527435303,31.14482307434082,30.01666259765625,29.42787742614746,29.154760360717773,31.016124725341797,32.0,34.01470184326172,34.058773040771484,35.12833786010742,35.22782897949219,35.35533905029297,36.49657440185547,36.49657440185547,37.336307525634766,39.20458984375,39.31920623779297,38.327537536621094,38.470767974853516,37.336307525634766,38.11823654174805,39.051246643066406,40.01249694824219,41.0
1774426907.4305143,-75,1,0,0,48.25971221923828,46.615447998046875,45.221675872802734,45.0,45.45327377319336,46.010868072509766,45.96738052368164,46.66904830932617,46.66904830932617,47.381431579589844,47.381431579589844,47.423622131347656,48.27007293701172,48.41487503051758,46.40043258666992,45.221675872802734,43.26661682128906,42.72002029418945,42.54409408569336,42.95346450805664,42.72002029418945,41.0,39.458839416503906,7.071067810058594,2.2360680103302,0.0,0.0,2.2360680103302,5.656854152679443,30.479501724243164,31.62277603149414,33.2866325378418,34.48188018798828,35.35533905029297,36.24913787841797,36.769554138183594,37.947330474853516,38.60051727294922,39.051246643066406,40.024993896484375,40.26164245605469,41.48493576049805,41.48493576049805,41.48493576049805,41.761226654052734,41.761226654052734,41.48493576049805,41.761226654052734,42.05948257446289,42.154476165771484,42.95346450805664,43.382022857666016
1774426907.4889512,-75,1,0,0,46.097721099853516,45.18849563598633,43.382022857666016,42.05948257446289,41.88078308105469,43.011627197265625,43.600460052490234,44.204071044921875,44.821868896484375,44.821868896484375,45.607017517089844,46.40043258666992,47.20169448852539,48.25971221923828,47.16990661621094,44.29446792602539,42.54409408569336,41.231056213378906,40.853397369384766,40.16217041015625,40.26164245605469,40.01249694824219,39.051246643066406,8.062257766723633,2.2360680103302,1.0,1.0,2.0,5.385164737701416,31.30495262145996,30.870698928833008,30.870698928833008,31.38471031188965,32.572994232177734,33.241539001464844,34.928497314453125,36.13862228393555,37.10795211791992,35.693138122558594,36.49657440185547,37.48332977294922,38.470767974853516,39.458839416503906,40.607879638671875,41.59326934814453,40.607879638671875,40.607879638671875,40.79215621948242,41.0,41.9761848449707,42.20189666748047,43.680660247802734
1774426907.5671372,-74,1,0,0,43.13930892944336,43.13930892944336,43.185646057128906,44.04542922973633,45.607017517089844,44.204071044921875,44.204071044921875,44.204071044921875,45.0,45.0,45.221675872802734,45.0,44.821868896484375,44.04542922973633,43.931766510009766,43.13930892944336,42.44997024536133,42.52058410644531,42.63801193237305,42.43819046020508,42.05948257446289,41.62931823730469,40.16217041015625,7.071067810058594,3.0,1.0,1.0,1.4142135381698608,6.4031243324279785,35.0,33.970577239990234,31.890438079833984,32.202484130859375,33.83784866333008,34.66987228393555,35.510562896728516,36.359317779541016,36.715118408203125,37.58989334106445,38.470767974853516,40.24922180175781,39.81205749511719,39.81205749511719,39.39543151855469,39.81205749511719,39.81205749511719,41.59326934814453,42.05948257446289,41.67733383178711,41.67733383178711,42.72002029418945,44.10215377807617
1774426907.5671372,-74,1,0,0,45.09988784790039,44.10215377807617,43.011627197265625,43.0,43.046485900878906,44.10215377807617,43.28972244262695,43.185646057128906,44.18144226074219,45.17742919921875,45.27692413330078,46.173583984375,48.093658447265625,47.095645904541016,46.010868072509766,43.0,41.1096076965332,39.31920623779297,39.458839416503906,40.26164245605469,40.16217041015625,40.49691390991211,40.607879638671875,7.071067810058594,2.2360680103302,1.0,1.0,1.0,5.0,31.064449310302734,31.064449310302734,31.256999969482422,31.575305938720703,31.78049659729004,32.015621185302734,32.98484420776367,35.1710090637207,37.0,37.6961555480957,38.07886505126953,39.39543151855469,40.31128692626953,40.31128692626953,40.31128692626953,39.924930572509766,38.62641525268555,39.560081481933594,40.49691390991211,40.804412841796875,39.560081481933594,40.52159881591797,41.231056213378906
1774426907.6459556,-75,1,0,0,46.81879806518555,45.54119110107422,44.271888732910156,43.96589660644531,43.680660247802734,44.14748001098633,44.72135925292969,46.52956008911133,47.51841735839844,47.67599105834961,47.67599105834961,46.87216567993164,47.29693603515625,47.53945541381836,46.840152740478516,45.221675872802734,44.59820556640625,43.65776062011719,42.154476165771484,41.59326934814453,41.88078308105469,40.45985794067383,40.31128692626953,7.8102498054504395,2.8284270763397217,0.0,0.0,2.0,6.082762718200684,29.614185333251953,30.364452362060547,33.12099075317383,33.61547088623047,34.98571014404297,35.510562896728516,35.80502700805664,36.2353401184082,36.12478256225586,36.79673767089844,37.53664779663086,38.94868469238281,38.94868469238281,39.69886779785156,40.45985794067383,41.86884307861328,42.52058410644531,41.86884307861328,42.01190185546875,42.8018684387207,43.011627197265625,43.011627197265625,43.26661682128906
1774426907.709056,-75,1,0,0,44.94440841674805,45.486263275146484,43.8292121887207,43.011627197265625,43.600460052490234,43.416587829589844,41.86884307861328,42.52058410644531,43.185646057128906,44.59820556640625,45.343135833740234,46.097721099853516,46.40043258666992,46.615447998046875,44.65422821044922,43.5660400390625,42.54409408569336,41.59326934814453,41.62931823730469,40.853397369384766,40.804412841796875,39.458839416503906,39.0128173828125,7.0,2.2360680103302,1.4142135381698608,1.4142135381698608,1.4142135381698608,5.0,31.14482307434082,31.14482307434082,31.064449310302734,31.38471031188965,32.649654388427734,33.105892181396484,33.61547088623047,35.11410140991211,35.735137939453125,37.64305877685547,39.560081481933594,40.52159881591797,40.52159881591797,39.560081481933594,38.327537536621094,37.64305877685547,38.60051727294922,39.560081481933594,40.804412841796875,41.1096076965332,40.49691390991211,41.231056213378906,42.54409408569336
1774426907.7194233,-74,1,0,0,46.86149978637695,46.75468063354492,45.27692413330078,44.55333709716797,44.59820556640625,45.45327377319336,45.45327377319336,44.821868896484375,45.607017517089844,46.40043258666992,46.22769546508789,45.45327377319336,46.097721099853516,46.010868072509766,45.25483322143555,43.931766510009766,43.416587829589844,43.600460052490234,43.011627197265625,41.88078308105469,41.18252182006836,39.217342376708984,39.051246643066406,7.071067810058594,3.1622776985168457,1.0,1.0,1.4142135381698608,5.656854152679443,32.015621185302734,32.526912689208984,31.400636672973633,32.4499626159668,33.61547088623047,34.48188018798828,35.35533905029297,34.885528564453125,36.67424011230469,38.07886505126953,39.0,39.39543151855469,40.71854782104492,39.81205749511719,40.31128692626953,40.853397369384766,41.231056213378906,42.04759216308594,41.59326934814453,40.70626449584961,41.18252182006836,42.54409408569336,43.90899658203125
1774426907.7886324,-75,1,0,0,43.104522705078125,42.01190185546875,41.0,41.01219177246094,42.10700607299805,43.185646057128906,42.19004440307617,42.19004440307617,43.28972244262695,44.283180236816406,45.17742919921875,45.09988784790039,46.097721099853516,46.097721099853516,45.0444221496582,44.0,42.04759216308594,40.199501037597656,39.31920623779297,39.623226165771484,39.293766021728516,40.8166618347168,42.20189666748047,7.071067810058594,2.2360680103302,1.4142135381698608,1.4142135381698608,1.0,4.123105525970459,28.017850875854492,30.149627685546875,32.015621185302734,32.140316009521484,32.38827133178711,31.575305938720703,32.98484420776367,34.48188018798828,36.055511474609375,36.400550842285156,37.336307525634766,37.947330474853516,38.897300720214844,38.897300720214844,38.27531814575195,38.62641525268555,39.0,39.560081481933594,41.43669891357422,41.1096076965332,41.48493576049805,41.231056213378906,41.9761848449707
1774426907.8124406,-74,1,0,0,45.18849563598633,44.72135925292969,44.29446792602539,43.90899658203125,44.65422821044922,44.40720748901367,44.204071044921875,44.821868896484375,46.22769546508789,45.45327377319336,45.45327377319336,45.607017517089844,45.80392837524414,45.221675872802734,44.10215377807617,44.41846466064453,43.416587829589844,43.8292121887207,43.863426208496094,42.72002029418945,41.761226654052734,41.43669891357422,39.11521530151367,8.0,3.1622776985168457,1.0,1.0,2.2360680103302,5.830951690673828,32.24903106689453,31.78049659729004,32.015621185302734,32.75667953491211,33.541019439697266,34.36568069458008,34.36568069458008,36.22154235839844,37.121421813964844,37.05401611328125,38.05259704589844,39.0128173828125,39.051246643066406,40.04996871948242,40.01249694824219,41.01219177246094,41.04875183105469,41.30375289916992,41.43669891357422,42.42640686035156,42.7551155090332,42.95346450805664,43.17406463623047
1774426907.856064,-75,1,0,0,44.14748001098633,43.17406463623047,42.7551155090332,43.185646057128906,43.104522705078125,41.59326934814453,41.0,40.79215621948242,43.28972244262695,44.10215377807617,46.097721099853516,46.173583984375,47.01063537597656,47.095645904541016,46.389652252197266,43.931766510009766,42.44997024536133,39.81205749511719,39.458839416503906,39.458839416503906,39.051246643066406,36.715118408203125,37.202152252197266,7.071067810058594,2.2360680103302,1.0,1.4142135381698608,1.0,5.385164737701416,30.675724029541016,29.832868576049805,30.265491485595703,30.01666259765625,31.016124725341797,32.24903106689453,33.541019439697266,34.928497314453125,36.68787384033203,37.6961555480957,38.07886505126953,38.897300720214844,39.623226165771484,38.11823654174805,39.20458984375,38.470767974853516,39.293766021728516,40.804412841796875,41.761226654052734,41.761226654052734,42.05948257446289,40.16217041015625,41.1096076965332
1774426907.9316306,-75,1,0,0,44.29446792602539,42.54409408569336,42.19004440307617,41.88078308105469,41.617305755615234,41.400482177734375,42.01190185546875,42.01190185546875,44.04542922973633,44.04542922973633,44.821868896484375,45.607017517089844,46.40043258666992,47.434165954589844,46.3249397277832,44.41846466064453,42.54409408569336,40.70626449584961,39.81205749511719,40.853397369384766,40.52159881591797,41.04875183105469,41.04875183105469,7.071067810058594,2.2360680103302,1.4142135381698608,1.4142135381698608,1.4142135381698608,5.0,30.886890411376953,29.546573638916016,30.08321762084961,31.320919036865234,32.280025482177734,33.241539001464844,33.734256744384766,35.510562896728516,37.2155876159668,38.05259704589844,38.01315689086914,39.051246643066406,39.11521530151367,39.20458984375,38.327537536621094,38.470767974853516,38.470767974853516,40.4474983215332,41.43669891357422,41.59326934814453,41.0,41.231056213378906,42.44997024536133
1774426907.9425316,-75,1,0,0,45.27692413330078,44.55333709716797,44.59820556640625,45.343135833740234,47.6340217590332,48.60041046142578,47.434165954589844,46.3249397277832,46.3249397277832,46.3249397277832,46.87216567993164,46.615447998046875,47.01063537597656,46.86149978637695,46.75468063354492,45.96738052368164,44.55333709716797,43.863426208496094,42.52058410644531,42.8018684387207,42.72002029418945,41.67733383178711,41.146080017089844,7.6157732009887695,3.1622776985168457,0.0,0.0,2.2360680103302,6.4031243324279785,32.015621185302734,33.241539001464844,32.649654388427734,32.80244064331055,33.60059356689453,34.4093017578125,35.510562896728516,37.58989334106445,37.121421813964844,37.57658767700195,38.4837646484375,39.81205749511719,40.71854782104492,42.04759216308594,43.382022857666016,43.382022857666016,41.59326934814453,42.05948257446289,42.54409408569336,42.54409408569336,43.046485900878906,42.72002029418945,43.26661682128906
1774426908.0048308,-75,1,0,0,44.72135925292969,42.95346450805664,43.08131790161133,44.271888732910156,45.880279541015625,46.57252502441406,45.880279541015625,45.880279541015625,46.840152740478516,46.840152740478516,46.840152740478516,46.840152740478516,46.840152740478516,46.173583984375,44.59820556640625,43.46262741088867,42.04759216308594,41.18252182006836,42.19004440307617,41.617305755615234,40.607879638671875,40.804412841796875,39.20458984375,7.211102485656738,2.2360680103302,1.0,1.0,2.2360680103302,6.0,32.140316009521484,32.557640075683594,32.69556427001953,32.649654388427734,33.61547088623047,33.2866325378418,34.66987228393555,35.80502700805664,37.202152252197266,37.80211639404297,38.41874694824219,38.41874694824219,39.824615478515625,40.45985794067383,41.03656768798828,41.03656768798828,41.1096076965332,41.231056213378906,41.400482177734375,41.617305755615234,42.43819046020508,43.26661682128906,44.65422821044922
1774426908.0666573,-74,1,0,0,43.600460052490234,42.20189666748047,41.617305755615234,41.04875183105469,42.19004440307617,42.54409408569336,42.94182205200195,43.8292121887207,43.8292121887207,45.17742919921875,44.777225494384766,44.41846466064453,44.94440841674805,44.65422821044922,43.011627197265625,42.01190185546875,39.824615478515625,39.69886779785156,40.31128692626953,39.69886779785156,38.60051727294922,39.217342376708984,39.051246643066406,6.082762718200684,2.2360680103302,1.4142135381698608,1.4142135381698608,1.0,4.4721360206604,30.01666259765625,29.20616340637207,30.232433319091797,30.610456466674805,31.890438079833984,32.557640075683594,33.241539001464844,33.30165100097656,34.828147888183594,35.0,35.80502700805664,36.400550842285156,37.80211639404297,38.60051727294922,39.20458984375,39.824615478515625,38.41874694824219,38.41874694824219,38.41874694824219,38.41874694824219,39.051246643066406,40.360870361328125,41.72529220581055
1774426908.0769727,-75,1,0,0,45.607017517089844,45.343135833740234,43.863426208496094,43.863426208496094,43.931766510009766,44.68780517578125,44.68780517578125,44.68780517578125,45.45327377319336,46.22769546508789,46.22769546508789,46.097721099853516,46.75468063354492,46.010868072509766,45.27692413330078,43.863426208496094,43.27817153930664,43.600460052490234,43.011627197265625,41.88078308105469,41.18252182006836,40.70626449584961,41.231056213378906,8.246211051940918,3.0,1.0,1.0,2.2360680103302,5.830951690673828,31.14482307434082,31.890438079833984,32.202484130859375,32.4499626159668,33.61547088623047,34.885528564453125,35.34119415283203,36.769554138183594,36.769554138183594,36.400550842285156,37.336307525634766,39.217342376708984,40.49691390991211,41.1096076965332,40.804412841796875,41.1096076965332,39.560081481933594,39.924930572509766,40.31128692626953,41.146080017089844,42.48529052734375,42.94182205200195,44.29446792602539
1774426908.1469567,-75,1,0,0,37.121421813964844,37.2155876159668,36.22154235839844,36.34556198120117,36.67424011230469,35.902645111083984,35.902645111083984,35.902645111083984,36.878177642822266,37.85498809814453,37.656341552734375,38.470767974853516,38.327537536621094,38.327537536621094,37.2155876159668,36.12478256225586,34.058773040771484,34.01470184326172,33.0,33.060550689697266,32.24903106689453,39.69886779785156,41.01219177246094,7.211102485656738,2.2360680103302,1.0,1.0,1.4142135381698608,5.385164737701416,29.4108829498291,30.08321762084961,26.019224166870117,27.018512725830078,27.166154861450195,27.294687271118164,28.44292449951172,29.614185333251953,29.832868576049805,31.048349380493164,32.015621185302734,33.241539001464844,33.95585250854492,34.71310806274414,34.71310806274414,33.95585250854492,33.95585250854492,35.1710090637207,34.928497314453125,34.71310806274414,34.525352478027344,35.22782897949219,36.12478256225586
1774426908.2101088,-75,1,0,0,38.60051727294922,37.64305877685547,36.79673767089844,36.06937789916992,36.06937789916992,36.06937789916992,34.71310806274414,35.46829605102539,36.2353401184082,37.64305877685547,39.051246643066406,39.69886779785156,39.69886779785156,39.623226165771484,38.897300720214844,38.28837966918945,37.64305877685547,37.202152252197266,36.055511474609375,34.98571014404297,34.438350677490234,38.94868469238281,38.94868469238281,7.211102485656738,2.2360680103302,1.0,1.0,1.4142135381698608,5.385164737701416,31.320919036865234,31.016124725341797,26.07680892944336,27.294687271118164,27.73084831237793,28.635643005371094,29.546573638916016,30.463092803955078,31.016124725341797,31.95309066772461,32.893768310546875,33.83784866333008,33.52610778808594,34.48188018798828,35.44009017944336,35.44009017944336,35.735137939453125,35.11410140991211,35.46829605102539,35.46829605102539,35.46829605102539,35.84689712524414,37.161808013916016
1774426908.2202976,-75,1,0,0,38.20994567871094,37.121421813964844,37.05401611328125,37.05401611328125,38.01315689086914,38.0,38.05259704589844,38.05259704589844,38.11823654174805,39.11521530151367,40.04996871948242,40.01249694824219,40.0,41.01219177246094,40.04996871948242,39.20458984375,37.48332977294922,37.656341552734375,36.13862228393555,35.735137939453125,34.539833068847656,35.35533905029297,34.66987228393555,5.830951690673828,1.4142135381698608,1.4142135381698608,1.4142135381698608,1.4142135381698608,5.099019527435303,29.27456283569336,28.017850875854492,27.073972702026367,28.284271240234375,28.44292449951172,29.832868576049805,30.08321762084961,30.675724029541016,31.38471031188965,31.78049659729004,33.105892181396484,34.438350677490234,35.34119415283203,35.34119415283203,35.34119415283203,34.928497314453125,34.928497314453125,35.84689712524414,35.46829605102539,36.400550842285156,36.400550842285156,37.0,37.64305877685547
1774426908.2868276,-74,1,0,0,45.27692413330078,44.18144226074219,44.10215377807617,45.0111083984375,46.010868072509766,46.097721099853516,46.097721099853516,46.097721099853516,46.173583984375,47.16990661621094,48.166378021240234,48.166378021240234,48.093658447265625,48.041648864746094,47.0,45.0444221496582,42.19004440307617,40.31128692626953,40.4474983215332,40.79215621948242,40.52159881591797,41.34005355834961,40.607879638671875,7.211102485656738,2.2360680103302,1.0,1.0,2.0,5.0,28.44292449951172,29.832868576049805,33.541019439697266,32.98484420776367,33.52610778808594,33.83784866333008,35.11410140991211,37.161808013916016,38.01315689086914,40.24922180175781,41.59326934814453,41.59326934814453,40.24922180175781,39.81205749511719,39.81205749511719,40.24922180175781,40.71854782104492,42.154476165771484,42.72002029418945,41.43669891357422,40.49691390991211,41.43669891357422,41.43669891357422
1774426908.3087451,-75,1,0,0,46.14108657836914,44.94440841674805,43.8292121887207,43.600460052490234,44.68780517578125,45.27692413330078,44.55333709716797,45.96738052368164,45.96738052368164,44.55333709716797,45.96738052368164,45.27692413330078,46.010868072509766,46.010868072509766,45.45327377319336,45.0,43.26661682128906,42.19004440307617,42.05948257446289,41.146080017089844,41.231056213378906,40.31128692626953,38.62641525268555,6.7082037925720215,1.4142135381698608,1.0,1.0,2.2360680103302,5.656854152679443,29.832868576049805,30.0,31.30495262145996,32.69556427001953,34.1760139465332,35.735137939453125,35.44009017944336,36.400550842285156,36.13862228393555,36.878177642822266,37.85498809814453,38.63935852050781,39.623226165771484,40.4474983215332,41.59326934814453,41.59326934814453,40.79215621948242,41.0,41.48493576049805,41.761226654052734,42.05948257446289,43.65776062011719,44.0113639831543
1774426908.3625603,-75,1,0,0,45.09988784790039,44.0,43.011627197265625,43.046485900878906,44.10215377807617,44.18144226074219,44.40720748901367,45.54119110107422,45.7055778503418,46.52956008911133,46.389652252197266,46.27094268798828,46.097721099853516,47.04253387451172,45.0111083984375,44.0,44.0113639831543,44.04542922973633,43.104522705078125,42.42640686035156,41.0,40.024993896484375,39.84971618652344,7.6157732009887695,2.2360680103302,1.0,0.0,2.0,6.082762718200684,33.241539001464844,33.0151481628418,32.557640075683594,32.98484420776367,34.20526123046875,34.48188018798828,36.055511474609375,36.400550842285156,37.161808013916016,36.67424011230469,37.57658767700195,38.4837646484375,39.81205749511719,40.71854782104492,42.04759216308594,42.54409408569336,42.54409408569336,42.54409408569336,42.154476165771484,42.379241943359375,43.011627197265625,43.680660247802734,44.14748001098633
1774426908.4277968,-75,1,0,0,43.185646057128906,42.44997024536133,42.42640686035156,43.13930892944336,44.59820556640625,45.45327377319336,44.204071044921875,44.204071044921875,43.600460052490234,43.600460052490234,44.204071044921875,44.821868896484375,46.097721099853516,46.010868072509766,45.96738052368164,44.55333709716797,42.44997024536133,41.86884307861328,42.01190185546875,41.04875183105469,40.31128692626953,38.910152435302734,36.769554138183594,6.324555397033691,1.0,1.4142135381698608,1.4142135381698608,1.0,4.4721360206604,29.529645919799805,30.232433319091797,31.14482307434082,32.015621185302734,32.202484130859375,33.0151481628418,33.2866325378418,34.48188018798828,35.7770881652832,36.24913787841797,37.161808013916016,37.161808013916016,38.07886505126953,37.161808013916016,37.161808013916016,37.57658767700195,38.01315689086914,38.910152435302734,40.70626449584961,39.824615478515625,39.4461669921875,40.8166618347168,42.72002029418945
1774426908.4384513,-75,1,0,0,30.08321762084961,30.870698928833008,31.30495262145996,30.886890411376953,31.38471031188965,31.38471031188965,30.528675079345703,29.529645919799805,29.154760360717773,28.844409942626953,30.805843353271484,31.62277603149414,32.4499626159668,33.12099075317383,33.12099075317383,32.202484130859375,33.105892181396484,31.016124725341797,29.4108829498291,28.861740112304688,28.284271240234375,36.878177642822266,38.20994567871094,7.071067810058594,2.2360680103302,1.0,1.0,2.2360680103302,6.324555397033691,31.048349380493164,29.73213768005371,19.92485809326172,21.587032318115234,22.56102752685547,23.53720474243164,24.515300750732422,25.317977905273438,26.07680892944336,27.018512725830078,28.0,30.0,30.01666259765625,30.01666259765625,30.0,29.0,28.0,27.018512725830078,27.166154861450195,27.459060668945312,28.44292449951172,29.42787742614746,30.805843353271484
1774426908.494356,-75,1,0,0,44.643028259277344,44.92215347290039,43.96589660644531,43.32435989379883,44.0113639831543,44.777225494384766,44.283180236816406,45.17742919921875,45.17742919921875,46.957427978515625,47.423622131347656,47.01063537597656,47.92702865600586,48.46648406982422,46.81879806518555,44.271888732910156,42.72002029418945,42.20189666748047,41.9761848449707,42.42640686035156,42.04759216308594,41.0,40.16217041015625,7.280109882354736,2.2360680103302,1.0,0.0,2.2360680103302,6.7082037925720215,32.69556427001953,33.241539001464844,32.572994232177734,32.98484420776367,32.75667953491211,33.541019439697266,35.22782897949219,37.121421813964844,38.01315689086914,37.0,38.0,39.0,41.0,41.01219177246094,42.01190185546875,41.04875183105469,41.04875183105469,41.01219177246094,42.01190185546875,42.01190185546875,42.10700607299805,42.296573638916016,42.7551155090332
1774426908.5683596,-75,1,0,0,39.4461669921875,36.2353401184082,35.34119415283203,34.928497314453125,37.6961555480957,39.924930572509766,39.0,39.0,38.62641525268555,40.16217041015625,40.16217041015625,41.78516387939453,42.154476165771484,41.231056213378906,38.62641525268555,36.769554138183594,34.01470184326172,34.885528564453125,35.84689712524414,36.8917350769043,36.619667053222656,40.49691390991211,40.26164245605469,6.324555397033691,2.2360680103302,1.0,1.0,1.4142135381698608,4.4721360206604,27.892650604248047,28.861740112304688,26.172504425048828,26.172504425048828,27.018512725830078,27.80287742614746,29.4108829498291,30.805843353271484,30.232433319091797,30.232433319091797,30.01666259765625,30.886890411376953,32.24903106689453,34.0,32.649654388427734,32.649654388427734,31.906112670898438,33.83784866333008,35.80502700805664,37.80211639404297,37.013511657714844,35.46829605102539,33.970577239990234
1774426908.5683596,-75,1,0,0,49.0,48.010414123535156,46.04345703125,46.097721099853516,46.389652252197266,46.69047164916992,46.87216567993164,48.05205535888672,48.27007293701172,48.27007293701172,48.27007293701172,48.05205535888672,47.85394287109375,48.50773239135742,48.166378021240234,47.01063537597656,46.0,45.0444221496582,44.10215377807617,43.28972244262695,42.7551155090332,41.43669891357422,41.62931823730469,6.7082037925720215,2.2360680103302,1.4142135381698608,1.4142135381698608,1.4142135381698608,6.082762718200684,32.06243896484375,32.0,33.0151481628418,35.05709457397461,36.22154235839844,36.49657440185547,37.85498809814453,38.327537536621094,38.60051727294922,38.897300720214844,40.16217041015625,42.379241943359375,42.379241943359375,43.65776062011719,43.65776062011719,43.65776062011719,43.011627197265625,42.72002029418945,44.14748001098633,45.12205505371094,45.12205505371094,45.89117431640625,46.69047164916992
1774426908.6422615,-75,1,0,0,43.185646057128906,41.86884307861328,41.86884307861328,41.231056213378906,40.804412841796875,41.88078308105469,40.8166618347168,41.18252182006836,42.05948257446289,43.416587829589844,45.27692413330078,45.27692413330078,44.10215377807617,45.221675872802734,43.600460052490234,42.01190185546875,39.69886779785156,38.94868469238281,38.897300720214844,38.28837966918945,38.01315689086914,37.202152252197266,36.359317779541016,5.830951690673828,1.0,1.4142135381698608,1.4142135381698608,1.0,4.4721360206604,30.01666259765625,30.0,30.4138126373291,30.479501724243164,30.610456466674805,31.400636672973633,33.0151481628418,34.66987228393555,35.84689712524414,35.84689712524414,35.84689712524414,35.84689712524414,36.715118408203125,36.715118408203125,36.715118408203125,37.735923767089844,38.587562561035156,39.4461669921875,40.8166618347168,39.96248245239258,40.49691390991211,40.804412841796875,41.400482177734375
1774426908.6453311,-75,1,0,0,50.03998565673828,48.25971221923828,47.381431579589844,46.69047164916992,47.07440948486328,47.29693603515625,47.53945541381836,48.764739990234375,48.764739990234375,49.47726821899414,50.447994232177734,50.447994232177734,50.21951675415039,50.80354309082031,50.48762130737305,49.36598205566406,48.166378021240234,47.04253387451172,46.0,45.0444221496582,44.283180236816406,45.0444221496582,44.18144226074219,8.246211051940918,3.1622776985168457,1.0,1.0,2.2360680103302,6.324555397033691,35.11410140991211,35.1710090637207,35.0,36.12478256225586,37.336307525634766,38.470767974853516,40.607879638671875,41.0,41.48493576049805,41.761226654052734,42.72002029418945,43.680660247802734,44.384681701660156,44.384681701660156,44.384681701660156,45.35416030883789,44.643028259277344,45.607017517089844,46.3249397277832,46.097721099853516,45.7055778503418,45.39823913574219,46.173583984375
1774426908.7129257,-75,1,0,0,44.72135925292969,44.29446792602539,43.90899658203125,43.5660400390625,43.26661682128906,43.8292121887207,44.40720748901367,44.204071044921875,45.0,45.80392837524414,46.615447998046875,45.221675872802734,46.04345703125,48.25971221923828,48.02082824707031,47.01063537597656,44.29446792602539,43.382022857666016,42.04759216308594,41.78516387939453,40.804412841796875,39.051246643066406,38.0,7.0,2.0,1.0,0.0,2.2360680103302,5.830951690673828,31.016124725341797,31.048349380493164,32.280025482177734,32.98484420776367,32.75667953491211,33.541019439697266,34.36568069458008,36.22154235839844,38.11823654174805,39.051246643066406,39.051246643066406,39.051246643066406,39.11521530151367,38.11823654174805,39.11521530151367,40.04996871948242,41.04875183105469,42.10700607299805,43.185646057128906,42.296573638916016,41.773197174072266,42.20189666748047,42.44997024536133
1774426908.7786834,-75,1,0,0,44.04542922973633,44.68780517578125,44.68780517578125,46.010868072509766,45.96738052368164,46.75468063354492,45.45327377319336,45.45327377319336,46.22769546508789,46.86149978637695,47.50789260864258,47.423622131347656,47.381431579589844,46.69047164916992,45.343135833740234,44.821868896484375,44.204071044921875,42.20189666748047,42.43819046020508,40.31128692626953,40.71854782104492,39.051246643066406,38.63935852050781,7.071067810058594,3.1622776985168457,0.0,0.0,2.2360680103302,6.4031243324279785,30.4138126373291,31.890438079833984,31.890438079833984,33.42155075073242,33.60059356689453,33.83784866333008,34.98571014404297,36.2353401184082,37.57658767700195,39.0,39.0,39.924930572509766,40.31128692626953,39.81205749511719,39.81205749511719,40.31128692626953,40.71854782104492,42.04759216308594,43.382022857666016,42.94182205200195,42.94182205200195,42.54409408569336,43.046485900878906
1774426908.7892196,-75,1,0,0,43.46262741088867,43.46262741088867,43.863426208496094,43.382022857666016,43.416587829589844,43.046485900878906,42.72002029418945,43.26661682128906,43.5660400390625,44.94440841674805,46.3249397277832,45.79301071166992,46.14108657836914,45.650848388671875,44.72135925292969,42.95346450805664,41.78516387939453,41.1096076965332,40.804412841796875,40.024993896484375,38.470767974853516,39.11521530151367,40.79215621948242,7.071067810058594,2.2360680103302,1.4142135381698608,1.0,1.4142135381698608,5.0,30.886890411376953,31.30495262145996,30.870698928833008,32.31098937988281,32.572994232177734,34.20526123046875,35.902645111083984,36.67424011230469,35.510562896728516,36.34556198120117,37.2155876159668,38.11823654174805,39.11521530151367,39.11521530151367,40.112342834472656,40.199501037597656,39.20458984375,38.327537536621094,38.470767974853516,39.458839416503906,39.623226165771484,40.607879638671875,41.773197174072266
1774426908.8474467,-75,1,0,0,37.05401611328125,38.01315689086914,38.05259704589844,39.31920623779297,38.470767974853516,37.2155876159668,36.12478256225586,34.058773040771484,35.35533905029297,35.693138122558594,36.67424011230469,35.510562896728516,37.336307525634766,37.121421813964844,37.05401611328125,37.0,39.0,37.05401611328125,35.22782897949219,33.37664031982422,31.78049659729004,36.400550842285156,36.67424011230469,7.280109882354736,3.1622776985168457,0.0,0.0,2.2360680103302,6.7082037925720215,34.01470184326172,32.31098937988281,25.495098114013672,25.0,25.298221588134766,26.570659637451172,27.513633728027344,28.460498809814453,28.792360305786133,30.675724029541016,32.893768310546875,35.46829605102539,34.928497314453125,33.541019439697266,33.12099075317383,30.886890411376953,32.202484130859375,33.241539001464844,33.52610778808594,32.280025482177734,32.572994232177734,33.83784866333008,36.68787384033203
1774426908.9159336,-75,1,0,0,44.384681701660156,42.95346450805664,41.9761848449707,42.7551155090332,44.40720748901367,45.27692413330078,44.18144226074219,44.18144226074219,45.09988784790039,46.097721099853516,47.095645904541016,46.27094268798828,46.389652252197266,46.52956008911133,45.7055778503418,44.14748001098633,42.44997024536133,42.05948257446289,42.72002029418945,41.62931823730469,41.18252182006836,39.824615478515625,38.832977294921875,7.211102485656738,2.2360680103302,1.0,1.0,2.2360680103302,6.082762718200684,31.016124725341797,32.015621185302734,32.98484420776367,33.241539001464844,33.83784866333008,34.1760139465332,33.61547088623047,35.34119415283203,36.67424011230469,37.121421813964844,37.58989334106445,38.07886505126953,39.4461669921875,39.4461669921875,39.4461669921875,38.587562561035156,38.94868469238281,41.18252182006836,41.59326934814453,41.146080017089844,40.24922180175781,41.146080017089844,42.04759216308594
1774426908.926655,-75,1,0,0,44.92215347290039,44.271888732910156,42.72002029418945,42.154476165771484,43.46262741088867,43.863426208496094,43.382022857666016,43.382022857666016,43.8292121887207,43.8292121887207,45.17742919921875,44.72135925292969,44.777225494384766,44.384681701660156,42.72002029418945,42.05948257446289,41.48493576049805,41.231056213378906,40.79215621948242,39.458839416503906,39.051246643066406,37.336307525634766,38.07886505126953,6.082762718200684,1.0,1.4142135381698608,1.0,1.4142135381698608,5.830951690673828,32.202484130859375,31.38471031188965,30.364452362060547,31.048349380493164,32.75667953491211,33.541019439697266,34.2344856262207,34.058773040771484,34.0,35.0,36.013885498046875,38.01315689086914,39.0,38.0,38.0,39.0,39.0,39.0,39.051246643066406,39.051246643066406,41.1096076965332,41.19466018676758,42.296573638916016
1774426908.985004,-74,1,0,0,43.90899658203125,43.5660400390625,42.43819046020508,42.20189666748047,42.63801193237305,42.52058410644531,43.185646057128906,43.863426208496094,44.55333709716797,43.863426208496094,44.59820556640625,44.68780517578125,44.04542922973633,44.204071044921875,43.8292121887207,43.5660400390625,43.416587829589844,42.05948257446289,42.48529052734375,40.31128692626953,38.897300720214844,37.121421813964844,37.013511657714844,6.0,1.0,1.0,1.0,2.2360680103302,5.656854152679443,30.0,29.681644439697266,30.528675079345703,31.764760971069336,33.105892181396484,33.61547088623047,34.539833068847656,35.11410140991211,35.735137939453125,35.735137939453125,36.68787384033203,37.64305877685547,38.60051727294922,38.327537536621094,39.293766021728516,40.024993896484375,39.051246643066406,39.560081481933594,40.804412841796875,39.84971618652344,41.43669891357422,41.78516387939453,42.54409408569336
1774426909.0281918,-74,1,0,0,45.486263275146484,43.011627197265625,42.01190185546875,41.1096076965332,41.72529220581055,41.72529220581055,41.72529220581055,43.13930892944336,43.84062194824219,45.25483322143555,45.25483322143555,45.25483322143555,45.27692413330078,45.343135833740234,44.68780517578125,43.416587829589844,40.804412841796875,41.04875183105469,39.96248245239258,39.824615478515625,39.39543151855469,40.31128692626953,41.04875183105469,8.062257766723633,3.1622776985168457,1.0,1.0,2.0,5.385164737701416,31.764760971069336,32.649654388427734,32.4499626159668,32.75667953491211,32.649654388427734,33.61547088623047,34.539833068847656,35.11410140991211,36.055511474609375,36.68787384033203,36.68787384033203,37.64305877685547,38.897300720214844,38.897300720214844,39.217342376708984,39.84971618652344,39.84971618652344,39.84971618652344,40.16217041015625,39.560081481933594,40.853397369384766,41.231056213378906,42.54409408569336
1774426909.0627863,-75,1,0,0,44.777225494384766,43.382022857666016,42.94182205200195,41.67733383178711,42.43819046020508,42.20189666748047,43.600460052490234,44.204071044921875,45.607017517089844,47.01063537597656,47.01063537597656,46.40043258666992,45.80392837524414,44.65422821044922,44.10215377807617,44.41846466064453,43.416587829589844,42.48529052734375,42.04759216308594,42.154476165771484,41.1096076965332,40.199501037597656,40.01249694824219,8.062257766723633,2.2360680103302,1.0,1.0,2.0,6.324555397033691,32.69556427001953,31.95309066772461,31.95309066772461,32.893768310546875,33.52610778808594,34.20526123046875,34.71310806274414,35.510562896728516,35.35533905029297,36.22154235839844,37.336307525634766,38.327537536621094,40.4474983215332,40.31128692626953,41.30375289916992,41.19466018676758,41.30375289916992,41.30375289916992,39.623226165771484,38.832977294921875,40.024993896484375,42.20189666748047,43.416587829589844
1774426909.1312907,-74,1,0,0,45.54119110107422,44.0113639831543,43.46262741088867,42.95346450805664,42.94182205200195,43.90899658203125,44.41846466064453,44.94440841674805,45.79301071166992,45.79301071166992,45.79301071166992,46.14108657836914,44.777225494384766,44.29446792602539,43.8292121887207,42.95346450805664,43.08131790161133,42.379241943359375,42.05948257446289,41.48493576049805,40.79215621948242,39.0128173828125,39.11521530151367,8.246211051940918,3.1622776985168457,1.0,1.0,2.0,6.324555397033691,32.69556427001953,31.95309066772461,31.78049659729004,32.557640075683594,33.241539001464844,35.05709457397461,36.055511474609375,37.013511657714844,37.0,36.013885498046875,38.05259704589844,39.0128173828125,41.04875183105469,41.04875183105469,42.04759216308594,42.04759216308594,41.04875183105469,40.01249694824219,42.01190185546875,42.04759216308594,42.10700607299805,42.296573638916016,43.416587829589844
1774426909.1312907,-75,1,0,0,43.13930892944336,42.44997024536133,41.03656768798828,41.03656768798828,42.63801193237305,43.011627197265625,43.26661682128906,44.10215377807617,44.94440841674805,45.486263275146484,45.486263275146484,44.65422821044922,44.40720748901367,44.204071044921875,43.416587829589844,42.52058410644531,42.44997024536133,41.01219177246094,41.03656768798828,41.231056213378906,39.66106414794922,38.94868469238281,38.07886505126953,6.324555397033691,2.0,1.4142135381698608,1.4142135381698608,1.0,4.4721360206604,30.0,29.73213768005371,31.400636672973633,31.62277603149414,32.4499626159668,31.906112670898438,32.24903106689453,33.541019439697266,34.928497314453125,36.400550842285156,37.0,37.336307525634766,38.62641525268555,39.0,40.31128692626953,40.71854782104492,40.71854782104492,40.31128692626953,40.31128692626953,40.71854782104492,40.70626449584961,42.19004440307617,44.10215377807617
1774426909.1986892,-74,1,0,0,43.680660247802734,42.72002029418945,43.011627197265625,43.65776062011719,44.777225494384766,44.72135925292969,43.416587829589844,43.416587829589844,44.29446792602539,45.650848388671875,46.52956008911133,45.617977142333984,46.097721099853516,46.615447998046875,45.880279541015625,44.271888732910156,42.72002029418945,41.48493576049805,41.231056213378906,40.79215621948242,41.30375289916992,40.024993896484375,39.84971618652344,7.280109882354736,2.0,1.0,1.0,2.2360680103302,6.7082037925720215,30.675724029541016,30.805843353271484,31.320919036865234,31.78049659729004,32.38827133178711,33.13608169555664,34.058773040771484,36.013885498046875,37.0,37.013511657714844,37.013511657714844,38.0,39.0128173828125,39.0128173828125,38.0,38.01315689086914,38.01315689086914,39.0128173828125,41.0,41.01219177246094,40.04996871948242,40.199501037597656,40.31128692626953
1774426909.2647831,-75,1,0,0,44.04542922973633,44.204071044921875,43.600460052490234,44.204071044921875,44.40720748901367,44.10215377807617,44.777225494384766,44.29446792602539,44.29446792602539,46.14108657836914,47.50789260864258,46.647613525390625,46.647613525390625,45.79301071166992,45.486263275146484,43.600460052490234,43.416587829589844,42.52058410644531,43.13930892944336,43.185646057128906,42.01190185546875,42.20189666748047,41.34005355834961,8.062257766723633,3.1622776985168457,0.0,0.0,2.2360680103302,6.7082037925720215,33.12099075317383,32.4499626159668,33.241539001464844,33.30165100097656,34.058773040771484,33.42155075073242,34.20526123046875,35.80502700805664,36.055511474609375,37.2155876159668,38.587562561035156,38.94868469238281,39.824615478515625,40.31128692626953,41.18252182006836,41.18252182006836,41.67733383178711,42.19004440307617,42.72002029418945,41.617305755615234,41.400482177734375,42.01190185546875,43.27817153930664
1774426909.2753496,-75,1,0,0,37.2155876159668,36.359317779541016,35.22782897949219,33.2866325378418,30.805843353271484,29.068883895874023,26.870058059692383,28.284271240234375,30.4138126373291,31.890438079833984,32.649654388427734,32.649654388427734,34.71310806274414,37.64305877685547,37.013511657714844,35.0,30.232433319091797,28.301942825317383,25.553865432739258,25.05992889404297,26.832815170288086,35.80502700805664,36.79673767089844,6.4031243324279785,2.2360680103302,1.0,1.0,1.4142135381698608,4.4721360206604,26.4007568359375,27.294687271118164,22.135944366455078,22.56102752685547,23.53720474243164,25.317977905273438,27.166154861450195,29.154760360717773,31.064449310302734,31.064449310302734,31.064449310302734,29.017236709594727,27.073972702026367,27.166154861450195,26.305892944335938,26.476404190063477,26.172504425048828,29.154760360717773,31.14482307434082,33.37664031982422,33.734256744384766,34.48188018798828,34.48188018798828
1774426909.3455994,-75,1,0,0,45.607017517089844,44.821868896484375,44.04542922973633,43.185646057128906,43.84062194824219,43.863426208496094,43.185646057128906,43.27817153930664,44.68780517578125,44.59820556640625,45.27692413330078,44.55333709716797,45.25483322143555,45.27692413330078,45.343135833740234,43.416587829589844,43.011627197265625,41.88078308105469,42.19004440307617,40.70626449584961,39.39543151855469,37.64305877685547,38.07886505126953,6.324555397033691,2.2360680103302,1.0,1.0,2.0,5.0,29.73213768005371,29.698484420776367,31.14482307434082,32.015621185302734,32.202484130859375,33.0151481628418,33.2866325378418,34.48188018798828,36.2353401184082,36.67424011230469,37.161808013916016,38.07886505126953,39.39543151855469,38.4837646484375,39.39543151855469,39.81205749511719,39.81205749511719,39.81205749511719,40.24922180175781,40.24922180175781,40.24922180175781,41.18252182006836,43.416587829589844
1774426909.404686,-75,1,0,0,43.5660400390625,42.72002029418945,40.224369049072266,39.408119201660156,38.41874694824219,36.06937789916992,34.71310806274414,35.608985900878906,37.013511657714844,39.20458984375,41.1096076965332,41.03656768798828,41.01219177246094,43.185646057128906,42.01190185546875,40.607879638671875,37.013511657714844,35.608985900878906,33.60059356689453,33.2866325378418,32.75667953491211,41.617305755615234,41.86884307861328,8.485280990600586,2.8284270763397217,0.0,0.0,2.2360680103302,6.324555397033691,31.30495262145996,31.38471031188965,27.312999725341797,27.85677719116211,29.73213768005371,30.364452362060547,32.015621185302734,33.37664031982422,34.2344856262207,34.13209533691406,34.2344856262207,34.2344856262207,33.241539001464844,32.38827133178711,33.734256744384766,33.95585250854492,33.95585250854492,35.1710090637207,36.13862228393555,38.327537536621094,39.293766021728516,39.560081481933594,39.84971618652344
1774426909.415173,-74,1,0,0,45.27692413330078,43.931766510009766,42.63801193237305,43.011627197265625,43.5660400390625,44.41846466064453,44.41846466064453,44.94440841674805,45.27692413330078,46.14108657836914,46.14108657836914,45.27692413330078,45.79301071166992,45.486263275146484,45.221675872802734,45.0,44.04542922973633,43.27817153930664,42.44997024536133,40.360870361328125,40.0,39.81205749511719,39.560081481933594,6.7082037925720215,2.2360680103302,1.0,1.0,2.0,5.830951690673828,29.20616340637207,29.068883895874023,31.11269760131836,31.240999221801758,32.202484130859375,33.2866325378418,34.13209533691406,35.510562896728516,35.84689712524414,36.715118408203125,37.121421813964844,39.357337951660156,39.357337951660156,39.357337951660156,39.824615478515625,40.70626449584961,41.18252182006836,41.67733383178711,42.19004440307617,42.72002029418945,41.88078308105469,41.04875183105469,42.20189666748047
1774426909.4808064,-75,1,0,0,42.72002029418945,41.761226654052734,40.16217041015625,39.924930572509766,41.62931823730469,41.59326934814453,40.70626449584961,40.70626449584961,41.59326934814453,43.8292121887207,44.72135925292969,45.18849563598633,46.097721099853516,45.694637298583984,43.65776062011719,42.05948257446289,40.26164245605469,39.051246643066406,38.832977294921875,38.470767974853516,38.20994567871094,37.2155876159668,37.85498809814453,6.324555397033691,1.4142135381698608,1.4142135381698608,1.4142135381698608,1.4142135381698608,4.4721360206604,29.154760360717773,29.068883895874023,30.364452362060547,30.805843353271484,30.4138126373291,31.14482307434082,32.06243896484375,35.0142822265625,37.013511657714844,37.05401611328125,38.11823654174805,38.05259704589844,38.01315689086914,38.0,37.0,38.01315689086914,39.0128173828125,39.0128173828125,40.01249694824219,40.04996871948242,40.112342834472656,40.199501037597656,40.31128692626953
1774426909.5489974,-75,1,0,0,46.86149978637695,44.59820556640625,43.13930892944336,42.44997024536133,43.27817153930664,42.8018684387207,43.600460052490234,44.40720748901367,44.40720748901367,45.0,46.40043258666992,46.40043258666992,47.01063537597656,47.50789260864258,46.69047164916992,45.27692413330078,43.27817153930664,42.63801193237305,40.607879638671875,38.832977294921875,38.587562561035156,37.85498809814453,39.11521530151367,7.071067810058594,2.0,1.0,1.0,2.0,5.830951690673828,29.068883895874023,29.73213768005371,31.11269760131836,31.240999221801758,32.80244064331055,34.4093017578125,34.66987228393555,35.510562896728516,36.715118408203125,36.67424011230469,37.57658767700195,37.57658767700195,38.910152435302734,38.910152435302734,39.357337951660156,40.24922180175781,39.357337951660156,39.824615478515625,40.8166618347168,40.8166618347168,40.8166618347168,41.67733383178711,42.72002029418945
1774426909.5597537,-75,1,0,0,39.217342376708984,37.947330474853516,37.36308288574219,36.878177642822266,37.656341552734375,37.336307525634766,37.336307525634766,37.2155876159668,38.20994567871094,39.11521530151367,40.04996871948242,40.112342834472656,40.199501037597656,39.458839416503906,39.81205749511719,38.07886505126953,36.68787384033203,35.735137939453125,37.336307525634766,36.24913787841797,36.2353401184082,35.34119415283203,35.510562896728516,6.4031243324279785,2.2360680103302,1.0,1.0,1.0,4.123105525970459,27.073972702026367,27.294687271118164,26.925823211669922,27.73084831237793,28.65309715270996,29.681644439697266,30.232433319091797,31.064449310302734,31.62277603149414,31.62277603149414,32.202484130859375,32.80244064331055,34.20526123046875,34.828147888183594,34.828147888183594,35.608985900878906,36.400550842285156,35.80502700805664,36.055511474609375,35.510562896728516,34.98571014404297,35.84689712524414,36.715118408203125
1774426909.6220906,-75,1,0,0,41.03656768798828,42.44997024536133,42.44997024536133,43.13930892944336,42.44997024536133,42.63801193237305,41.400482177734375,42.01190185546875,43.416587829589844,45.45327377319336,46.097721099853516,46.097721099853516,46.097721099853516,44.59820556640625,43.13930892944336,41.72529220581055,39.623226165771484,38.94868469238281,38.41874694824219,38.832977294921875,38.94868469238281,39.81205749511719,39.20458984375,6.0,1.4142135381698608,1.4142135381698608,1.4142135381698608,1.0,4.242640495300293,29.698484420776367,29.832868576049805,31.240999221801758,30.805843353271484,31.064449310302734,31.906112670898438,33.12099075317383,34.438350677490234,35.34119415283203,35.84689712524414,36.400550842285156,37.336307525634766,37.6961555480957,37.6961555480957,38.07886505126953,39.0,39.0,39.924930572509766,40.31128692626953,39.81205749511719,39.357337951660156,39.824615478515625,40.31128692626953
1774426909.6329653,-74,1,0,0,44.55333709716797,43.73785400390625,43.17406463623047,43.416587829589844,43.96589660644531,43.32435989379883,42.72002029418945,43.08131790161133,43.46262741088867,43.863426208496094,46.097721099853516,47.01063537597656,46.2385139465332,45.880279541015625,44.92215347290039,43.17406463623047,41.59326934814453,40.31128692626953,40.31128692626953,40.112342834472656,40.0,40.112342834472656,40.607879638671875,7.280109882354736,1.4142135381698608,1.4142135381698608,1.4142135381698608,1.0,5.099019527435303,29.120439529418945,29.832868576049805,31.256999969482422,31.14482307434082,31.14482307434082,32.06243896484375,34.01470184326172,36.0,38.01315689086914,38.11823654174805,38.327537536621094,38.470767974853516,39.458839416503906,39.31920623779297,38.470767974853516,38.470767974853516,39.31920623779297,39.20458984375,40.199501037597656,41.1096076965332,41.04875183105469,41.0,43.011627197265625
1774426909.6904316,-75,1,0,0,45.343135833740234,43.863426208496094,43.84062194824219,42.44997024536133,42.52058410644531,42.63801193237305,43.416587829589844,44.204071044921875,44.204071044921875,44.40720748901367,45.0,45.607017517089844,44.821868896484375,45.45327377319336,44.59820556640625,43.84062194824219,41.773197174072266,41.86884307861328,42.01190185546875,41.617305755615234,40.8166618347168,41.146080017089844,40.49691390991211,7.280109882354736,3.0,1.0,1.0,1.4142135381698608,5.656854152679443,31.240999221801758,31.14482307434082,30.479501724243164,31.400636672973633,32.4499626159668,33.61547088623047,35.35533905029297,35.7770881652832,35.7770881652832,36.67424011230469,37.161808013916016,38.07886505126953,39.39543151855469,39.39543151855469,40.31128692626953,40.71854782104492,40.71854782104492,39.81205749511719,39.357337951660156,39.824615478515625,40.31128692626953,41.67733383178711,43.046485900878906
1774426909.7659853,-75,1,0,0,43.416587829589844,43.28972244262695,43.104522705078125,43.011627197265625,43.011627197265625,43.046485900878906,42.19004440307617,42.296573638916016,43.28972244262695,45.39823913574219,45.27692413330078,45.27692413330078,46.173583984375,47.04253387451172,45.0111083984375,44.0113639831543,41.04875183105469,40.112342834472656,40.31128692626953,39.623226165771484,39.051246643066406,37.57658767700195,35.84689712524414,6.4031243324279785,2.2360680103302,1.0,1.4142135381698608,1.0,5.099019527435303,30.149627685546875,30.4138126373291,31.78049659729004,31.320919036865234,31.95309066772461,32.31098937988281,33.61547088623047,34.928497314453125,36.67424011230469,37.121421813964844,38.470767974853516,38.470767974853516,39.357337951660156,39.357337951660156,38.470767974853516,38.01315689086914,38.910152435302734,39.39543151855469,41.231056213378906,41.231056213378906,40.853397369384766,40.16217041015625,41.1096076965332
1774426909.7781215,-75,1,0,0,45.96738052368164,45.27692413330078,43.27817153930664,42.63801193237305,42.8018684387207,43.011627197265625,43.8292121887207,43.8292121887207,45.486263275146484,46.3249397277832,48.25971221923828,48.60041046142578,47.01063537597656,46.86149978637695,45.343135833740234,43.863426208496094,42.42640686035156,41.773197174072266,41.231056213378906,40.224369049072266,39.96248245239258,39.4461669921875,40.24922180175781,7.211102485656738,2.2360680103302,1.0,1.0,2.2360680103302,5.830951690673828,29.832868576049805,29.832868576049805,30.4138126373291,31.240999221801758,32.202484130859375,32.4499626159668,34.98571014404297,36.715118408203125,37.58989334106445,38.470767974853516,38.01315689086914,38.01315689086914,39.357337951660156,38.910152435302734,39.357337951660156,39.357337951660156,38.01315689086914,38.470767974853516,39.824615478515625,40.31128692626953,40.8166618347168,41.34005355834961,43.26661682128906
1774426909.8441205,-74,1,0,0,46.647613525390625,44.29446792602539,43.382022857666016,42.154476165771484,43.32435989379883,43.96589660644531,43.96589660644531,43.96589660644531,44.92215347290039,44.92215347290039,46.173583984375,46.48655700683594,46.81879806518555,47.75981521606445,46.615447998046875,45.617977142333984,43.416587829589844,41.34005355834961,41.04875183105469,40.0,38.28837966918945,37.48332977294922,37.013511657714844,6.4031243324279785,1.4142135381698608,1.0,1.0,2.0,6.082762718200684,32.893768310546875,32.31098937988281,32.24903106689453,31.906112670898438,33.0151481628418,34.20526123046875,34.828147888183594,36.2353401184082,36.2353401184082,36.878177642822266,38.20994567871094,38.897300720214844,38.897300720214844,39.623226165771484,40.360870361328125,40.360870361328125,40.31128692626953,39.59798049926758,41.03656768798828,41.1096076965332,41.86884307861328,41.86884307861328,42.63801193237305
1774426909.912028,-74,1,0,0,43.17406463623047,43.17406463623047,43.931766510009766,44.72135925292969,45.39823913574219,45.27692413330078,43.185646057128906,43.185646057128906,44.18144226074219,45.17742919921875,46.27094268798828,46.389652252197266,46.389652252197266,45.54119110107422,44.72135925292969,43.416587829589844,42.05948257446289,41.43669891357422,41.78516387939453,40.71854782104492,39.357337951660156,39.59798049926758,37.64305877685547,6.4031243324279785,1.4142135381698608,1.0,1.0,2.0,6.0,30.805843353271484,30.364452362060547,30.805843353271484,31.320919036865234,31.95309066772461,33.61547088623047,34.01470184326172,35.7770881652832,36.715118408203125,38.07886505126953,38.587562561035156,38.587562561035156,39.824615478515625,38.94868469238281,38.07886505126953,38.07886505126953,38.587562561035156,39.4461669921875,40.70626449584961,41.59326934814453,41.59326934814453,41.146080017089844,42.04759216308594
1774426909.9761949,-75,1,0,0,46.097721099853516,45.617977142333984,45.17742919921875,45.17742919921875,44.777225494384766,44.41846466064453,43.5660400390625,44.10215377807617,44.65422821044922,45.221675872802734,46.615447998046875,47.434165954589844,47.70744323730469,46.647613525390625,45.27692413330078,44.72135925292969,43.46262741088867,42.72002029418945,41.43669891357422,40.52159881591797,40.79215621948242,40.112342834472656,41.0,8.062257766723633,3.1622776985168457,1.0,1.0,2.0,6.324555397033691,31.30495262145996,31.38471031188965,31.62277603149414,32.015621185302734,33.734256744384766,35.510562896728516,35.510562896728516,35.35533905029297,36.34556198120117,37.121421813964844,38.05259704589844,39.0128173828125,40.01249694824219,40.0,40.01249694824219,40.04996871948242,41.04875183105469,41.1096076965332,41.1096076965332,42.19004440307617,41.43669891357422,41.773197174072266,44.14748001098633
1774426909.9869156,-74,1,0,0,45.617977142333984,43.416587829589844,42.54409408569336,41.18252182006836,40.8166618347168,41.617305755615234,41.617305755615234,42.20189666748047,43.600460052490234,43.8292121887207,43.8292121887207,45.0,46.40043258666992,45.607017517089844,44.04542922973633,44.821868896484375,42.43819046020508,40.31128692626953,40.24922180175781,39.924930572509766,39.84971618652344,41.01219177246094,43.011627197265625,7.071067810058594,2.2360680103302,1.4142135381698608,1.4142135381698608,1.4142135381698608,5.385164737701416,30.463092803955078,30.08321762084961,29.42787742614746,31.14482307434082,33.060550689697266,34.0,35.0142822265625,36.12478256225586,37.121421813964844,36.12478256225586,36.12478256225586,37.05401611328125,39.051246643066406,39.051246643066406,38.05259704589844,39.051246643066406,40.112342834472656,40.199501037597656,40.112342834472656,41.0,42.19004440307617,42.7551155090332,43.17406463623047
1774426910.0557797,-75,1,0,0,43.5660400390625,42.54409408569336,41.59326934814453,42.04759216308594,41.62931823730469,42.54409408569336,43.46262741088867,43.46262741088867,44.0113639831543,44.0113639831543,44.384681701660156,44.777225494384766,44.777225494384766,45.18849563598633,44.283180236816406,42.94182205200195,41.34005355834961,41.04875183105469,41.400482177734375,41.1096076965332,39.59798049926758,39.11521530151367,38.470767974853516,6.7082037925720215,1.4142135381698608,1.0,1.0,2.0,5.385164737701416,29.96664810180664,30.01666259765625,30.01666259765625,31.62277603149414,32.80244064331055,34.058773040771484,33.970577239990234,34.65544509887695,35.35533905029297,36.06937789916992,36.12478256225586,37.53664779663086,39.69886779785156,40.45985794067383,40.45985794067383,40.360870361328125,40.360870361328125,39.623226165771484,40.31128692626953,40.31128692626953,40.31128692626953,39.623226165771484,41.773197174072266
1774426910.0557797,-75,1,0,0,45.0,44.821868896484375,43.27817153930664,43.863426208496094,43.863426208496094,44.04542922973633,43.416587829589844,44.04542922973633,44.821868896484375,45.45327377319336,46.097721099853516,46.75468063354492,46.75468063354492,46.75468063354492,45.27692413330078,44.55333709716797,43.27817153930664,43.011627197265625,43.26661682128906,43.046485900878906,41.59326934814453,39.560081481933594,39.293766021728516,6.324555397033691,2.2360680103302,1.0,1.0,2.2360680103302,5.830951690673828,32.015621185302734,31.827661514282227,31.890438079833984,32.202484130859375,33.2866325378418,34.13209533691406,34.48188018798828,34.885528564453125,35.34119415283203,36.24913787841797,36.769554138183594,39.0,40.31128692626953,40.853397369384766,39.560081481933594,40.49691390991211,39.560081481933594,39.39543151855469,39.81205749511719,40.24922180175781,40.24922180175781,40.70626449584961,41.67733383178711
1774426910.12271,-75,1,0,0,45.39823913574219,44.55333709716797,44.72135925292969,44.9110221862793,46.3249397277832,46.840152740478516,45.221675872802734,44.59820556640625,45.880279541015625,46.81879806518555,47.434165954589844,46.840152740478516,47.29693603515625,47.07440948486328,45.89117431640625,45.54119110107422,44.283180236816406,42.10700607299805,42.04759216308594,42.0,41.1096076965332,40.52159881591797,40.49691390991211,7.280109882354736,2.0,1.0,0.0,2.2360680103302,6.324555397033691,30.5941162109375,30.4138126373291,32.24903106689453,32.140316009521484,33.060550689697266,34.0,35.0142822265625,37.121421813964844,39.20458984375,38.327537536621094,38.470767974853516,38.470767974853516,38.470767974853516,38.470767974853516,37.48332977294922,38.470767974853516,39.458839416503906,41.43669891357422,42.296573638916016,42.19004440307617,41.1096076965332,41.1096076965332,42.10700607299805
1774426910.1905515,-74,1,0,0,44.40720748901367,42.8018684387207,42.63801193237305,43.185646057128906,43.13930892944336,43.13930892944336,43.863426208496094,43.863426208496094,44.55333709716797,45.96738052368164,45.96738052368164,45.25483322143555,45.27692413330078,46.097721099853516,46.22769546508789,45.0,43.011627197265625,41.88078308105469,40.8166618347168,40.24922180175781,39.924930572509766,37.64305877685547,35.693138122558594,6.0,1.4142135381698608,1.4142135381698608,1.4142135381698608,1.0,5.0,30.4138126373291,30.479501724243164,31.906112670898438,32.24903106689453,31.764760971069336,32.202484130859375,32.69556427001953,34.1760139465332,35.735137939453125,36.13862228393555,37.10795211791992,38.327537536621094,38.60051727294922,38.60051727294922,37.64305877685547,37.947330474853516,38.897300720214844,39.84971618652344,40.16217041015625,39.560081481933594,39.924930572509766,41.62931823730469,42.04759216308594
1774426910.1905515,-75,1,0,0,44.283180236816406,43.185646057128906,42.04759216308594,41.01219177246094,43.011627197265625,44.10215377807617,44.18144226074219,44.283180236816406,44.283180236816406,44.18144226074219,44.10215377807617,44.04542922973633,44.0113639831543,44.0,44.04542922973633,43.185646057128906,43.28972244262695,42.296573638916016,41.59326934814453,39.293766021728516,38.27531814575195,38.01315689086914,38.587562561035156,5.830951690673828,1.4142135381698608,1.4142135381698608,1.4142135381698608,1.4142135381698608,5.099019527435303,31.064449310302734,31.016124725341797,31.14482307434082,31.400636672973633,32.557640075683594,32.98484420776367,33.241539001464844,34.78505325317383,35.46829605102539,35.84689712524414,37.161808013916016,38.07886505126953,38.62641525268555,39.560081481933594,39.560081481933594,40.16217041015625,38.62641525268555,39.0,39.924930572509766,39.560081481933594,40.49691390991211,41.1096076965332,42.72002029418945
1774426910.2557235,-75,1,0,0,45.221675872802734,43.680660247802734,43.17406463623047,43.73785400390625,44.40720748901367,44.283180236816406,44.283180236816406,44.283180236816406,45.27692413330078,46.173583984375,47.26520919799805,46.389652252197266,46.389652252197266,46.52956008911133,45.7055778503418,44.14748001098633,43.680660247802734,42.379241943359375,41.231056213378906,39.81205749511719,39.824615478515625,39.357337951660156,39.66106414794922,7.211102485656738,2.2360680103302,1.0,1.0,2.0,6.082762718200684,28.635643005371094,29.832868576049805,31.016124725341797,31.78049659729004,32.649654388427734,33.12099075317383,34.98571014404297,35.510562896728516,36.619667053222656,36.619667053222656,38.60051727294922,39.20458984375,39.824615478515625,38.41874694824219,38.41874694824219,38.41874694824219,38.60051727294922,39.66106414794922,41.34005355834961,42.19004440307617,42.19004440307617,43.046485900878906,43.90899658203125
1774426910.3238564,-75,1,0,0,45.79301071166992,43.8292121887207,42.8018684387207,43.416587829589844,44.68780517578125,46.010868072509766,46.010868072509766,46.010868072509766,45.343135833740234,46.010868072509766,46.097721099853516,46.097721099853516,46.86149978637695,46.86149978637695,46.40043258666992,45.486263275146484,43.90899658203125,42.94182205200195,42.48529052734375,41.62931823730469,39.560081481933594,37.36308288574219,36.49657440185547,7.0,3.1622776985168457,1.0,1.0,2.2360680103302,5.656854152679443,32.526912689208984,31.890438079833984,31.62277603149414,31.38471031188965,33.541019439697266,34.928497314453125,35.84689712524414,36.769554138183594,38.27531814575195,38.60051727294922,38.60051727294922,39.560081481933594,39.84971618652344,38.897300720214844,39.84971618652344,39.84971618652344,40.804412841796875,40.804412841796875,41.1096076965332,41.43669891357422,41.78516387939453,42.154476165771484,43.08131790161133
1774426910.3238564,-75,1,0,0,43.382022857666016,42.04759216308594,41.146080017089844,41.59326934814453,42.48529052734375,43.416587829589844,42.19004440307617,41.88078308105469,41.88078308105469,42.72002029418945,43.5660400390625,43.5660400390625,43.90899658203125,44.29446792602539,44.283180236816406,43.46262741088867,42.154476165771484,41.78516387939453,42.05948257446289,40.26164245605469,39.623226165771484,39.458839416503906,38.327537536621094,6.7082037925720215,1.4142135381698608,1.4142135381698608,1.4142135381698608,1.0,4.4721360206604,26.0,28.160255432128906,29.154760360717773,30.675724029541016,31.320919036865234,32.015621185302734,32.75667953491211,34.36568069458008,36.12478256225586,36.12478256225586,37.2155876159668,38.20994567871094,38.20994567871094,38.20994567871094,37.2155876159668,37.336307525634766,37.2155876159668,39.20458984375,40.31128692626953,39.458839416503906,38.832977294921875,38.327537536621094,39.293766021728516
1774426910.3906395,-75,1,0,0,39.4461669921875,38.470767974853516,37.121421813964844,36.67424011230469,37.161808013916016,37.6961555480957,36.400550842285156,37.0,37.336307525634766,38.62641525268555,39.0,39.0,40.31128692626953,41.146080017089844,39.357337951660156,38.07886505126953,36.359317779541016,35.510562896728516,35.22782897949219,35.46829605102539,35.35533905029297,34.20526123046875,34.66987228393555,5.830951690673828,1.0,1.4142135381698608,1.4142135381698608,1.0,4.123105525970459,23.76972770690918,24.59674835205078,25.612497329711914,26.248809814453125,27.58622932434082,28.284271240234375,29.0,29.832868576049805,31.400636672973633,31.62277603149414,33.2866325378418,34.66987228393555,35.22782897949219,34.4093017578125,33.60059356689453,32.80244064331055,33.42155075073242,34.20526123046875,34.828147888183594,35.46829605102539,35.38361358642578,35.35533905029297,36.06937789916992
1774426910.4119143,-75,1,0,0,42.72002029418945,42.379241943359375,42.05948257446289,42.44997024536133,41.773197174072266,42.42640686035156,42.296573638916016,43.185646057128906,45.17742919921875,46.27094268798828,46.389652252197266,45.54119110107422,45.54119110107422,44.72135925292969,45.12205505371094,43.416587829589844,41.1096076965332,40.49691390991211,40.853397369384766,40.71854782104492,40.70626449584961,38.28837966918945,37.48332977294922,7.211102485656738,2.2360680103302,1.0,1.0,1.4142135381698608,5.385164737701416,30.08321762084961,29.96664810180664,30.870698928833008,30.886890411376953,31.906112670898438,33.2866325378418,34.4093017578125,36.400550842285156,37.013511657714844,36.2353401184082,36.12478256225586,37.53664779663086,37.53664779663086,38.94868469238281,38.94868469238281,38.28837966918945,39.051246643066406,39.20458984375,40.224369049072266,40.804412841796875,40.804412841796875,41.88078308105469,42.19004440307617
1774426910.467818,-74,1,0,0,43.0,42.01190185546875,41.04875183105469,41.1096076965332,41.43669891357422,41.9761848449707,42.20189666748047,43.17406463623047,43.931766510009766,44.9110221862793,44.72135925292969,44.55333709716797,44.40720748901367,43.28972244262695,43.185646057128906,42.04759216308594,41.0,41.01219177246094,40.112342834472656,39.458839416503906,37.85498809814453,39.051246643066406,38.20994567871094,6.0,2.0,1.4142135381698608,1.0,1.4142135381698608,5.830951690673828,31.78049659729004,31.016124725341797,30.0,30.066593170166016,30.265491485595703,31.400636672973633,33.734256744384766,34.48188018798828,34.78505325317383,35.11410140991211,36.055511474609375,37.0,37.947330474853516,37.64305877685547,38.60051727294922,39.84971618652344,39.84971618652344,40.52159881591797,40.52159881591797,40.26164245605469,40.024993896484375,39.81205749511719,39.623226165771484
1774426910.5285358,-75,1,0,0,44.10215377807617,43.8292121887207,43.8292121887207,42.8018684387207,42.63801193237305,43.185646057128906,43.185646057128906,44.59820556640625,45.27692413330078,45.27692413330078,45.27692413330078,45.343135833740234,45.45327377319336,45.607017517089844,44.40720748901367,44.10215377807617,42.54409408569336,41.59326934814453,40.24922180175781,39.0,38.27531814575195,38.20994567871094,38.01315689086914,7.0,2.0,1.4142135381698608,1.0,2.2360680103302,5.656854152679443,29.20616340637207,30.805843353271484,30.610456466674805,32.4499626159668,33.12099075317383,33.541019439697266,34.01470184326172,34.539833068847656,35.11410140991211,35.735137939453125,36.68787384033203,38.897300720214844,39.217342376708984,39.217342376708984,38.897300720214844,39.84971618652344,40.16217041015625,39.217342376708984,39.560081481933594,39.560081481933594,40.853397369384766,42.154476165771484,43.46262741088867
1774426910.538759,-74,1,0,0,44.92215347290039,44.384681701660156,42.95346450805664,42.95346450805664,43.73785400390625,44.40720748901367,43.28972244262695,43.185646057128906,44.18144226074219,45.39823913574219,45.54119110107422,45.7055778503418,45.7055778503418,45.89117431640625,45.12205505371094,43.416587829589844,42.72002029418945,42.379241943359375,41.231056213378906,41.146080017089844,40.31128692626953,38.07886505126953,38.01315689086914,7.211102485656738,2.2360680103302,0.0,0.0,2.0,6.082762718200684,32.06243896484375,31.400636672973633,30.870698928833008,31.764760971069336,33.12099075317383,34.48188018798828,35.84689712524414,37.735923767089844,37.735923767089844,38.01315689086914,37.80211639404297,39.20458984375,39.824615478515625,39.824615478515625,40.0,39.408119201660156,39.408119201660156,40.224369049072266,41.04875183105469,41.88078308105469,42.19004440307617,43.416587829589844,44.29446792602539
1774426910.626293,-74,1,0,0,43.13930892944336,42.44997024536133,43.185646057128906,44.04542922973633,45.0,44.65422821044922,44.10215377807617,42.72002029418945,43.5660400390625,44.94440841674805,46.3249397277832,46.04345703125,46.40043258666992,46.097721099853516,44.59820556640625,42.44997024536133,41.01219177246094,40.31128692626953,39.69886779785156,40.0,39.96248245239258,37.2155876159668,37.57658767700195,6.324555397033691,1.0,1.4142135381698608,1.4142135381698608,1.0,4.4721360206604,29.96664810180664,30.528675079345703,31.14482307434082,31.240999221801758,32.015621185302734,32.80244064331055,33.83784866333008,34.98571014404297,36.2353401184082,36.67424011230469,37.57658767700195,39.81205749511719,39.39543151855469,38.4837646484375,38.01315689086914,37.58989334106445,38.07886505126953,39.4461669921875,40.8166618347168,40.8166618347168,39.11521530151367,38.27531814575195,39.66106414794922
1774426910.69296,-75,1,0,0,44.40720748901367,43.011627197265625,42.43819046020508,41.88078308105469,42.05948257446289,42.95346450805664,44.384681701660156,44.384681701660156,45.694637298583984,44.777225494384766,46.097721099853516,46.51881408691406,45.617977142333984,46.06517028808594,45.650848388671875,44.41846466064453,43.26661682128906,41.88078308105469,41.617305755615234,41.231056213378906,40.31128692626953,40.70626449584961,39.924930572509766,7.6157732009887695,3.1622776985168457,0.0,0.0,2.2360680103302,6.4031243324279785,32.649654388427734,31.827661514282227,31.240999221801758,31.827661514282227,33.241539001464844,34.058773040771484,35.0,35.22782897949219,36.055511474609375,36.359317779541016,36.359317779541016,37.44329071044922,38.01315689086914,38.832977294921875,38.832977294921875,39.408119201660156,38.832977294921875,39.66106414794922,40.224369049072266,40.0,39.824615478515625,41.1096076965332,41.773197174072266
1774426910.7042,-75,1,0,0,48.46648406982422,47.423622131347656,46.51881408691406,47.85394287109375,48.30113983154297,48.764739990234375,47.01063537597656,46.647613525390625,47.16990661621094,48.02082824707031,49.39635467529297,50.2493782043457,50.6063232421875,51.4781494140625,49.648765563964844,47.85394287109375,45.694637298583984,44.59820556640625,43.96589660644531,42.95346450805664,43.416587829589844,44.283180236816406,45.0111083984375,7.071067810058594,2.2360680103302,1.4142135381698608,1.4142135381698608,1.4142135381698608,5.0,34.66987228393555,34.0,33.52610778808594,33.95585250854492,33.734256744384766,34.525352478027344,36.49657440185547,39.31920623779297,42.19004440307617,43.104522705078125,43.046485900878906,43.011627197265625,43.011627197265625,43.0,42.01190185546875,42.01190185546875,43.046485900878906,45.0444221496582,46.04345703125,45.17742919921875,45.27692413330078,45.7055778503418,45.7055778503418
1774426910.7687786,-75,1,0,0,44.72135925292969,42.54409408569336,40.31128692626953,40.8166618347168,41.34005355834961,42.43819046020508,42.8018684387207,44.04542922973633,43.931766510009766,44.68780517578125,44.821868896484375,44.204071044921875,44.40720748901367,44.65422821044922,42.72002029418945,42.54409408569336,41.59326934814453,42.04759216308594,41.62931823730469,39.560081481933594,38.60051727294922,40.31128692626953,40.16217041015625,7.280109882354736,2.2360680103302,1.0,1.0,2.2360680103302,5.830951690673828,31.827661514282227,31.890438079833984,31.38471031188965,31.62277603149414,31.320919036865234,32.280025482177734,32.75667953491211,34.525352478027344,34.36568069458008,34.2344856262207,35.12833786010742,36.22154235839844,37.2155876159668,38.11823654174805,40.112342834472656,41.19466018676758,39.31920623779297,39.458839416503906,38.63935852050781,38.832977294921875,38.832977294921875,40.024993896484375,40.26164245605469
1774426910.7899377,-75,1,0,0,46.173583984375,45.54119110107422,44.59820556640625,43.08131790161133,43.46262741088867,43.863426208496094,44.283180236816406,44.72135925292969,45.17742919921875,45.650848388671875,46.52956008911133,46.52956008911133,46.06517028808594,46.51881408691406,46.097721099853516,45.31004333496094,44.59820556640625,44.92215347290039,44.643028259277344,42.7551155090332,42.296573638916016,42.0,43.185646057128906,8.246211051940918,3.1622776985168457,1.0,1.0,2.2360680103302,5.385164737701416,30.870698928833008,30.675724029541016,31.256999969482422,32.140316009521484,33.0151481628418,34.0,36.0,37.013511657714844,37.013511657714844,37.121421813964844,38.20994567871094,39.20458984375,40.112342834472656,40.199501037597656,40.199501037597656,41.19466018676758,41.04875183105469,42.01190185546875,42.0,41.01219177246094,42.04759216308594,43.104522705078125,43.185646057128906
1774426910.8379567,-75,1,0,0,11.401754379272461,10.440306663513184,10.770329475402832,11.661903381347656,12.041594505310059,14.21267032623291,15.81138801574707,16.401220321655273,16.278820037841797,16.970561981201172,14.866068840026855,13.601470947265625,13.03840446472168,10.816654205322266,10.29563045501709,10.816654205322266,10.816654205322266,12.206555366516113,12.206555366516113,13.892443656921387,13.892443656921387,34.885528564453125,34.66987228393555,6.4031243324279785,2.2360680103302,1.0,1.4142135381698608,1.0,4.0,28.017850875854492,28.07133674621582,10.0,8.9442720413208,8.5440034866333,8.246211051940918,8.062257766723633,8.0,8.246211051940918,7.071067810058594,8.062257766723633,8.246211051940918,10.770329475402832,13.601470947265625,13.34166431427002,13.34166431427002,13.152946472167969,12.041594505310059,12.041594505310059,10.049875259399414,9.05538558959961,7.071067810058594,7.280109882354736
1774426910.9058275,-75,1,0,0,38.94868469238281,36.878177642822266,36.400550842285156,36.055511474609375,36.359317779541016,37.58989334106445,38.01315689086914,38.470767974853516,38.94868469238281,38.94868469238281,38.94868469238281,39.11521530151367,39.96248245239258,40.49691390991211,39.66106414794922,38.60051727294922,37.64305877685547,36.12478256225586,36.06937789916992,36.06937789916992,35.46829605102539,36.2353401184082,36.24913787841797,7.280109882354736,2.0,1.0,1.0,1.4142135381698608,4.242640495300293,25.612497329711914,26.172504425048828,27.58622932434082,27.658634185791016,28.600698471069336,30.232433319091797,31.064449310302734,31.38471031188965,31.38471031188965,32.24903106689453,32.75667953491211,33.61547088623047,34.98571014404297,34.13209533691406,34.13209533691406,34.98571014404297,34.98571014404297,35.510562896728516,35.510562896728516,35.22782897949219,36.619667053222656,37.202152252197266,37.80211639404297
1774426910.928113,-75,1,0,0,44.65422821044922,43.8292121887207,42.43819046020508,43.011627197265625,42.8018684387207,43.27817153930664,41.773197174072266,42.42640686035156,43.84062194824219,45.25483322143555,46.69047164916992,46.010868072509766,47.50789260864258,46.86149978637695,45.607017517089844,43.011627197265625,41.88078308105469,39.96248245239258,40.31128692626953,39.357337951660156,39.39543151855469,38.897300720214844,38.832977294921875,6.082762718200684,2.0,1.4142135381698608,1.4142135381698608,1.0,4.242640495300293,30.4138126373291,30.610456466674805,30.886890411376953,30.870698928833008,31.78049659729004,31.95309066772461,33.52610778808594,36.13862228393555,36.878177642822266,36.49657440185547,36.49657440185547,37.48332977294922,38.63935852050781,39.81205749511719,39.81205749511719,38.832977294921875,38.832977294921875,39.81205749511719,40.26164245605469,39.560081481933594,38.897300720214844,38.27531814575195,40.853397369384766
1774426910.987392,-75,1,0,0,47.70744323730469,46.615447998046875,45.0,44.204071044921875,44.04542922973633,43.931766510009766,43.863426208496094,44.55333709716797,44.55333709716797,44.55333709716797,45.96738052368164,45.96738052368164,46.69047164916992,47.423622131347656,46.097721099853516,44.821868896484375,43.8292121887207,42.72002029418945,42.19004440307617,40.70626449584961,40.31128692626953,40.16217041015625,40.024993896484375,8.062257766723633,3.1622776985168457,1.0,1.0,2.2360680103302,5.830951690673828,32.649654388427734,32.015621185302734,31.30495262145996,31.78049659729004,32.31098937988281,33.83784866333008,34.48188018798828,35.44009017944336,35.1710090637207,36.13862228393555,36.878177642822266,39.81205749511719,40.79215621948242,40.79215621948242,39.81205749511719,40.024993896484375,38.832977294921875,39.051246643066406,40.52159881591797,41.1096076965332,42.379241943359375,43.65776062011719,45.31004333496094
1774426911.0194802,-75,1,0,0,43.104522705078125,41.1096076965332,41.19466018676758,42.296573638916016,43.416587829589844,43.5660400390625,42.7551155090332,42.95346450805664,44.14748001098633,45.35416030883789,46.097721099853516,45.89117431640625,45.54119110107422,45.27692413330078,44.10215377807617,43.011627197265625,41.0,41.01219177246094,40.04996871948242,40.31128692626953,39.623226165771484,38.60051727294922,38.07886505126953,6.7082037925720215,2.2360680103302,1.0,1.4142135381698608,1.0,5.099019527435303,30.364452362060547,30.805843353271484,31.14482307434082,31.016124725341797,31.016124725341797,32.06243896484375,33.241539001464844,35.35533905029297,36.49657440185547,36.878177642822266,38.07886505126953,38.07886505126953,39.051246643066406,39.051246643066406,38.07886505126953,37.85498809814453,38.832977294921875,39.81205749511719,41.773197174072266,41.59326934814453,40.607879638671875,40.31128692626953,41.30375289916992
1774426911.0648303,-75,1,0,0,44.643028259277344,44.14748001098633,44.14748001098633,44.72135925292969,45.54119110107422,46.27094268798828,45.17742919921875,45.09988784790039,45.09988784790039,46.173583984375,47.26520919799805,46.389652252197266,46.389652252197266,47.26520919799805,46.27094268798828,44.55333709716797,42.20189666748047,41.761226654052734,41.43669891357422,40.853397369384766,40.24922180175781,38.01315689086914,38.27531814575195,7.211102485656738,2.2360680103302,1.0,1.0,2.2360680103302,7.0,34.058773040771484,33.241539001464844,32.572994232177734,32.31098937988281,33.105892181396484,33.541019439697266,35.35533905029297,35.84689712524414,36.359317779541016,36.8917350769043,37.735923767089844,39.11521530151367,40.49691390991211,41.04875183105469,39.408119201660156,38.832977294921875,39.66106414794922,39.96248245239258,41.18252182006836,40.70626449584961,40.70626449584961,40.24922180175781,40.71854782104492
1774426911.143444,-74,1,0,0,43.5660400390625,42.42640686035156,42.19004440307617,41.1096076965332,41.01219177246094,42.01190185546875,43.046485900878906,44.10215377807617,44.10215377807617,44.10215377807617,45.0444221496582,45.0111083984375,44.0,44.0113639831543,44.10215377807617,43.28972244262695,42.57933807373047,40.607879638671875,41.0,39.560081481933594,38.62641525268555,38.897300720214844,38.4837646484375,6.7082037925720215,1.4142135381698608,1.4142135381698608,1.4142135381698608,1.4142135381698608,5.099019527435303,32.38827133178711,32.06243896484375,31.575305938720703,32.015621185302734,32.280025482177734,33.52610778808594,33.241539001464844,34.01470184326172,34.885528564453125,36.2353401184082,38.470767974853516,39.357337951660156,38.470767974853516,38.470767974853516,38.470767974853516,38.01315689086914,38.01315689086914,38.910152435302734,40.24922180175781,39.81205749511719,41.231056213378906,41.43669891357422,41.43669891357422
1774426911.143444,-75,1,0,0,44.283180236816406,42.94182205200195,42.05948257446289,42.54409408569336,42.72002029418945,43.011627197265625,42.20189666748047,42.8018684387207,43.416587829589844,44.821868896484375,45.0,45.0,45.221675872802734,45.486263275146484,44.41846466064453,41.67733383178711,39.824615478515625,38.910152435302734,39.0,38.897300720214844,38.07886505126953,38.05259704589844,38.01315689086914,6.082762718200684,1.4142135381698608,1.4142135381698608,1.4142135381698608,1.4142135381698608,5.0,30.232433319091797,30.01666259765625,30.463092803955078,31.62277603149414,32.015621185302734,33.734256744384766,34.71310806274414,36.49657440185547,37.336307525634766,37.121421813964844,37.121421813964844,38.05259704589844,39.051246643066406,39.11521530151367,39.11521530151367,39.20458984375,39.20458984375,40.199501037597656,41.30375289916992,41.43669891357422,40.607879638671875,41.9761848449707,41.231056213378906
1774426911.210993,-74,1,0,0,44.384681701660156,43.46262741088867,43.46262741088867,43.863426208496094,44.283180236816406,44.29446792602539,42.54409408569336,43.90899658203125,44.41846466064453,45.79301071166992,46.647613525390625,46.14108657836914,46.52956008911133,46.957427978515625,46.097721099853516,44.0113639831543,42.379241943359375,41.1096076965332,40.52159881591797,40.024993896484375,39.458839416503906,38.0,37.2155876159668,6.082762718200684,1.4142135381698608,1.4142135381698608,1.4142135381698608,1.4142135381698608,4.4721360206604,29.154760360717773,29.546573638916016,31.95309066772461,31.320919036865234,32.015621185302734,33.734256744384766,34.71310806274414,35.510562896728516,37.336307525634766,38.11823654174805,40.04996871948242,40.04996871948242,41.1096076965332,41.1096076965332,39.11521530151367,39.11521530151367,40.112342834472656,41.1096076965332,42.19004440307617,42.42640686035156,42.57933807373047,42.7551155090332,42.95346450805664
1774426911.2251868,-75,1,0,0,46.957427978515625,44.777225494384766,43.5660400390625,43.26661682128906,43.26661682128906,43.600460052490234,43.600460052490234,43.600460052490234,43.600460052490234,43.600460052490234,44.204071044921875,45.607017517089844,46.40043258666992,45.80392837524414,45.221675872802734,44.41846466064453,43.416587829589844,42.95346450805664,42.154476165771484,41.1096076965332,40.26164245605469,40.26164245605469,41.59326934814453,8.0,3.1622776985168457,1.0,1.0,2.2360680103302,5.0,30.479501724243164,29.832868576049805,31.30495262145996,32.69556427001953,34.1760139465332,35.44009017944336,36.13862228393555,37.10795211791992,38.07886505126953,38.07886505126953,38.07886505126953,38.832977294921875,39.81205749511719,39.81205749511719,40.607879638671875,39.623226165771484,39.623226165771484,41.0,41.231056213378906,42.20189666748047,42.44997024536133,42.72002029418945,43.32435989379883
1774426911.2946718,-75,1,0,0,42.95346450805664,42.04759216308594,42.48529052734375,42.94182205200195,44.41846466064453,45.0,44.821868896484375,44.821868896484375,45.0,45.80392837524414,46.04345703125,45.486263275146484,44.94440841674805,45.79301071166992,45.27692413330078,44.29446792602539,42.04759216308594,41.62931823730469,41.231056213378906,41.43669891357422,40.52159881591797,41.01219177246094,40.31128692626953,7.071067810058594,2.0,1.0,0.0,2.2360680103302,6.7082037925720215,32.31098937988281,32.572994232177734,33.105892181396484,33.61547088623047,34.539833068847656,35.735137939453125,36.400550842285156,37.85498809814453,37.656341552734375,38.470767974853516,38.327537536621094,39.458839416503906,40.607879638671875,41.59326934814453,40.607879638671875,40.607879638671875,40.4474983215332,40.4474983215332,41.59326934814453,41.773197174072266,41.9761848449707,42.44997024536133,42.72002029418945
1774426911.3733902,-75,1,0,0,46.52956008911133,44.72135925292969,42.95346450805664,42.95346450805664,44.777225494384766,44.0113639831543,44.271888732910156,44.92215347290039,44.92215347290039,46.173583984375,48.08325958251953,48.08325958251953,47.75981521606445,47.16990661621094,45.694637298583984,44.283180236816406,43.8292121887207,43.416587829589844,42.19004440307617,42.43819046020508,41.86884307861328,40.45985794067383,39.623226165771484,7.071067810058594,2.8284270763397217,0.0,0.0,2.2360680103302,6.7082037925720215,31.78049659729004,32.649654388427734,32.4499626159668,33.0151481628418,35.0,35.608985900878906,36.12478256225586,37.48332977294922,38.897300720214844,38.897300720214844,38.94868469238281,38.28837966918945,39.051246643066406,39.051246643066406,40.45985794067383,41.1096076965332,41.86884307861328,43.27817153930664,43.931766510009766,43.13930892944336,43.13930892944336,43.27817153930664,44.04542922973633
1774426911.444378,-74,1,0,0,45.27692413330078,43.416587829589844,42.94182205200195,41.146080017089844,41.62931823730469,42.72002029418945,43.32435989379883,43.96589660644531,44.92215347290039,44.92215347290039,46.173583984375,45.880279541015625,46.615447998046875,47.01063537597656,45.617977142333984,45.17742919921875,42.94182205200195,41.67733383178711,42.72002029418945,41.617305755615234,41.231056213378906,40.31128692626953,38.28837966918945,6.4031243324279785,1.0,1.4142135381698608,1.4142135381698608,1.0,5.099019527435303,31.78049659729004,30.886890411376953,32.015621185302734,32.649654388427734,32.557640075683594,33.941123962402344,34.65544509887695,35.46829605102539,37.013511657714844,37.202152252197266,37.202152252197266,37.202152252197266,38.01315689086914,38.01315689086914,38.41874694824219,39.051246643066406,40.45985794067383,41.231056213378906,41.86884307861328,41.773197174072266,41.72529220581055,42.42640686035156,43.13930892944336
1774426911.444378,-74,1,0,0,36.715118408203125,37.2155876159668,36.359317779541016,36.359317779541016,34.13209533691406,30.805843353271484,29.832868576049805,30.4138126373291,33.241539001464844,35.35533905029297,36.769554138183594,36.06937789916992,37.48332977294922,37.48332977294922,37.53664779663086,35.46829605102539,33.60059356689453,30.232433319091797,28.844409942626953,28.301942825317383,28.65309715270996,34.20526123046875,33.241539001464844,5.385164737701416,1.4142135381698608,1.0,1.0,2.2360680103302,6.324555397033691,33.83784866333008,33.61547088623047,23.194826126098633,24.331050872802734,24.331050872802734,25.495098114013672,26.305892944335938,28.160255432128906,30.066593170166016,31.0,31.064449310302734,30.066593170166016,28.07133674621582,26.07680892944336,25.079872131347656,27.018512725830078,30.01666259765625,31.016124725341797,33.060550689697266,33.13608169555664,34.525352478027344,35.1710090637207,35.735137939453125
1774426911.521276,-75,1,0,0,43.863426208496094,42.95346450805664,42.48529052734375,42.54409408569336,43.5660400390625,44.10215377807617,44.65422821044922,44.65422821044922,45.221675872802734,44.40720748901367,45.221675872802734,45.221675872802734,44.65422821044922,44.94440841674805,43.90899658203125,43.8292121887207,43.863426208496094,43.08131790161133,42.72002029418945,41.761226654052734,41.0,40.31128692626953,41.04875183105469,8.062257766723633,3.1622776985168457,1.0,1.0,2.0,5.385164737701416,28.301942825317383,30.01666259765625,31.95309066772461,33.52610778808594,34.20526123046875,34.928497314453125,35.510562896728516,37.336307525634766,37.2155876159668,38.11823654174805,38.11823654174805,39.051246643066406,40.112342834472656,40.112342834472656,40.112342834472656,41.19466018676758,41.19466018676758,41.19466018676758,40.4474983215332,40.4474983215332,40.607879638671875,41.59326934814453,43.931766510009766
1774426911.5317795,-74,1,0,0,43.931766510009766,43.27817153930664,42.01190185546875,42.20189666748047,43.26661682128906,43.90899658203125,44.29446792602539,43.8292121887207,43.8292121887207,43.8292121887207,44.29446792602539,44.777225494384766,45.27692413330078,45.79301071166992,44.65422821044922,43.011627197265625,42.01190185546875,41.231056213378906,41.03656768798828,41.03656768798828,41.231056213378906,41.04875183105469,39.96248245239258,6.7082037925720215,1.0,1.4142135381698608,1.4142135381698608,1.0,4.4721360206604,28.844409942626953,30.610456466674805,31.827661514282227,31.240999221801758,31.400636672973633,33.0151481628418,33.83784866333008,35.510562896728516,37.121421813964844,38.01315689086914,39.357337951660156,39.824615478515625,40.31128692626953,41.18252182006836,41.18252182006836,40.8166618347168,40.31128692626953,40.31128692626953,41.34005355834961,41.04875183105469,41.617305755615234,41.617305755615234,42.20189666748047
1774426911.5984037,-75,1,0,0,39.357337951660156,38.910152435302734,38.4837646484375,37.6961555480957,38.897300720214844,38.327537536621094,38.07886505126953,38.07886505126953,39.051246643066406,39.81205749511719,39.81205749511719,40.024993896484375,40.024993896484375,40.26164245605469,40.52159881591797,39.217342376708984,39.0,37.57658767700195,37.121421813964844,37.2155876159668,36.055511474609375,35.46829605102539,35.38361358642578,6.4031243324279785,2.0,1.0,1.0,1.4142135381698608,4.4721360206604,26.248809814453125,26.925823211669922,27.459060668945312,28.600698471069336,29.068883895874023,29.73213768005371,30.4138126373291,32.526912689208984,33.241539001464844,34.65544509887695,35.38361358642578,36.12478256225586,36.79673767089844,36.878177642822266,36.878177642822266,37.53664779663086,36.79673767089844,36.06937789916992,36.06937789916992,35.38361358642578,36.12478256225586,36.79673767089844,37.64305877685547
1774426911.66334,-75,1,0,0,46.14108657836914,45.27692413330078,44.41846466064453,43.26661682128906,42.8018684387207,43.185646057128906,42.42640686035156,42.44997024536133,44.55333709716797,45.96738052368164,45.96738052368164,46.010868072509766,46.097721099853516,44.04542922973633,43.600460052490234,43.26661682128906,41.88078308105469,41.88078308105469,41.34005355834961,40.70626449584961,41.231056213378906,40.024993896484375,41.30375289916992,8.0,3.1622776985168457,1.0,1.0,2.2360680103302,5.830951690673828,31.890438079833984,32.80244064331055,31.62277603149414,32.24903106689453,33.541019439697266,34.928497314453125,35.46829605102539,35.44009017944336,37.10795211791992,37.656341552734375,37.656341552734375,39.051246643066406,40.804412841796875,40.804412841796875,40.52159881591797,41.48493576049805,40.26164245605469,40.52159881591797,40.804412841796875,41.761226654052734,41.761226654052734,42.05948257446289,43.32435989379883
1774426911.6737342,-75,1,0,0,45.221675872802734,44.204071044921875,43.27817153930664,43.27817153930664,43.185646057128906,43.84062194824219,43.863426208496094,44.59820556640625,43.931766510009766,43.931766510009766,45.27692413330078,45.96738052368164,45.25483322143555,45.27692413330078,44.59820556640625,42.52058410644531,41.1096076965332,41.400482177734375,40.49691390991211,40.70626449584961,40.71854782104492,39.924930572509766,40.16217041015625,6.324555397033691,2.0,1.4142135381698608,1.4142135381698608,1.4142135381698608,5.656854152679443,31.890438079833984,31.400636672973633,30.886890411376953,31.30495262145996,32.69556427001953,33.61547088623047,34.539833068847656,35.46829605102539,36.055511474609375,36.68787384033203,37.36308288574219,38.327537536621094,39.293766021728516,40.26164245605469,40.26164245605469,40.52159881591797,40.52159881591797,40.804412841796875,42.05948257446289,41.78516387939453,41.231056213378906,42.04759216308594,43.8292121887207
1774426911.7418184,-75,1,0,0,50.15974426269531,48.25971221923828,47.16990661621094,46.27094268798828,47.51841735839844,49.030601501464844,49.24428939819336,49.47726821899414,49.24428939819336,49.24428939819336,49.030601501464844,48.83646011352539,48.66210174560547,49.36598205566406,48.25971221923828,47.16990661621094,46.04345703125,46.010868072509766,45.0111083984375,45.27692413330078,43.931766510009766,43.32435989379883,43.46262741088867,7.6157732009887695,1.4142135381698608,1.4142135381698608,1.0,1.4142135381698608,5.830951690673828,34.20526123046875,33.734256744384766,34.058773040771484,35.0142822265625,36.0,37.05401611328125,38.11823654174805,39.458839416503906,39.623226165771484,39.81205749511719,40.024993896484375,41.0,41.9761848449707,42.7551155090332,42.7551155090332,42.7551155090332,42.7551155090332,43.73785400390625,43.73785400390625,44.72135925292969,45.54119110107422,46.52956008911133,47.381431579589844
1774426911.7735667,-75,1,0,0,50.537113189697266,49.658836364746094,48.84669876098633,48.703182220458984,50.28916549682617,50.96076965332031,49.72926712036133,49.72926712036133,51.41984176635742,52.39274597167969,52.39274597167969,52.88667297363281,52.201534271240234,51.54609680175781,50.9215087890625,49.39635467529297,47.423622131347656,47.41307830810547,47.01063537597656,46.3249397277832,45.221675872802734,45.80392837524414,45.343135833740234,7.8102498054504395,2.2360680103302,1.0,1.0,2.0,6.082762718200684,33.95585250854492,33.83784866333008,34.885528564453125,35.84689712524414,37.44329071044922,37.80211639404297,38.28837966918945,39.69886779785156,41.1096076965332,41.773197174072266,43.185646057128906,44.59820556640625,44.59820556640625,43.931766510009766,43.863426208496094,44.59820556640625,45.343135833740234,46.86149978637695,47.01063537597656,47.20169448852539,46.40043258666992,47.20169448852539,48.82622146606445
1774426911.8163333,-75,1,0,0,44.821868896484375,44.04542922973633,43.185646057128906,41.72529220581055,41.773197174072266,41.86884307861328,42.63801193237305,43.416587829589844,44.04542922973633,45.0,45.607017517089844,45.607017517089844,45.45327377319336,46.010868072509766,45.25483322143555,44.55333709716797,43.27817153930664,42.8018684387207,42.43819046020508,41.34005355834961,40.70626449584961,40.853397369384766,41.1096076965332,8.246211051940918,3.0,1.0,1.0,1.4142135381698608,5.656854152679443,31.400636672973633,30.479501724243164,31.11269760131836,32.015621185302734,33.0151481628418,34.13209533691406,34.98571014404297,35.35533905029297,35.7770881652832,36.67424011230469,38.910152435302734,41.146080017089844,41.59326934814453,42.04759216308594,42.04759216308594,42.04759216308594,41.146080017089844,41.59326934814453,40.70626449584961,39.824615478515625,41.18252182006836,42.19004440307617,43.5660400390625
1774426911.8918283,-74,1,0,0,44.283180236816406,42.95346450805664,42.95346450805664,43.46262741088867,43.08131790161133,42.379241943359375,41.761226654052734,42.72002029418945,44.643028259277344,45.607017517089844,45.607017517089844,45.880279541015625,45.221675872802734,45.880279541015625,44.384681701660156,43.863426208496094,42.48529052734375,42.05948257446289,40.8166618347168,40.224369049072266,40.45985794067383,38.94868469238281,36.06937789916992,5.656854152679443,1.4142135381698608,1.4142135381698608,1.4142135381698608,1.4142135381698608,5.0,31.575305938720703,31.95309066772461,31.62277603149414,32.202484130859375,32.015621185302734,32.015621185302734,33.30165100097656,34.65544509887695,36.06937789916992,36.79673767089844,38.20994567871094,40.360870361328125,41.1096076965332,40.360870361328125,38.94868469238281,39.623226165771484,38.897300720214844,39.623226165771484,40.31128692626953,41.01219177246094,41.1096076965332,40.607879638671875,42.20189666748047
1774426911.8918283,-74,1,0,0,42.54409408569336,42.19004440307617,42.72002029418945,43.26661682128906,44.40720748901367,44.204071044921875,42.63801193237305,42.52058410644531,43.185646057128906,43.863426208496094,45.343135833740234,45.45327377319336,46.40043258666992,46.615447998046875,45.486263275146484,44.41846466064453,41.18252182006836,40.70626449584961,40.24922180175781,40.31128692626953,39.84971618652344,39.458839416503906,40.112342834472656,7.0,2.2360680103302,1.4142135381698608,1.4142135381698608,1.0,4.4721360206604,28.301942825317383,29.068883895874023,32.202484130859375,32.31098937988281,30.675724029541016,31.320919036865234,32.98484420776367,34.71310806274414,35.510562896728516,36.49657440185547,38.327537536621094,39.31920623779297,39.458839416503906,39.458839416503906,39.458839416503906,39.458839416503906,40.4474983215332,41.43669891357422,42.57933807373047,41.773197174072266,42.20189666748047,41.48493576049805,42.05948257446289
1774426911.9701996,-75,1,0,0,45.45327377319336,44.68780517578125,44.59820556640625,46.69047164916992,46.66904830932617,47.381431579589844,46.010868072509766,45.343135833740234,45.343135833740234,46.097721099853516,46.75468063354492,46.010868072509766,46.69047164916992,47.381431579589844,46.69047164916992,46.010868072509766,44.68780517578125,43.416587829589844,42.20189666748047,41.34005355834961,40.70626449584961,39.39543151855469,37.947330474853516,7.6157732009887695,3.1622776985168457,0.0,0.0,2.2360680103302,6.4031243324279785,32.526912689208984,33.30165100097656,33.83784866333008,33.61547088623047,34.0,34.438350677490234,34.928497314453125,36.769554138183594,37.6961555480957,39.217342376708984,40.16217041015625,42.05948257446289,43.32435989379883,43.32435989379883,42.05948257446289,41.1096076965332,40.16217041015625,41.43669891357422,43.65776062011719,43.08131790161133,42.54409408569336,42.95346450805664,44.72135925292969
1774426911.9701996,-74,1,0,0,45.343135833740234,44.59820556640625,44.55333709716797,45.25483322143555,45.27692413330078,45.45327377319336,45.0,44.40720748901367,45.221675872802734,45.80392837524414,47.01063537597656,47.50789260864258,47.423622131347656,48.10405349731445,46.66904830932617,44.55333709716797,43.185646057128906,41.773197174072266,41.86884307861328,41.617305755615234,41.67733383178711,40.16217041015625,39.051246643066406,7.280109882354736,3.1622776985168457,0.0,0.0,2.8284270763397217,7.071067810058594,33.241539001464844,32.649654388427734,32.80244064331055,33.0151481628418,32.4499626159668,33.61547088623047,35.7770881652832,37.161808013916016,38.62641525268555,39.217342376708984,39.217342376708984,39.217342376708984,40.49691390991211,41.43669891357422,41.78516387939453,41.78516387939453,42.154476165771484,42.154476165771484,42.54409408569336,42.95346450805664,42.94182205200195,43.416587829589844,44.777225494384766
1774426912.0486748,-75,1,0,0,44.283180236816406,43.931766510009766,43.17406463623047,42.95346450805664,43.5660400390625,43.416587829589844,42.42640686035156,41.59326934814453,42.95346450805664,44.643028259277344,44.643028259277344,44.643028259277344,43.96589660644531,43.65776062011719,44.0113639831543,42.72002029418945,41.761226654052734,41.59326934814453,40.04996871948242,39.11521530151367,37.336307525634766,38.4837646484375,38.470767974853516,6.7082037925720215,1.4142135381698608,1.4142135381698608,1.4142135381698608,1.0,5.099019527435303,30.364452362060547,30.08321762084961,31.30495262145996,31.764760971069336,31.764760971069336,32.649654388427734,34.0,34.885528564453125,35.34119415283203,36.769554138183594,38.4837646484375,40.31128692626953,40.0,40.45985794067383,39.20458984375,38.27531814575195,38.07886505126953,39.357337951660156,39.81205749511719,40.853397369384766,39.84971618652344,39.051246643066406,41.0
1774426912.0943162,-74,1,0,0,39.4461669921875,37.735923767089844,38.27531814575195,38.832977294921875,40.607879638671875,41.1096076965332,40.31128692626953,40.31128692626953,40.360870361328125,41.1096076965332,41.86884307861328,41.231056213378906,42.01190185546875,41.400482177734375,39.66106414794922,39.11521530151367,37.2155876159668,35.84689712524414,35.35533905029297,36.67424011230469,35.46829605102539,36.055511474609375,35.510562896728516,6.082762718200684,2.0,0.0,0.0,2.2360680103302,5.830951690673828,27.312999725341797,28.792360305786133,29.529645919799805,29.96664810180664,30.08321762084961,29.73213768005371,30.364452362060547,32.015621185302734,32.75667953491211,33.734256744384766,33.734256744384766,33.734256744384766,34.71310806274414,34.928497314453125,35.1710090637207,36.13862228393555,35.902645111083984,35.693138122558594,35.902645111083984,35.1710090637207,34.78505325317383,36.055511474609375,36.400550842285156
